1.500000000049794835e-04
1.500000000049794835e-04
7.500000002025331014e-05
3.249999999823671715e-04
2.000000000137447387e-04
1.749999999951512564e-04
2.500000000011937118e-04
2.500000000011937118e-04
2.749999999949181984e-04
9.999999999976694198e-05
3.250000000001307399e-04
2.749999999984709120e-04
3.250000000036834535e-04
2.750000000020236257e-04
1.999999999924284566e-04
2.500000000011937118e-04
2.999999999957481123e-04
2.500000000011937118e-04
3.250000000036834535e-04
2.499999999940882844e-04
2.750000000055763394e-04
2.999999999993008259e-04
4.500000000078330231e-04
2.999999999921953986e-04
2.750000000055763394e-04
2.249999999968110842e-04
4.500000000007275958e-04
2.749999999984709120e-04
2.999999999993008259e-04
3.250000000036834535e-04
3.749999999982378540e-04
2.750000000020236257e-04
3.250000000001307399e-04
2.999999999957481123e-04
2.999999999993008259e-04
3.500000000045133675e-04
3.000000000028535396e-04
2.999999999957481123e-04
3.250000000001307399e-04
2.999999999993008259e-04
4.500000000042803094e-04
2.749999999949181984e-04
3.750000000053432814e-04
1.999999999959811703e-04
4.500000000007275958e-04
3.250000000001307399e-04
3.500000000045133675e-04
2.999999999993008259e-04
3.250000000001307399e-04
3.999999999990677679e-04
2.999999999993008259e-04
3.000000000028535396e-04
4.500000000078330231e-04
2.999999999921953986e-04
4.249999999892395408e-04
2.999999999993008259e-04
3.500000000045133675e-04
3.499999999974079401e-04
2.749999999984709120e-04
4.750000000015575097e-04
3.250000000001307399e-04
3.500000000080660811e-04
2.749999999949181984e-04
3.999999999955150543e-04
3.250000000036834535e-04
3.750000000017905677e-04
3.999999999990677679e-04
3.750000000053432814e-04
2.999999999957481123e-04
3.250000000001307399e-04
2.999999999993008259e-04
4.750000000051102234e-04
2.999999999993008259e-04
1.999999999995338840e-04
5.000000000023874236e-04
3.499999999974079401e-04
3.750000000017905677e-04
3.999999999990677679e-04
2.249999999968110842e-04
5.249999999996646238e-04
3.500000000009606538e-04
3.500000000009606538e-04
3.249999999965780262e-04
3.499999999974079401e-04
3.750000000017905677e-04
4.250000000034503955e-04
4.249999999963449682e-04
3.249999999965780262e-04
3.749999999982378540e-04
2.499999999976409981e-04
5.000000000059401373e-04
1.999999999959811703e-04
4.750000000015575097e-04
3.500000000009606538e-04
3.499999999974079401e-04
2.749999999984709120e-04
3.750000000017905677e-04
3.750000000017905677e-04
2.999999999993008259e-04
3.000000000135116807e-04
3.250000000001307399e-04
3.750000000053432814e-04
3.499999999938552264e-04
4.500000000007275958e-04
2.499999999940882844e-04
3.500000000009606538e-04
3.500000000009606538e-04
3.250000000001307399e-04
3.500000000009606538e-04
3.749999999982378540e-04
2.499999999976409981e-04
3.499999999974079401e-04
3.500000000009606538e-04
3.500000000009606538e-04
2.499999999940882844e-04
3.749999999982378540e-04
3.750000000017905677e-04
3.750000000017905677e-04
4.000000000026204816e-04
2.499999999905355708e-04
4.249999999998976818e-04
3.500000000009606538e-04
3.750000000017905677e-04
3.999999999990677679e-04
3.750000000017905677e-04
3.750000000017905677e-04
3.999999999955150543e-04
3.250000000001307399e-04
3.500000000009606538e-04
3.749999999982378540e-04
3.500000000045133675e-04
3.499999999974079401e-04
3.750000000017905677e-04
3.000000000028535396e-04
3.499999999974079401e-04
3.999999999955150543e-04
3.500000000080660811e-04
2.750000000055763394e-04
3.750000000017905677e-04
3.999999999990677679e-04
3.749999999982378540e-04
2.749999999984709120e-04
4.750000000015575097e-04
1.999999999959811703e-04
4.249999999998976818e-04
3.749999999946851403e-04
3.500000000009606538e-04
4.250000000070031092e-04
3.499999999974079401e-04
2.749999999984709120e-04
4.249999999963449682e-04
3.250000000001307399e-04
4.499999999971748821e-04
3.750000000017905677e-04
4.249999999998976818e-04
4.250000000034503955e-04
3.250000000143415946e-04
3.249999999965780262e-04
3.999999999990677679e-04
4.000000000026204816e-04
2.999999999993008259e-04
4.999999999881765689e-04
3.499999999974079401e-04
4.750000000015575097e-04
3.000000000028535396e-04
3.999999999990677679e-04
3.250000000001307399e-04
4.750000000051102234e-04
2.999999999993008259e-04
4.250000000034503955e-04
4.000000000026204816e-04
3.500000000009606538e-04
5.249999999819010554e-04
3.250000000036834535e-04
4.750000000051102234e-04
2.999999999957481123e-04
4.750000000051102234e-04
4.750000000051102234e-04
3.250000000001307399e-04
4.250000000034503955e-04
3.500000000009606538e-04
4.499999999865167410e-04
4.500000000042803094e-04
3.750000000017905677e-04
5.000000000059401373e-04
2.749999999984709120e-04
4.500000000042803094e-04
3.749999999982378540e-04
3.750000000017905677e-04
4.749999999802412276e-04
4.250000000034503955e-04
3.750000000017905677e-04
3.999999999990677679e-04
5.000000000023874236e-04
1.749999999987039700e-04
5.000000000023874236e-04
3.750000000017905677e-04
2.999999999957481123e-04
3.999999999990677679e-04
4.750000000051102234e-04
