1.750000000004803269e-04
1.750000000004803269e-04
1.625000000000653699e-04
2.124999999999488409e-04
1.875000000008952838e-04
1.999999999995338840e-04
2.250000000003637979e-04
2.250000000003637979e-04
2.249999999985874410e-04
2.375000000007787548e-04
2.624999999998323119e-04
2.750000000002472689e-04
2.624999999998323119e-04
2.624999999998323119e-04
2.624999999998323119e-04
2.624999999998323119e-04
2.874999999988858690e-04
2.624999999998323119e-04
2.875000000006622258e-04
2.624999999998323119e-04
2.624999999998323119e-04
2.750000000002472689e-04
3.000000000010771828e-04
2.999999999993008259e-04
2.750000000002472689e-04
2.499999999994173550e-04
2.875000000006622258e-04
2.624999999998323119e-04
2.875000000006622258e-04
2.999999999993008259e-04
2.499999999994173550e-04
2.875000000006622258e-04
2.750000000002472689e-04
2.999999999993008259e-04
2.750000000002472689e-04
2.750000000002472689e-04
2.624999999998323119e-04
2.750000000002472689e-04
2.999999999993008259e-04
2.750000000002472689e-04
2.875000000006622258e-04
2.499999999994173550e-04
2.750000000002472689e-04
2.999999999993008259e-04
2.500000000011937118e-04
2.624999999998323119e-04
2.624999999998323119e-04
2.750000000002472689e-04
2.499999999994173550e-04
2.500000000011937118e-04
2.750000000002472689e-04
2.874999999988858690e-04
2.750000000002472689e-04
3.000000000010771828e-04
2.749999999984709120e-04
2.999999999993008259e-04
2.624999999998323119e-04
2.624999999998323119e-04
2.500000000011937118e-04
2.875000000006622258e-04
2.499999999994173550e-04
2.750000000002472689e-04
2.499999999994173550e-04
2.750000000002472689e-04
2.499999999994173550e-04
2.625000000016086688e-04
2.249999999985874410e-04
2.500000000011937118e-04
2.624999999998323119e-04
2.374999999990023980e-04
2.500000000011937118e-04
2.750000000002472689e-04
2.624999999998323119e-04
2.374999999990023980e-04
2.750000000002472689e-04
2.500000000011937118e-04
2.499999999994173550e-04
2.375000000007787548e-04
2.124999999981724841e-04
2.375000000007787548e-04
2.750000000002472689e-04
2.750000000002472689e-04
2.124999999981724841e-04
3.000000000010771828e-04
2.624999999998323119e-04
2.374999999990023980e-04
2.375000000007787548e-04
2.499999999994173550e-04
2.375000000007787548e-04
2.249999999985874410e-04
2.500000000011937118e-04
2.250000000003637979e-04
2.374999999990023980e-04
2.499999999994173550e-04
2.500000000011937118e-04
2.250000000003637979e-04
2.374999999990023980e-04
2.250000000003637979e-04
2.375000000007787548e-04
2.250000000003637979e-04
2.250000000003637979e-04
2.374999999990023980e-04
2.375000000007787548e-04
2.250000000003637979e-04
2.124999999999488409e-04
2.374999999990023980e-04
2.250000000003637979e-04
2.250000000003637979e-04
2.250000000003637979e-04
2.374999999990023980e-04
2.374999999990023980e-04
2.375000000007787548e-04
2.250000000003637979e-04
2.374999999990023980e-04
2.124999999999488409e-04
2.375000000007787548e-04
2.124999999999488409e-04
2.374999999990023980e-04
2.375000000007787548e-04
2.124999999999488409e-04
2.249999999985874410e-04
2.124999999999488409e-04
2.375000000007787548e-04
2.250000000003637979e-04
2.250000000003637979e-04
2.249999999985874410e-04
2.375000000007787548e-04
2.124999999999488409e-04
2.375000000007787548e-04
2.249999999985874410e-04
2.124999999999488409e-04
2.250000000003637979e-04
2.250000000003637979e-04
2.250000000003637979e-04
2.374999999990023980e-04
2.375000000007787548e-04
2.124999999999488409e-04
2.000000000013102408e-04
2.250000000003637979e-04
2.250000000003637979e-04
2.124999999999488409e-04
2.124999999981724841e-04
2.124999999999488409e-04
2.375000000007787548e-04
2.124999999999488409e-04
2.124999999999488409e-04
1.999999999995338840e-04
1.999999999995338840e-04
2.124999999999488409e-04
1.750000000004803269e-04
1.999999999995338840e-04
1.999999999995338840e-04
2.000000000013102408e-04
1.999999999995338840e-04
1.999999999995338840e-04
1.875000000008952838e-04
1.875000000008952838e-04
1.999999999995338840e-04
1.875000000008952838e-04
1.874999999991189270e-04
1.875000000008952838e-04
2.249999999985874410e-04
2.124999999999488409e-04
2.124999999999488409e-04
1.999999999995338840e-04
1.875000000008952838e-04
1.874999999991189270e-04
2.000000000013102408e-04
1.999999999995338840e-04
1.750000000004803269e-04
2.124999999999488409e-04
1.750000000004803269e-04
1.999999999977575271e-04
1.875000000008952838e-04
1.874999999991189270e-04
1.875000000008952838e-04
1.875000000008952838e-04
2.124999999999488409e-04
1.750000000004803269e-04
1.874999999991189270e-04
1.750000000004803269e-04
1.874999999991189270e-04
1.875000000008952838e-04
1.625000000000653699e-04
1.749999999987039700e-04
1.625000000000653699e-04
1.750000000004803269e-04
1.500000000014267698e-04
1.749999999987039700e-04
1.749999999987039700e-04
1.750000000004803269e-04
1.625000000000653699e-04
1.625000000000653699e-04
1.625000000000653699e-04
1.499999999996504130e-04
1.875000000008952838e-04
1.499999999996504130e-04
1.499999999996504130e-04
1.499999999996504130e-04
1.625000000000653699e-04
