5.000000000165982783e-05
5.000000000165982783e-05
2.500000000438262759e-05
7.499999999538431439e-05
5.000000000165982783e-05
7.499999999893702807e-05
7.500000000248974175e-05
7.499999999893702807e-05
7.499999999893702807e-05
7.499999999893702807e-05
1.250000000005968559e-04
7.500000000248974175e-05
9.999999999976694198e-05
9.999999999976694198e-05
7.499999999893702807e-05
7.499999999893702807e-05
1.250000000005968559e-04
9.999999999976694198e-05
9.999999999976694198e-05
1.250000000005968559e-04
9.999999999976694198e-05
1.250000000005968559e-04
1.500000000014267698e-04
1.249999999970441422e-04
1.250000000005968559e-04
9.999999999976694198e-05
1.750000000022566837e-04
1.249999999970441422e-04
1.500000000014267698e-04
1.250000000005968559e-04
1.500000000014267698e-04
1.499999999978740561e-04
1.500000000014267698e-04
1.499999999978740561e-04
1.250000000005968559e-04
1.250000000005968559e-04
1.500000000014267698e-04
1.749999999987039700e-04
1.500000000014267698e-04
1.749999999987039700e-04
1.750000000022566837e-04
1.499999999978740561e-04
1.749999999987039700e-04
1.500000000014267698e-04
1.749999999987039700e-04
1.750000000022566837e-04
1.749999999987039700e-04
1.500000000014267698e-04
1.749999999987039700e-04
1.749999999987039700e-04
1.500000000014267698e-04
1.749999999987039700e-04
2.000000000030865976e-04
1.749999999987039700e-04
1.999999999995338840e-04
1.499999999978740561e-04
1.750000000022566837e-04
1.749999999987039700e-04
1.499999999978740561e-04
2.000000000030865976e-04
1.749999999987039700e-04
1.750000000022566837e-04
1.499999999978740561e-04
1.999999999995338840e-04
1.750000000022566837e-04
1.999999999995338840e-04
1.999999999995338840e-04
1.999999999995338840e-04
1.750000000022566837e-04
1.999999999995338840e-04
1.749999999987039700e-04
2.250000000003637979e-04
1.999999999995338840e-04
1.500000000014267698e-04
2.250000000003637979e-04
1.749999999987039700e-04
1.999999999995338840e-04
2.250000000003637979e-04
1.749999999987039700e-04
2.250000000003637979e-04
1.750000000022566837e-04
1.999999999995338840e-04
1.749999999987039700e-04
2.250000000003637979e-04
1.999999999995338840e-04
2.250000000003637979e-04
1.999999999995338840e-04
1.999999999995338840e-04
1.999999999995338840e-04
1.749999999987039700e-04
2.250000000039165116e-04
1.749999999987039700e-04
1.999999999995338840e-04
1.999999999995338840e-04
1.999999999995338840e-04
1.749999999987039700e-04
2.000000000030865976e-04
1.999999999995338840e-04
1.749999999987039700e-04
1.750000000022566837e-04
1.750000000022566837e-04
1.999999999995338840e-04
1.749999999987039700e-04
1.999999999995338840e-04
1.749999999987039700e-04
1.750000000022566837e-04
1.999999999995338840e-04
1.499999999978740561e-04
1.750000000022566837e-04
1.999999999995338840e-04
1.749999999987039700e-04
1.749999999987039700e-04
1.750000000022566837e-04
1.999999999995338840e-04
1.749999999987039700e-04
1.749999999987039700e-04
2.000000000030865976e-04
1.999999999995338840e-04
1.999999999995338840e-04
1.749999999987039700e-04
2.250000000003637979e-04
1.749999999987039700e-04
1.999999999995338840e-04
1.999999999995338840e-04
2.000000000030865976e-04
1.999999999995338840e-04
1.999999999995338840e-04
1.999999999995338840e-04
1.999999999995338840e-04
1.999999999995338840e-04
1.750000000022566837e-04
1.999999999995338840e-04
1.999999999995338840e-04
1.749999999987039700e-04
1.750000000022566837e-04
2.249999999968110842e-04
2.000000000030865976e-04
1.500000000014267698e-04
1.999999999995338840e-04
1.999999999995338840e-04
1.999999999995338840e-04
2.250000000003637979e-04
2.250000000003637979e-04
1.749999999987039700e-04
1.999999999995338840e-04
1.999999999995338840e-04
1.999999999995338840e-04
2.000000000030865976e-04
1.999999999995338840e-04
1.999999999995338840e-04
2.250000000003637979e-04
2.249999999968110842e-04
2.250000000003637979e-04
2.250000000003637979e-04
2.250000000003637979e-04
2.250000000003637979e-04
2.250000000039165116e-04
2.499999999976409981e-04
2.250000000003637979e-04
2.250000000003637979e-04
2.250000000003637979e-04
2.499999999976409981e-04
2.250000000003637979e-04
2.500000000011937118e-04
2.250000000003637979e-04
2.499999999976409981e-04
2.250000000003637979e-04
2.250000000003637979e-04
2.500000000011937118e-04
2.250000000003637979e-04
2.250000000003637979e-04
2.250000000003637979e-04
2.499999999976409981e-04
2.250000000003637979e-04
2.500000000011937118e-04
2.499999999976409981e-04
2.500000000011937118e-04
2.500000000011937118e-04
2.500000000011937118e-04
2.500000000011937118e-04
2.499999999976409981e-04
2.499999999976409981e-04
2.500000000011937118e-04
2.500000000011937118e-04
2.749999999984709120e-04
2.250000000003637979e-04
2.500000000011937118e-04
2.500000000011937118e-04
2.500000000011937118e-04
2.499999999940882844e-04
2.750000000020236257e-04
2.500000000011937118e-04
2.499999999976409981e-04
2.500000000011937118e-04
1.999999999995338840e-04
2.999999999993008259e-04
2.500000000011937118e-04
2.250000000003637979e-04
2.749999999984709120e-04
2.750000000020236257e-04
