0.000000000000000000e+00
0.000000000000000000e+00
7.105427357601001859e-15
9.999999999621422830e-05
1.000000000033196557e-04
5.000000000165982783e-05
5.000000000165982783e-05
9.999999999621422830e-05
1.000000000033196557e-04
4.999999999455440047e-05
1.000000000033196557e-04
1.499999999978740561e-04
1.000000000033196557e-04
1.499999999978740561e-04
4.999999999455440047e-05
1.500000000049794835e-04
9.999999999621422830e-05
5.000000000165982783e-05
1.499999999978740561e-04
1.000000000033196557e-04
1.499999999978740561e-04
1.000000000033196557e-04
1.499999999978740561e-04
1.500000000049794835e-04
1.499999999978740561e-04
4.999999999455440047e-05
2.000000000066393113e-04
1.499999999978740561e-04
1.499999999978740561e-04
1.500000000049794835e-04
1.499999999978740561e-04
1.499999999978740561e-04
1.499999999978740561e-04
1.000000000033196557e-04
1.499999999978740561e-04
1.500000000049794835e-04
1.499999999978740561e-04
1.499999999978740561e-04
1.999999999995338840e-04
1.000000000033196557e-04
1.999999999995338840e-04
1.999999999995338840e-04
1.499999999978740561e-04
1.000000000033196557e-04
2.500000000011937118e-04
1.999999999995338840e-04
9.999999999621422830e-05
1.999999999995338840e-04
2.500000000011937118e-04
1.500000000049794835e-04
1.499999999978740561e-04
1.999999999995338840e-04
2.500000000011937118e-04
1.999999999995338840e-04
2.499999999940882844e-04
1.999999999995338840e-04
2.500000000011937118e-04
1.999999999995338840e-04
1.999999999995338840e-04
1.999999999995338840e-04
2.000000000066393113e-04
1.999999999995338840e-04
1.999999999995338840e-04
1.999999999995338840e-04
1.499999999978740561e-04
2.500000000011937118e-04
1.999999999995338840e-04
2.500000000011937118e-04
1.499999999978740561e-04
2.500000000011937118e-04
1.999999999995338840e-04
3.000000000028535396e-04
1.999999999995338840e-04
1.999999999995338840e-04
1.999999999995338840e-04
2.500000000011937118e-04
2.500000000011937118e-04
1.999999999995338840e-04
1.999999999995338840e-04
2.500000000011937118e-04
2.499999999940882844e-04
2.000000000066393113e-04
1.999999999924284566e-04
3.000000000028535396e-04
2.500000000011937118e-04
2.500000000011937118e-04
1.999999999995338840e-04
1.999999999995338840e-04
2.999999999957481123e-04
1.999999999995338840e-04
3.000000000028535396e-04
1.999999999995338840e-04
2.500000000011937118e-04
2.500000000011937118e-04
2.999999999957481123e-04
2.500000000011937118e-04
2.500000000011937118e-04
2.999999999957481123e-04
3.000000000028535396e-04
2.500000000082991392e-04
2.999999999957481123e-04
3.000000000028535396e-04
2.500000000011937118e-04
2.999999999957481123e-04
2.500000000011937118e-04
2.500000000011937118e-04
2.499999999940882844e-04
3.000000000028535396e-04
3.000000000028535396e-04
2.999999999957481123e-04
1.999999999995338840e-04
3.000000000028535396e-04
2.999999999957481123e-04
3.000000000028535396e-04
1.999999999995338840e-04
2.999999999957481123e-04
2.500000000011937118e-04
2.500000000011937118e-04
2.500000000011937118e-04
2.499999999940882844e-04
3.000000000028535396e-04
3.000000000028535396e-04
1.999999999995338840e-04
2.999999999957481123e-04
3.000000000028535396e-04
2.500000000011937118e-04
2.999999999957481123e-04
2.500000000011937118e-04
2.500000000011937118e-04
2.500000000011937118e-04
2.500000000011937118e-04
2.999999999957481123e-04
3.500000000045133675e-04
2.999999999957481123e-04
2.500000000011937118e-04
3.000000000028535396e-04
2.999999999957481123e-04
2.000000000066393113e-04
2.500000000011937118e-04
2.999999999957481123e-04
2.500000000011937118e-04
2.500000000011937118e-04
2.500000000011937118e-04
2.499999999940882844e-04
1.999999999995338840e-04
2.500000000011937118e-04
3.000000000028535396e-04
2.500000000011937118e-04
2.499999999940882844e-04
1.999999999995338840e-04
3.000000000028535396e-04
3.000000000028535396e-04
2.499999999940882844e-04
2.500000000011937118e-04
3.000000000028535396e-04
2.999999999957481123e-04
3.000000000099589670e-04
2.999999999957481123e-04
3.000000000028535396e-04
3.000000000028535396e-04
2.999999999957481123e-04
3.499999999974079401e-04
2.999999999957481123e-04
3.500000000045133675e-04
3.000000000028535396e-04
2.999999999957481123e-04
3.000000000028535396e-04
3.499999999974079401e-04
3.000000000028535396e-04
2.500000000011937118e-04
3.499999999974079401e-04
3.000000000028535396e-04
3.499999999974079401e-04
2.999999999957481123e-04
3.500000000045133675e-04
2.999999999957481123e-04
3.500000000045133675e-04
3.500000000045133675e-04
2.999999999957481123e-04
3.500000000045133675e-04
2.500000000011937118e-04
3.499999999903025127e-04
4.000000000061731953e-04
2.999999999957481123e-04
3.500000000045133675e-04
2.999999999957481123e-04
3.500000000045133675e-04
3.000000000028535396e-04
1.999999999995338840e-04
3.499999999903025127e-04
2.500000000011937118e-04
3.000000000028535396e-04
2.999999999957481123e-04
3.500000000045133675e-04
2.499999999940882844e-04
3.500000000045133675e-04
3.499999999974079401e-04
2.500000000011937118e-04
3.000000000028535396e-04
3.999999999990677679e-04
