2.500000000082991392e-05
2.500000000082991392e-05
3.750000000124487087e-05
4.999999999810711415e-05
3.750000000124487087e-05
4.999999999988347099e-05
4.999999999988347099e-05
6.250000000029842795e-05
6.250000000029842795e-05
4.999999999988347099e-05
6.249999999852207111e-05
7.500000000071338491e-05
7.500000000071338491e-05
7.499999999893702807e-05
4.999999999988347099e-05
7.500000000071338491e-05
7.499999999893702807e-05
7.500000000071338491e-05
7.499999999893702807e-05
8.750000000112834186e-05
8.749999999935198502e-05
8.750000000112834186e-05
9.999999999976694198e-05
9.999999999976694198e-05
8.749999999935198502e-05
7.500000000071338491e-05
9.999999999976694198e-05
8.750000000112834186e-05
8.749999999935198502e-05
9.999999999976694198e-05
8.749999999935198502e-05
1.000000000015432988e-04
9.999999999976694198e-05
9.999999999976694198e-05
8.749999999935198502e-05
9.999999999976694198e-05
9.999999999976694198e-05
1.000000000015432988e-04
9.999999999976694198e-05
9.999999999976694198e-05
1.125000000001818989e-04
9.999999999976694198e-05
1.125000000001818989e-04
8.749999999935198502e-05
1.250000000005968559e-04
9.999999999976694198e-05
1.250000000005968559e-04
9.999999999976694198e-05
1.125000000001818989e-04
1.125000000001818989e-04
1.125000000001818989e-04
1.249999999988204991e-04
1.125000000001818989e-04
1.000000000015432988e-04
1.124999999984055421e-04
1.125000000001818989e-04
1.124999999984055421e-04
1.125000000001818989e-04
1.250000000005968559e-04
1.250000000005968559e-04
1.125000000001818989e-04
1.125000000001818989e-04
1.125000000001818989e-04
1.249999999988204991e-04
9.999999999976694198e-05
1.250000000005968559e-04
1.250000000005968559e-04
1.125000000001818989e-04
1.125000000001818989e-04
9.999999999976694198e-05
1.250000000005968559e-04
1.249999999988204991e-04
1.250000000005968559e-04
8.749999999935198502e-05
1.375000000010118129e-04
1.125000000001818989e-04
1.125000000001818989e-04
1.249999999988204991e-04
1.125000000001818989e-04
1.374999999992354560e-04
1.000000000015432988e-04
1.249999999988204991e-04
9.999999999976694198e-05
1.125000000001818989e-04
1.250000000005968559e-04
1.249999999988204991e-04
1.250000000005968559e-04
1.250000000005968559e-04
1.249999999988204991e-04
1.125000000001818989e-04
1.250000000005968559e-04
1.125000000001818989e-04
1.249999999988204991e-04
1.250000000005968559e-04
1.125000000001818989e-04
1.249999999988204991e-04
1.250000000005968559e-04
1.375000000010118129e-04
1.249999999988204991e-04
1.250000000023732127e-04
1.249999999988204991e-04
1.250000000005968559e-04
1.250000000005968559e-04
1.249999999988204991e-04
1.375000000010118129e-04
1.249999999988204991e-04
1.250000000005968559e-04
1.499999999996504130e-04
1.250000000005968559e-04
1.249999999988204991e-04
1.250000000005968559e-04
1.374999999992354560e-04
1.375000000010118129e-04
1.249999999988204991e-04
1.250000000005968559e-04
1.374999999992354560e-04
1.375000000010118129e-04
1.249999999988204991e-04
1.375000000010118129e-04
1.249999999988204991e-04
1.375000000010118129e-04
1.374999999992354560e-04
1.499999999996504130e-04
1.250000000005968559e-04
1.250000000005968559e-04
1.374999999992354560e-04
1.250000000005968559e-04
1.125000000001818989e-04
1.374999999992354560e-04
1.374999999992354560e-04
1.250000000005968559e-04
1.374999999992354560e-04
1.375000000010118129e-04
1.250000000005968559e-04
1.499999999996504130e-04
1.374999999992354560e-04
1.375000000010118129e-04
1.250000000005968559e-04
1.374999999992354560e-04
1.375000000010118129e-04
1.374999999992354560e-04
1.499999999996504130e-04
1.375000000010118129e-04
1.499999999996504130e-04
1.499999999996504130e-04
1.374999999992354560e-04
1.375000000010118129e-04
1.374999999992354560e-04
1.499999999996504130e-04
1.250000000005968559e-04
1.374999999992354560e-04
1.499999999996504130e-04
1.375000000010118129e-04
1.499999999996504130e-04
1.499999999996504130e-04
1.499999999996504130e-04
1.500000000014267698e-04
1.625000000000653699e-04
1.375000000010118129e-04
1.499999999996504130e-04
1.499999999996504130e-04
1.624999999982890131e-04
1.250000000005968559e-04
1.625000000000653699e-04
1.499999999996504130e-04
1.500000000014267698e-04
1.374999999992354560e-04
1.625000000000653699e-04
1.625000000000653699e-04
1.499999999996504130e-04
1.625000000018417268e-04
1.625000000000653699e-04
1.624999999982890131e-04
1.499999999996504130e-04
1.625000000000653699e-04
1.499999999996504130e-04
1.625000000018417268e-04
1.625000000000653699e-04
1.625000000000653699e-04
1.625000000000653699e-04
1.499999999996504130e-04
1.624999999982890131e-04
1.625000000018417268e-04
1.374999999992354560e-04
1.499999999996504130e-04
1.625000000000653699e-04
1.625000000018417268e-04
1.499999999996504130e-04
1.499999999996504130e-04
1.624999999982890131e-04
1.499999999996504130e-04
1.625000000000653699e-04
1.625000000000653699e-04
1.625000000000653699e-04
1.499999999996504130e-04
1.750000000004803269e-04
1.625000000000653699e-04
1.375000000010118129e-04
1.625000000000653699e-04
1.625000000000653699e-04
