1.375000000027881697e-04
1.375000000027881697e-04
1.250000000059259264e-04
2.374999999954496843e-04
1.625000000036180836e-04
1.999999999977575271e-04
1.875000000008952838e-04
2.250000000003637979e-04
2.375000000007787548e-04
1.624999999965126563e-04
2.624999999980559551e-04
2.500000000029700686e-04
2.749999999984709120e-04
2.500000000011937118e-04
2.124999999963961272e-04
2.375000000025551117e-04
2.749999999984709120e-04
2.624999999998323119e-04
2.874999999988858690e-04
2.500000000011937118e-04
2.625000000016086688e-04
3.000000000010771828e-04
3.124999999997157829e-04
2.624999999998323119e-04
2.750000000002472689e-04
2.249999999985874410e-04
3.124999999997157829e-04
2.625000000033850256e-04
2.624999999962795982e-04
2.875000000024385827e-04
2.750000000002472689e-04
2.874999999988858690e-04
2.875000000024385827e-04
2.624999999980559551e-04
2.999999999993008259e-04
2.500000000029700686e-04
2.624999999980559551e-04
2.624999999998323119e-04
2.750000000002472689e-04
2.500000000011937118e-04
3.125000000014921397e-04
2.624999999962795982e-04
2.875000000024385827e-04
2.124999999981724841e-04
3.250000000019070967e-04
2.624999999998323119e-04
2.874999999988858690e-04
2.625000000016086688e-04
2.875000000006622258e-04
2.750000000002472689e-04
2.624999999998323119e-04
2.874999999988858690e-04
3.000000000010771828e-04
2.250000000021401547e-04
3.249999999930253125e-04
2.500000000011937118e-04
2.749999999966945552e-04
2.750000000020236257e-04
2.874999999988858690e-04
3.125000000014921397e-04
2.500000000011937118e-04
2.875000000006622258e-04
2.999999999993008259e-04
2.749999999984709120e-04
2.750000000002472689e-04
3.500000000027370106e-04
2.625000000016086688e-04
2.499999999994173550e-04
2.875000000006622258e-04
2.499999999976409981e-04
2.875000000024385827e-04
3.250000000001307399e-04
2.875000000006622258e-04
1.749999999969276132e-04
3.375000000023220537e-04
2.750000000020236257e-04
2.499999999994173550e-04
2.874999999988858690e-04
2.374999999990023980e-04
2.624999999980559551e-04
2.625000000016086688e-04
2.624999999980559551e-04
1.999999999977575271e-04
2.625000000016086688e-04
3.125000000014921397e-04
2.499999999976409981e-04
2.999999999993008259e-04
2.500000000011937118e-04
2.999999999993008259e-04
2.000000000013102408e-04
3.124999999997157829e-04
2.124999999963961272e-04
3.000000000010771828e-04
2.750000000020236257e-04
2.374999999990023980e-04
2.750000000002472689e-04
2.624999999998323119e-04
3.124999999997157829e-04
2.750000000002472689e-04
2.250000000056928684e-04
2.624999999998323119e-04
3.000000000010771828e-04
2.374999999990023980e-04
3.124999999997157829e-04
2.375000000007787548e-04
2.499999999994173550e-04
2.750000000002472689e-04
2.749999999984709120e-04
2.750000000002472689e-04
2.624999999980559551e-04
2.124999999999488409e-04
2.750000000002472689e-04
2.999999999993008259e-04
2.499999999976409981e-04
2.500000000011937118e-04
2.999999999975244691e-04
3.000000000028535396e-04
2.874999999988858690e-04
2.875000000024385827e-04
2.249999999950347274e-04
2.999999999993008259e-04
2.875000000024385827e-04
2.875000000006622258e-04
2.499999999976409981e-04
2.750000000020236257e-04
2.624999999998323119e-04
2.624999999980559551e-04
2.375000000007787548e-04
2.624999999980559551e-04
2.875000000006622258e-04
2.625000000016086688e-04
2.874999999971095122e-04
3.000000000028535396e-04
2.750000000002472689e-04
3.124999999997157829e-04
2.749999999984709120e-04
2.875000000006622258e-04
2.125000000070542683e-04
2.999999999993008259e-04
2.999999999993008259e-04
3.000000000028535396e-04
2.874999999971095122e-04
3.000000000010771828e-04
2.249999999968110842e-04
2.749999999984709120e-04
3.000000000010771828e-04
3.125000000014921397e-04
2.874999999971095122e-04
2.625000000016086688e-04
2.124999999981724841e-04
2.874999999988858690e-04
2.875000000006622258e-04
2.874999999988858690e-04
2.999999999993008259e-04
2.875000000006622258e-04
2.874999999988858690e-04
2.500000000082991392e-04
2.875000000006622258e-04
2.500000000011937118e-04
2.999999999993008259e-04
2.624999999980559551e-04
3.249999999930253125e-04
2.750000000002472689e-04
3.375000000040984105e-04
2.375000000007787548e-04
2.874999999988858690e-04
2.750000000020236257e-04
3.499999999991842969e-04
2.500000000011937118e-04
2.499999999976409981e-04
3.250000000036834535e-04
2.999999999993008259e-04
3.124999999943867124e-04
2.499999999976409981e-04
3.250000000036834535e-04
2.499999999976409981e-04
3.250000000054598104e-04
3.500000000027370106e-04
2.374999999972260412e-04
3.000000000028535396e-04
2.999999999993008259e-04
3.499999999938552264e-04
3.125000000032684966e-04
2.624999999980559551e-04
3.000000000010771828e-04
3.000000000028535396e-04
3.000000000010771828e-04
2.750000000002472689e-04
2.874999999988858690e-04
3.249999999948016693e-04
2.500000000011937118e-04
2.999999999975244691e-04
2.750000000002472689e-04
3.125000000032684966e-04
2.624999999962795982e-04
3.750000000035669245e-04
3.124999999979394261e-04
2.499999999994173550e-04
2.875000000006622258e-04
3.500000000027370106e-04
