0.000000000000000000e+00
0.000000000000000000e+00
3.552713678800500929e-15
2.499999999727720024e-05
2.500000000438262759e-05
0.000000000000000000e+00
2.499999999727720024e-05
2.500000000082991392e-05
2.500000000082991392e-05
-2.500000000082991392e-05
2.500000000082991392e-05
2.499999999727720024e-05
2.500000000082991392e-05
2.500000000082991392e-05
0.000000000000000000e+00
0.000000000000000000e+00
2.499999999727720024e-05
0.000000000000000000e+00
2.500000000082991392e-05
0.000000000000000000e+00
2.500000000082991392e-05
0.000000000000000000e+00
5.000000000165982783e-05
0.000000000000000000e+00
0.000000000000000000e+00
0.000000000000000000e+00
2.500000000082991392e-05
2.499999999727720024e-05
0.000000000000000000e+00
2.500000000082991392e-05
0.000000000000000000e+00
0.000000000000000000e+00
2.500000000082991392e-05
0.000000000000000000e+00
0.000000000000000000e+00
2.500000000082991392e-05
0.000000000000000000e+00
0.000000000000000000e+00
0.000000000000000000e+00
2.499999999727720024e-05
2.500000000082991392e-05
0.000000000000000000e+00
2.500000000082991392e-05
-2.500000000082991392e-05
2.500000000082991392e-05
0.000000000000000000e+00
0.000000000000000000e+00
2.500000000082991392e-05
0.000000000000000000e+00
2.500000000082991392e-05
0.000000000000000000e+00
0.000000000000000000e+00
2.500000000082991392e-05
0.000000000000000000e+00
2.499999999727720024e-05
0.000000000000000000e+00
0.000000000000000000e+00
0.000000000000000000e+00
0.000000000000000000e+00
2.500000000082991392e-05
0.000000000000000000e+00
0.000000000000000000e+00
0.000000000000000000e+00
2.499999999727720024e-05
0.000000000000000000e+00
3.552713678800500929e-15
2.499999999727720024e-05
0.000000000000000000e+00
0.000000000000000000e+00
0.000000000000000000e+00
0.000000000000000000e+00
2.500000000082991392e-05
0.000000000000000000e+00
-2.500000000082991392e-05
5.000000000165982783e-05
0.000000000000000000e+00
0.000000000000000000e+00
0.000000000000000000e+00
-2.500000000082991392e-05
2.500000000082991392e-05
0.000000000000000000e+00
0.000000000000000000e+00
0.000000000000000000e+00
0.000000000000000000e+00
0.000000000000000000e+00
0.000000000000000000e+00
2.499999999727720024e-05
0.000000000000000000e+00
0.000000000000000000e+00
-2.500000000082991392e-05
5.000000000165982783e-05
-2.500000000082991392e-05
2.500000000082991392e-05
0.000000000000000000e+00
0.000000000000000000e+00
0.000000000000000000e+00
0.000000000000000000e+00
2.500000000082991392e-05
0.000000000000000000e+00
-2.499999999727720024e-05
0.000000000000000000e+00
2.500000000082991392e-05
0.000000000000000000e+00
0.000000000000000000e+00
2.499999999727720024e-05
0.000000000000000000e+00
0.000000000000000000e+00
0.000000000000000000e+00
2.500000000082991392e-05
0.000000000000000000e+00
0.000000000000000000e+00
0.000000000000000000e+00
2.499999999727720024e-05
0.000000000000000000e+00
-2.500000000082991392e-05
2.500000000082991392e-05
2.500000000082991392e-05
0.000000000000000000e+00
2.500000000082991392e-05
-2.500000000082991392e-05
2.499999999727720024e-05
2.500000000082991392e-05
0.000000000000000000e+00
0.000000000000000000e+00
0.000000000000000000e+00
2.500000000082991392e-05
0.000000000000000000e+00
0.000000000000000000e+00
0.000000000000000000e+00
0.000000000000000000e+00
2.500000000082991392e-05
0.000000000000000000e+00
0.000000000000000000e+00
0.000000000000000000e+00
2.500000000082991392e-05
0.000000000000000000e+00
0.000000000000000000e+00
0.000000000000000000e+00
0.000000000000000000e+00
2.500000000082991392e-05
0.000000000000000000e+00
0.000000000000000000e+00
2.500000000082991392e-05
-2.500000000082991392e-05
0.000000000000000000e+00
2.499999999727720024e-05
0.000000000000000000e+00
0.000000000000000000e+00
0.000000000000000000e+00
0.000000000000000000e+00
0.000000000000000000e+00
0.000000000000000000e+00
2.500000000082991392e-05
-2.500000000082991392e-05
2.500000000082991392e-05
0.000000000000000000e+00
2.500000000082991392e-05
-2.499999999727720024e-05
0.000000000000000000e+00
0.000000000000000000e+00
0.000000000000000000e+00
2.499999999727720024e-05
-2.500000000082991392e-05
2.500000000082991392e-05
0.000000000000000000e+00
0.000000000000000000e+00
0.000000000000000000e+00
2.500000000082991392e-05
-2.500000000082991392e-05
0.000000000000000000e+00
2.500000000082991392e-05
0.000000000000000000e+00
-3.552713678800500929e-15
-2.499999999727720024e-05
2.500000000082991392e-05
-2.500000000082991392e-05
2.500000000082991392e-05
2.500000000082991392e-05
-2.500000000082991392e-05
2.500000000082991392e-05
-2.500000000082991392e-05
2.499999999727720024e-05
3.552713678800500929e-15
0.000000000000000000e+00
2.500000000082991392e-05
-2.500000000082991392e-05
2.500000000082991392e-05
-2.500000000082991392e-05
0.000000000000000000e+00
2.499999999727720024e-05
0.000000000000000000e+00
0.000000000000000000e+00
0.000000000000000000e+00
2.500000000082991392e-05
-2.500000000082991392e-05
2.500000000082991392e-05
0.000000000000000000e+00
0.000000000000000000e+00
0.000000000000000000e+00
0.000000000000000000e+00
