1.500000000049794835e-04
1.500000000049794835e-04
1.000000000033196557e-04
1.999999999924284566e-04
2.000000000066393113e-04
1.499999999978740561e-04
2.500000000011937118e-04
2.999999999957481123e-04
2.500000000011937118e-04
1.999999999995338840e-04
3.000000000028535396e-04
2.999999999957481123e-04
2.500000000011937118e-04
3.000000000028535396e-04
2.999999999957481123e-04
3.000000000028535396e-04
2.999999999957481123e-04
1.999999999995338840e-04
4.000000000061731953e-04
2.999999999957481123e-04
3.000000000028535396e-04
2.999999999957481123e-04
3.500000000045133675e-04
3.499999999974079401e-04
3.000000000028535396e-04
2.999999999957481123e-04
3.500000000045133675e-04
3.499999999974079401e-04
3.500000000045133675e-04
3.499999999974079401e-04
3.000000000028535396e-04
3.499999999974079401e-04
3.999999999990677679e-04
3.000000000028535396e-04
3.499999999974079401e-04
3.499999999974079401e-04
3.500000000045133675e-04
3.499999999974079401e-04
3.499999999974079401e-04
3.500000000045133675e-04
5.000000000023874236e-04
4.500000000007275958e-04
3.999999999990677679e-04
3.999999999990677679e-04
3.999999999990677679e-04
3.499999999974079401e-04
3.500000000045133675e-04
4.500000000007275958e-04
3.499999999974079401e-04
3.499999999974079401e-04
3.500000000045133675e-04
3.499999999974079401e-04
6.000000000057070793e-04
3.999999999990677679e-04
3.999999999919623406e-04
3.999999999990677679e-04
4.500000000007275958e-04
4.500000000007275958e-04
3.999999999990677679e-04
4.500000000007275958e-04
3.999999999990677679e-04
3.999999999990677679e-04
4.000000000061731953e-04
3.999999999990677679e-04
3.499999999974079401e-04
4.500000000007275958e-04
4.500000000007275958e-04
3.500000000045133675e-04
4.499999999936221684e-04
4.500000000007275958e-04
4.500000000007275958e-04
5.000000000023874236e-04
4.500000000007275958e-04
2.999999999957481123e-04
4.500000000007275958e-04
5.000000000023874236e-04
3.999999999990677679e-04
3.999999999990677679e-04
4.500000000007275958e-04
4.500000000007275958e-04
5.000000000023874236e-04
4.500000000007275958e-04
4.499999999936221684e-04
3.999999999990677679e-04
4.500000000007275958e-04
4.500000000007275958e-04
3.999999999990677679e-04
3.999999999990677679e-04
4.500000000007275958e-04
4.500000000007275958e-04
4.500000000007275958e-04
3.999999999990677679e-04
4.500000000007275958e-04
4.500000000007275958e-04
4.999999999952819962e-04
4.500000000007275958e-04
4.500000000007275958e-04
5.000000000023874236e-04
4.500000000007275958e-04
4.500000000007275958e-04
5.500000000040472514e-04
5.000000000023874236e-04
4.999999999952819962e-04
5.999999999986016519e-04
5.000000000023874236e-04
5.000000000023874236e-04
4.999999999952819962e-04
5.500000000040472514e-04
5.499999999969418241e-04
4.500000000007275958e-04
4.500000000007275958e-04
4.999999999952819962e-04
4.500000000007275958e-04
5.000000000023874236e-04
4.499999999936221684e-04
4.500000000007275958e-04
4.500000000007275958e-04
5.000000000023874236e-04
5.999999999986016519e-04
4.500000000007275958e-04
4.999999999952819962e-04
5.000000000023874236e-04
5.000000000023874236e-04
4.999999999952819962e-04
5.000000000023874236e-04
4.500000000007275958e-04
4.500000000007275958e-04
5.499999999969418241e-04
4.500000000007275958e-04
5.000000000023874236e-04
5.499999999969418241e-04
5.000000000023874236e-04
5.000000000023874236e-04
4.500000000007275958e-04
4.999999999952819962e-04
5.000000000023874236e-04
5.499999999969418241e-04
4.000000000061731953e-04
3.999999999990677679e-04
5.500000000040472514e-04
3.999999999990677679e-04
4.500000000007275958e-04
4.499999999936221684e-04
4.500000000007275958e-04
5.000000000023874236e-04
4.500000000007275958e-04
4.999999999952819962e-04
5.000000000023874236e-04
4.500000000007275958e-04
4.999999999952819962e-04
4.500000000007275958e-04
4.500000000007275958e-04
5.500000000040472514e-04
4.999999999952819962e-04
5.000000000023874236e-04
5.000000000023874236e-04
4.500000000007275958e-04
5.000000000023874236e-04
5.499999999969418241e-04
5.000000000023874236e-04
5.499999999969418241e-04
5.999999999986016519e-04
5.000000000023874236e-04
5.999999999986016519e-04
5.000000000023874236e-04
5.499999999969418241e-04
5.499999999969418241e-04
6.000000000057070793e-04
5.499999999969418241e-04
5.000000000023874236e-04
6.500000000002614797e-04
4.500000000007275958e-04
5.999999999986016519e-04
4.999999999952819962e-04
6.500000000002614797e-04
5.500000000040472514e-04
5.999999999986016519e-04
6.000000000057070793e-04
4.999999999952819962e-04
6.000000000057070793e-04
5.499999999969418241e-04
5.999999999986016519e-04
5.999999999986016519e-04
5.499999999969418241e-04
6.000000000057070793e-04
5.000000000023874236e-04
5.999999999986016519e-04
4.500000000007275958e-04
5.499999999969418241e-04
5.499999999969418241e-04
5.499999999969418241e-04
5.000000000023874236e-04
5.000000000023874236e-04
5.499999999969418241e-04
4.500000000007275958e-04
7.000000000019213076e-04
5.499999999969418241e-04
5.000000000023874236e-04
5.499999999969418241e-04
5.500000000040472514e-04
