1.250000000041495696e-05
1.250000000041495696e-05
1.250000000219131380e-05
2.499999999905355708e-05
1.250000000041495696e-05
1.250000000041495696e-05
2.499999999905355708e-05
1.250000000041495696e-05
2.499999999905355708e-05
0.000000000000000000e+00
2.500000000082991392e-05
1.250000000041495696e-05
2.499999999905355708e-05
1.250000000041495696e-05
1.249999999863860012e-05
1.250000000041495696e-05
1.250000000041495696e-05
2.499999999905355708e-05
1.250000000041495696e-05
1.250000000041495696e-05
1.250000000041495696e-05
2.499999999905355708e-05
2.500000000082991392e-05
1.250000000041495696e-05
1.250000000041495696e-05
-1.776356839400250465e-15
2.500000000082991392e-05
2.500000000082991392e-05
1.249999999863860012e-05
1.250000000041495696e-05
1.250000000041495696e-05
1.250000000041495696e-05
2.499999999905355708e-05
0.000000000000000000e+00
2.500000000082991392e-05
1.250000000041495696e-05
1.249999999863860012e-05
1.250000000041495696e-05
1.250000000041495696e-05
0.000000000000000000e+00
2.500000000082991392e-05
1.249999999863860012e-05
1.250000000041495696e-05
0.000000000000000000e+00
2.500000000082991392e-05
1.249999999863860012e-05
1.250000000041495696e-05
0.000000000000000000e+00
1.250000000041495696e-05
1.250000000041495696e-05
1.249999999863860012e-05
0.000000000000000000e+00
2.500000000082991392e-05
0.000000000000000000e+00
2.499999999905355708e-05
0.000000000000000000e+00
1.250000000041495696e-05
0.000000000000000000e+00
1.250000000041495696e-05
2.499999999905355708e-05
0.000000000000000000e+00
1.250000000041495696e-05
1.250000000041495696e-05
0.000000000000000000e+00
2.499999999905355708e-05
2.500000000082991392e-05
1.250000000041495696e-05
0.000000000000000000e+00
1.250000000041495696e-05
1.249999999863860012e-05
0.000000000000000000e+00
2.500000000082991392e-05
1.250000000041495696e-05
-1.250000000041495696e-05
2.500000000082991392e-05
1.250000000041495696e-05
1.249999999863860012e-05
1.250000000041495696e-05
0.000000000000000000e+00
1.250000000041495696e-05
1.249999999863860012e-05
0.000000000000000000e+00
0.000000000000000000e+00
1.250000000041495696e-05
1.250000000041495696e-05
0.000000000000000000e+00
1.249999999863860012e-05
1.250000000041495696e-05
1.250000000041495696e-05
0.000000000000000000e+00
2.499999999905355708e-05
-1.250000000041495696e-05
1.250000000041495696e-05
1.250000000041495696e-05
1.250000000041495696e-05
0.000000000000000000e+00
1.250000000041495696e-05
1.249999999863860012e-05
1.250000000041495696e-05
1.776356839400250465e-15
1.250000000041495696e-05
1.249999999863860012e-05
0.000000000000000000e+00
1.250000000041495696e-05
0.000000000000000000e+00
1.250000000041495696e-05
0.000000000000000000e+00
1.249999999863860012e-05
1.250000000041495696e-05
0.000000000000000000e+00
0.000000000000000000e+00
1.250000000041495696e-05
1.249999999863860012e-05
0.000000000000000000e+00
0.000000000000000000e+00
1.250000000041495696e-05
1.250000000041495696e-05
1.250000000041495696e-05
0.000000000000000000e+00
-1.776356839400250465e-15
1.250000000041495696e-05
1.250000000041495696e-05
0.000000000000000000e+00
1.250000000041495696e-05
0.000000000000000000e+00
0.000000000000000000e+00
1.249999999863860012e-05
0.000000000000000000e+00
0.000000000000000000e+00
1.250000000041495696e-05
0.000000000000000000e+00
0.000000000000000000e+00
1.250000000041495696e-05
0.000000000000000000e+00
1.250000000041495696e-05
0.000000000000000000e+00
1.249999999863860012e-05
-1.249999999863860012e-05
1.250000000041495696e-05
0.000000000000000000e+00
1.250000000041495696e-05
0.000000000000000000e+00
1.250000000041495696e-05
-1.776356839400250465e-15
0.000000000000000000e+00
1.250000000041495696e-05
0.000000000000000000e+00
1.250000000041495696e-05
0.000000000000000000e+00
-1.250000000041495696e-05
1.250000000041495696e-05
0.000000000000000000e+00
1.249999999863860012e-05
0.000000000000000000e+00
0.000000000000000000e+00
1.250000000041495696e-05
1.250000000219131380e-05
0.000000000000000000e+00
0.000000000000000000e+00
1.249999999863860012e-05
0.000000000000000000e+00
2.499999999905355708e-05
0.000000000000000000e+00
2.500000000082991392e-05
0.000000000000000000e+00
1.250000000041495696e-05
0.000000000000000000e+00
2.499999999905355708e-05
0.000000000000000000e+00
0.000000000000000000e+00
1.250000000041495696e-05
0.000000000000000000e+00
1.249999999863860012e-05
0.000000000000000000e+00
1.250000000041495696e-05
0.000000000000000000e+00
1.250000000041495696e-05
2.500000000082991392e-05
-1.250000000041495696e-05
1.250000000041495696e-05
0.000000000000000000e+00
2.499999999905355708e-05
0.000000000000000000e+00
0.000000000000000000e+00
1.250000000041495696e-05
0.000000000000000000e+00
1.250000000041495696e-05
1.250000000041495696e-05
1.250000000041495696e-05
-1.776356839400250465e-15
1.250000000041495696e-05
0.000000000000000000e+00
1.250000000041495696e-05
1.250000000041495696e-05
0.000000000000000000e+00
1.250000000041495696e-05
1.249999999863860012e-05
0.000000000000000000e+00
1.250000000041495696e-05
1.250000000041495696e-05
