4.999999999455440047e-05
4.999999999455440047e-05
7.105427357601001859e-15
4.999999999455440047e-05
5.000000000876525519e-05
4.999999999455440047e-05
5.000000000165982783e-05
5.000000000165982783e-05
9.999999999621422830e-05
0.000000000000000000e+00
5.000000000165982783e-05
9.999999999621422830e-05
5.000000000165982783e-05
5.000000000165982783e-05
5.000000000165982783e-05
4.999999999455440047e-05
5.000000000165982783e-05
5.000000000165982783e-05
9.999999999621422830e-05
5.000000000165982783e-05
5.000000000165982783e-05
5.000000000165982783e-05
9.999999999621422830e-05
5.000000000165982783e-05
5.000000000165982783e-05
0.000000000000000000e+00
9.999999999621422830e-05
5.000000000165982783e-05
5.000000000165982783e-05
5.000000000165982783e-05
9.999999999621422830e-05
0.000000000000000000e+00
1.000000000033196557e-04
5.000000000165982783e-05
4.999999999455440047e-05
5.000000000165982783e-05
5.000000000165982783e-05
5.000000000165982783e-05
4.999999999455440047e-05
5.000000000165982783e-05
1.000000000033196557e-04
0.000000000000000000e+00
1.000000000033196557e-04
-5.000000000165982783e-05
9.999999999621422830e-05
5.000000000165982783e-05
5.000000000165982783e-05
5.000000000165982783e-05
4.999999999455440047e-05
5.000000000165982783e-05
5.000000000165982783e-05
0.000000000000000000e+00
5.000000000165982783e-05
5.000000000165982783e-05
4.999999999455440047e-05
9.999999999621422830e-05
0.000000000000000000e+00
0.000000000000000000e+00
5.000000000165982783e-05
1.000000000033196557e-04
0.000000000000000000e+00
4.999999999455440047e-05
5.000000000165982783e-05
0.000000000000000000e+00
0.000000000000000000e+00
1.000000000033196557e-04
0.000000000000000000e+00
5.000000000165982783e-05
0.000000000000000000e+00
5.000000000165982783e-05
4.999999999455440047e-05
5.000000000165982783e-05
5.000000000165982783e-05
-5.000000000165982783e-05
1.000000000033196557e-04
0.000000000000000000e+00
5.000000000165982783e-05
4.999999999455440047e-05
0.000000000000000000e+00
0.000000000000000000e+00
5.000000000165982783e-05
5.000000000165982783e-05
-5.000000000165982783e-05
4.999999999455440047e-05
5.000000000165982783e-05
0.000000000000000000e+00
5.000000000165982783e-05
0.000000000000000000e+00
5.000000000165982783e-05
0.000000000000000000e+00
5.000000000165982783e-05
-7.105427357601001859e-15
0.000000000000000000e+00
0.000000000000000000e+00
5.000000000165982783e-05
5.000000000165982783e-05
0.000000000000000000e+00
5.000000000165982783e-05
0.000000000000000000e+00
0.000000000000000000e+00
5.000000000165982783e-05
5.000000000165982783e-05
5.000000000165982783e-05
0.000000000000000000e+00
-7.105427357601001859e-15
0.000000000000000000e+00
0.000000000000000000e+00
5.000000000165982783e-05
0.000000000000000000e+00
5.000000000165982783e-05
0.000000000000000000e+00
0.000000000000000000e+00
4.999999999455440047e-05
0.000000000000000000e+00
0.000000000000000000e+00
5.000000000165982783e-05
0.000000000000000000e+00
5.000000000165982783e-05
0.000000000000000000e+00
0.000000000000000000e+00
0.000000000000000000e+00
4.999999999455440047e-05
0.000000000000000000e+00
5.000000000165982783e-05
0.000000000000000000e+00
0.000000000000000000e+00
5.000000000165982783e-05
0.000000000000000000e+00
0.000000000000000000e+00
5.000000000165982783e-05
0.000000000000000000e+00
0.000000000000000000e+00
4.999999999455440047e-05
0.000000000000000000e+00
5.000000000165982783e-05
1.000000000033196557e-04
4.999999999455440047e-05
-4.999999999455440047e-05
5.000000000165982783e-05
5.000000000165982783e-05
9.999999999621422830e-05
0.000000000000000000e+00
-5.000000000165982783e-05
5.000000000165982783e-05
-5.000000000165982783e-05
1.500000000049794835e-04
0.000000000000000000e+00
4.999999999455440047e-05
0.000000000000000000e+00
0.000000000000000000e+00
0.000000000000000000e+00
1.000000000033196557e-04
-5.000000000165982783e-05
9.999999999621422830e-05
0.000000000000000000e+00
5.000000000165982783e-05
7.105427357601001859e-15
-1.000000000033196557e-04
1.500000000049794835e-04
-5.000000000165982783e-05
5.000000000165982783e-05
4.999999999455440047e-05
0.000000000000000000e+00
5.000000000165982783e-05
4.999999999455440047e-05
0.000000000000000000e+00
0.000000000000000000e+00
1.000000000033196557e-04
-5.000000000165982783e-05
5.000000000165982783e-05
5.000000000165982783e-05
0.000000000000000000e+00
9.999999999621422830e-05
0.000000000000000000e+00
5.000000000165982783e-05
0.000000000000000000e+00
1.000000000033196557e-04
5.000000000165982783e-05
0.000000000000000000e+00
5.000000000165982783e-05
5.000000000165982783e-05
4.999999999455440047e-05
5.000000000165982783e-05
0.000000000000000000e+00
5.000000000165982783e-05
4.999999999455440047e-05
1.000000000033196557e-04
0.000000000000000000e+00
0.000000000000000000e+00
9.999999999621422830e-05
0.000000000000000000e+00
0.000000000000000000e+00
0.000000000000000000e+00
1.000000000033196557e-04
-7.105427357601001859e-15
5.000000000165982783e-05
5.000000000165982783e-05
-5.000000000165982783e-05
5.000000000165982783e-05
5.000000000165982783e-05
