-3.133371781250000035e-06
-3.133371781250000035e-06
1.471728200000000257e-06
3.267692364375000868e-05
-1.463371906875000564e-05
3.618888599999999672e-05
5.920880465000000447e-05
2.195887273124998845e-05
3.756557906250002771e-05
1.080983033750000286e-04
3.652003656249999891e-05
1.418973554374999488e-04
9.863741518750010050e-05
7.944402081249996462e-05
1.397410016250000232e-04
1.541362802499998859e-04
1.377125503124999005e-04
1.212911456250002733e-04
2.354535647500000713e-04
1.804078606249997010e-04
2.059338878125001066e-04
2.268845809999999602e-04
2.616759997500000753e-04
2.707610881250003577e-04
2.792325553749993791e-04
2.696046968750000911e-04
2.629440145000003573e-04
3.071550825624997337e-04
2.605986755000004595e-04
4.024732412499995582e-04
3.018571401875004903e-04
3.827666878124993260e-04
3.319160218749998836e-04
2.454291621250001901e-04
4.385922075624999750e-04
3.536345934999993862e-04
3.220587140000006829e-04
4.097067705624993575e-04
4.486166406249998684e-04
4.461235550625016963e-04
3.314281328125005116e-04
5.350959034999980962e-04
4.615668563125001345e-04
4.218103513750001698e-04
4.567333930625000482e-04
4.261252295000000218e-04
5.317814528124995693e-04
4.354493790624993504e-04
5.091216760625006527e-04
4.036131985000017408e-04
4.422288161874989021e-04
4.935997733124999204e-04
4.426743809375008332e-04
4.132827620624973664e-04
4.489268613125027563e-04
4.141493961875002822e-04
4.331610914999999007e-04
3.714278845625001990e-04
3.799808996249980086e-04
4.697710474375026146e-04
3.421744006249990977e-04
4.312802308125002204e-04
4.780738388749997125e-04
3.975267584374990448e-04
3.953592426249978586e-04
3.620745896875006420e-04
3.662082344375004739e-04
4.182724983749983028e-04
3.756646260625051692e-04
3.912696266874966800e-04
3.529597354375024754e-04
4.261056955000008806e-04
3.302022865624941461e-04
3.765973050000037681e-04
4.164945797500013702e-04
3.134946919999999360e-04
4.148709191249960737e-04
3.885661627500043569e-04
3.932293993125016152e-04
3.248370601249966905e-04
4.605388324375007947e-04
3.907025161249966239e-04
3.787736584999999712e-04
4.088105246875008147e-04
3.689720080625007170e-04
3.682954418125009011e-04
4.163857479999970301e-04
4.111769493750014326e-04
3.972236677499997592e-04
3.914969055624981098e-04
4.102154335625003700e-04
2.683822629375061386e-04
4.430751404374926039e-04
4.521299980000045848e-04
3.297167238125002509e-04
4.855290660624941856e-04
3.788465233125065668e-04
3.748251228749971409e-04
3.836869629375086466e-04
4.092195026874911878e-04
2.890676941875031103e-04
4.844349977499995408e-04
4.054949888749950770e-04
3.633683382500002557e-04
4.449538318125056957e-04
3.886601134375014532e-04
2.960238689374908305e-04
4.676142265625099492e-04
4.428649177499952017e-04
3.401670321874980529e-04
4.348797875625073917e-04
4.102977566249887964e-04
4.419758017500038938e-04
3.340151685625042388e-04
4.167288355625062279e-04
4.135646102499876409e-04
3.897236392500016966e-04
4.240608106875071170e-04
4.590458646249948038e-04
3.089325348124977166e-04
5.050387282500082287e-04
4.024839386249992601e-04
3.029760126874933568e-04
5.663379965624992796e-04
2.985698208125067699e-04
5.076662263124934182e-04
4.365139906874968001e-04
3.698308897500043879e-04
3.611654758750096339e-04
3.952722696249910683e-04
4.430461500624927051e-04
4.669754917500101854e-04
3.634534531249955513e-04
4.275271916875031386e-04
4.428114306250022225e-04
4.562211654374967451e-04
3.492501049375054678e-04
4.893010171249864704e-04
3.515480060625048031e-04
5.199335207500058176e-04
3.077838971249982625e-04
4.744155246875006449e-04
4.835110006874976385e-04
4.148465814374988070e-04
4.108364943750039688e-04
3.988885685624957156e-04
5.149968060625051414e-04
4.228331040000005148e-04
3.955245090624948112e-04
5.317941656249949856e-04
4.081832600000070976e-04
4.424409011875019004e-04
4.173849345624966456e-04
4.647799157500021039e-04
5.264207231249970476e-04
3.856481292500019142e-04
4.459054246874968874e-04
4.017738873750009709e-04
4.174588861250022598e-04
4.298610595624974273e-04
4.673796620000073010e-04
5.689715433749992224e-04
3.547229237499949228e-04
4.588074243125003782e-04
5.219230604375096894e-04
4.256585804374990456e-04
5.177309683749922731e-04
4.747646586875028940e-04
3.519196192499976505e-04
5.075629746250018282e-04
3.629094411249922381e-04
4.994741291875076650e-04
4.172119183750017113e-04
4.093373260000005009e-04
3.766245915624993890e-04
5.085816955624905544e-04
4.579172250624985452e-04
4.542150369375025365e-04
3.723382396875057898e-04
5.106005348124859067e-04
4.338347110625084824e-04
4.060523323125009298e-04
4.580837284375027796e-04
5.331091550000027768e-04
3.459603064375066372e-04
4.852086139374850449e-04
3.911192453125017510e-04
4.560568269375009365e-04
3.799477240000043166e-04
5.171379673750003958e-04
3.061267475624879220e-04
5.078645148124949493e-04
4.113769390625271472e-04
3.936586868749925028e-04
4.796519206249905132e-04
4.102213243125096831e-04
4.340232301250079860e-04
3.340860189999794727e-04
5.848827317500165934e-04
3.603438020000071518e-04
