1.776926129999999754e-05
1.776926129999999754e-05
-7.873195399999997142e-06
2.732053379999999681e-05
-3.662375354999999850e-05
7.533859205000001142e-05
2.816391329999999344e-05
-3.453638949999999813e-05
-6.579724150000000442e-05
1.814766585000000202e-04
-4.414967499999998654e-05
9.648881249999999429e-05
4.099940449999998795e-05
-2.472094049999997616e-05
3.614873250000000737e-05
1.136032144999999998e-04
-6.268293500000048611e-06
-1.584561250000000041e-05
2.187825575000000426e-04
1.565795999999999941e-04
9.950513449999995406e-05
1.401659474999999381e-04
6.951803350000026679e-05
1.523788264999998386e-04
2.200265409999999089e-04
1.832415540000001744e-04
1.278389639999999612e-04
1.643560550000000477e-04
9.693158750000000802e-05
3.068598995000001300e-04
2.418353424999998558e-04
2.052959269999996353e-04
2.869933525000002532e-04
8.609416050000011020e-05
3.996601680000002287e-04
2.432157559999993321e-04
1.719650745000004047e-04
3.497060569999993138e-04
4.469811980000008844e-04
2.508483405000002872e-04
2.289241949999989284e-04
5.620380015000005919e-04
4.465967155000000188e-04
2.676874045000002950e-04
4.158927419999998085e-04
3.100101699999996407e-04
3.267686165000002058e-04
2.690975835000003133e-04
4.791251179999990450e-04
3.323981745000006288e-04
4.559359030000004892e-04
5.345004214999983516e-04
4.866460785000019384e-04
4.869834299999990096e-04
5.023961900000005476e-04
5.215967154999986977e-04
5.393721785000010066e-04
3.762749914999995171e-04
4.893969840000008537e-04
8.849159094999996256e-04
5.624311659999988583e-04
5.110383484999998088e-04
6.538807860000019762e-04
5.544723914999993841e-04
6.149191350000027256e-04
4.924579549999974493e-04
5.802413549999968501e-04
8.141092430000024249e-04
6.320459390000005007e-04
6.241094909999987672e-04
5.512328220000015100e-04
7.583296125000006660e-04
6.705958230000010067e-04
5.325842129999987240e-04
7.114563189999992265e-04
5.462568839999966397e-04
6.800577960000067645e-04
7.165513199999945515e-04
7.428151524999995758e-04
5.204680745000030140e-04
7.820571050000009461e-04
6.641092385000005316e-04
6.721287889999982834e-04
5.819864064999999420e-04
7.108758765000007529e-04
6.405144635000005471e-04
6.654189579999997273e-04
6.752654179999970085e-04
7.177122080000014614e-04
7.067780410000001901e-04
6.579017224999997304e-04
5.517537334999988996e-04
7.154437650000039506e-04
7.689822425000006345e-04
6.057027305000003969e-04
8.402205230000001079e-04
8.428709609999904262e-04
6.648037890000096928e-04
7.593230629999933590e-04
8.180173154999983987e-04
6.321104355000092823e-04
9.315374299999970575e-04
1.102510291999994618e-03
8.252269715000037920e-04
8.657327454999960703e-04
7.808354415000037796e-04
5.637669294999980707e-04
9.213151790000012609e-04
8.435245830000007161e-04
1.131350147500001513e-03
5.335925509999950300e-04
7.427891065000039039e-04
1.025097980000000408e-03
7.568524549999983142e-04
9.346666200000033897e-04
9.178176299999979415e-04
7.555985500000000910e-04
8.772523199999937571e-04
8.236766400000067323e-04
7.297576500000027555e-04
1.144640824999994255e-03
9.871793900000022659e-04
7.890199400000033614e-04
1.157378330000000122e-03
4.913293149999969911e-04
1.142768024999997467e-03
9.001178250000047010e-04
1.035249534999990728e-03
8.967319100000037402e-04
1.037463409999994646e-03
1.163563530000008561e-03
7.873852749999965539e-04
8.974177699999918989e-04
1.091851460000001217e-03
9.904660950000032660e-04
1.020440790000007314e-03
1.078994889999990159e-03
1.132808700000001445e-03
9.493290200000142898e-04
1.131051244999986549e-03
1.012046685000003721e-03
1.126807065000012820e-03
1.242013939999994654e-03
9.147058099999993974e-04
1.272626134999996217e-03
8.967443049999884730e-04
1.403291660000013930e-03
1.096385869999993989e-03
9.678436799999967644e-04
1.257194774999997877e-03
9.744790850000073501e-04
1.101043060000000962e-03
1.182835990000005721e-03
1.144592449999995432e-03
1.268761469999990510e-03
1.168376990000011273e-03
1.136858165000004250e-03
1.041013049999983675e-03
1.016950690000004154e-03
1.113832659999994257e-03
1.089142730000006165e-03
1.319975690000002588e-03
1.045538770000006834e-03
1.264451554999990179e-03
1.249642805000006351e-03
9.666604650000049093e-04
1.172025844999993738e-03
1.164437909999996301e-03
1.013169124999990789e-03
1.262246365000010973e-03
1.003691025000003068e-03
1.239349855000002054e-03
1.123330605000000260e-03
1.121191150000006020e-03
1.136425314999994773e-03
1.225848340000001979e-03
1.155142129999994771e-03
1.179095355000006617e-03
1.127182864999992651e-03
1.324785430000002817e-03
1.175653624999994928e-03
1.156174029999998409e-03
1.246007589999986731e-03
1.259107255000002645e-03
1.097854345000037757e-03
1.272703034999961291e-03
1.087710225000010356e-03
1.311834595000005432e-03
1.063429579999997099e-03
1.258234109999978312e-03
1.008397830000007378e-03
1.254298755000021748e-03
1.182494914999998592e-03
1.152025350000002168e-03
1.038284469999983806e-03
1.219454775000017310e-03
1.160827504999989435e-03
1.134685220000014594e-03
1.211789949999986238e-03
1.060021330000021633e-03
