2.234335468749999665e-06
2.234335468749999665e-06
2.321619037500000432e-06
1.064627053124999920e-05
1.353298481249999871e-05
3.011097261875000255e-05
3.370432729374999174e-05
3.750325567499999404e-05
4.521397656250003040e-05
8.325690206249997723e-05
7.049241581250000749e-05
9.835091399999995815e-05
1.061433373125000379e-04
1.030119810000000580e-04
1.172423041249998554e-04
1.437982152500001101e-04
1.518599308124998423e-04
1.566028550625000147e-04
1.902369525000001914e-04
2.024789774374999383e-04
2.002322394375000494e-04
2.417807709374998528e-04
2.255246316875000011e-04
2.685231867500001250e-04
2.659634369375002069e-04
2.797086619999999968e-04
2.826166158749997270e-04
3.152394329375002302e-04
2.910780064375000087e-04
3.201034382500000594e-04
3.194008283125002526e-04
3.392052077499999041e-04
3.503269646249994318e-04
3.218934491250003901e-04
3.784797154375001832e-04
3.542861967499996365e-04
3.655335306250000194e-04
3.978726368750002892e-04
4.117820424999994733e-04
4.079815637499997760e-04
4.201527381250003829e-04
4.475594706249991922e-04
4.431452168750012882e-04
4.474666056249985979e-04
4.920999843750009650e-04
4.477022556249998092e-04
4.913327256249998970e-04
4.652966406250014231e-04
4.747857437499992256e-04
4.211088268750006608e-04
4.507422981249991495e-04
4.476577618750011978e-04
4.329035818749979447e-04
4.442758718750002001e-04
4.581934931250000037e-04
4.102979118750012949e-04
4.421477337499986338e-04
4.194944687500000435e-04
3.949688687500015061e-04
4.017400906249982140e-04
3.977624087500020167e-04
3.935814793749985163e-04
4.347694037500002273e-04
3.914927200000008212e-04
4.040934906250001624e-04
3.778792731249994152e-04
3.726636531250007711e-04
4.036370731249974697e-04
3.943608306250026563e-04
3.893551243750008328e-04
3.573615862500004181e-04
3.843469393749986140e-04
3.883148531249984436e-04
3.737738443749978601e-04
3.958795331250007654e-04
3.839046300000009682e-04
3.682869162500018723e-04
3.870474587499977970e-04
3.841114443750015539e-04
3.728495375000008549e-04
4.220546831249991082e-04
3.565444068749992756e-04
3.884230668750009163e-04
3.896951118749977794e-04
3.868273125000008805e-04
3.899425437500006475e-04
3.972177787500003054e-04
3.992192537499994476e-04
3.926954656249988240e-04
4.002192162500008143e-04
3.947584900000009056e-04
3.721230531249994367e-04
4.146134093750003524e-04
3.696736862499987175e-04
4.040398500000028092e-04
4.149619237499985180e-04
3.696104331250005259e-04
3.854028687499989891e-04
3.684734206250012134e-04
4.029831450000007087e-04
3.591737675000053476e-04
4.096670824999884553e-04
3.736485768750102965e-04
3.883362481249957865e-04
4.042928631249956273e-04
3.840326875000008022e-04
3.798339287500035466e-04
4.256055587500001680e-04
3.944823756249979385e-04
4.045339406250000880e-04
4.012001099999995546e-04
4.144140374999980003e-04
4.106371231250016685e-04
3.992606474999965682e-04
3.840978012500037564e-04
3.926514362499952671e-04
3.955014081250055047e-04
4.096653762499999352e-04
4.157894900000055904e-04
3.902349368749974401e-04
4.213894368750026320e-04
4.247020268749943095e-04
3.835452631249999800e-04
4.653270268750037131e-04
4.010689524999930256e-04
4.130962568750021213e-04
4.026833106250057859e-04
4.161170749999928975e-04
4.111437712500040642e-04
4.191760306250028045e-04
4.221286343749977577e-04
4.062075206250001513e-04
4.143723331249959951e-04
4.420540943750050911e-04
4.228617849999921630e-04
4.080579950000023937e-04
4.020727906249993433e-04
4.424990387500021827e-04
4.035201793749984556e-04
4.415156643750028920e-04
3.997150493749990208e-04
4.271087587500027594e-04
4.598013406249962243e-04
4.107853356250038002e-04
4.240935218749949942e-04
4.204156743750006586e-04
4.693612950000050632e-04
4.585984393749992227e-04
4.288938093749972147e-04
4.718204281249985255e-04
4.195991156250022946e-04
4.443264125000012665e-04
4.519555862500038157e-04
4.376899156249974832e-04
4.800900431249990885e-04
4.325144487499973933e-04
4.419207656249993232e-04
4.364960068750020628e-04
4.342058593749947848e-04
4.679619668750065187e-04
4.474024249999999925e-04
4.592771743749946012e-04
4.526323000000054275e-04
4.463185887499943050e-04
4.784170793750014417e-04
4.415040400000055931e-04
4.861910581249948016e-04
4.434597756250019396e-04
4.471346812499957246e-04
4.547717575000068124e-04
4.173854043749980480e-04
4.412897737499990591e-04
4.435283062499961737e-04
4.533070125000010497e-04
4.268199250000020983e-04
4.331976874999976523e-04
4.353219374999967028e-04
4.563048875000086380e-04
4.167954999999973209e-04
4.568677999999964934e-04
4.372228062499983192e-04
4.137407250000002534e-04
4.526844000000140866e-04
4.465106687499970084e-04
4.349554437499958404e-04
4.198465500000053696e-04
4.224231937499933753e-04
4.540072937500028161e-04
4.012692562499892146e-04
4.445915187500093513e-04
4.226580749999986342e-04
4.499314687499977872e-04
4.394903124999988142e-04
4.345742249999978712e-04
4.188755750000050515e-04
4.369014187499964397e-04
4.216150062500007012e-04
4.152678062500081424e-04
4.295716124999987562e-04
3.958438749999959594e-04
