-1.076859149999999851e-06
-1.076859149999999851e-06
-4.362628375000000924e-07
-7.130587387499999372e-06
8.322481012499998983e-06
1.881387360000000205e-05
1.701549090000000042e-05
-1.236295088750000385e-05
6.626109999999994738e-07
3.586254162500000743e-05
-3.141588500000002456e-06
1.552190299999999944e-05
1.280293449999999667e-05
1.338089750000000244e-05
2.445707437500001431e-05
2.857320037499998439e-05
1.583631000000001034e-05
-1.289874487500001620e-05
6.284138275000001922e-05
3.704544312499997278e-05
1.267270675000002535e-05
3.153122987500000998e-05
4.082762812499999118e-05
4.785620387499998213e-05
4.241206512500003776e-05
3.824105774999998807e-05
4.112498137499994919e-05
5.059222599999998408e-05
1.708618600000004831e-05
8.818865649999998221e-05
5.636720500000003218e-05
6.229008537500003995e-05
6.081231087499993672e-05
2.880202875000029139e-06
1.096259983749998815e-04
3.919513075000013481e-05
6.803994887500004751e-05
6.225752837500002704e-05
8.318977287499989930e-05
7.816019249999995970e-05
3.292900624999933398e-06
1.016476906250001790e-04
6.721920424999981540e-05
1.022368161250001694e-04
5.677835237500000569e-05
5.313042612499984350e-05
3.506846262500001865e-05
7.751773575000002470e-05
9.303033687500013998e-05
2.945378774999981089e-05
7.041164362500034260e-05
9.101273749999999607e-05
1.031828272499996785e-04
2.451381662500013922e-05
7.693884250000023947e-05
6.240760037499971588e-05
7.152385025000016633e-05
3.338232374999966848e-05
6.216419862500009719e-05
8.820353962500030592e-05
8.430725062499953154e-05
4.119629650000018739e-05
1.138763829999999387e-04
6.116950675000027565e-05
6.985135437499994521e-05
6.688185249999981791e-05
4.248462075000019808e-05
9.413665237499981367e-05
8.461855675000011512e-05
6.228605449999993771e-05
8.777843924999981576e-05
8.067916850000014448e-05
2.898868887500020280e-05
5.736313687499999467e-05
9.916871299999992576e-05
7.560152799999985199e-05
2.820825274999980148e-05
7.808453637499993688e-05
6.559383825000030324e-05
3.184191600000014361e-05
9.265422687499986348e-05
9.639703324999977785e-05
6.372569087500015717e-05
2.115177112499942724e-05
6.594793362500132178e-05
5.629930049999912200e-05
9.155876375000013973e-05
8.340154787500001637e-05
6.333872850000036442e-05
1.446674849999926571e-05
6.768306287500015089e-05
1.605211637500068844e-05
7.962680374999989152e-05
7.857754187500041315e-05
1.453093262499850769e-05
1.067399032500006284e-04
3.897777525000041543e-05
7.073132100000011080e-05
6.899464199999934266e-05
5.560227262499991413e-05
6.061138762500015154e-05
9.202386250000034462e-05
7.117502675000036277e-05
2.987454662499965108e-05
6.909851512500002346e-05
3.224686162500017828e-05
3.517419487499961334e-05
9.507336224999930058e-05
7.613205075000014505e-05
4.418316187500010567e-05
6.215210650000000531e-05
5.762080137500062704e-05
8.325829775000011951e-05
6.665674424999930986e-05
7.132323787499995210e-05
5.195744575000032367e-05
9.251128649999992154e-05
7.328595550000049225e-05
5.812093762499939004e-05
-1.827404862499940746e-05
7.126990699999995182e-05
1.250043399999992491e-04
2.928759312499987222e-05
1.126150348750012617e-04
3.340402737499973546e-05
9.527397499999902541e-05
4.364643750000112010e-05
8.686808125000014535e-06
3.451654587499977667e-05
6.644806937499986993e-05
5.660595637499953037e-05
8.245429625000112728e-05
4.827324212499858880e-05
6.959399975000040567e-05
5.953235862499964975e-05
6.517183825000081449e-05
6.862132262500011265e-05
1.035437442499995142e-04
4.066980449999972602e-05
1.091336138750011522e-04
4.105149612499900402e-05
7.448405037499983977e-05
9.862950775000114967e-05
4.720103437499956200e-05
7.446265537499989484e-05
6.442520012499980409e-05
9.897306099999891860e-05
6.941230149999991217e-05
5.968522050000049650e-05
9.163659124999945504e-05
5.768467425000013693e-05
6.539818775000080797e-05
9.939940112499955072e-05
1.065337110000008636e-04
8.201989350000056522e-05
8.591711324999924682e-05
1.329652847500001345e-04
2.867893350000025321e-05
4.914142687499969964e-05
6.695409775000008001e-05
9.997798550000040751e-05
1.147951082500001108e-04
5.956987687499859518e-05
8.166300775000120971e-05
9.753838587499980006e-05
7.384686512500009126e-05
9.996217224999930095e-05
9.356613050000121834e-05
5.794854124999831990e-05
1.063389885000015633e-04
6.989259399999871170e-05
1.101484596250004028e-04
9.357760237499977707e-05
8.299908262500085843e-05
6.137818074999912277e-05
1.004176590000006170e-04
1.123155113749996215e-04
7.746998599999881108e-05
7.876916225000099581e-05
1.254089767500007890e-04
7.066093562499951852e-05
8.612423775000016546e-05
8.202609587500131472e-05
1.369883899999986554e-04
1.148028609999993815e-04
5.703694700000087880e-05
8.022802250000002355e-05
2.077634318749990022e-04
3.088256249998699854e-07
2.061417877500006102e-04
-2.072574112499912802e-05
1.282919706249996405e-04
9.697530612499949410e-05
6.743035912499910356e-05
1.087057235000001010e-04
1.039096217500014296e-04
1.644434937499994476e-04
5.996055875000065594e-05
7.852296999999973381e-05
7.522014625000079946e-05
