2.623158187499999823e-07
2.623158187499999823e-07
8.438445749999998844e-07
9.327249837500001513e-06
-8.801998068750001031e-06
8.320155531250000212e-06
5.295151812500000835e-06
-2.326115006250000996e-06
5.482896749999999065e-06
8.108380500000001844e-06
2.216661687499999237e-06
6.161786187500003549e-06
1.119694774999999333e-05
5.168179812500001808e-06
9.499801500000000867e-06
9.135629062500000167e-06
7.028575687500004747e-06
7.709945687499992432e-06
1.091757831249999717e-05
6.345500250000014734e-06
9.358876624999994598e-06
6.731687437499991183e-06
1.294416956250001710e-05
1.245131968749998964e-05
7.677078624999998744e-06
1.339159475000000301e-05
-6.576189437500001367e-06
1.666093043749998850e-05
6.193257937500012706e-06
8.766185437500021794e-06
1.011233687499998282e-05
6.781918249999991689e-06
1.406583325000001290e-05
-4.716104375000165945e-07
1.148391381249999252e-05
-1.553740624999998656e-06
-2.272628625000003419e-06
1.530439175000000793e-05
1.142081537499999022e-05
1.998375250000003055e-05
-6.921137812500029012e-06
2.677559287500000298e-05
-6.788429624999994371e-06
2.044885187499996190e-06
6.240387999999989083e-06
2.180383937500020471e-06
2.152648587500002051e-05
-1.864039168750003181e-05
1.722121968750000643e-05
-1.020938756250000653e-05
1.982453368750000059e-05
2.187282949999997533e-05
-4.944932249999959943e-06
-1.049573350000001029e-05
1.982933968750004135e-05
-3.011825937500008706e-06
6.663472937499940237e-06
1.194064100000003827e-05
-2.036730412500000788e-05
2.081503937499998812e-05
-8.266669062500001629e-06
2.342067887500001418e-05
6.604715500000020705e-06
-7.331510625000143069e-07
8.208531812499962090e-06
-1.415451249999876565e-07
2.757571806249998298e-05
-2.691837749999937465e-06
-8.633787312499995037e-06
6.154499687499950539e-06
-1.975895499999979869e-06
2.170988993750001339e-05
-7.907457749999991046e-06
-3.426384125000041334e-06
1.577491687499999731e-05
-1.549678774999998501e-05
1.613056262499997081e-05
2.385802750000029764e-06
5.445223687499973087e-06
-1.250775162499995858e-05
2.020374431250003067e-05
3.827919624999987034e-06
1.841528374999992909e-05
-7.316006874999751372e-07
5.484447062500019850e-06
4.133644687500021876e-06
9.673438499999955850e-06
1.820009800000005080e-05
5.281353874999933536e-06
-3.088257187499970045e-06
3.746837312499935041e-06
-1.806785481249994704e-05
1.867310356250002218e-05
1.953043612500007103e-05
-1.237101256250014696e-05
2.390593218750010612e-05
-3.187168187500041307e-06
2.693388125000030844e-06
8.066521562499935627e-06
4.910980062500019602e-06
-5.828620312499973449e-06
6.326431249999977732e-06
2.246784612500000739e-05
-1.279998881249994926e-05
2.467350049999996429e-05
-1.932238174999999485e-05
-4.530529125000093763e-06
2.969827481249999891e-05
2.108448749999847563e-07
-7.292441874999912137e-06
1.938377437500030803e-06
1.513277031250004259e-05
6.839280374999930079e-06
5.939314375000585497e-07
6.034659124999944800e-06
1.029667112499999936e-05
-1.134701962500006892e-05
-2.617732062499926460e-06
1.677425956250007313e-05
-2.283077837500003052e-05
1.511571662500001655e-05
7.121595500000021083e-06
-1.045635512499998657e-05
5.155529099999992503e-05
-3.286683912499994715e-05
3.541201568749998384e-05
-1.934315618750011550e-05
1.448891818749999116e-05
-9.361357062499949498e-06
-1.449744506249990919e-05
1.613614374999989588e-05
2.590105175000005904e-05
-1.683410231250001988e-05
-8.687893812499986046e-06
2.596942131249989696e-05
1.721176312500074038e-06
-4.826021999999896041e-06
2.123486874999877191e-06
-2.113099374999967070e-07
1.725253631249998830e-05
-3.140115718749990695e-05
2.971734387499994079e-05
-6.955245062500027380e-06
9.030671750000066923e-06
-1.589243193750007957e-05
-6.162716437499915142e-06
3.982813043749999261e-05
-2.294875850000007052e-05
1.311424062500001105e-06
3.211058812499999714e-05
-2.339044749999992425e-05
1.491975493749994868e-05
-9.738242312499947179e-06
1.362553949999997793e-05
1.825342937499994066e-05
-2.267822624999935553e-06
-7.711340625000300333e-07
-2.341308250000066066e-06
-2.491070124999855695e-06
7.736921437499918140e-06
1.031279500000046104e-06
4.342226024999992773e-05
-3.911544375000000975e-05
-1.030039193750001240e-05
1.861403606250001345e-05
1.253286687500016275e-06
3.435252025000006156e-05
1.121617181249997316e-05
-5.756902074999996170e-05
2.112433025000005904e-05
-3.718931375000012786e-06
2.401802106249994236e-05
-5.173761000000021495e-06
-1.497138087499995818e-05
-1.392273781250009425e-05
5.016138931250005342e-05
-1.395079868750002082e-05
-3.985433062500000866e-06
-2.727030312500017262e-06
2.114867043750002628e-05
-3.563278312500046258e-06
1.288324187499983835e-06
2.494945937500008329e-06
1.531384874999994986e-05
-1.491339856249992296e-05
4.751606143749999549e-05
-3.828384687500053195e-06
-3.655398868749985819e-05
3.600036587500000940e-05
8.816416124999941484e-06
-1.499913181250006611e-05
2.315169668750012566e-05
-3.635306593750007101e-05
-7.536308750000003318e-06
4.916576750000007170e-05
-3.656623631249997924e-05
7.877536374999963460e-06
-1.467511287500005476e-05
4.815510737499997980e-05
-3.698560049999999842e-05
