-2.806097124999999855e-07
-2.806097124999999855e-07
1.926129881250000022e-06
-3.604672075000000007e-06
1.021000768750000028e-05
4.711452600000000550e-06
1.183490846875000255e-05
5.236859399999998198e-06
-1.260418187500000843e-06
2.117549112499999899e-05
1.563926306250000309e-05
2.576927362499999434e-05
1.584824756250000153e-05
2.359865681249999120e-05
2.702674625000000825e-05
2.809383837499998754e-05
2.331913231250001156e-05
1.994142850000001337e-05
5.106182099999997666e-05
3.218608918750001614e-05
4.042857318749997278e-05
4.680321975000003567e-05
4.237098156250002426e-05
5.045285137499999715e-05
4.749528693749995641e-05
3.985929206249999752e-05
4.420037087499997189e-05
3.977526412500011471e-05
4.194712137499986403e-05
6.789018700000004104e-05
4.227362087499996531e-05
5.821519818749996446e-05
4.611254775000015078e-05
2.823088749999999678e-05
6.004768818749985516e-05
4.219532918750003823e-05
3.224701712499999061e-05
6.231458056249992994e-05
5.542708487500007733e-05
4.005866450000009765e-05
3.339984243749989645e-05
6.950733618750004963e-05
5.449006543749995712e-05
3.937651937500007658e-05
5.173853999999996831e-05
2.872218706249994417e-05
4.569473387500003550e-05
5.293477443749994640e-05
5.632968700000000155e-05
5.224348237499996418e-05
3.750976712500004792e-05
6.468813562499997442e-05
4.038640425000012205e-05
3.393734181250012208e-05
5.100244337499977056e-05
4.684507856250025824e-05
5.068850156249998795e-05
3.536798624999976104e-05
4.559706312500010419e-05
5.381954774999996027e-05
4.408285587500018754e-05
5.366947587500010830e-05
6.959741031249992368e-05
3.482056474999987994e-05
4.256105206250013206e-05
3.432290893749974370e-05
2.989702699999997534e-05
6.048720675000006028e-05
3.710962687499983967e-05
4.786116487500010827e-05
3.653088881250005776e-05
4.752799893749989207e-05
3.607199100000030995e-05
4.689484456249981212e-05
4.555814925000017598e-05
2.480341862499957362e-05
4.248725637500012919e-05
5.073733687500003517e-05
4.459973531249989201e-05
2.661482368750004227e-05
4.968264749999990945e-05
4.359744793750027977e-05
3.433422612499981499e-05
4.322738393750013078e-05
4.051477143749999260e-05
3.649430106250021316e-05
5.456510162499999053e-05
3.778262474999965689e-05
4.142124975000001375e-05
3.736279575000016687e-05
4.057197843749995453e-05
2.780609731250008321e-05
3.789238812499989492e-05
5.268796218749986077e-05
2.567671943750010968e-05
6.435000850000009362e-05
4.307080012500019706e-05
4.109335487499947079e-05
4.897988287500031415e-05
3.778665631250016296e-05
3.306621131249961459e-05
6.232496750000014046e-05
5.348591712500076062e-05
4.723591643749931041e-05
5.302965506250034711e-05
4.319591206249952242e-05
3.293567368750031227e-05
5.084027862499972128e-05
5.758157849999976513e-05
4.259515906249958933e-05
5.390047512500092952e-05
4.559489256249910083e-05
5.103841075000063038e-05
4.698352337500003029e-05
5.618597143750014844e-05
6.912843537499983870e-05
4.996728824999997765e-05
5.630147087500037006e-05
5.921934693749967421e-05
3.417996818749942378e-05
7.033474725000061351e-05
3.126984437500004294e-05
3.528969468750021293e-05
8.210035618749951525e-05
4.067755618749994972e-05
6.312493749999984610e-05
9.119474625000033308e-05
3.166703906250060985e-05
3.873220231249974166e-05
5.294981281249964977e-05
5.902555568749936338e-05
7.877334750000086067e-05
4.490360043749985069e-05
5.087655674999944783e-05
6.057340493750059535e-05
5.102817912499939268e-05
6.999584506250065841e-05
6.628451025000002550e-05
3.223771537499975359e-05
8.218376318750060527e-05
2.487318306249909627e-05
6.412505581250040054e-05
6.633365575000032405e-05
3.646531031249993643e-05
6.059324881249952832e-05
6.031279437499967311e-05
6.432039750000045214e-05
6.289502437500059384e-05
5.361056374999888241e-05
7.634925187500075233e-05
4.758163999999971000e-05
6.348383937500052393e-05
6.317299812500041384e-05
6.411900999999959466e-05
7.968897249999943450e-05
4.888841312499989100e-05
6.586638687500027955e-05
7.007816750000030875e-05
3.855034875000027533e-05
6.713750187499999134e-05
5.812341812499923627e-05
7.081054375000089829e-05
4.584480562499874956e-05
6.151879625000081925e-05
6.805529750000035433e-05
4.615084062499930778e-05
6.211970437500040354e-05
5.707074437500021802e-05
3.884491124999962103e-05
7.076806437499982144e-05
4.205099312499984560e-05
6.892751312499983268e-05
5.253385937500042180e-05
5.059672187500072194e-05
2.629219999999987678e-05
6.527865624999899807e-05
5.894214812499944112e-05
5.142289249999987266e-05
4.840951687500212597e-05
5.689307687499825517e-05
5.806869187500139640e-05
4.745311812500048465e-05
5.189233249999931907e-05
7.045908312500008541e-05
4.260988749999958247e-05
4.515103374999954178e-05
5.116894875000117804e-05
6.964221437499862333e-05
3.007097437500091952e-05
7.642041249999835528e-05
2.135362375000129931e-05
7.322518249999916684e-05
5.410046687500183471e-05
5.381195187499979160e-05
5.855735624999899858e-05
6.242837437500127484e-05
5.255199749999890646e-05
3.988688875000007128e-05
1.190197568749998963e-04
4.640928124999971205e-05
