1.189723174999999912e-06
1.189723174999999912e-06
1.541958125000000052e-06
1.329004812500000064e-05
-6.739594187500000169e-06
1.235643944999999972e-05
1.040426403750000477e-05
-6.279766350000001387e-06
9.062918625000001047e-06
3.122178400000000275e-05
-8.635027500000006493e-06
5.162536575000000345e-05
5.567544874999987188e-06
1.866442175000001852e-05
1.066813012499999522e-05
3.630655600000000198e-05
9.460113250000015944e-06
1.434365224999996336e-05
5.986816000000001465e-05
3.633136124999998117e-05
2.743773875000003141e-05
5.148831674999995982e-05
4.551582587500004788e-05
3.988812812499994368e-05
7.105348012500004549e-05
5.444417575000001178e-05
4.810828737499992999e-05
5.833953462500000332e-05
2.858281250000009252e-05
1.034346008749999430e-04
6.240418962500000888e-05
8.641879987499989212e-05
8.351193150000005283e-05
4.311498475000020633e-05
1.243187849999998970e-04
8.233895174999993419e-05
5.565870424999999275e-05
1.092675621250001079e-04
1.139247531249999203e-04
1.243869995000001106e-04
6.355701499999983316e-05
1.509915910000000829e-04
1.247869846250000171e-04
8.761131374999996460e-05
1.088768789999998952e-04
1.085519298750000500e-04
1.639328148749998222e-04
1.035372327500005962e-04
1.592263233749996801e-04
8.567805224999995584e-05
1.714395123749998598e-04
1.944005183749999977e-04
1.580375303750001896e-04
1.580635760000002540e-04
1.878063451249997566e-04
1.755066477500005252e-04
1.848628888749996937e-04
1.728103139999994167e-04
1.806348291250002569e-04
2.329758272500001212e-04
2.169999877499996857e-04
2.107298332500008933e-04
2.544171998749992017e-04
2.424486531249995386e-04
2.617462296250006384e-04
2.830753587500000126e-04
2.827910274999997919e-04
2.705328793750003125e-04
3.116662321250001505e-04
3.034826621249996775e-04
2.935813233750006121e-04
3.211282058749997254e-04
2.739243816249990054e-04
2.702900978750009259e-04
2.983383560000007345e-04
2.744062234999993660e-04
2.618485514999987357e-04
2.566031650000008546e-04
2.658518131249988647e-04
2.034135173750017261e-04
3.266554412499986931e-04
2.441099871250008296e-04
2.706748897500013684e-04
2.716357841249985444e-04
2.532321278749995880e-04
2.842070996250008197e-04
2.930951395000002541e-04
2.377911532499988462e-04
2.760396505000015793e-04
2.455505524999995054e-04
2.379623087499990741e-04
1.900949424999999471e-04
2.770225612499996326e-04
2.513463050000004639e-04
2.073922837499998784e-04
2.837159549999995756e-04
2.370218775000001998e-04
2.599986987499997015e-04
2.549660162500001770e-04
2.109329275000008941e-04
2.549809000000000103e-04
2.932579250000000998e-04
2.502675862499983972e-04
2.145696899999993690e-04
2.763202612500008370e-04
2.033880912500028726e-04
2.095146849999986183e-04
2.661702499999994698e-04
2.557833512500003181e-04
2.332120975000011309e-04
2.132410575000007191e-04
2.483675024999958125e-04
2.665066725000032888e-04
2.217384162499988487e-04
3.560062887500020645e-04
1.920049474999976913e-04
2.072763200000014849e-04
3.344787162499994471e-04
2.480633274999990978e-04
1.939896812499994350e-04
2.767317187499993003e-04
2.768110962500028305e-04
2.149051799999954215e-04
2.918204600000015581e-04
2.051870937500033243e-04
2.800277199999992583e-04
2.497674512500006050e-04
2.662269912499966307e-04
2.467681837499992314e-04
2.433881537500029446e-04
2.734282749999976392e-04
2.649408387500017115e-04
2.321839187500000790e-04
2.584368949999985010e-04
2.995826512500014693e-04
2.410586275000022038e-04
2.484546312499953669e-04
2.708621687500002706e-04
2.224450575000029573e-04
2.518628762499981744e-04
2.014480075000039949e-04
2.216981074999978263e-04
2.941053349999993294e-04
1.614752324999996214e-04
2.802041475000009718e-04
2.177503475000001909e-04
2.732316937499972009e-04
2.047995112500027026e-04
1.950389449999999358e-04
2.715064862499963483e-04
2.111453212500016829e-04
2.462054125000022464e-04
2.419109987500007997e-04
2.292007737500004194e-04
2.747020274999970035e-04
1.815916912499999925e-04
2.833631000000030875e-04
1.969312774999995574e-04
2.100752837499997305e-04
2.293520862499988378e-04
1.702218837499984427e-04
3.081627975000007791e-04
1.816881224999990219e-04
2.512780912500012231e-04
2.574155387499998948e-04
2.080645062500011133e-04
2.608290537500015938e-04
2.461272762500008038e-04
2.001702262499974183e-04
2.686520187500027190e-04
2.093698837499977095e-04
2.667575162499935537e-04
1.924805900000089998e-04
2.120234287499994652e-04
2.284076262499962207e-04
2.659181662500037513e-04
2.664483799999992075e-04
2.231982074999971921e-04
2.238890337500007433e-04
2.727879887500020417e-04
2.296525399999929662e-04
2.415978325000095461e-04
2.353264362499954410e-04
2.681546737499998501e-04
2.007550099999977355e-04
2.481073587499993405e-04
2.161373837500021877e-04
2.608237824999956600e-04
1.980828625000041754e-04
2.268848912500009973e-04
2.171922287500030468e-04
2.451344449999962039e-04
2.369124237499992125e-04
1.893011737500033265e-04
2.434272212499949406e-04
2.206761299999998593e-04
2.333286812499987817e-04
1.878851025000072283e-04
2.632385774999981831e-04
2.244685462500020656e-04
