2.703775500000000228e-07
2.703775500000000228e-07
1.018876800000000014e-06
1.247705525000000172e-06
1.340291212499999902e-05
1.407575532499999790e-05
1.001265070000000780e-05
-2.140137427500000397e-05
7.791338000000001736e-06
5.428759249999999450e-05
-4.756598199999999564e-05
3.034925825000000854e-05
-4.566031750000005261e-06
-1.624311650000000222e-05
5.268640999999997792e-06
6.776802125000000216e-05
3.389641249999989880e-06
-7.797167249999999898e-05
8.172657175000000223e-05
1.813885975000001523e-05
5.848898649999997455e-05
1.331113249999999414e-05
9.191596250000003349e-06
4.165178349999995740e-05
3.969340650000004363e-05
3.304993299999995976e-05
6.498363000000031281e-06
3.773130900000000714e-05
-2.161407924999999512e-05
8.176439949999998779e-05
4.043322400000006443e-05
6.852830299999991938e-05
4.870888525000010346e-05
-3.707272925000009486e-05
1.233882772500000764e-04
8.418291399999995421e-05
-5.944833050000001163e-05
8.278699700000008519e-05
1.000694547499999653e-04
1.078397082500000791e-04
-3.517140450000008373e-05
1.491752244999999507e-04
3.253460325000016168e-05
4.654896574999992445e-05
6.398335574999986647e-05
5.949360025000018440e-05
1.239755419999999126e-04
4.490375550000001714e-05
2.063141837500000013e-04
-1.885201250000252682e-06
1.037865257500002018e-04
1.575253012499999283e-04
5.831596975000032622e-05
1.017097037499994222e-04
1.204624945000004090e-04
9.783821999999981964e-05
1.107468867499999260e-04
2.401026950000009763e-05
9.364302725000002436e-05
2.653011360000002289e-04
4.052686424999962095e-05
1.662852855000003342e-04
1.586247952499999711e-04
8.126271274999999350e-05
1.328700947499997231e-04
1.094675547500000880e-04
9.572356975000003224e-05
1.763797939999998086e-04
1.298612142499998984e-04
1.522777447499996592e-04
8.252902225000004199e-05
1.757894280000000045e-04
1.341562484999999499e-04
1.151411420000011954e-04
1.459220122499993444e-04
5.702423450000028426e-05
1.719049215000000713e-04
1.602197747499999048e-04
1.935146597499999566e-04
1.126637150000000046e-04
1.097069254999997676e-04
1.240139902500009966e-04
1.972323509999993410e-04
1.510492632499993784e-04
1.356222405000002962e-04
1.090129979999998264e-04
1.860358685000004092e-04
1.151702882499997665e-04
1.658970827500003478e-04
1.465340825000001346e-04
1.806407202499995396e-04
9.991380175000067615e-05
1.659156867499988683e-04
2.196023715000010659e-04
9.111909024999906292e-05
2.291703872500010578e-04
1.396636407499998733e-04
1.543043357499999241e-04
1.287741232499986510e-04
2.269869027500016900e-04
7.884357874999962934e-05
3.138463050000005194e-04
1.344991809999977056e-04
2.109999007500005380e-04
2.082967477500009823e-04
9.857431574999964141e-05
8.419841724999904686e-05
2.701313445000012858e-04
1.902955540000004359e-04
1.744437412499987017e-04
8.110209800000003910e-05
2.459009277500003726e-04
1.599121905000010918e-04
2.955796984999981003e-04
9.528079575000202028e-05
1.778309039999984714e-04
2.400059530000015623e-04
5.277571099999989190e-05
2.367217327499983315e-04
2.203329025000054509e-05
2.861710565000008533e-04
2.015329674999993131e-04
9.979597624999898831e-05
2.243246747500021038e-04
1.170375072499993396e-04
2.233665699999994730e-04
1.629495975000016389e-04
1.690864212499972735e-04
8.692637675000031150e-05
1.453366087500011783e-04
1.737026827500001702e-04
1.952057599999990761e-04
1.418092967500009932e-04
1.846039845000008173e-04
3.348991672499981864e-04
2.560524899999916393e-05
1.631995077500010549e-04
2.233566509999996424e-04
1.474351339999999122e-04
2.445887277500013307e-04
1.295548697499999263e-04
2.249782957499998209e-04
1.934786929999980643e-04
1.636794912500023902e-04
1.801588757500000026e-04
1.858361877499978276e-04
3.567774220000000107e-04
1.083364330000009812e-04
1.251395310000007199e-04
2.444578799999999608e-04
1.432324984999983064e-04
1.983746355000044759e-04
2.290320972499967911e-04
1.867831270000001875e-04
2.821600445000009560e-04
2.192724614999974619e-04
1.806512620000019775e-04
1.853673670000020868e-04
1.633464787499996906e-04
2.027378829999974819e-04
2.070527609999983643e-04
2.563036415000018164e-04
1.643250487500004520e-04
1.871620279999992864e-04
2.686231817499995511e-04
1.462705277500003787e-04
2.486065645000007374e-04
2.612144659999982022e-04
1.852780675000026411e-04
2.797074194999978058e-04
1.486611355000014290e-04
2.954997042499997451e-04
1.134618247499996624e-04
2.273230127500004694e-04
1.668657290000014060e-04
2.209046479999983437e-04
3.197493427499996377e-04
2.163634220000015818e-04
1.412145919999982513e-04
3.184569860000020791e-04
1.927760837499986613e-04
2.439301480000009847e-04
2.017128042499996554e-04
3.056574649999976856e-04
1.559861345000017330e-04
3.049598144999991767e-04
1.244598650000025564e-04
3.058106350000006080e-04
1.604349624999973356e-04
2.781620524999993405e-04
1.532513525000014920e-04
2.344979424999983630e-04
2.699973925000022368e-04
1.755556399999982919e-04
2.366535200000012551e-04
2.831299299999971708e-04
2.426892625000016956e-04
1.328868400000023098e-04
3.260418200000010647e-04
2.448094949999979342e-04
