5.180892499999999287e-06
5.180892499999999287e-06
2.940045637500000235e-06
5.593590337500001114e-06
9.166480587499997005e-06
6.222745202499998986e-05
4.033555342500001317e-05
-6.665488512500001650e-06
1.756523787500001042e-05
1.310915566249999534e-04
-1.968050799999997722e-05
1.427087981250000259e-04
9.287251349999992803e-05
4.149333975000008305e-05
1.057064540000000365e-04
1.458224808749999631e-04
7.738192725000004549e-05
6.176793399999996100e-05
2.430036717499999086e-04
1.743795573750000008e-04
1.222236692499998993e-04
2.060183807499999745e-04
2.082669795000001260e-04
2.297303666249999286e-04
2.453772258750003092e-04
2.251559631249997785e-04
2.392856701250003007e-04
2.366560001249994223e-04
1.435003972500006539e-04
4.285849828749997877e-04
2.660828122499994154e-04
3.327879274999997333e-04
3.632909786250009682e-04
1.059988461250003025e-04
5.464469539999987011e-04
3.054053802500015374e-04
3.224599396249991021e-04
4.105704593749997036e-04
4.666675966249998753e-04
4.341305131250004085e-04
2.622355134999998852e-04
5.817225405000013214e-04
4.099400952499998585e-04
4.824046861249993434e-04
3.771825544999999474e-04
4.175860121249999612e-04
4.876094534999996649e-04
4.234735450000005896e-04
5.861211365000007500e-04
2.730676688749971576e-04
5.546348665000019884e-04
6.500908489999995127e-04
5.476534207500011880e-04
4.830545841250002276e-04
5.453211042499971767e-04
5.188926301250024881e-04
5.835888277499999555e-04
4.150016122499971399e-04
4.797173441250003612e-04
7.441382023750005292e-04
5.086455703749992452e-04
5.276575746250011800e-04
7.763791734999997418e-04
5.606213103750007365e-04
5.819541605000012885e-04
6.356675098749993424e-04
5.199443743750011004e-04
7.662840451249965101e-04
6.637945250000006070e-04
6.543728610000007495e-04
6.219241449999975135e-04
7.493376993750050508e-04
5.589971846249944254e-04
6.090319121250034606e-04
7.269500040000022312e-04
5.838992036249976425e-04
6.057476936249979460e-04
6.033040626250013583e-04
5.854842607500021501e-04
4.752049553750012367e-04
7.726323347499973460e-04
6.145203915000028994e-04
6.341354733749964001e-04
5.342461669999992724e-04
5.892100133749952895e-04
6.053681738750066321e-04
7.434827216249995097e-04
5.509720582499988417e-04
6.252127052500042192e-04
5.220782469999990516e-04
5.901014534999970973e-04
3.195242362500003153e-04
6.895861236250050430e-04
6.920139393749927259e-04
3.814481330000063508e-04
7.648636327499958032e-04
5.132568703750048367e-04
5.738679492499898505e-04
5.394540361250074745e-04
5.595847606250023420e-04
4.905231443749977216e-04
7.286969161249962079e-04
5.884974817500013278e-04
6.190622350000021812e-04
5.370088565000014080e-04
4.855918540000031536e-04
4.079904016249871757e-04
6.704922587500022901e-04
7.281363182500069642e-04
4.521692209999983447e-04
5.827076203750031214e-04
5.751838692499983141e-04
6.803678625000031399e-04
5.743922698749973077e-04
6.953955228749947315e-04
4.792423191250019809e-04
5.813842605000008046e-04
6.719687951250025160e-04
6.630773418750054993e-04
2.640214931249953989e-04
7.177841464999987209e-04
7.193226922499948439e-04
4.045688196249938584e-04
7.749172147500094088e-04
4.218432167500049679e-04
7.624801561249977544e-04
5.240353854999990624e-04
5.234127703749938409e-04
4.975774558750034604e-04
5.443859461250061260e-04
6.358975796249902168e-04
6.811290736250044664e-04
5.719117404999959908e-04
5.764805642500051008e-04
6.778002061249982502e-04
5.231399160000038684e-04
6.013438254999919907e-04
7.433351312499947294e-04
4.971101872500022223e-04
7.246142763750046401e-04
4.535611075000139936e-04
5.581993848749883247e-04
7.165854280000022447e-04
4.616814281249992380e-04
5.934545067499963356e-04
5.203344361250084038e-04
7.433580774999920537e-04
4.688237960000091187e-04
4.775828500000051102e-04
7.233777347499803501e-04
4.661342813749996816e-04
5.437732561249936092e-04
6.457595363750096018e-04
6.001119351250056022e-04
7.486620662500026446e-04
4.896298401250026577e-04
7.207520960000046717e-04
4.267686189999841950e-04
5.052832121250072639e-04
5.565994466250057116e-04
5.659314999999914830e-04
8.290863604999976211e-04
4.679190223749879474e-04
6.403389616250199090e-04
7.357630118750013715e-04
5.182675375000056484e-04
6.662936584999890055e-04
6.949546051250032885e-04
4.572701163749887110e-04
8.141222645000056879e-04
4.924886518749976849e-04
7.684861354999988903e-04
5.108836256250137708e-04
6.449735198749972920e-04
4.679391793750015127e-04
7.063296857499762327e-04
7.621700892500166136e-04
5.943586626249997007e-04
5.404735327499965436e-04
7.815014622500060515e-04
5.625387559999861509e-04
6.777958683750195945e-04
5.867744424999932207e-04
8.184743512500008977e-04
5.405222131249914908e-04
6.598721932500051235e-04
5.480741808749911570e-04
9.063027076249979830e-04
3.798196677499976470e-04
8.246424938750107625e-04
4.099946661249992408e-04
8.169748731249870666e-04
7.116494856250210610e-04
4.691444064999911179e-04
7.469737577500135117e-04
6.628013832499779490e-04
8.480236379999894769e-04
3.990186403750317634e-04
8.336678946250092315e-04
6.777853219999963041e-04
