-1.053914274999999988e-06
-1.053914274999999988e-06
-1.575445262500000009e-06
-1.037170700000000014e-06
1.178932877500000066e-05
9.449260787500000637e-06
1.027930742499999844e-05
4.347125124999998982e-06
2.053256925000000147e-05
2.499752000000001406e-06
-8.313178999999996119e-06
4.127102237500000385e-05
2.462761074999999210e-05
2.514014987500001763e-05
2.508743862499998090e-05
2.869970750000013166e-06
5.588257174999998337e-05
2.677760825000002724e-05
4.857059587500000847e-05
6.750694549999996293e-05
9.096405750000000588e-06
1.456876025000001162e-05
8.781006587500002260e-05
4.744784687499997190e-05
5.192302925000004312e-05
4.377759587499989360e-05
7.038218737500008277e-05
8.086365775000000245e-05
6.258774874999995137e-05
7.146493762500002664e-05
8.297458699999991309e-05
9.565783600000020599e-05
4.522870462499986241e-05
1.136909635000001115e-04
9.913305562499977880e-05
1.076992483750002002e-04
9.332613975000011303e-05
8.442228499999974121e-05
1.078331968750001306e-04
1.156837576249999510e-04
1.284882422499997439e-04
1.191385127499999808e-04
1.237389616250000879e-04
1.081683781250001274e-04
1.149513817500003900e-04
1.277155578749997016e-04
1.556587041249999845e-04
1.500744158750002763e-04
1.272104603749994040e-04
1.637247605000002881e-04
1.404065586250000282e-04
1.699800316250000588e-04
1.844043012499997636e-04
1.796419978750004275e-04
2.110172645000000027e-04
1.626513122499999298e-04
2.106281316249999924e-04
1.728974424999992973e-04
2.179022796250000907e-04
1.930966906250001364e-04
3.002092947499996473e-04
1.621034262500008205e-04
2.366094897499997074e-04
2.409516546250005734e-04
3.649451811249997471e-04
2.066400629999994368e-04
1.648921590000004822e-04
3.600697017499994435e-04
4.073953841250005370e-04
2.388872357499995103e-04
3.023112316250008494e-04
2.614857743750004238e-04
3.662328836249988812e-04
2.547520722499998364e-04
2.941713788750001390e-04
2.848799422500002815e-04
3.184303221250000399e-04
2.662865256249993817e-04
2.668886742499994302e-04
2.637638291250014866e-04
2.968044597499996939e-04
2.791979838750006937e-04
2.846960724999982734e-04
2.942411453750008732e-04
2.924182666249990070e-04
2.322431406249995250e-04
3.087841698750006664e-04
2.586309962500001752e-04
2.673286587499996980e-04
2.674182650000012790e-04
2.353075237499988037e-04
2.925599675000015165e-04
2.511959237499993003e-04
2.389250625000009093e-04
2.756480387499978674e-04
2.406012800000006252e-04
2.801498862500008402e-04
2.344818174999999116e-04
2.794181300000003754e-04
3.164288462500011723e-04
2.253085162499980643e-04
3.063148025000024532e-04
2.249556612499981068e-04
2.142875300000027239e-04
2.443847062499962530e-04
3.060298525000004766e-04
2.264969975000023783e-04
2.876962724999987397e-04
2.618956824999990607e-04
2.367502587500014410e-04
2.945791162499988847e-04
2.431348299999983031e-04
2.779087287500016379e-04
3.012737512499974457e-04
2.253916137500040773e-04
2.986967924999972546e-04
2.498660500000020324e-04
2.620255999999966667e-04
2.917680587500026679e-04
2.890366875000008329e-04
2.687524787499985524e-04
3.191400637500008131e-04
2.547443199999999131e-04
2.912691624999998175e-04
3.024284349999982469e-04
2.438312387500023160e-04
3.038544299999966503e-04
2.984084312500044633e-04
3.115896462499989639e-04
2.563067425000002675e-04
2.438932499999983683e-04
2.892624150000015770e-04
3.023729349999997040e-04
2.409950637499991277e-04
2.912654412500007006e-04
3.023871987499968106e-04
2.418483650000052831e-04
2.348709499999969419e-04
2.821113637500004268e-04
2.586030912500002221e-04
2.835534787500003373e-04
2.580406312500012345e-04
2.803520499999982707e-04
3.048884987499993204e-04
1.862423737499993570e-04
2.585885175000017522e-04
2.955818699999987476e-04
2.266024212500029889e-04
2.942163387499967253e-04
2.548441612500000619e-04
2.359050200000031849e-04
2.241166224999958934e-04
2.832551962500019782e-04
2.345016612500007425e-04
2.450240624999981687e-04
2.380063375000025794e-04
2.468425974999979844e-04
2.577683937500033218e-04
2.299629149999996014e-04
2.660062262499970909e-04
2.740735237500013799e-04
2.222810300000002681e-04
2.614739924999970322e-04
2.209793749999994228e-04
2.563312362500042019e-04
2.589156375000026267e-04
2.288758249999953143e-04
2.710454187499974910e-04
2.475377650000068486e-04
2.583333337499993387e-04
2.710007687500015638e-04
2.151566462499920895e-04
2.282808087500018401e-04
2.859450187500042762e-04
2.536888550000032660e-04
2.695112112499967183e-04
3.012846037500002683e-04
2.377486724999960943e-04
2.656874774999984368e-04
2.125235662499974643e-04
2.604163562500080853e-04
2.304875487499982722e-04
2.442371125000036836e-04
2.792758099999931298e-04
1.987563262500005590e-04
2.760567049999995692e-04
2.193326137499979067e-04
2.204950500000052438e-04
2.763168512499997176e-04
2.071671749999948187e-04
2.289062112500045432e-04
2.413823362499983860e-04
2.437565112499984199e-04
2.641390087500042338e-04
1.972574662499962383e-04
2.807594762499962537e-04
1.857720012500077567e-04
2.110278062499998386e-04
2.642543550000001074e-04
2.538522599999995522e-04
