-4.471306493749999835e-06
-4.471306493749999835e-06
1.781174037499999883e-06
1.287967579375000053e-05
-5.970475518750000424e-06
8.277986556250000212e-06
1.055526616250000042e-05
9.139814899999999559e-06
9.774675124999997525e-06
2.076837450000000964e-05
5.527701312499992670e-06
3.538814056250000144e-05
1.443496675000000397e-05
1.398180537499998076e-05
2.838328487499998908e-05
3.538364468750002253e-05
3.961201443749998250e-05
3.575169293750001323e-05
4.834099200000000840e-05
4.405107406249997738e-05
4.994883912500002517e-05
6.132640024999997481e-05
7.219638337500005167e-05
6.151817612499999033e-05
7.049613649999996682e-05
7.307433524999997366e-05
7.747231106250006445e-05
8.085389074999999818e-05
7.178399562500004712e-05
1.278684203749999495e-04
8.310140400000004188e-05
1.176359329375000883e-04
1.123434166874998173e-04
9.211300662500003164e-05
1.482957223749999890e-04
1.341095834999999313e-04
1.417525549375002296e-04
1.448119759999996845e-04
1.707120975000002081e-04
1.818425361249996312e-04
1.597005692500000351e-04
1.949229796250001936e-04
2.066968050624998741e-04
1.840995063750001590e-04
2.122041971250000422e-04
2.425430683125001999e-04
2.490150749999997006e-04
2.065754146249997730e-04
2.194304396875004434e-04
2.079057520625003652e-04
1.969024409374997217e-04
1.952998648750000829e-04
2.099630403125003764e-04
2.081097759374988740e-04
2.038338104374997142e-04
1.853020976875013534e-04
1.866837509374988033e-04
1.686769796250004588e-04
1.790446553125001755e-04
1.844698800000004260e-04
1.373964387499995721e-04
1.702110306249999053e-04
1.852309368750000920e-04
1.832192293749999867e-04
1.665153543750005904e-04
1.566391331249998228e-04
1.529899662499993596e-04
1.568724575000002980e-04
1.669703762499996982e-04
1.618273112499995364e-04
1.434833437500004916e-04
1.676077168750005064e-04
1.572356993749992465e-04
1.520430250000013445e-04
1.658291781250001429e-04
1.411445156249985927e-04
1.667238737500000012e-04
1.678318949999996895e-04
1.711948706250004254e-04
1.484313762500008571e-04
1.816067306249988245e-04
1.727233400000000030e-04
1.553376312500003714e-04
1.880562581249994869e-04
1.294759581250016361e-04
1.641638131249997801e-04
1.603534137499980361e-04
1.614639150000016926e-04
1.757686531250000211e-04
1.666065137499988386e-04
1.722320412499995373e-04
1.351490800000007542e-04
1.780236081250011204e-04
1.757531499999992475e-04
1.553407312500001275e-04
1.742053012499990977e-04
1.798717568750017592e-04
1.539548912500004335e-04
1.501217006249985775e-04
1.721756093750002187e-04
1.445512106249997875e-04
1.784780100000001035e-04
1.597828918749998744e-04
1.622141187500002191e-04
1.752499131249998093e-04
1.763467725000005676e-04
1.370938131249992142e-04
1.772602256249998509e-04
1.718936043750007858e-04
1.626396843750002597e-04
1.672427693749992117e-04
1.593726749999999776e-04
1.877812293749996087e-04
1.240143000000009516e-04
1.682281593750004772e-04
1.627240224999979001e-04
1.578935050000011137e-04
1.732577393749983041e-04
1.738619025000026630e-04
1.406251549999973371e-04
1.985092031250024203e-04
1.689527831249988676e-04
1.162581543749999224e-04
1.950876243749996575e-04
1.464049400000007328e-04
1.663200131249986669e-04
1.711889793750004385e-04
1.299424518750001700e-04
1.533910362500022495e-04
1.576566143750013360e-04
1.586945599999951828e-04
1.760627512500008429e-04
1.356318525000017872e-04
1.622996968749998437e-04
1.604788349999983210e-04
1.677429062500040979e-04
1.274378937499986986e-04
1.797630781249989762e-04
1.299999693749991081e-04
1.850766793749999972e-04
1.420399862500018595e-04
1.458082174999979219e-04
1.699397231250017459e-04
1.398444093749992567e-04
1.655608162500002423e-04
1.380123837500003836e-04
1.752790593749983805e-04
1.253296000000014843e-04
1.380723824999999239e-04
1.500692993749962179e-04
1.433138918750034851e-04
1.418387531249981626e-04
1.466083437500001474e-04
1.416215518750020552e-04
1.580448174999977973e-04
1.298054018749987548e-04
1.422627687500017946e-04
1.240420512500020611e-04
1.326549093749983255e-04
1.248136499999996651e-04
1.541300787500018976e-04
1.591348543749995792e-04
1.080068331250003122e-04
1.420480481249992988e-04
1.483444025000002497e-04
1.437208537500012095e-04
1.419144093749956370e-04
1.328629631250043130e-04
1.345058481249973570e-04
1.443723025000009930e-04
1.241603412499986403e-04
1.516259862500007882e-04
1.351030350000004265e-04
1.357185156250009794e-04
1.280640724999997093e-04
1.508371775000016957e-04
1.454310231249998642e-04
1.584055787499961954e-04
1.142472218750023583e-04
1.524189793749991528e-04
1.492039062500026547e-04
1.190349499999993066e-04
1.452111856249972688e-04
1.713638562499987528e-04
1.121911743750050872e-04
1.347887837499957275e-04
1.216669456250013548e-04
1.580310187499975316e-04
1.144845775000007115e-04
1.714878825000015761e-04
9.435385312499960930e-05
1.569068749999978640e-04
1.588823050000034987e-04
1.272672024999962903e-04
1.400569593750025654e-04
1.456451231249995815e-04
1.449149174999990464e-04
1.271622456250030841e-04
1.665488412499992188e-04
1.404155506249983587e-04
