-3.265272158000000072e-04
-3.265272158000000072e-04
-9.087706945000000860e-05
-4.389959264999995173e-05
-6.001930295000001579e-05
3.541404530000002169e-05
6.000351794999993476e-05
-3.374555189999999460e-05
2.852313900000006579e-05
1.888210504999999475e-04
2.049987150000000887e-05
1.570097059999999984e-04
-1.038713685000000001e-04
-1.226353219999999947e-04
-5.147021800000001679e-05
-1.063080749999999707e-05
-4.112517599999998465e-05
-1.061137665000000461e-04
1.520670155000000256e-04
2.533436550000001510e-05
1.075754450000001184e-05
3.622140249999998172e-05
9.243636600000002218e-05
9.776205849999997305e-05
7.640347350000001227e-05
6.205734050000000039e-05
5.888970699999999199e-05
-2.111469599999998511e-05
-1.061274380000000071e-04
1.203571579999999919e-04
-2.285735799999999407e-05
5.162669200000000983e-05
4.399038749999998710e-05
-1.472149020000000045e-04
1.919538740000000009e-04
-1.463936950000000749e-05
-6.090493450000000471e-05
1.161886305000000349e-04
1.409157729999999760e-04
2.457405500000002302e-05
-9.772573499999999413e-06
2.832261364999999714e-04
7.954818700000004360e-05
1.961323349999996492e-05
-1.163893699999995514e-05
1.916425749999995515e-05
7.028297599999996492e-05
1.157756300000005543e-05
1.572316780000000821e-04
-8.490132750000006605e-05
7.814252850000006842e-05
1.980760499999999549e-04
7.621639849999996968e-05
7.259854850000008360e-05
1.164232745000000346e-04
9.204960749999982136e-05
1.051170285000001606e-04
-3.787344000000009321e-05
4.428889949999984151e-05
2.151613000000000570e-04
3.394261800000004589e-05
1.141926539999999282e-04
2.567572725000002477e-04
7.056016900000008571e-05
1.321938449999997267e-04
6.524563899999984845e-05
4.267531499999987349e-05
2.167438780000001050e-04
1.441946385000001003e-04
1.370271540000003209e-04
7.546789349999975111e-05
1.759367135000002025e-04
1.220171764999998174e-04
9.157954849999981259e-05
2.158403505000002463e-04
6.412506600000011589e-05
1.385929924999991687e-04
1.402549470000012330e-04
1.569997489999997234e-04
2.030530149999942163e-05
2.443924669999998286e-04
1.459824850000004601e-04
1.557594859999998985e-04
1.471483330000005613e-04
1.618566234999991790e-04
1.319551000000000404e-04
2.089978149999996079e-04
1.548131650000008144e-04
1.791100969999997322e-04
1.526401385000004246e-04
1.532106599999999430e-04
-6.198753399999992753e-05
2.413810224999998408e-04
2.349304104999998255e-04
1.123516800000026045e-05
3.057048304999998925e-04
1.141274634999999912e-04
1.484257215000001420e-04
1.813138004999994071e-04
1.695536185000005858e-04
2.979819800000022695e-05
3.181657624999984987e-04
1.844853920000000258e-04
1.596486754999997676e-04
2.072003945000015085e-04
1.284932460000002413e-04
6.300110849999894513e-05
2.715018780000012094e-04
2.542994174999993473e-04
1.687708164999999344e-04
1.703633150000015417e-04
1.834927499999982475e-04
2.721009250000010204e-04
1.410409959999980173e-04
2.363664405000010654e-04
1.524898725000015109e-04
1.684582699999978561e-04
2.170177730000007188e-04
2.567586814999998218e-04
3.338094600000007794e-05
3.093099040000005240e-04
2.744014360000004982e-04
6.504116300000070683e-05
3.460626454999983503e-04
9.517337550000136426e-05
3.341300654999997122e-04
1.677759459999990377e-04
1.982182234999997628e-04
1.155124639999997871e-04
1.833214135000000439e-04
2.720077265000002409e-04
2.716319260000002456e-04
1.984227785000007571e-04
2.741740890000003705e-04
2.818823344999978053e-04
2.438335130000007095e-04
2.222541605000002973e-04
3.492336269999996717e-04
1.600933730000007188e-04
3.598478004999978302e-04
1.549338744999996520e-04
2.527324115000027793e-04
3.614465009999998091e-04
1.302749474999982671e-04
2.993254064999999187e-04
1.867764105000016550e-04
3.985837239999998061e-04
2.256892859999991285e-04
1.262714219999981624e-04
3.416779799999998535e-04
1.436127870000046547e-04
2.299091159999981648e-04
2.565958694999981304e-04
2.184577590000000291e-04
3.747781440000021169e-04
2.171604379999983458e-04
2.897444090000020345e-04
1.582144139999977495e-04
1.555280074999991491e-04
2.491766160000012664e-04
2.424593420000016597e-04
3.598791979999987900e-04
1.612808525000009041e-04
2.482097110000011653e-04
3.724233834999993165e-04
1.780938704999991684e-04
3.029227140000020913e-04
3.148726569999968361e-04
1.523894000000011739e-04
3.960380040000030522e-04
1.650090859999960025e-04
3.830189585000004504e-04
2.513984294999979663e-04
2.585448305000015434e-04
1.425813929999998619e-04
3.097702109999996012e-04
3.798314805000015115e-04
2.551053239999989675e-04
2.067678589999996652e-04
4.171687170000035194e-04
2.317852224999958355e-04
2.752924460000041873e-04
2.847965884999990871e-04
4.124135399999999396e-04
1.610442940000005041e-04
3.428992279999980297e-04
2.044708949999994585e-04
4.281909374999996742e-04
1.479495875000014227e-04
4.070369959999972642e-04
1.453078255000024577e-04
4.120960375000003173e-04
2.892500395000018043e-04
1.915560465000007428e-04
2.815595189999964276e-04
3.237433759999998328e-04
3.108322285000006402e-04
1.508691830000019607e-04
4.523128555000005546e-04
2.312593754999967000e-04
