9.708165924999997908e-06
9.708165924999997908e-06
-9.017338874999998022e-06
-2.961564222500000424e-05
5.979870512500000043e-05
6.103214762499999400e-05
1.123821750000000147e-04
-1.436913978250000106e-04
2.177345374999999929e-05
2.043185995000000078e-04
-1.464671085000000057e-04
2.621465245000000120e-04
-1.408443699999997094e-05
-1.060983775000008764e-05
8.910738100000004883e-05
1.794742524999999090e-04
4.752071299999997573e-05
-1.381238534999999290e-04
3.976937305000001867e-04
1.338964122499998639e-04
9.739730650000001135e-05
1.672812170000000272e-04
1.755171910000001383e-04
2.332725602499996845e-04
2.431227357500003339e-04
1.368426599999998314e-04
1.892822592500001920e-04
1.946836087499998098e-04
9.728382249999962400e-05
4.071885697500003849e-04
2.316961842499997912e-04
3.873623314999997957e-04
3.431717272500004259e-04
-2.082155092500001178e-04
7.087333189999996119e-04
2.771921665000003088e-04
7.721201074999996250e-05
4.939636352500002131e-04
5.246911742499988512e-04
4.616237535000015241e-04
-1.116045297500012010e-04
8.479206974999998689e-04
3.791158157500007161e-04
3.945806675000008631e-04
2.585429382499990214e-04
2.758049307500006625e-04
6.306797892499989983e-04
2.151634662500012674e-04
8.176501962499985177e-04
1.352948102500001193e-04
4.194082707500018659e-04
7.384066324999973008e-04
5.540612445000033665e-04
3.990294932499985348e-04
5.580734982499994945e-04
4.453328865000015513e-04
6.254582772499978766e-04
3.090719102499996790e-04
3.707316325000011709e-04
8.273316952500005261e-04
3.412685430000013398e-04
5.921491289999983310e-04
8.868507217500015694e-04
5.111940017499989886e-04
6.124082202499971095e-04
4.586371987500004188e-04
4.159392509999991494e-04
1.003359876000000511e-03
5.213833900000013066e-04
8.209114702499992200e-04
3.722614970000023837e-04
6.844322074999985295e-04
6.100752842500035966e-04
5.935760529999951907e-04
9.266408690000067783e-04
3.682418009999972874e-04
7.105130974999970817e-04
7.385275592499997155e-04
9.219756157499980898e-04
2.784380124999999429e-04
1.050734856500000480e-03
6.023409970000032088e-04
8.535328920000022357e-04
5.977489217499944163e-04
7.311690729999986704e-04
7.097416532500025466e-04
8.045244827500006024e-04
7.172923802499994728e-04
7.493035902499944889e-04
6.706020237500012748e-04
9.052041467500077099e-04
2.960218529999905646e-04
1.028527312500006341e-03
1.178818152250002416e-03
2.639517289999976368e-04
1.157627003250005782e-03
7.051830629999922273e-04
8.427308110000031327e-04
9.455896237499997192e-04
7.488000457500018636e-04
5.354417822499915602e-04
1.364216524000004538e-03
8.451673109999974232e-04
9.567222302500136277e-04
9.461427792499949030e-04
7.280150834999971066e-04
5.928219689999986164e-04
1.145575360750002158e-03
9.946414397500047411e-04
7.913175307499922817e-04
6.658065450000014152e-04
1.027783149750008396e-03
9.776609882499939785e-04
7.401647069999878203e-04
9.499801550000089301e-04
8.026628482500006156e-04
8.946277972500041309e-04
7.753522352499930825e-04
1.069842360000003434e-03
4.246818759999909654e-04
1.174174600500010879e-03
1.152905319499991643e-03
4.271450367500095879e-04
1.309323061500000662e-03
4.050286544999975868e-04
1.167933594999989722e-03
7.685865947500009066e-04
7.898019305000031354e-04
6.218999590000134914e-04
6.893616365000049262e-04
9.805563819999807418e-04
7.739929050000066146e-04
6.814028627499940649e-04
8.019546562500062814e-04
9.822084122500102099e-04
6.163851277499882153e-04
6.579631154999959763e-04
1.128534131750000280e-03
5.008917494999931552e-04
1.062408220250013469e-03
5.604337197499947854e-04
8.274904512500097509e-04
1.075278438749993626e-03
4.988812859999941507e-04
8.314034790000007780e-04
5.334716207500006524e-04
1.125084339999998795e-03
8.200575477499971733e-04
4.516824212500020197e-04
9.795486647500017963e-04
7.113645360000003803e-04
6.628671197500130008e-04
8.211055682499912578e-04
7.969439929999960759e-04
1.207996604499994575e-03
7.856346402500130610e-04
7.955952002499933062e-04
5.991156972500050193e-04
5.779617494999916838e-04
9.133179542500091674e-04
7.195887269999950986e-04
1.124389792749994066e-03
4.874888359999995924e-04
8.387259992500006867e-04
1.023813068000020698e-03
6.395123254999829365e-04
9.120690140000248247e-04
9.758979474999707193e-04
5.907265454999921506e-04
1.080874509750001655e-03
5.790531802500192837e-04
1.163289434000000511e-03
6.809396227499819876e-04
8.809693900000137301e-04
4.903327627499981523e-04
8.066211480000085032e-04
1.047757605999996566e-03
9.869710270000026098e-04
6.011875552499879038e-04
1.152683926000000469e-03
7.915916305000075814e-04
9.568350944999942653e-04
7.158282472499999383e-04
1.120652876250002872e-03
7.238434545000088649e-04
1.128583743250005655e-03
5.700352249999873777e-04
1.234675914500008020e-03
4.205437359999786295e-04
1.170198317750018036e-03
5.568419149999809248e-04
1.147301809250017568e-03
9.769868952499982662e-04
7.084400014999991946e-04
8.087202967499984574e-04
1.110273103750003543e-03
9.040674407500004506e-04
6.028414492500189237e-04
1.388995757249961160e-03
7.523075105000109897e-04
