-3.078025012499999842e-06
-3.078025012499999842e-06
5.952646724999999538e-06
-1.386273997500000182e-05
1.621769112500000048e-05
-2.576648325000000311e-06
1.137725108750000061e-05
1.141848987499999729e-05
1.687131012499999908e-05
-5.814977375000000002e-06
2.018715587500000228e-05
1.368941300000000032e-05
2.181252175000000283e-05
2.885877112499999567e-05
5.648472000000000627e-05
-9.403370999999985901e-06
4.030454674999999626e-05
2.929596425000000602e-05
3.394261300000001166e-05
3.605478237499995433e-05
2.071488825000004745e-05
3.197059324999999494e-05
5.357909162499995557e-05
9.284553749999994911e-05
1.570608225000009323e-05
6.065076649999995642e-05
6.590080362500001700e-05
5.312949600000003644e-05
2.690938637499990221e-05
6.819994287500009706e-05
1.021698417499999336e-04
3.209027887499994215e-05
6.369127350000004274e-05
4.409479337500019254e-05
9.952187824999983619e-05
6.138376249999991270e-05
7.842591900000003662e-05
7.277837725000024099e-05
6.854411612499983382e-05
7.761602674999997127e-05
8.054459987500003568e-05
6.314214674999992817e-05
6.799095837500021382e-05
8.754743999999986190e-05
8.690343312499977831e-05
6.804366975000030425e-05
9.277174174999991939e-05
9.610464112499994549e-05
6.945260950000017863e-05
6.593119012499992077e-05
8.232623899999966591e-05
1.043043360000003340e-04
7.234924587499981172e-05
5.068617612500030817e-05
1.089385821249999435e-04
8.472863024999981868e-05
6.181537425000013450e-05
8.424151662499981472e-05
7.019056650000004421e-05
6.630699012499970124e-05
7.500434087500014446e-05
7.675931450000028980e-05
8.081745787500002262e-05
7.254241712499999786e-05
9.713530037499997632e-05
7.587903699999990273e-05
-3.752077437499997531e-05
7.865164712500018196e-05
1.905975591250000205e-04
8.082458949999976952e-05
8.490660775000010915e-05
1.413156812499986176e-05
1.210035586250001599e-04
7.520712474999927122e-05
4.392022637500058585e-05
1.397920072499997737e-04
4.096777837500013147e-05
1.029112093749997778e-04
7.669978175000018855e-05
4.584263537500080782e-05
8.101310974999945819e-05
7.770470512499967619e-05
6.826846750000031827e-05
8.310729537500029934e-05
8.781657662499959410e-05
4.449198812500002737e-05
8.547898987499961965e-05
5.647324724999958079e-05
8.905715212500012190e-05
9.015850600000135245e-05
5.456913249999879173e-05
9.723390024999993553e-05
8.118395637500032402e-05
8.039297712500014653e-05
6.306028975000023407e-05
9.500297637500022818e-05
9.547923837500017080e-05
4.558900162499913977e-05
8.043204587500091957e-05
8.722094012499938265e-05
9.744877737499942072e-05
4.810084537500061014e-05
9.386348474999927499e-05
5.247215587500086292e-05
6.505463362499984414e-05
1.272569705000007462e-04
8.808354412499948272e-05
6.452721175000033366e-05
8.285397099999907561e-05
6.839931450000006491e-05
1.192278127500005086e-04
9.243500974999950548e-05
1.257581115000003247e-04
3.339441574999948981e-05
1.146230227500001295e-04
8.603276712500045054e-05
7.431909574999971679e-05
5.302376324999979323e-05
1.086970398750004840e-04
9.498623325000093987e-05
1.109416085000002050e-04
1.259779479999990209e-04
6.923184225000010572e-05
9.948808162499843399e-05
9.231191337500180283e-05
7.638847587499927871e-05
7.841320650000052628e-05
7.012235187500021061e-05
1.106827038749990527e-04
1.034752193749995108e-04
9.414533375000193327e-05
9.338505312499884026e-05
1.205939613750008771e-04
5.788032712499870114e-05
1.430039811250016085e-04
8.393579124999807350e-05
9.055911112500029947e-05
9.254787524999932846e-05
8.876041762500078147e-05
1.276817607500004698e-04
8.896258100000130342e-05
1.183723396249985321e-04
8.101745112499940393e-05
1.259612043750003851e-04
6.486115274999953995e-05
1.082902331250006761e-04
1.048444711250016287e-04
9.595022849999933212e-05
1.017335788749979680e-04
9.716754750000236585e-05
1.089376521249980218e-04
8.156130612500117616e-05
1.120172274999987200e-04
8.947852999999922341e-05
1.347804115000017511e-04
9.865214287500118084e-05
9.853369899999811499e-05
5.470556050000095760e-05
1.699211192500004602e-04
5.101453612499882995e-05
1.315495236250008998e-04
7.258489687500015164e-05
1.193943163749992126e-04
9.929522012500080486e-05
8.757906699999838673e-05
1.049291183750009071e-04
9.032935149999934965e-05
9.902515375000142672e-05
8.311039500000054481e-05
9.476360624999929927e-05
1.539738050000006436e-04
5.783443874999953660e-05
1.139176212499991986e-04
9.346938999999984676e-05
1.208389149999992279e-04
1.277856325000003429e-04
1.198513537500004583e-04
9.458469750000045306e-05
9.844191874999914937e-05
1.054937487500011428e-04
1.100759049999996964e-04
1.093053899999998219e-04
1.125958099999994216e-04
1.094954599999992811e-04
8.237647125000115145e-05
1.015807162500007021e-04
9.840005874999988023e-05
9.815727749999843266e-05
1.035031262500013538e-04
1.053644512499993247e-04
7.267171500000176032e-05
9.883012124999902837e-05
9.520730999999955924e-05
1.251516212499997893e-04
4.225579250000111031e-05
1.367871587499985830e-04
1.663848162500002059e-04
3.183757500000057583e-05
1.101050512499982675e-04
1.077866862499998746e-04
