6.108299874999999259e-07
6.108299874999999259e-07
-8.867887499999991335e-08
-1.823808099999999961e-06
1.167057348749999993e-05
9.112529149999997954e-06
7.319107512500003633e-06
-9.720569125000018071e-07
-2.178833624999997992e-06
2.171051012499999164e-05
-1.601335774999999419e-05
2.976199337500000003e-05
2.249156624999999927e-05
-1.441589775000000763e-05
1.112795800000001114e-05
3.090675687500000319e-05
9.759326874999994144e-06
-2.185500075000001052e-05
4.901430037500000795e-05
2.629793599999999615e-05
9.943816124999987644e-06
3.116473187500003184e-05
3.810338837499996356e-05
3.888909562500001077e-05
3.061715525000001164e-05
3.918892937499997764e-05
3.284249900000006097e-05
4.063352674999994377e-05
1.741113512500000200e-05
8.763549887500003644e-05
3.727582224999999218e-05
6.023837874999989767e-05
6.535167687500011927e-05
1.715626074999998443e-05
1.028950861250000183e-04
5.707632587499992475e-05
8.410942850000009425e-05
5.006356349999984724e-05
8.829345875000014880e-05
9.624696137499992588e-05
8.418105374999990641e-05
1.165485315000002169e-04
5.820465599999983218e-05
9.246942749999999787e-05
8.574812725000010780e-05
8.785564562499982404e-05
9.141024212500005637e-05
8.540054325000012193e-05
1.022451877499999488e-04
5.227216349999990602e-05
1.076217320000001296e-04
1.134057026249998650e-04
9.921026200000000392e-05
1.052419755000000637e-04
9.383278762500023296e-05
1.005655602499995471e-04
1.060813241250003341e-04
6.419203000000012205e-05
1.184126483749995545e-04
1.366581707500000818e-04
8.501792187500011380e-05
1.185357443749999150e-04
1.472506450000002701e-04
9.853741862499978618e-05
6.270185300000013714e-05
1.053055391250002672e-04
8.408059224999974227e-05
1.763072382500001367e-04
7.503875824999960836e-05
1.144958947500007013e-04
9.793961149999995397e-05
1.326576996249998613e-04
8.638841349999960839e-05
1.189738676250001390e-04
1.098042862500000702e-04
9.291251174999969747e-05
1.141027309999997214e-04
9.827696349999984204e-05
1.073073248750010950e-04
7.779648574999901978e-05
1.363831412500007487e-04
9.523552712499983725e-05
1.140955985000002490e-04
8.646158912500000182e-05
1.058227291249992999e-04
1.370128871250007874e-04
1.380357932500003021e-04
6.546392074999966143e-05
1.427342244999995832e-04
1.002998340000000113e-04
1.008117518750007574e-04
6.046782837499948410e-05
1.317864137499995952e-04
1.368178543750004500e-04
7.695031512499998783e-05
1.457722507499994991e-04
1.129564165000002812e-04
1.079280772499999902e-04
8.171447949999969401e-05
1.338743976250006060e-04
8.104318637499989542e-05
1.516362187499991493e-04
1.128252592500003648e-04
2.093686428750012041e-04
5.317011512499802972e-05
1.322462416250020506e-04
7.924387362500014131e-05
1.113887234999982184e-04
1.821876395000001508e-04
1.034392518750003320e-04
1.362343102500017389e-04
1.291598451249979795e-04
1.522854965000011024e-04
1.896251917499983813e-04
1.221787103750007070e-04
1.074546057500003898e-04
1.378063452499994623e-04
1.459362755000005729e-04
1.770870538750010659e-04
5.772033262499941253e-05
1.734692044999992799e-04
1.659463837500006755e-04
1.088970331249994317e-04
1.795740936250001668e-04
8.490474737499892344e-05
1.700870050000014705e-04
1.849062974999989006e-04
1.220528231249996820e-04
1.136518946250001522e-04
1.577696343750007585e-04
1.414241951250005958e-04
1.715933050000003485e-04
1.378782796249977682e-04
1.575473160000014083e-04
1.366249936250001074e-04
1.474931170000002428e-04
1.794708415000009077e-04
1.885852312499981115e-04
1.161993975000007867e-04
1.887371625000008879e-04
1.254337824999982726e-04
1.390487787499995048e-04
1.696498125000021895e-04
1.548739274999984955e-04
1.487197375000005872e-04
1.135443012499990495e-04
1.912310250000003736e-04
1.516402487499995261e-04
1.297244750000023372e-04
1.873062087499998557e-04
1.292429424999980841e-04
1.443164912500009833e-04
1.682176162499989663e-04
1.735839287500002409e-04
2.176458550000003045e-04
1.478974424999994486e-04
1.650397500000001100e-04
1.398586724999997810e-04
1.788299350000029098e-04
1.698414324999980574e-04
1.751435600000003645e-04
2.228177562500002762e-04
1.643585349999990286e-04
1.942281212500007737e-04
2.151119962499996319e-04
1.693419162499994191e-04
2.096306500000005846e-04
2.025109137499987721e-04
1.664558212500014123e-04
2.575594087500000795e-04
1.687620925000000993e-04
2.229659674999988350e-04
1.490995687499982458e-04
2.336486700000028893e-04
1.538159824999996150e-04
2.125567425000016164e-04
2.207979849999999744e-04
1.845308087499962502e-04
1.758387287500023932e-04
2.102272162500008756e-04
1.805725050000005216e-04
2.301743825000000798e-04
1.935512462499996977e-04
2.285220399999982055e-04
1.401219174999995820e-04
2.258681850000020253e-04
1.847342124999956647e-04
2.479566637500034421e-04
1.709592212499992658e-04
2.127393699999993726e-04
2.048516025000002294e-04
2.357896762500005794e-04
2.431428899999990567e-04
1.941800625000003611e-04
2.357760337500028336e-04
2.382531499999958335e-04
2.317188200000007414e-04
2.073358500000004045e-04
2.913885375000029032e-04
2.532284075000001966e-04
