-3.273026137000000163e-04
-3.273026137000000163e-04
-9.165246729999997457e-05
-4.467499055000001508e-05
-6.079470084999997071e-05
3.463864745000000151e-05
5.922812004999997984e-05
-3.452095010000004590e-05
2.774774150000007674e-05
1.880456524999999605e-04
1.972447349999999471e-05
2.020544335000000165e-04
-9.564466300000001495e-05
-1.342418860000000149e-04
-6.307678299999997873e-05
-2.223737200000001522e-05
-5.273174049999994860e-05
-1.177203310000000643e-04
1.404604505000000636e-04
1.372780149999994074e-05
-8.490204999999501068e-07
2.461483799999996357e-05
8.082980100000003313e-05
8.615549449999998000e-05
6.479690849999999612e-05
5.045077600000000257e-05
4.728314250000000094e-05
-6.958702499999998449e-06
-1.384773310000000012e-04
8.800726400000000171e-05
-5.520725199999999778e-05
1.927679899999998857e-05
1.164049350000001049e-05
-1.795647949999999715e-04
1.596039799999999565e-04
-4.698926249999998809e-05
-9.325482850000002197e-05
8.383873750000001360e-05
1.085658789999999994e-04
-7.775838500000009797e-06
-4.212246699999999157e-05
2.508762425000000355e-04
4.968598099999997934e-05
-5.234332749999998915e-05
-8.359549749999999253e-05
-5.279230300000000093e-05
-1.673585000000000173e-06
-6.037899749999999551e-05
8.527511749999999052e-05
-1.568578879999999950e-04
6.185968000000003925e-06
1.261194890000000009e-04
4.259837999999999211e-06
6.419880000000004677e-07
4.446671349999999925e-05
2.009304700000000081e-05
3.316046750000000321e-05
-1.114269715000000077e-04
-6.497779749999999627e-05
1.058946029999999888e-04
-7.532407899999999518e-05
4.925956999999995568e-06
1.474905755000000169e-04
-3.870652800000000957e-05
2.292714849999999535e-05
-4.402105849999999411e-05
-6.659138149999999339e-05
1.074771805000000117e-04
3.492794149999997795e-05
2.776045700000003588e-05
-3.379880350000001891e-05
6.667001699999999679e-05
1.308937450000000405e-05
-3.235703450000002685e-05
8.897055900000005362e-05
-6.274472650000001862e-05
1.172320050000000800e-05
1.338515499999995808e-05
3.012995700000002056e-05
-1.065644904999999830e-04
1.175226744999999923e-04
1.911269349999999631e-05
2.888969350000003501e-05
2.027854149999993487e-05
3.498683100000002030e-05
5.085308500000010334e-06
8.212802249999996132e-05
2.794337300000002740e-05
4.192169049999999947e-05
1.312250949999998421e-05
1.369303100000004471e-05
-2.015051629999999885e-04
1.018633939999999947e-04
9.541278099999992920e-05
-1.282824609999999631e-04
1.661872014999999942e-04
-2.539016500000001748e-05
8.908092500000026892e-06
4.179617150000005093e-05
3.003598899999993053e-05
-1.097194304999999986e-04
1.786481335000000099e-04
4.616438050000001153e-05
2.606280000000014627e-06
2.277441450000000644e-05
-5.593273450000006610e-05
-1.214248714999999548e-04
8.707589799999992421e-05
6.987343700000012408e-05
-1.565516350000004976e-05
-1.406266500000006876e-05
-9.332304999998914871e-07
8.767494499999995208e-05
-4.338498400000001531e-05
5.194046049999999706e-05
-3.193610799999998910e-05
-1.596770999999995964e-05
3.098248099999995758e-05
6.597997399999998378e-05
-1.611376100000000552e-04
1.147913475000001760e-04
7.988287899999982691e-05
-1.294773929999998600e-04
1.515440889999999539e-04
-9.934518099999995952e-05
1.396115094999999043e-04
-2.674261049999990085e-05
3.699666999999956865e-06
-7.900609200000002080e-05
-1.119714299999997886e-05
7.748917000000000131e-05
7.711336950000000599e-05
-1.290994700000008648e-05
5.330650350000008288e-05
3.562544000000004291e-05
-3.942479500000086942e-06
-2.552183199999984858e-05
1.014576294999999795e-04
-8.768261950000007764e-05
1.120718075000000716e-04
-9.284211800000006024e-05
4.956414000000051306e-06
1.136705084999998800e-04
-1.175010449999999273e-04
5.154940900000000957e-05
-6.099958200000000878e-05
1.508077309999998790e-04
-7.537614999998144827e-07
-9.999968050000023791e-05
1.222226530000001653e-04
-7.213156199999994078e-05
1.416476149999987971e-05
4.085152050000004018e-05
2.713404499999792427e-06
1.590337900000001435e-04
1.416088500000040745e-06
7.400005500000006106e-05
-5.752993550000012196e-05
-6.021634649999978856e-05
3.343226149999994554e-05
2.671499299999988315e-05
1.422530184999998802e-04
-7.377367149999976975e-05
1.315518649999984288e-05
1.327238395000000706e-04
-7.017952399999993242e-05
5.464931949999995466e-05
6.659926249999990368e-05
-9.588399450000009532e-05
1.477646140000002471e-04
-8.326430850000006260e-05
1.347455640000000485e-04
3.125034999999949659e-06
1.027143600000005735e-05
-1.056920014999998894e-04
6.149681649999963300e-05
1.315580860000002423e-04
1.153402449999979540e-05
-3.609335049999974621e-05
1.721052190000002969e-04
-5.089306650000059024e-05
-7.385848000000024699e-06
2.118294500000079267e-06
1.297352510000000445e-04
-1.216339999999998048e-04
6.022093899999986927e-05
-7.820739899999998301e-05
1.455126485000002128e-04
-1.347287065000001872e-04
1.243587069999999711e-04
-1.373704685000000196e-04
1.294177435000000084e-04
2.270543549999981189e-05
-6.295215249999984095e-05
2.705132000000018064e-05
7.104373499999989960e-05
5.870614100000025315e-05
-1.012568995000001811e-04
2.001867679999997339e-04
-2.086671199999978396e-05
