1.183502081403275952e-05
4.352233372628688812e-05
7.482787623303011060e-05
9.544371278025209904e-05
1.149142481153830886e-04
1.309487561229616404e-04
1.385842915624380112e-04
1.420202315784990788e-04
1.485104439780116081e-04
1.481286599300801754e-04
1.500375801697373390e-04
1.500374637544155121e-04
1.530917361378669739e-04
1.546188723295927048e-04
1.557640498504042625e-04
1.557641662657260895e-04
1.565276179462671280e-04
1.557643990963697433e-04
1.542370300740003586e-04
1.553823240101337433e-04
1.557641662657260895e-04
1.576729118824005127e-04
1.576729118824005127e-04
1.580549869686365128e-04
1.546186394989490509e-04
1.557641662657260895e-04
1.561460085213184357e-04
1.572913024574518204e-04
1.614906359463930130e-04
1.618727110326290131e-04
1.630177721381187439e-04
1.637814566493034363e-04
1.645446754992008209e-04
1.683626323938369751e-04
1.721805892884731293e-04
1.672175712883472443e-04
1.710350625216960907e-04
1.748530194163322449e-04
1.790523529052734375e-04
1.821066252887248993e-04
1.878333278000354767e-04
1.840153709053993225e-04
1.866882666945457458e-04
1.908871345221996307e-04
1.935600303113460541e-04
1.985230483114719391e-04
2.004317939281463623e-04
2.031037583947181702e-04
2.046315930783748627e-04
2.095946110785007477e-04
2.080667763948440552e-04
2.126488834619522095e-04
2.199029549956321716e-04
2.214284613728523254e-04
2.218112349510192871e-04
2.229567617177963257e-04
2.260105684399604797e-04
2.248659729957580566e-04
2.302099019289016724e-04
2.332637086510658264e-04
2.252478152513504028e-04
2.267742529511451721e-04
2.279197797179222107e-04
2.290643751621246338e-04
2.275379374623298645e-04
2.305926755070686340e-04
2.244831994175910950e-04
2.241022884845733643e-04
2.248650416731834412e-04
2.195211127400398254e-04
2.172300592064857483e-04
2.191374078392982483e-04
2.252478152513504028e-04
2.241022884845733643e-04
2.210475504398345947e-04
2.157026901841163635e-04
2.179937437176704407e-04
2.191383391618728638e-04
2.137934789061546326e-04
2.122670412063598633e-04
2.145571634173393250e-04
2.179937437176704407e-04
2.164663746953010559e-04
2.179937437176704407e-04
2.160845324397087097e-04
2.157026901841163635e-04
2.179928123950958252e-04
2.179946750402450562e-04
2.172291278839111328e-04
2.191402018070220947e-04
2.157017588615417480e-04
2.168491482734680176e-04
2.183727920055389404e-04
2.160854637622833252e-04
2.134125679731369019e-04
2.130307257175445557e-04
2.160836011171340942e-04
2.118851989507675171e-04
2.084486186504364014e-04
2.088323235511779785e-04
2.069212496280670166e-04
2.076849341392517090e-04
2.092123031616210938e-04
2.076867967844009399e-04
2.065412700176239014e-04
2.065375447273254395e-04
2.053957432508468628e-04
2.061594277620315552e-04
2.069212496280670166e-04
2.042502164840698242e-04
2.046320587396621704e-04
2.065375447273254395e-04
2.053957432508468628e-04
2.038683742284774780e-04
2.015773206949234009e-04
1.977588981389999390e-04
1.969970762729644775e-04
1.969952136278152466e-04
1.981407403945922852e-04
1.992862671613693237e-04
2.015773206949234009e-04
2.000499516725540161e-04
1.989062875509262085e-04
1.966133713722229004e-04
1.947041600942611694e-04
1.912694424390792847e-04
1.931786537170410156e-04
1.897420734167098999e-04
1.916494220495223999e-04
1.920349895954132080e-04
1.924149692058563232e-04
1.943223178386688232e-04
1.935586333274841309e-04
1.966133713722229004e-04
1.954697072505950928e-04
1.920331269502639771e-04
1.916512846946716309e-04
1.908876001834869385e-04
1.916494220495223999e-04
1.920349895954132080e-04
1.897402107715606689e-04
1.889802515506744385e-04
1.912694424390792847e-04
1.927968114614486694e-04
1.950841397047042847e-04
2.000518143177032471e-04
1.969952136278152466e-04
1.924149692058563232e-04
1.912675797939300537e-04
1.905057579278945923e-04
1.901257783174514771e-04
1.927968114614486694e-04
1.912675797939300537e-04
1.916512846946716309e-04
1.889783889055252075e-04
1.878328621387481689e-04
1.851618289947509766e-04
1.863054931163787842e-04
1.824889332056045532e-04
1.821070909500122070e-04
1.817252486944198608e-04
1.809615641832351685e-04
1.805778592824935913e-04
1.817252486944198608e-04
1.821070909500122070e-04
1.843981444835662842e-04
1.817233860492706299e-04
1.809597015380859375e-04
1.786723732948303223e-04
1.805797219276428223e-04
1.805797219276428223e-04
1.813434064388275146e-04
1.813434064388275146e-04
1.786723732948303223e-04
1.794323325157165527e-04
1.794360578060150146e-04
1.786686480045318604e-04
1.782886683940887451e-04
1.790523529052734375e-04
1.775249838829040527e-04
1.786723732948303223e-04
1.790486276149749756e-04
1.828707754611968994e-04
1.821108162403106689e-04
1.824870705604553223e-04
1.843981444835662842e-04
1.828670501708984375e-04
1.821070909500122070e-04
1.836307346820831299e-04
1.817308366298675537e-04
1.821033656597137451e-04
1.843944191932678223e-04
1.836381852626800537e-04
1.836307346820831299e-04
1.863054931163787842e-04
1.813434064388275146e-04
1.805797219276428223e-04
1.809634268283843994e-04
1.809597015380859375e-04
1.828707754611968994e-04
