1.030792100209509954e-05
3.913192631443962455e-05
6.451994704548269510e-05
8.265426004072651267e-05
9.830704948399215937e-05
1.067060511559247971e-04
1.131962635554373264e-04
1.158686354756355286e-04
1.183502026833593845e-04
1.202591229230165482e-04
1.204499276354908943e-04
1.193046336993575096e-04
1.198773970827460289e-04
1.202590065076947212e-04
1.191138289868831635e-04
1.173957716673612595e-04
1.168231246992945671e-04
1.162504777312278748e-04
1.194955548271536827e-04
1.198772806674242020e-04
1.233131624758243561e-04
1.233133953064680099e-04
1.254130620509386063e-04
1.307576894760131836e-04
1.338121946901082993e-04
1.355300191789865494e-04
1.414476428180932999e-04
1.454562880098819733e-04
1.473650336265563965e-04
1.551914028823375702e-04
1.553823240101337433e-04
1.565278507769107819e-04
1.576731447130441666e-04
1.595816574990749359e-04
1.599639654159545898e-04
1.588179729878902435e-04
1.607276499271392822e-04
1.609176397323608398e-04
1.607276499271392822e-04
1.595816574990749359e-04
1.603453420102596283e-04
1.584370620548725128e-04
1.580542884767055511e-04
1.557646319270133972e-04
1.559546217322349548e-04
1.584370620548725128e-04
1.565273851156234741e-04
1.551914028823375702e-04
1.534735783934593201e-04
1.511829905211925507e-04
1.492737792432308197e-04
1.490833237767219543e-04
1.494642347097396851e-04
1.523285172879695892e-04
1.504193060100078583e-04
1.492737792432308197e-04
1.475559547543525696e-04
1.475564204156398773e-04
1.487014815211296082e-04
1.467922702431678772e-04
1.467922702431678772e-04
1.448830589652061462e-04
1.511834561824798584e-04
1.506097614765167236e-04
1.485105603933334351e-04
1.452658325433731079e-04
1.467922702431678772e-04
1.452649012207984924e-04
1.443112269043922424e-04
1.433556899428367615e-04
1.456486061215400696e-04
1.454548910260200500e-04
1.466013491153717041e-04
1.454567536711692810e-04
1.460295170545578003e-04
1.427829265594482422e-04
1.410664990544319153e-04
1.387754455208778381e-04
1.374380663037300110e-04
1.380126923322677612e-04
1.389654353260993958e-04
1.393482089042663574e-04
1.391572877764701843e-04
1.399200409650802612e-04
1.372480764985084534e-04
1.372480764985084534e-04
1.362934708595275879e-04
1.362934708595275879e-04
1.341942697763442993e-04
1.336205750703811646e-04
1.332387328147888184e-04
1.338133588433265686e-04
1.324759796261787415e-04
1.313304528594017029e-04
1.324759796261787415e-04
1.319022849202156067e-04
1.299949362874031067e-04
1.305667683482170105e-04
1.299949362874031067e-04
1.313304528594017029e-04
1.322850584983825684e-04
1.320932060480117798e-04
1.320941373705863953e-04
1.361034810543060303e-04
1.361025497317314148e-04
1.364853233098983765e-04
1.361025497317314148e-04
1.349570229649543762e-04
1.368653029203414917e-04
1.366762444376945496e-04
1.343851909041404724e-04
1.326659694314002991e-04
1.334305852651596069e-04
1.328578218817710876e-04
1.319022849202156067e-04
1.311395317316055298e-04
1.303777098655700684e-04
1.309476792812347412e-04
1.317132264375686646e-04
1.298021525144577026e-04
1.296140253543853760e-04
1.277029514312744141e-04
1.284666359424591064e-04
1.265592873096466064e-04
1.273211091756820679e-04
1.248419284820556641e-04
1.252200454473495483e-04
1.259874552488327026e-04
1.261755824089050293e-04
1.265592873096466064e-04
1.254118978977203369e-04
1.261774450540542603e-04
1.265574246644973755e-04
1.277048140764236450e-04
1.294203102588653564e-04
1.278966665267944336e-04
1.263674348592758179e-04
1.275110989809036255e-04
1.263674348592758179e-04
1.267492771148681641e-04
1.250300556421279907e-04
1.242700964212417603e-04
1.242682337760925293e-04
1.256018877029418945e-04
1.256056129932403564e-04
1.269392669200897217e-04
1.265574246644973755e-04
1.261774450540542603e-04
1.298021525144577026e-04
1.273248344659805298e-04
1.248382031917572021e-04
1.233145594596862793e-04
1.231208443641662598e-04
1.217871904373168945e-04
1.193042844533920288e-04
1.214034855365753174e-04
1.219771802425384521e-04
1.219771802425384521e-04
1.215953379869461060e-04
1.236964017152786255e-04
1.225508749485015869e-04
1.215953379869461060e-04
1.219771802425384521e-04
1.227390021085739136e-04
1.248400658369064331e-04
1.236945390701293945e-04
1.235045492649078369e-04
1.240782439708709717e-04
1.229308545589447021e-04
1.244582235813140869e-04
1.269411295652389526e-04
1.261755824089050293e-04
1.269411295652389526e-04
1.290384680032730103e-04
1.294221729040145874e-04
1.301858574151992798e-04
1.290403306484222412e-04
1.290384680032730103e-04
1.294221729040145874e-04
1.320950686931610107e-04
1.307558268308639526e-04
1.311395317316055298e-04
1.288503408432006836e-04
1.320950686931610107e-04
1.320932060480117798e-04
1.319032162427902222e-04
1.299940049648284912e-04
1.313313841819763184e-04
1.309495419263839722e-04
1.313295215368270874e-04
1.311395317316055298e-04
1.324750483036041260e-04
1.330487430095672607e-04
1.315213739871978760e-04
1.330487430095672607e-04
1.332405954599380493e-04
1.313295215368270874e-04
1.322850584983825684e-04
1.313313841819763184e-04
1.324750483036041260e-04
