0.000000000000000000e+00
6.108397883508587256e-06
1.832519410527311265e-05
1.221679667651187629e-05
2.443358971504494548e-05
1.221679849550127983e-05
3.054198896279558539e-05
4.886718670604750514e-05
2.443359699100255966e-05
3.665038093458861113e-05
4.275880928616970778e-05
4.275873652659356594e-05
4.886722308583557606e-05
3.665036638267338276e-05
2.443359699100255966e-05
4.275879473425447941e-05
4.275879473425447941e-05
4.275876563042402267e-05
3.054202534258365631e-05
4.886713577434420586e-05
3.665045369416475296e-05
3.665033727884292603e-05
4.886713577434420586e-05
3.054202534258365631e-05
3.665039548650383949e-05
4.275882383808493614e-05
3.665033727884292603e-05
4.886719398200511932e-05
2.443359699100255966e-05
4.275876563042402267e-05
5.497550591826438904e-05
3.054202534258365631e-05
2.443359699100255966e-05
2.443371340632438660e-05
5.497550591826438904e-05
3.665033727884292603e-05
4.886731039732694626e-05
3.665022086352109909e-05
4.275888204574584961e-05
4.886719398200511932e-05
4.275888204574584961e-05
4.275864921510219574e-05
3.054202534258365631e-05
6.108405068516731262e-05
4.886707756668329239e-05
4.886719398200511932e-05
4.275888204574584961e-05
4.886707756668329239e-05
6.719247903674840927e-05
4.275864921510219574e-05
4.275888204574584961e-05
2.443359699100255966e-05
4.275888204574584961e-05
4.886719398200511932e-05
3.665010444819927216e-05
2.443371340632438660e-05
3.054202534258365631e-05
4.275864921510219574e-05
4.886719398200511932e-05
0.000000000000000000e+00
3.665057010948657990e-05
3.054179251194000244e-05
4.275911487638950348e-05
3.054179251194000244e-05
2.443371340632438660e-05
4.275864921510219574e-05
1.221685670316219330e-05
4.275864921510219574e-05
3.665033727884292603e-05
1.221685670316219330e-05
1.221685670316219330e-05
1.832516863942146301e-05
3.054202534258365631e-05
3.665033727884292603e-05
3.665057010948657990e-05
2.443348057568073273e-05
3.054202534258365631e-05
3.054202534258365631e-05
4.275864921510219574e-05
1.221685670316219330e-05
4.275864921510219574e-05
4.275911487638950348e-05
1.832493580877780914e-05
4.886719398200511932e-05
2.443371340632438660e-05
3.054179251194000244e-05
4.275888204574584961e-05
3.665033727884292603e-05
2.443371340632438660e-05
3.665033727884292603e-05
3.054179251194000244e-05
3.054225817322731018e-05
3.665033727884292603e-05
3.054202534258365631e-05
2.443348057568073273e-05
3.665057010948657990e-05
1.832493580877780914e-05
4.275888204574584961e-05
1.221685670316219330e-05
3.665033727884292603e-05
2.443348057568073273e-05
3.665033727884292603e-05
2.443371340632438660e-05
4.275888204574584961e-05
6.108381785452365875e-05
1.221685670316219330e-05
1.832540147006511688e-05
3.054179251194000244e-05
4.275864921510219574e-05
3.665057010948657990e-05
3.054202534258365631e-05
2.443371340632438660e-05
1.832493580877780914e-05
3.054202534258365631e-05
4.886696115136146545e-05
3.054225817322731018e-05
2.443371340632438660e-05
2.443324774503707886e-05
3.054225817322731018e-05
2.443324774503707886e-05
3.054272383451461792e-05
1.832470297813415527e-05
2.443371340632438660e-05
6.108079105615615845e-06
4.275888204574584961e-05
-6.108079105615615845e-06
1.221662387251853943e-05
1.832516863942146301e-05
1.221708953380584717e-05
2.443371340632438660e-05
-6.109010428190231323e-06
1.221708953380584717e-05
1.221662387251853943e-05
2.443371340632438660e-05
2.443371340632438660e-05
3.054179251194000244e-05
6.108544766902923584e-06
1.221662387251853943e-05
1.221708953380584717e-05
6.108079105615615845e-06
6.108544766902923584e-06
-1.221662387251853943e-05
1.221662387251853943e-05
1.221708953380584717e-05
1.221662387251853943e-05
1.832516863942146301e-05
1.832470297813415527e-05
1.832563430070877075e-05
6.108079105615615845e-06
3.665080294013023376e-05
6.108079105615615845e-06
3.054225817322731018e-05
3.665033727884292603e-05
3.665033727884292603e-05
1.832516863942146301e-05
3.665033727884292603e-05
1.832516863942146301e-05
1.221662387251853943e-05
2.443371340632438660e-05
3.054225817322731018e-05
3.054179251194000244e-05
6.108544766902923584e-06
2.443371340632438660e-05
1.832516863942146301e-05
1.832470297813415527e-05
1.832563430070877075e-05
2.443324774503707886e-05
3.054225817322731018e-05
3.665033727884292603e-05
2.443371340632438660e-05
1.221662387251853943e-05
1.832516863942146301e-05
4.886742681264877319e-05
2.443371340632438660e-05
2.443324774503707886e-05
2.443371340632438660e-05
2.443371340632438660e-05
2.443371340632438660e-05
3.054179251194000244e-05
3.665033727884292603e-05
3.054179251194000244e-05
3.054225817322731018e-05
3.665033727884292603e-05
3.054179251194000244e-05
4.886742681264877319e-05
4.275888204574584961e-05
1.221662387251853943e-05
4.886696115136146545e-05
4.886742681264877319e-05
4.886696115136146545e-05
6.108544766902923584e-06
2.443371340632438660e-05
1.832516863942146301e-05
6.108079105615615845e-06
1.221708953380584717e-05
3.054179251194000244e-05
3.665033727884292603e-05
2.443371340632438660e-05
2.443371340632438660e-05
1.221708953380584717e-05
