1.221679576701717451e-05
7.330077642109245062e-05
1.710351643851026893e-04
1.527099229861050844e-04
2.382275415584445000e-04
2.199022565037012100e-04
2.748779370449483395e-04
3.054197877645492554e-04
2.870948519557714462e-04
2.870946191251277924e-04
2.809863071888685226e-04
3.176366444677114487e-04
3.420701250433921814e-04
3.359620459377765656e-04
3.237454220652580261e-04
4.031539428979158401e-04
3.787209279835224152e-04
3.542872145771980286e-04
3.481782041490077972e-04
4.336959682404994965e-04
3.787213936448097229e-04
3.970451653003692627e-04
4.092627204954624176e-04
3.542872145771980286e-04
4.031541757285594940e-04
4.214798100292682648e-04
3.787213936448097229e-04
4.703458398580551147e-04
3.726119175553321838e-04
4.398040473461151123e-04
4.764562472701072693e-04
4.031537100672721863e-04
3.481786698102951050e-04
3.726119175553321838e-04
4.947809502482414246e-04
4.031537100672721863e-04
4.398049786686897278e-04
4.275878891348838806e-04
4.092622548341751099e-04
4.581306129693984985e-04
4.214793443679809570e-04
3.970460966229438782e-04
3.420691937208175659e-04
4.581296816468238831e-04
4.214802756905555725e-04
4.092622548341751099e-04
3.481805324554443359e-04
3.970451653003692627e-04
4.275888204574584961e-04
4.275869578123092651e-04
3.787185996770858765e-04
3.603976219892501831e-04
3.909375518560409546e-04
4.092641174793243408e-04
4.031509160995483398e-04
3.909375518560409546e-04
3.726109862327575684e-04
3.970488905906677246e-04
4.459116607904434204e-04
2.504438161849975586e-04
4.031565040349960327e-04
3.726128488779067993e-04
4.031527787446975708e-04
3.787185996770858765e-04
3.848336637020111084e-04
4.398021847009658813e-04
3.481805324554443359e-04
4.092603921890258789e-04
4.398059099912643433e-04
3.542862832546234131e-04
3.603957593441009521e-04
2.870950847864151001e-04
3.665033727884292603e-04
3.848262131214141846e-04
3.726147115230560303e-04
3.237444907426834106e-04
3.909375518560409546e-04
4.092622548341751099e-04
3.603957593441009521e-04
2.809856086969375610e-04
3.787241876125335693e-04
4.092603921890258789e-04
3.115292638540267944e-04
4.031527787446975708e-04
3.237463533878326416e-04
3.542862832546234131e-04
3.909394145011901855e-04
4.031546413898468018e-04
3.420636057853698730e-04
3.726184368133544922e-04
3.298521041870117188e-04
3.726109862327575684e-04
3.665015101432800293e-04
3.298521041870117188e-04
3.481805324554443359e-04
4.031583666801452637e-04
3.665052354335784912e-04
3.603957593441009521e-04
3.237426280975341797e-04
3.542862832546234131e-04
3.909394145011901855e-04
3.481768071651458740e-04
3.603957593441009521e-04
4.092603921890258789e-04
3.970488905906677246e-04
3.603957593441009521e-04
3.481768071651458740e-04
3.970451653003692627e-04
3.970488905906677246e-04
3.726109862327575684e-04
3.787204623222351074e-04
3.665052354335784912e-04
3.909356892108917236e-04
3.359615802764892578e-04
3.970488905906677246e-04
3.542862832546234131e-04
3.481805324554443359e-04
3.726109862327575684e-04
3.665015101432800293e-04
3.542862832546234131e-04
3.542862832546234131e-04
4.275888204574584961e-04
3.787204623222351074e-04
3.359653055667877197e-04
4.275850951671600342e-04
2.748779952526092529e-04
3.603957593441009521e-04
3.298558294773101807e-04
3.603957593441009521e-04
3.726072609424591064e-04
2.870932221412658691e-04
3.542937338352203369e-04
2.931989729404449463e-04
3.726109862327575684e-04
3.542900085449218750e-04
4.031583666801452637e-04
3.542788326740264893e-04
3.237463533878326416e-04
2.932064235210418701e-04
3.237463533878326416e-04
2.748779952526092529e-04
1.893565058708190918e-04
2.809874713420867920e-04
3.176406025886535645e-04
3.665015101432800293e-04
3.359615802764892578e-04
3.115274012088775635e-04
3.115348517894744873e-04
2.809800207614898682e-04
3.665052354335784912e-04
2.809837460517883301e-04
3.542862832546234131e-04
4.214830696582794189e-04
3.909356892108917236e-04
3.726147115230560303e-04
4.336908459663391113e-04
3.787279129028320312e-04
3.420636057853698730e-04
3.848299384117126465e-04
4.459135234355926514e-04
4.153735935688018799e-04
3.237463533878326416e-04
3.787167370319366455e-04
3.909356892108917236e-04
3.298595547676086426e-04
3.726072609424591064e-04
3.848336637020111084e-04
4.336945712566375732e-04
3.726109862327575684e-04
4.275925457477569580e-04
2.993047237396240234e-04
3.848336637020111084e-04
4.764497280120849609e-04
4.031583666801452637e-04
3.909468650817871094e-04
4.214718937873840332e-04
3.542900085449218750e-04
4.214718937873840332e-04
4.031583666801452637e-04
4.275888204574584961e-04
4.275813698768615723e-04
3.848299384117126465e-04
3.787204623222351074e-04
4.459097981452941895e-04
3.970563411712646484e-04
4.275813698768615723e-04
3.726109862327575684e-04
4.336982965469360352e-04
4.398077726364135742e-04
4.214793443679809570e-04
3.603920340538024902e-04
4.092678427696228027e-04
3.909319639205932617e-04
2.932026982307434082e-04
3.054216504096984863e-04
3.970488905906677246e-04
4.459097981452941895e-04
3.787204623222351074e-04
3.909394145011901855e-04
3.603920340538024902e-04
