1.336211994384939317e-06
5.917510861763730645e-06
1.164413333754055202e-05
1.756164783728308976e-05
2.405181294307112694e-05
2.710601256694644690e-05
2.996932744281366467e-05
3.111465048277750611e-05
3.245087282266467810e-05
3.321441181469708681e-05
3.416885738261044025e-05
3.397796535864472389e-05
3.340528928674757481e-05
3.302350523881614208e-05
3.035110421478748322e-05
2.882399712689220905e-05
2.691513509489595890e-05
2.519716508686542511e-05
2.538802800700068474e-05
2.500621485523879528e-05
2.653338015079498291e-05
2.538808621466159821e-05
2.576975384727120399e-05
2.710602711886167526e-05
2.825132105499505997e-05
2.996932016685605049e-05
3.130553523078560829e-05
3.340531839057803154e-05
3.302353434264659882e-05
3.607774851843714714e-05
3.645947435870766640e-05
3.550510155037045479e-05
3.416882827877998352e-05
3.531412221491336823e-05
3.512331750243902206e-05
3.225996624678373337e-05
3.378710243850946426e-05
3.435974940657615662e-05
3.397802356630563736e-05
3.493227995932102203e-05
3.607780672609806061e-05
3.397790715098381042e-05
3.359618131071329117e-05
3.397802356630563736e-05
3.302341792732477188e-05
3.225996624678373337e-05
3.073306288570165634e-05
3.035098779946565628e-05
2.977845724672079086e-05
2.901488915085792542e-05
2.844224218279123306e-05
2.882396802306175232e-05
2.958765253424644470e-05
3.073283005505800247e-05
2.996937837451696396e-05
3.016018308699131012e-05
3.016018308699131012e-05
2.939661499112844467e-05
3.016018308699131012e-05
2.996937837451696396e-05
2.977845724672079086e-05
2.939661499112844467e-05
3.168731927871704102e-05
3.149651456624269485e-05
3.035098779946565628e-05
2.996937837451696396e-05
2.977857366204261780e-05
3.016018308699131012e-05
3.035110421478748322e-05
2.977834083139896393e-05
3.073294647037982941e-05
3.092363476753234863e-05
3.092386759817600250e-05
3.054179251194000244e-05
3.111478872597217560e-05
2.996926195919513702e-05
2.977857366204261780e-05
2.939649857580661774e-05
2.939673140645027161e-05
2.863327972590923309e-05
2.977834083139896393e-05
2.977857366204261780e-05
2.996926195919513702e-05
3.035110421478748322e-05
2.977834083139896393e-05
2.939673140645027161e-05
3.073271363973617554e-05
3.092386759817600250e-05
2.958741970360279083e-05
2.958765253424644470e-05
2.939673140645027161e-05
3.016018308699131012e-05
2.996926195919513702e-05
3.035110421478748322e-05
3.016018308699131012e-05
3.054225817322731018e-05
3.054179251194000244e-05
2.977857366204261780e-05
2.996902912855148315e-05
3.168755210936069489e-05
3.226008266210556030e-05
3.149616532027721405e-05
3.092386759817600250e-05
3.187824040651321411e-05
3.302353434264659882e-05
3.283261321485042572e-05
3.206892870366573334e-05
3.168731927871704102e-05
3.187824040651321411e-05
3.283261321485042572e-05
3.149663098156452179e-05
3.187824040651321411e-05
3.245077095925807953e-05
3.302353434264659882e-05
3.378721885383129120e-05
3.283261321485042572e-05
3.245053812861442566e-05
3.302376717329025269e-05
3.435951657593250275e-05
3.359629772603511810e-05
3.321445547044277191e-05
3.340514376759529114e-05
3.321468830108642578e-05
3.321422263979911804e-05
3.378698602318763733e-05
3.130570985376834869e-05
3.264192491769790649e-05
3.397790715098381042e-05
3.474159166216850281e-05
3.435928374528884888e-05
3.435974940657615662e-05
3.474159166216850281e-05
3.607757389545440674e-05
3.626896068453788757e-05
3.512343391776084900e-05
3.531388938426971436e-05
3.493251278996467590e-05
3.741402179002761841e-05
3.703217953443527222e-05
3.741355612874031067e-05
3.645941615104675293e-05
3.588758409023284912e-05
3.645941615104675293e-05
3.779539838433265686e-05
3.836816176772117615e-05
4.027737304568290710e-05
4.104105755686759949e-05
4.084967076778411865e-05
4.409486427903175354e-05
4.104105755686759949e-05
3.855908289551734924e-05
3.932276740670204163e-05
3.875000402331352234e-05
3.779632970690727234e-05
3.779539838433265686e-05
3.817770630121231079e-05
3.836816176772117615e-05
3.798678517341613770e-05
3.855908289551734924e-05
3.913184627890586853e-05
3.875000402331352234e-05
3.894139081239700317e-05
3.817724063992500305e-05
3.932276740670204163e-05
3.989553079009056091e-05
3.989553079009056091e-05
4.161335527896881104e-05
4.180474206805229187e-05
4.199473187327384949e-05
4.237703979015350342e-05
4.485901445150375366e-05
4.447670653462409973e-05
4.638545215129852295e-05
4.562176764011383057e-05
4.581315442919731140e-05
4.829466342926025391e-05
4.886742681264877319e-05
4.791235551238059998e-05
4.772190004587173462e-05
5.058525130152702332e-05
4.943972453474998474e-05
4.810420796275138855e-05
4.733959212899208069e-05
4.982156679034233093e-05
4.943972453474998474e-05
4.963111132383346558e-05
4.810327664017677307e-05
5.058525130152702332e-05
5.077617242932319641e-05
5.077617242932319641e-05
5.001248791813850403e-05
5.096662789583206177e-05
5.134940147399902344e-05
5.115754902362823486e-05
5.306629464030265808e-05
5.287630483508110046e-05
5.173031240701675415e-05
5.134893581271171570e-05
5.077617242932319641e-05
5.153939127922058105e-05
