1.832519410527311265e-05
5.497558231581933796e-05
9.926146594807505608e-05
1.328576618107035756e-04
1.481286599300801754e-04
1.740892766974866390e-04
1.863061916083097458e-04
2.092126524075865746e-04
2.275378210470080376e-04
2.351732691749930382e-04
2.428088337182998657e-04
2.351732691749930382e-04
2.473902422934770584e-04
2.550254575908184052e-04
2.550256904214620590e-04
2.596068661659955978e-04
2.519714180380105972e-04
2.519716508686542511e-04
2.626609057188034058e-04
2.733508590608835220e-04
2.657151781022548676e-04
2.565528266131877899e-04
2.596066333353519440e-04
2.657156437635421753e-04
2.702968195080757141e-04
2.641882747411727905e-04
2.626609057188034058e-04
2.641882747411727905e-04
2.550254575908184052e-04
2.519716508686542511e-04
2.534985542297363281e-04
2.504438161849975586e-04
2.519716508686542511e-04
2.473900094628334045e-04
2.550259232521057129e-04
2.489173784852027893e-04
2.580797299742698669e-04
2.519711852073669434e-04
2.489173784852027893e-04
2.504447475075721741e-04
2.443352714180946350e-04
2.458626404404640198e-04
2.367012202739715576e-04
2.443362027406692505e-04
2.412814646959304810e-04
2.504438161849975586e-04
2.428088337182998657e-04
2.504438161849975586e-04
2.412823960185050964e-04
2.550249919295310974e-04
2.473900094628334045e-04
2.443362027406692505e-04
2.504447475075721741e-04
2.519711852073669434e-04
2.458626404404640198e-04
2.519711852073669434e-04
2.458635717630386353e-04
2.489173784852027893e-04
2.519711852073669434e-04
2.458626404404640198e-04
2.550259232521057129e-04
2.489173784852027893e-04
2.489173784852027893e-04
2.473900094628334045e-04
2.534985542297363281e-04
2.611335366964340210e-04
2.596080303192138672e-04
2.580787986516952515e-04
2.626609057188034058e-04
2.550259232521057129e-04
2.626609057188034058e-04
2.611353993415832520e-04
2.748761326074600220e-04
2.733524888753890991e-04
2.733487635850906372e-04
2.657156437635421753e-04
2.748798578977584839e-04
2.794582396745681763e-04
2.779308706521987915e-04
2.779345959424972534e-04
2.840403467416763306e-04
2.840403467416763306e-04
2.901479601860046387e-04
2.916771918535232544e-04
2.901479601860046387e-04
2.947300672531127930e-04
2.916753292083740234e-04
3.023669123649597168e-04
2.962574362754821777e-04
2.901479601860046387e-04
2.947300672531127930e-04
2.901479601860046387e-04
3.008414059877395630e-04
2.916753292083740234e-04
2.947282046079635620e-04
2.993121743202209473e-04
2.977829426527023315e-04
3.008414059877395630e-04
2.993103116750717163e-04
2.993103116750717163e-04
3.054197877645492554e-04
3.069490194320678711e-04
2.977848052978515625e-04
3.084726631641387939e-04
2.977848052978515625e-04
3.054197877645492554e-04
3.023669123649597168e-04
3.130547702312469482e-04
3.084745258092880249e-04
3.115274012088775635e-04
3.130566328763961792e-04
3.100000321865081787e-04
3.145821392536163330e-04
3.161095082759857178e-04
3.191642463207244873e-04
3.222189843654632568e-04
3.176368772983551025e-04
3.283247351646423340e-04
3.267992287874221802e-04
3.222189843654632568e-04
3.329068422317504883e-04
3.313831984996795654e-04
3.374889492988586426e-04
3.374852240085601807e-04
3.451257944107055664e-04
3.359615802764892578e-04
3.420710563659667969e-04
3.435984253883361816e-04
3.497041761875152588e-04
3.481805324554443359e-04
3.466531634330749512e-04
3.573372960090637207e-04
3.558136522769927979e-04
3.603957593441009521e-04
3.558136522769927979e-04
3.558173775672912598e-04
3.542862832546234131e-04
3.497041761875152588e-04
3.497041761875152588e-04
3.435984253883361816e-04
3.497079014778137207e-04
3.420673310756683350e-04
3.497079014778137207e-04
3.588683903217315674e-04
3.512315452098846436e-04
3.558173775672912598e-04
3.481768071651458740e-04
3.588683903217315674e-04
3.588683903217315674e-04
3.527589142322540283e-04
3.542862832546234131e-04
3.558173775672912598e-04
3.588683903217315674e-04
3.542862832546234131e-04
3.497079014778137207e-04
3.558099269866943359e-04
3.527626395225524902e-04
3.542862832546234131e-04
3.558136522769927979e-04
3.558136522769927979e-04
3.497079014778137207e-04
3.481805324554443359e-04
3.497041761875152588e-04
3.481768071651458740e-04
3.497041761875152588e-04
3.527626395225524902e-04
3.527589142322540283e-04
3.512352705001831055e-04
3.512315452098846436e-04
3.573410212993621826e-04
3.527589142322540283e-04
3.588683903217315674e-04
3.573410212993621826e-04
3.558173775672912598e-04
3.619194030761718750e-04
3.588721156120300293e-04
3.619194030761718750e-04
3.558136522769927979e-04
3.634504973888397217e-04
3.619231283664703369e-04
3.634504973888397217e-04
3.588646650314331055e-04
3.542900085449218750e-04
3.603957593441009521e-04
3.542862832546234131e-04
3.558136522769927979e-04
3.588683903217315674e-04
3.558173775672912598e-04
3.558099269866943359e-04
3.527626395225524902e-04
3.527589142322540283e-04
3.573410212993621826e-04
3.573410212993621826e-04
3.527626395225524902e-04
3.558099269866943359e-04
3.573447465896606445e-04
3.710836172103881836e-04
3.649741411209106445e-04
3.649815917015075684e-04
3.710798919200897217e-04
