1.527099470877146814e-06
6.108397883508587256e-06
1.068969686457421631e-05
1.679809429333545268e-05
1.985229027923196554e-05
1.985229027923196554e-05
2.290649717906489968e-05
2.290648990310728550e-05
2.137940464308485389e-05
2.290647535119205713e-05
2.748779661487787962e-05
2.443358243908733130e-05
2.443359699100255966e-05
2.443358243908733130e-05
2.596073318272829056e-05
2.596067497506737709e-05
2.596067497506737709e-05
2.901488915085792542e-05
2.901488915085792542e-05
3.054199623875319958e-05
2.748781116679310799e-05
2.901486004702746868e-05
3.054196713492274284e-05
3.054202534258365631e-05
3.512325929477810860e-05
3.512331750243902206e-05
2.901488915085792542e-05
3.054202534258365631e-05
2.748775295913219452e-05
3.206904511898756027e-05
3.206910332664847374e-05
2.596067497506737709e-05
2.443365519866347313e-05
2.596067497506737709e-05
3.054202534258365631e-05
2.748775295913219452e-05
3.665039548650383949e-05
3.512325929477810860e-05
3.359618131071329117e-05
3.665045369416475296e-05
3.665033727884292603e-05
3.206916153430938721e-05
2.901477273553609848e-05
3.206916153430938721e-05
3.817747347056865692e-05
2.596061676740646362e-05
3.054202534258365631e-05
3.359618131071329117e-05
3.206904511898756027e-05
3.665045369416475296e-05
3.206916153430938721e-05
3.206904511898756027e-05
3.970449324697256088e-05
3.206916153430938721e-05
3.206904511898756027e-05
3.054202534258365631e-05
3.359618131071329117e-05
2.748786937445402145e-05
2.748775295913219452e-05
2.443359699100255966e-05
3.206904511898756027e-05
2.443371340632438660e-05
2.596061676740646362e-05
2.596073318272829056e-05
2.901477273553609848e-05
2.748786937445402145e-05
2.748775295913219452e-05
2.443359699100255966e-05
2.901488915085792542e-05
1.985230483114719391e-05
2.596073318272829056e-05
2.443371340632438660e-05
2.443348057568073273e-05
3.054202534258365631e-05
2.748775295913219452e-05
3.054179251194000244e-05
2.596061676740646362e-05
2.596108242869377136e-05
2.443324774503707886e-05
2.290657721459865570e-05
2.137944102287292480e-05
2.748775295913219452e-05
2.290657721459865570e-05
2.748775295913219452e-05
2.137944102287292480e-05
1.985230483114719391e-05
2.443348057568073273e-05
2.290657721459865570e-05
2.443371340632438660e-05
2.443348057568073273e-05
2.137920819222927094e-05
2.596084959805011749e-05
2.290634438395500183e-05
2.443371340632438660e-05
1.832540147006511688e-05
2.137920819222927094e-05
2.596061676740646362e-05
2.137944102287292480e-05
2.748775295913219452e-05
2.137944102287292480e-05
2.443371340632438660e-05
2.290634438395500183e-05
2.290657721459865570e-05
2.596061676740646362e-05
2.443348057568073273e-05
2.137967385351657867e-05
1.679803244769573212e-05
2.596061676740646362e-05
2.748775295913219452e-05
2.596061676740646362e-05
2.290657721459865570e-05
2.137944102287292480e-05
2.137944102287292480e-05
2.443348057568073273e-05
2.443348057568073273e-05
2.596084959805011749e-05
1.832516863942146301e-05
2.443371340632438660e-05
2.290657721459865570e-05
2.137920819222927094e-05
1.985230483114719391e-05
2.443371340632438660e-05
1.985207200050354004e-05
1.679826527833938599e-05
3.206892870366573334e-05
1.527112908661365509e-05
2.290634438395500183e-05
2.290657721459865570e-05
2.443371340632438660e-05
2.137920819222927094e-05
1.527112908661365509e-05
1.832516863942146301e-05
1.832493580877780914e-05
2.290657721459865570e-05
2.290657721459865570e-05
2.290657721459865570e-05
1.985207200050354004e-05
1.679826527833938599e-05
1.985230483114719391e-05
1.679826527833938599e-05
1.832493580877780914e-05
1.832516863942146301e-05
1.374422572553157806e-05
2.137920819222927094e-05
1.832516863942146301e-05
2.443371340632438660e-05
2.290634438395500183e-05
1.832516863942146301e-05
1.985230483114719391e-05
2.137944102287292480e-05
2.290657721459865570e-05
2.443348057568073273e-05
2.443371340632438660e-05
2.290634438395500183e-05
2.290657721459865570e-05
2.443348057568073273e-05
2.137967385351657867e-05
2.137897536158561707e-05
2.748798578977584839e-05
2.290634438395500183e-05
1.985253766179084778e-05
1.679779961705207825e-05
2.290681004524230957e-05
2.137897536158561707e-05
1.832563430070877075e-05
1.985207200050354004e-05
2.290681004524230957e-05
2.290634438395500183e-05
1.985207200050354004e-05
2.137944102287292480e-05
1.527136191725730896e-05
1.832516863942146301e-05
3.206869587302207947e-05
1.527136191725730896e-05
2.137944102287292480e-05
2.596015110611915588e-05
2.290681004524230957e-05
2.596061676740646362e-05
2.443371340632438660e-05
2.443324774503707886e-05
2.443371340632438660e-05
2.596108242869377136e-05
1.985207200050354004e-05
2.443371340632438660e-05
1.832516863942146301e-05
2.596061676740646362e-05
2.137944102287292480e-05
2.443371340632438660e-05
2.137944102287292480e-05
2.137944102287292480e-05
1.679779961705207825e-05
2.290634438395500183e-05
2.290634438395500183e-05
1.374399289488792419e-05
1.832516863942146301e-05
1.832563430070877075e-05
2.290587872266769409e-05
2.443371340632438660e-05
1.985253766179084778e-05
2.137897536158561707e-05
