1.527099470877146814e-06
5.344847977539757267e-06
9.926146958605386317e-06
1.183502172352746129e-05
1.412566780345514417e-05
1.488922134740278125e-05
1.603454074938781559e-05
1.756164419930428267e-05
1.832519774325191975e-05
1.985229027923196554e-05
2.099761331919580698e-05
2.328827395103871822e-05
2.367004344705492258e-05
2.443359699100255966e-05
2.519713598303496838e-05
2.214292180724442005e-05
2.672424307093024254e-05
2.290651900693774223e-05
2.252470585517585278e-05
2.328827395103871822e-05
2.214295091107487679e-05
2.290646079927682877e-05
2.367005799897015095e-05
2.137941191904246807e-05
2.061581471934914589e-05
2.137941191904246807e-05
2.061581471934914589e-05
2.252473495900630951e-05
2.137944102287292480e-05
2.214295091107487679e-05
2.214283449575304985e-05
2.061593113467097282e-05
1.870695268735289574e-05
2.061581471934914589e-05
1.985230483114719391e-05
1.947052078321576118e-05
1.870695268735289574e-05
1.985230483114719391e-05
1.947052078321576118e-05
2.061581471934914589e-05
1.908873673528432846e-05
1.985230483114719391e-05
1.985236303880810738e-05
2.023403067141771317e-05
2.061581471934914589e-05
2.061587292701005936e-05
1.908873673528432846e-05
1.870701089501380920e-05
1.908873673528432846e-05
1.908873673528432846e-05
1.794332638382911682e-05
1.756171695888042450e-05
1.908873673528432846e-05
2.099759876728057861e-05
2.061587292701005936e-05
2.176116686314344406e-05
2.176116686314344406e-05
2.176116686314344406e-05
2.214300911873579025e-05
2.023391425609588623e-05
2.290657721459865570e-05
2.176116686314344406e-05
2.176116686314344406e-05
2.099759876728057861e-05
2.061587292701005936e-05
2.061587292701005936e-05
1.832516863942146301e-05
1.908873673528432846e-05
1.985230483114719391e-05
1.832516863942146301e-05
1.832528505474328995e-05
1.794332638382911682e-05
1.832528505474328995e-05
1.870689447969198227e-05
1.908873673528432846e-05
1.870701089501380920e-05
1.794332638382911682e-05
1.870701089501380920e-05
1.794344279915094376e-05
1.756160054355859756e-05
1.756160054355859756e-05
1.756171695888042450e-05
1.717987470328807831e-05
1.870689447969198227e-05
1.717999111860990524e-05
1.832505222409963608e-05
1.832516863942146301e-05
1.832528505474328995e-05
1.832516863942146301e-05
1.794344279915094376e-05
1.717987470328807831e-05
1.679803244769573212e-05
1.756171695888042450e-05
1.679814886301755905e-05
1.527089625597000122e-05
1.717987470328807831e-05
1.603458076715469360e-05
1.679803244769573212e-05
1.488928683102130890e-05
1.527101267129182816e-05
1.603446435183286667e-05
1.565285492688417435e-05
1.717987470328807831e-05
1.679803244769573212e-05
1.679803244769573212e-05
1.565273851156234741e-05
1.603458076715469360e-05
1.718010753393173218e-05
1.603434793651103973e-05
1.565297134220600128e-05
1.565250568091869354e-05
1.565297134220600128e-05
1.641619019210338593e-05
1.488928683102130890e-05
1.641642302274703979e-05
1.603434793651103973e-05
1.527112908661365509e-05
1.565273851156234741e-05
1.565273851156234741e-05
1.565273851156234741e-05
1.603458076715469360e-05
1.641642302274703979e-05
1.527089625597000122e-05
1.565273851156234741e-05
1.717987470328807831e-05
1.374376006424427032e-05
1.450767740607261658e-05
1.488928683102130890e-05
1.565250568091869354e-05
1.450767740607261658e-05
1.336215063929557800e-05
1.527089625597000122e-05
1.412560231983661652e-05
1.641619019210338593e-05
1.488928683102130890e-05
1.488928683102130890e-05
1.488928683102130890e-05
1.450744457542896271e-05
1.336191780865192413e-05
1.374399289488792419e-05
1.336215063929557800e-05
1.336215063929557800e-05
1.336215063929557800e-05
1.412560231983661652e-05
1.336215063929557800e-05
1.298054121434688568e-05
1.374376006424427032e-05
1.412560231983661652e-05
1.336215063929557800e-05
1.565273851156234741e-05
1.565273851156234741e-05
1.527112908661365509e-05
1.603458076715469360e-05
1.717964187264442444e-05
1.603458076715469360e-05
1.641642302274703979e-05
1.527089625597000122e-05
1.488928683102130890e-05
1.565273851156234741e-05
1.756148412823677063e-05
1.565297134220600128e-05
1.565273851156234741e-05
1.603458076715469360e-05
1.565273851156234741e-05
1.488928683102130890e-05
1.488928683102130890e-05
1.488905400037765503e-05
1.565273851156234741e-05
1.412560231983661652e-05
1.488928683102130890e-05
1.336215063929557800e-05
1.450767740607261658e-05
1.488905400037765503e-05
1.603434793651103973e-05
1.412583515048027039e-05
1.412560231983661652e-05
1.412560231983661652e-05
1.374399289488792419e-05
1.565273851156234741e-05
1.488928683102130890e-05
1.450744457542896271e-05
1.450744457542896271e-05
1.412560231983661652e-05
1.565273851156234741e-05
1.374399289488792419e-05
1.374376006424427032e-05
1.336238346993923187e-05
1.450721174478530884e-05
1.565297134220600128e-05
1.374376006424427032e-05
1.336215063929557800e-05
1.412560231983661652e-05
1.450744457542896271e-05
1.298030838370323181e-05
1.259869895875453949e-05
1.374399289488792419e-05
1.412560231983661652e-05
1.374376006424427032e-05
1.412560231983661652e-05
1.298054121434688568e-05
