1.527099448139779270e-05
4.886718306806869805e-05
9.009886707644909620e-05
1.053698506439104676e-04
1.298034621868282557e-04
1.473651500418782234e-04
1.725621987134218216e-04
1.779070589691400528e-04
1.847791136242449284e-04
1.901239156723022461e-04
2.000499516725540161e-04
1.901239156723022461e-04
1.939416397362947464e-04
1.977592473849654198e-04
1.969956792891025543e-04
2.000504173338413239e-04
1.992864999920129776e-04
1.954685430973768234e-04
1.969959121197462082e-04
2.015770878642797470e-04
1.931781880557537079e-04
1.969956792891025543e-04
2.008134033530950546e-04
1.893609296530485153e-04
1.931777223944664001e-04
1.992862671613693237e-04
1.947055570781230927e-04
2.061584964394569397e-04
1.939414069056510925e-04
2.069221809506416321e-04
2.076849341392517090e-04
1.977598294615745544e-04
1.878333278000354767e-04
1.977588981389999390e-04
2.053952775895595551e-04
1.954692415893077850e-04
2.031037583947181702e-04
2.053948119282722473e-04
2.092127688229084015e-04
2.153213135898113251e-04
2.122670412063598633e-04
1.992858015000820160e-04
1.985235139727592468e-04
2.130297943949699402e-04
2.122670412063598633e-04
2.107396721839904785e-04
2.115033566951751709e-04
2.145562320947647095e-04
2.137953415513038635e-04
2.183746546506881714e-04
2.137934789061546326e-04
2.145580947399139404e-04
2.244841307401657104e-04
2.267742529511451721e-04
2.237195149064064026e-04
2.305917441844940186e-04
2.313554286956787109e-04
2.275388687849044800e-04
2.275370061397552490e-04
2.176119014620780945e-04
2.290643751621246338e-04
2.275379374623298645e-04
2.290653064846992493e-04
2.328827977180480957e-04
2.389904111623764038e-04
2.481546252965927124e-04
2.397540956735610962e-04
2.443352714180946350e-04
2.481546252965927124e-04
2.405168488621711731e-04
2.489192411303520203e-04
2.389894798398017883e-04
2.496810629963874817e-04
2.580806612968444824e-04
2.710605040192604065e-04
2.580806612968444824e-04
2.672411501407623291e-04
2.687685191631317139e-04
2.786964178085327148e-04
2.657156437635421753e-04
2.771671861410140991e-04
2.863332629203796387e-04
2.748761326074600220e-04
2.916753292083740234e-04
2.718251198530197144e-04
2.832766622304916382e-04
2.886205911636352539e-04
2.909135073423385620e-04
2.817511558532714844e-04
2.802219241857528687e-04
2.779327332973480225e-04
2.817492932081222534e-04
2.870932221412658691e-04
2.817530184984207153e-04
2.794601023197174072e-04
2.916734665632247925e-04
2.855658531188964844e-04
2.893880009651184082e-04
2.901479601860046387e-04
3.000758588314056396e-04
2.909116446971893311e-04
3.023650497198104858e-04
2.939663827419281006e-04
3.008395433425903320e-04
2.977848052978515625e-04
2.909097820520401001e-04
2.947300672531127930e-04
3.023669123649597168e-04
2.985484898090362549e-04
3.000758588314056396e-04
2.939663827419281006e-04
2.924390137195587158e-04
2.970229834318161011e-04
2.909097820520401001e-04
2.932045608758926392e-04
2.985484898090362549e-04
2.848040312528610229e-04
3.015995025634765625e-04
2.916753292083740234e-04
3.031324595212936401e-04
2.962555736303329468e-04
3.061853349208831787e-04
3.069452941417694092e-04
2.924408763647079468e-04
2.993121743202209473e-04
2.779308706521987915e-04
2.870950847864151001e-04
2.855677157640457153e-04
2.947300672531127930e-04
2.970192581415176392e-04
2.916771918535232544e-04
3.023669123649597168e-04
2.962537109851837158e-04
3.023669123649597168e-04
2.985484898090362549e-04
2.985484898090362549e-04
3.000758588314056396e-04
2.962574362754821777e-04
3.115274012088775635e-04
3.077089786529541016e-04
3.023706376552581787e-04
2.931989729404449463e-04
2.970248460769653320e-04
3.008358180522918701e-04
3.038942813873291016e-04
3.008395433425903320e-04
2.893842756748199463e-04
2.901442348957061768e-04
2.855695784091949463e-04
2.909116446971893311e-04
2.787001430988311768e-04
2.878606319427490234e-04
2.962499856948852539e-04
2.916753292083740234e-04
2.901479601860046387e-04
2.893880009651184082e-04
2.786964178085327148e-04
2.786964178085327148e-04
2.832747995853424072e-04
2.901479601860046387e-04
2.809874713420867920e-04
2.680085599422454834e-04
2.741143107414245605e-04
2.733506262302398682e-04
2.649538218975067139e-04
2.687647938728332520e-04
2.756416797637939453e-04
2.748779952526092529e-04
2.702958881855010986e-04
2.664774656295776367e-04
2.557933330535888672e-04
2.664774656295776367e-04
2.695359289646148682e-04
2.718232572078704834e-04
2.725869417190551758e-04
2.695322036743164062e-04
2.657175064086914062e-04
2.764053642749786377e-04
2.786889672279357910e-04
2.657175064086914062e-04
2.702958881855010986e-04
2.649500966072082520e-04
2.649538218975067139e-04
2.779327332973480225e-04
2.672448754310607910e-04
2.680048346519470215e-04
2.618990838527679443e-04
2.702958881855010986e-04
2.649538218975067139e-04
2.596043050289154053e-04
2.542622387409210205e-04
2.672448754310607910e-04
2.680048346519470215e-04
2.512075006961822510e-04
2.534948289394378662e-04
2.641901373863220215e-04
2.718232572078704834e-04
2.641901373863220215e-04
2.695359289646148682e-04
2.680048346519470215e-04
