6.108397883508587256e-06
6.108397883508587256e-06
4.275878382031805813e-05
3.665038821054622531e-05
5.497558595379814506e-05
4.886717943008989096e-05
6.108400702942162752e-05
6.719236262142658234e-05
8.551756036467850208e-05
8.551758946850895882e-05
9.162595961242914200e-05
1.099511864595115185e-04
1.038426999002695084e-04
1.160596148110926151e-04
1.038428163155913353e-04
1.099511282518506050e-04
1.099511282518506050e-04
9.773427154868841171e-05
1.099513610824942589e-04
1.221678685396909714e-04
1.160595566034317017e-04
1.343847252428531647e-04
1.221679849550127983e-04
1.343846088275313377e-04
1.466015819460153580e-04
1.404932700097560883e-04
1.221678685396909714e-04
1.710352953523397446e-04
1.221678685396909714e-04
1.527098938822746277e-04
1.588184386491775513e-04
1.221678685396909714e-04
1.038426999002695084e-04
1.221681013703346252e-04
1.404930371791124344e-04
1.282764133065938950e-04
1.282764133065938950e-04
1.343847252428531647e-04
1.221681013703346252e-04
1.404932700097560883e-04
1.221676357090473175e-04
1.221681013703346252e-04
1.099510118365287781e-04
1.404932700097560883e-04
1.221681013703346252e-04
1.099510118365287781e-04
1.038429327309131622e-04
1.099510118365287781e-04
1.282761804759502411e-04
1.221681013703346252e-04
1.099510118365287781e-04
1.038429327309131622e-04
1.099510118365287781e-04
1.221681013703346252e-04
1.099510118365287781e-04
1.099510118365287781e-04
1.099514774978160858e-04
1.282766461372375488e-04
1.160590909421443939e-04
9.162630885839462280e-05
1.038429327309131622e-04
1.160590909421443939e-04
1.099514774978160858e-04
1.099510118365287781e-04
9.773438796401023865e-05
1.099510118365287781e-04
1.038429327309131622e-04
1.038424670696258545e-04
1.160600222647190094e-04
9.162537753582000732e-05
9.773485362529754639e-05
9.773438796401023865e-05
9.773392230272293091e-05
1.038433983922004700e-04
9.162537753582000732e-05
9.162630885839462280e-05
1.099510118365287781e-04
9.773392230272293091e-05
9.773485362529754639e-05
7.940828800201416016e-05
9.773485362529754639e-05
1.038424670696258545e-04
8.551776409149169922e-05
9.773485362529754639e-05
9.773485362529754639e-05
9.162537753582000732e-05
9.773485362529754639e-05
9.773485362529754639e-05
9.773299098014831543e-05
1.099519431591033936e-04
9.773485362529754639e-05
1.038424670696258545e-04
1.038424670696258545e-04
9.162537753582000732e-05
1.099519431591033936e-04
1.160595566034317017e-04
1.038424670696258545e-04
9.773485362529754639e-05
1.038424670696258545e-04
1.160595566034317017e-04
1.099510118365287781e-04
1.038424670696258545e-04
9.773485362529754639e-05
1.221681013703346252e-04
1.099510118365287781e-04
1.038424670696258545e-04
1.038433983922004700e-04
9.773392230272293091e-05
1.221681013703346252e-04
1.038424670696258545e-04
1.038424670696258545e-04
9.162630885839462280e-05
1.282757148146629333e-04
1.099519431591033936e-04
1.099510118365287781e-04
1.038433983922004700e-04
1.099510118365287781e-04
1.099510118365287781e-04
1.099510118365287781e-04
1.038424670696258545e-04
1.099510118365287781e-04
1.282766461372375488e-04
1.099510118365287781e-04
9.773485362529754639e-05
1.160586252808570862e-04
9.162630885839462280e-05
1.099510118365287781e-04
9.773485362529754639e-05
1.099510118365287781e-04
1.160595566034317017e-04
9.773392230272293091e-05
1.038424670696258545e-04
9.773485362529754639e-05
1.160604879260063171e-04
1.099510118365287781e-04
1.099510118365287781e-04
1.099510118365287781e-04
9.773392230272293091e-05
9.162630885839462280e-05
9.773485362529754639e-05
1.038424670696258545e-04
6.719212979078292847e-05
9.162630885839462280e-05
1.038424670696258545e-04
1.221681013703346252e-04
9.773392230272293091e-05
8.551776409149169922e-05
9.773485362529754639e-05
9.162537753582000732e-05
9.773485362529754639e-05
9.773299098014831543e-05
1.038443297147750854e-04
1.282766461372375488e-04
1.038406044244766235e-04
1.099538058042526245e-04
1.099500805139541626e-04
1.038424670696258545e-04
9.773485362529754639e-05
1.221671700477600098e-04
1.282766461372375488e-04
1.099519431591033936e-04
9.162351489067077637e-05
1.038443297147750854e-04
1.099519431591033936e-04
9.162537753582000732e-05
9.773299098014831543e-05
1.099538058042526245e-04
1.160576939582824707e-04
1.038443297147750854e-04
1.099500805139541626e-04
9.773485362529754639e-05
1.038424670696258545e-04
1.221671700477600098e-04
1.221690326929092407e-04
1.099519431591033936e-04
1.160576939582824707e-04
9.773485362529754639e-05
1.160595566034317017e-04
1.099519431591033936e-04
9.773485362529754639e-05
1.160595566034317017e-04
1.099500805139541626e-04
1.038424670696258545e-04
1.038443297147750854e-04
9.162537753582000732e-05
1.099500805139541626e-04
9.773485362529754639e-05
1.038443297147750854e-04
1.038406044244766235e-04
1.099519431591033936e-04
9.773299098014831543e-05
1.221690326929092407e-04
1.099500805139541626e-04
9.773485362529754639e-05
8.551776409149169922e-05
1.221671700477600098e-04
1.404937356710433960e-04
1.038443297147750854e-04
1.160576939582824707e-04
1.160595566034317017e-04
