1.527099470877146814e-06
6.108397883508587256e-06
1.374389466946013272e-05
1.832519592426251620e-05
2.557891275500878692e-05
3.245086554670706391e-05
3.626861871453002095e-05
3.855925751850008965e-05
3.894104156643152237e-05
4.084991815034300089e-05
4.161344259046018124e-05
4.161347169429063797e-05
4.161344259046018124e-05
4.199522663839161396e-05
4.275879473425447941e-05
4.275882383808493614e-05
4.352233372628688812e-05
4.352227551862597466e-05
4.237703979015350342e-05
4.314054967835545540e-05
4.314054967835545540e-05
4.314060788601636887e-05
4.314049147069454193e-05
4.084996180608868599e-05
4.008639371022582054e-05
3.970455145463347435e-05
3.855925751850008965e-05
3.817753167822957039e-05
3.779574763029813766e-05
3.817735705524682999e-05
3.932288382202386856e-05
3.741390537470579147e-05
3.665045369416475296e-05
3.855919931083917618e-05
3.970449324697256088e-05
3.932288382202386856e-05
4.008645191788673401e-05
4.161347169429063797e-05
4.352233372628688812e-05
4.428590182214975357e-05
4.390405956655740738e-05
4.161347169429063797e-05
4.314049147069454193e-05
4.734017420560121536e-05
4.695833195000886917e-05
4.810350947082042694e-05
4.848546814173460007e-05
5.153962410986423492e-05
4.886707756668329239e-05
5.001260433346033096e-05
4.848546814173460007e-05
5.039409734308719635e-05
5.115801468491554260e-05
5.344836972653865814e-05
5.306676030158996582e-05
5.306676030158996582e-05
5.344836972653865814e-05
5.001272074878215790e-05
5.153939127922058105e-05
5.115778185427188873e-05
5.153985694050788879e-05
5.001225508749485016e-05
5.115801468491554260e-05
5.077593959867954254e-05
5.001248791813850403e-05
5.115778185427188873e-05
4.886719398200511932e-05
4.734029062092304230e-05
4.619476385414600372e-05
4.314025864005088806e-05
4.314072430133819580e-05
4.123174585402011871e-05
4.275864921510219574e-05
4.314072430133819580e-05
4.161358810961246490e-05
4.008621908724308014e-05
4.008621908724308014e-05
4.199519753456115723e-05
4.046829417347908020e-05
3.855931572616100311e-05
4.008621908724308014e-05
4.046806134283542633e-05
4.161358810961246490e-05
4.161335527896881104e-05
4.275911487638950348e-05
4.275864921510219574e-05
4.352233372628688812e-05
4.314049147069454193e-05
4.390417598187923431e-05
4.275864921510219574e-05
4.237703979015350342e-05
4.314072430133819580e-05
4.504923708736896515e-05
4.390440881252288818e-05
4.390394315123558044e-05
4.504946991801261902e-05
4.848511889576911926e-05
4.810374230146408081e-05
4.504946991801261902e-05
4.543131217360496521e-05
4.504946991801261902e-05
4.504946991801261902e-05
4.352256655693054199e-05
4.466716200113296509e-05
4.428625106811523438e-05
4.390394315123558044e-05
4.237657412886619568e-05
4.352256655693054199e-05
4.428578540682792664e-05
4.504946991801261902e-05
4.466809332370758057e-05
4.733959212899208069e-05
4.695868119597434998e-05
4.848511889576911926e-05
4.734052345156669617e-05
4.619453102350234985e-05
4.657637327909469604e-05
4.734005779027938843e-05
4.695821553468704224e-05
4.619499668478965759e-05
4.734005779027938843e-05
5.001248791813850403e-05
4.772190004587173462e-05
4.657683894038200378e-05
4.657637327909469604e-05
4.428578540682792664e-05
4.543084651231765747e-05
4.504993557929992676e-05
4.581315442919731140e-05
4.733959212899208069e-05
4.504946991801261902e-05
4.543131217360496521e-05
4.581268876791000366e-05
4.543177783489227295e-05
4.543131217360496521e-05
4.466762766242027283e-05
4.772190004587173462e-05
4.733959212899208069e-05
4.772190004587173462e-05
4.543131217360496521e-05
4.466762766242027283e-05
4.428578540682792664e-05
4.543131217360496521e-05
4.657637327909469604e-05
4.695868119597434998e-05
4.848511889576911926e-05
4.848558455705642700e-05
4.848558455705642700e-05
4.924833774566650391e-05
4.810374230146408081e-05
4.734005779027938843e-05
4.886742681264877319e-05
4.963111132383346558e-05
5.077570676803588867e-05
4.886742681264877319e-05
5.001202225685119629e-05
4.734052345156669617e-05
4.810327664017677307e-05
4.657637327909469604e-05
4.772190004587173462e-05
4.619499668478965759e-05
4.657683894038200378e-05
4.657637327909469604e-05
4.733959212899208069e-05
4.772190004587173462e-05
4.886742681264877319e-05
4.886742681264877319e-05
4.810374230146408081e-05
4.619453102350234985e-05
4.772190004587173462e-05
4.543084651231765747e-05
4.695868119597434998e-05
4.772190004587173462e-05
4.695821553468704224e-05
4.772190004587173462e-05
4.810327664017677307e-05
4.734005779027938843e-05
4.772190004587173462e-05
4.886742681264877319e-05
4.886742681264877319e-05
4.963018000125885010e-05
5.077663809061050415e-05
5.230307579040527344e-05
5.306676030158996582e-05
5.077570676803588867e-05
5.039479583501815796e-05
4.963111132383346558e-05
5.115754902362823486e-05
5.001202225685119629e-05
5.001202225685119629e-05
5.039479583501815796e-05
5.268491804599761963e-05
5.268491804599761963e-05
5.268491804599761963e-05
5.077663809061050415e-05
5.077570676803588867e-05
5.192123353481292725e-05
5.153939127922058105e-05
5.001295357942581177e-05
5.192123353481292725e-05
