2.290649263159139082e-06
9.544372005620971322e-06
1.756164419930428267e-05
2.405181840003933758e-05
2.786956974887289107e-05
3.016021219082176685e-05
3.149642725475132465e-05
3.168731927871704102e-05
3.225996624678373337e-05
3.302351979073137045e-05
3.264176484663039446e-05
3.245085827074944973e-05
3.264175029471516609e-05
3.531415131874382496e-05
3.531420952640473843e-05
3.588682739064097404e-05
3.741393447853624821e-05
3.798663965426385403e-05
4.084984539076685905e-05
4.256790271028876305e-05
4.275882383808493614e-05
4.314054967835545540e-05
4.524033283814787865e-05
4.619476385414600372e-05
4.982156679034233093e-05
5.173054523766040802e-05
5.440291715785861015e-05
5.764799425378441811e-05
5.936599336564540863e-05
6.432912778109312057e-05
6.700144149363040924e-05
6.738328374922275543e-05
6.852857768535614014e-05
7.081916555762290955e-05
7.062847726047039032e-05
7.177365478128194809e-05
7.291894871741533279e-05
7.272802758961915970e-05
7.196469232439994812e-05
7.139181252568960190e-05
7.062836084514856339e-05
6.929214578121900558e-05
6.833765655755996704e-05
6.738328374922275543e-05
6.681075319647789001e-05
7.043732330203056335e-05
6.833765655755996704e-05
6.852881051599979401e-05
6.738328374922275543e-05
6.642867811024188995e-05
6.432901136577129364e-05
6.490177474915981293e-05
6.566545926034450531e-05
6.623775698244571686e-05
6.413832306861877441e-05
6.375648081302642822e-05
6.394716911017894745e-05
6.432901136577129364e-05
6.413832306861877441e-05
6.356532685458660126e-05
6.394716911017894745e-05
6.299302913248538971e-05
6.623775698244571686e-05
6.700167432427406311e-05
6.585614755749702454e-05
6.566522642970085144e-05
6.547430530190467834e-05
6.509292870759963989e-05
6.509246304631233215e-05
6.337463855743408203e-05
6.547430530190467834e-05
6.509246304631233215e-05
6.604706868529319763e-05
6.509292870759963989e-05
6.356509402394294739e-05
6.299326196312904358e-05
6.184773519635200500e-05
6.089312955737113953e-05
6.012897938489913940e-05
6.146589294075965881e-05
6.089312955737113953e-05
6.051128730177879333e-05
5.974760279059410095e-05
6.089312955737113953e-05
6.032036617398262024e-05
5.993898957967758179e-05
5.993852391839027405e-05
6.012944504618644714e-05
5.955714732408523560e-05
5.802977830171585083e-05
5.764793604612350464e-05
5.841162055730819702e-05
5.802977830171585083e-05
5.822069942951202393e-05
5.764793604612350464e-05
5.726609379053115845e-05
5.726609379053115845e-05
5.822116509079933167e-05
5.860207602381706238e-05
5.860254168510437012e-05
5.879346281290054321e-05
5.917483940720558167e-05
6.032036617398262024e-05
6.165681406855583191e-05
6.127497181296348572e-05
6.203819066286087036e-05
6.242049857974052429e-05
6.337463855743408203e-05
6.318371742963790894e-05
6.241956725716590881e-05
6.165727972984313965e-05
6.108358502388000488e-05
6.203865632414817810e-05
6.070220842957496643e-05
6.012944504618644714e-05
6.012991070747375488e-05
5.974760279059410095e-05
6.051128730177879333e-05
5.993852391839027405e-05
5.955668166279792786e-05
5.860300734639167786e-05
5.802931264042854309e-05
5.707563832402229309e-05
5.783885717391967773e-05
5.822023376822471619e-05
5.631241947412490845e-05
5.707470700144767761e-05
5.631241947412490845e-05
5.650240927934646606e-05
5.707517266273498535e-05
5.497550591826438904e-05
5.459412932395935059e-05
5.497550591826438904e-05
5.593011155724525452e-05
5.573919042944908142e-05
5.554780364036560059e-05
5.497550591826438904e-05
5.402183160185813904e-05
5.287490785121917725e-05
5.383137613534927368e-05
5.363859236240386963e-05
5.211215466260910034e-05
5.325861275196075439e-05
5.363952368497848511e-05
5.306582897901535034e-05
5.249399691820144653e-05
5.115754902362823486e-05
5.230400711297988892e-05
5.325675010681152344e-05
5.287677049636840820e-05
5.287490785121917725e-05
5.268491804599761963e-05
5.287583917379379272e-05
5.154032260179519653e-05
5.058478564023971558e-05
5.134847015142440796e-05
5.039386451244354248e-05
5.077663809061050415e-05
5.096755921840667725e-05
5.173031240701675415e-05
5.134847015142440796e-05
5.039386451244354248e-05
5.077663809061050415e-05
5.096569657325744629e-05
5.001295357942581177e-05
4.982203245162963867e-05
4.924833774566650391e-05
4.963111132383346558e-05
4.886742681264877319e-05
4.963111132383346558e-05
4.886742681264877319e-05
4.963018000125885010e-05
4.963111132383346558e-05
5.020294338464736938e-05
5.001295357942581177e-05
5.001202225685119629e-05
5.039479583501815796e-05
4.963018000125885010e-05
4.982110112905502319e-05
5.039479583501815796e-05
5.077663809061050415e-05
5.077570676803588867e-05
5.039479583501815796e-05
5.134847015142440796e-05
5.173031240701675415e-05
5.134847015142440796e-05
5.058571696281433105e-05
5.020294338464736938e-05
5.039479583501815796e-05
5.077477544546127319e-05
5.039572715759277344e-05
5.134847015142440796e-05
5.211122334003448486e-05
5.115848034620285034e-05
5.058571696281433105e-05
5.096569657325744629e-05
5.058571696281433105e-05
5.134940147399902344e-05
5.172938108444213867e-05
5.134940147399902344e-05
