1.450744548492366448e-05
4.886718670604750514e-05
9.009885980049148202e-05
1.084240793716162443e-04
1.282763550989329815e-04
1.488922280259430408e-04
1.710351207293570042e-04
1.756164128892123699e-04
1.863061916083097458e-04
1.901237992569804192e-04
1.969957957044243813e-04
1.863061916083097458e-04
1.954687759280204773e-04
2.000500680878758430e-04
1.977593638002872467e-04
1.992864999920129776e-04
1.962322276085615158e-04
1.962322276085615158e-04
2.008136361837387085e-04
2.015770878642797470e-04
1.985228154808282852e-04
2.023410052061080933e-04
1.954685430973768234e-04
1.939416397362947464e-04
1.947050914168357849e-04
1.947050914168357849e-04
1.962324604392051697e-04
1.985230483114719391e-04
2.008136361837387085e-04
2.046315930783748627e-04
2.008131705224514008e-04
1.992862671613693237e-04
1.985230483114719391e-04
1.977598294615745544e-04
2.023405395448207855e-04
2.000499516725540161e-04
2.038679085671901703e-04
2.008131705224514008e-04
2.076858654618263245e-04
2.053948119282722473e-04
2.069221809506416321e-04
2.015768550336360931e-04
2.031042240560054779e-04
2.046311274170875549e-04
2.092123031616210938e-04
2.107406035065650940e-04
2.107396721839904785e-04
2.145571634173393250e-04
2.145571634173393250e-04
2.160845324397087097e-04
2.137934789061546326e-04
2.160854637622833252e-04
2.237195149064064026e-04
2.260114997625350952e-04
2.260105684399604797e-04
2.283006906509399414e-04
2.267742529511451721e-04
2.244841307401657104e-04
2.275379374623298645e-04
2.267742529511451721e-04
2.290643751621246338e-04
2.298289909958839417e-04
2.328827977180480957e-04
2.351729199290275574e-04
2.397550269961357117e-04
2.420451492071151733e-04
2.420451492071151733e-04
2.450989559292793274e-04
2.519721165299415588e-04
2.435725182294845581e-04
2.473900094628334045e-04
2.481536939740180969e-04
2.527348697185516357e-04
2.588434144854545593e-04
2.618972212076187134e-04
2.634245902299880981e-04
2.664783969521522522e-04
2.710614353418350220e-04
2.748761326074600220e-04
2.718251198530197144e-04
2.779327332973480225e-04
2.794582396745681763e-04
2.825129777193069458e-04
2.855677157640457153e-04
2.817511558532714844e-04
2.855677157640457153e-04
2.893842756748199463e-04
2.909135073423385620e-04
2.832766622304916382e-04
2.848040312528610229e-04
2.825129777193069458e-04
2.832766622304916382e-04
2.848040312528610229e-04
2.848040312528610229e-04
2.802219241857528687e-04
2.870950847864151001e-04
2.855677157640457153e-04
2.878587692975997925e-04
2.863314002752304077e-04
2.947300672531127930e-04
2.947300672531127930e-04
3.000739961862564087e-04
2.916771918535232544e-04
2.924390137195587158e-04
2.985484898090362549e-04
2.954937517642974854e-04
2.962574362754821777e-04
2.985466271638870239e-04
2.947319298982620239e-04
2.962574362754821777e-04
2.947300672531127930e-04
2.916753292083740234e-04
2.939663827419281006e-04
2.947300672531127930e-04
2.909116446971893311e-04
2.977848052978515625e-04
2.893861383199691772e-04
2.893861383199691772e-04
2.901479601860046387e-04
2.993121743202209473e-04
3.031287342309951782e-04
3.016013652086257935e-04
2.954937517642974854e-04
2.939663827419281006e-04
2.924408763647079468e-04
2.848040312528610229e-04
2.863314002752304077e-04
2.901498228311538696e-04
2.939663827419281006e-04
2.939663827419281006e-04
2.970173954963684082e-04
3.038942813873291016e-04
3.031305968761444092e-04
3.008358180522918701e-04
2.985522150993347168e-04
2.970173954963684082e-04
2.970211207866668701e-04
2.993121743202209473e-04
3.130584955215454102e-04
3.161057829856872559e-04
3.084763884544372559e-04
3.107637166976928711e-04
3.084726631641387939e-04
3.069490194320678711e-04
3.038905560970306396e-04
3.069490194320678711e-04
2.970211207866668701e-04
2.977810800075531006e-04
2.901516854763031006e-04
2.916753292083740234e-04
2.893880009651184082e-04
2.924352884292602539e-04
2.939701080322265625e-04
2.909116446971893311e-04
2.916753292083740234e-04
2.855695784091949463e-04
2.840384840965270996e-04
2.825111150741577148e-04
2.802237868309020996e-04
2.825148403644561768e-04
2.809874713420867920e-04
2.748779952526092529e-04
2.718232572078704834e-04
2.725869417190551758e-04
2.718232572078704834e-04
2.748779952526092529e-04
2.748779952526092529e-04
2.802237868309020996e-04
2.748742699623107910e-04
2.687722444534301758e-04
2.680085599422454834e-04
2.718232572078704834e-04
2.725869417190551758e-04
2.680048346519470215e-04
2.702958881855010986e-04
2.695322036743164062e-04
2.687685191631317139e-04
2.710595726966857910e-04
2.725869417190551758e-04
2.702996134757995605e-04
2.687685191631317139e-04
2.687722444534301758e-04
2.695322036743164062e-04
2.664774656295776367e-04
2.672448754310607910e-04
2.672411501407623291e-04
2.657137811183929443e-04
2.672411501407623291e-04
2.657175064086914062e-04
2.649538218975067139e-04
2.618953585624694824e-04
2.672448754310607910e-04
2.664737403392791748e-04
2.611353993415832520e-04
2.634227275848388672e-04
2.657175064086914062e-04
2.649500966072082520e-04
2.687722444534301758e-04
2.672411501407623291e-04
2.710632979869842529e-04
