1.221679576701717451e-05
6.413817754946649075e-05
1.313305547228083014e-04
1.527099666418507695e-04
1.832518901210278273e-04
2.015771460719406605e-04
2.168481587432324886e-04
2.382274833507835865e-04
2.565527101978659630e-04
2.534985542297363281e-04
2.840404631569981575e-04
2.596068661659955978e-04
2.932031638920307159e-04
3.206909168511629105e-04
3.176366444677114487e-04
3.084740601480007172e-04
3.084740601480007172e-04
2.993114758282899857e-04
3.267992287874221802e-04
3.115283325314521790e-04
3.298535011708736420e-04
3.298535011708736420e-04
3.329077735543251038e-04
3.237449564039707184e-04
3.267996944487094879e-04
3.359615802764892578e-04
3.237449564039707184e-04
3.359620459377765656e-04
3.206906840205192566e-04
3.359620459377765656e-04
3.329077735543251038e-04
3.268001601099967957e-04
3.267982974648475647e-04
3.267992287874221802e-04
3.390153869986534119e-04
3.237463533878326416e-04
3.237444907426834106e-04
3.390163183212280273e-04
3.298539668321609497e-04
3.390153869986534119e-04
3.176368772983551025e-04
3.145830705761909485e-04
3.115283325314521790e-04
3.145812079310417175e-04
3.115292638540267944e-04
3.145821392536163330e-04
3.237454220652580261e-04
3.176368772983551025e-04
3.084735944867134094e-04
3.115283325314521790e-04
2.932026982307434082e-04
2.962574362754821777e-04
3.084745258092880249e-04
2.932026982307434082e-04
2.962574362754821777e-04
2.932026982307434082e-04
2.962574362754821777e-04
2.901498228311538696e-04
2.901479601860046387e-04
2.870950847864151001e-04
2.779327332973480225e-04
2.932026982307434082e-04
2.809874713420867920e-04
2.901479601860046387e-04
2.840403467416763306e-04
2.870932221412658691e-04
2.870969474315643311e-04
2.840403467416763306e-04
2.993103116750717163e-04
2.840403467416763306e-04
2.901498228311538696e-04
2.779308706521987915e-04
2.932026982307434082e-04
2.962574362754821777e-04
2.870969474315643311e-04
2.932026982307434082e-04
2.870950847864151001e-04
2.993103116750717163e-04
2.993121743202209473e-04
2.993103116750717163e-04
2.932045608758926392e-04
3.054197877645492554e-04
3.023650497198104858e-04
3.023650497198104858e-04
2.962592989206314087e-04
2.932008355855941772e-04
2.993121743202209473e-04
2.993103116750717163e-04
2.993140369653701782e-04
2.962555736303329468e-04
2.901479601860046387e-04
2.993140369653701782e-04
2.932026982307434082e-04
3.054197877645492554e-04
2.932026982307434082e-04
3.084745258092880249e-04
3.145821392536163330e-04
3.176368772983551025e-04
3.023650497198104858e-04
3.115292638540267944e-04
3.115274012088775635e-04
3.084745258092880249e-04
3.115274012088775635e-04
3.176368772983551025e-04
3.084745258092880249e-04
3.054197877645492554e-04
3.145821392536163330e-04
3.145821392536163330e-04
3.145821392536163330e-04
3.206916153430938721e-04
3.176368772983551025e-04
3.237463533878326416e-04
3.237463533878326416e-04
3.298521041870117188e-04
3.420673310756683350e-04
3.420710563659667969e-04
3.298558294773101807e-04
3.390163183212280273e-04
3.390125930309295654e-04
3.359653055667877197e-04
3.329068422317504883e-04
3.390125930309295654e-04
3.390163183212280273e-04
3.390163183212280273e-04
3.390163183212280273e-04
3.206953406333923340e-04
3.298521041870117188e-04
3.267973661422729492e-04
3.481805324554443359e-04
3.298521041870117188e-04
3.237463533878326416e-04
3.329068422317504883e-04
3.390163183212280273e-04
3.390163183212280273e-04
3.390163183212280273e-04
3.359615802764892578e-04
3.329068422317504883e-04
3.390163183212280273e-04
3.390163183212280273e-04
3.329068422317504883e-04
3.298558294773101807e-04
3.268010914325714111e-04
3.298521041870117188e-04
3.451220691204071045e-04
3.359615802764892578e-04
3.420710563659667969e-04
3.451220691204071045e-04
3.481805324554443359e-04
3.451257944107055664e-04
3.512315452098846436e-04
3.512352705001831055e-04
3.603920340538024902e-04
3.634504973888397217e-04
3.634542226791381836e-04
3.573372960090637207e-04
3.634504973888397217e-04
3.603957593441009521e-04
3.603957593441009521e-04
3.665015101432800293e-04
3.787241876125335693e-04
3.634467720985412598e-04
3.542862832546234131e-04
3.634504973888397217e-04
3.603957593441009521e-04
3.542862832546234131e-04
3.603994846343994141e-04
3.603920340538024902e-04
3.695599734783172607e-04
3.634504973888397217e-04
3.603920340538024902e-04
3.603994846343994141e-04
3.695562481880187988e-04
3.878809511661529541e-04
3.756694495677947998e-04
3.787167370319366455e-04
3.787241876125335693e-04
3.756657242774963379e-04
3.909356892108917236e-04
3.939941525459289551e-04
3.848299384117126465e-04
3.878809511661529541e-04
3.848299384117126465e-04
3.756657242774963379e-04
3.909356892108917236e-04
3.848336637020111084e-04
3.878809511661529541e-04
3.848299384117126465e-04
3.970451653003692627e-04
3.939904272556304932e-04
3.970488905906677246e-04
3.878809511661529541e-04
3.939904272556304932e-04
4.000999033451080322e-04
3.848299384117126465e-04
3.848336637020111084e-04
3.970414400100708008e-04
4.062131047248840332e-04
4.031509160995483398e-04
4.062131047248840332e-04
4.214718937873840332e-04
