8.399047146667726338e-06
2.367004526604432613e-05
4.046813774039037526e-05
3.894103429047390819e-05
3.970458055846393108e-05
4.810362588614225388e-05
5.039430106990039349e-05
5.115781095810234547e-05
5.115784006193280220e-05
5.421202513389289379e-05
5.802980740554630756e-05
4.734008689410984516e-05
5.039427196606993675e-05
5.268491804599761963e-05
5.421199603006243706e-05
5.268497625365853310e-05
5.344848614186048508e-05
5.115784006193280220e-05
5.421199603006243706e-05
5.421205423772335052e-05
5.344848614186048508e-05
5.344848614186048508e-05
5.421193782240152359e-05
4.963076207786798477e-05
5.039433017373085022e-05
5.344848614186048508e-05
5.344848614186048508e-05
5.650275852531194687e-05
5.268491804599761963e-05
5.573907401412725449e-05
5.497550591826438904e-05
5.573919042944908142e-05
5.268491804599761963e-05
5.421205423772335052e-05
5.726632662117481232e-05
5.421193782240152359e-05
5.726621020585298538e-05
5.650275852531194687e-05
5.802977830171585083e-05
6.032036617398262024e-05
5.879322998225688934e-05
5.497573874890804291e-05
5.650264210999011993e-05
6.108405068516731262e-05
5.879322998225688934e-05
5.879346281290054321e-05
5.879322998225688934e-05
5.955691449344158173e-05
6.032036617398262024e-05
5.955691449344158173e-05
5.879346281290054321e-05
5.879322998225688934e-05
6.261118687689304352e-05
6.566522642970085144e-05
6.261095404624938965e-05
6.337463855743408203e-05
6.261095404624938965e-05
6.566545926034450531e-05
6.108381785452365875e-05
5.879346281290054321e-05
6.032036617398262024e-05
6.108405068516731262e-05
6.261095404624938965e-05
6.184750236570835114e-05
6.261118687689304352e-05
6.490177474915981293e-05
6.337440572679042816e-05
6.337487138807773590e-05
6.413809023797512054e-05
6.184750236570835114e-05
6.337463855743408203e-05
6.261095404624938965e-05
6.337463855743408203e-05
6.490200757980346680e-05
6.871949881315231323e-05
6.184773519635200500e-05
6.490107625722885132e-05
6.413832306861877441e-05
6.413832306861877441e-05
6.108405068516731262e-05
6.108405068516731262e-05
6.566522642970085144e-05
6.184726953506469727e-05
6.184773519635200500e-05
6.032036617398262024e-05
6.337463855743408203e-05
6.261095404624938965e-05
6.337463855743408203e-05
5.955714732408523560e-05
6.261095404624938965e-05
6.108405068516731262e-05
6.108405068516731262e-05
6.261095404624938965e-05
6.184726953506469727e-05
6.108451634645462036e-05
6.261095404624938965e-05
6.261095404624938965e-05
6.184726953506469727e-05
6.261141970753669739e-05
6.795581430196762085e-05
6.261095404624938965e-05
6.261141970753669739e-05
5.955668166279792786e-05
6.184773519635200500e-05
6.184726953506469727e-05
5.955668166279792786e-05
6.108405068516731262e-05
6.032083183526992798e-05
6.032036617398262024e-05
5.879299715161323547e-05
6.032036617398262024e-05
5.803024396300315857e-05
5.802977830171585083e-05
5.879299715161323547e-05
5.803024396300315857e-05
5.879299715161323547e-05
5.726609379053115845e-05
6.032036617398262024e-05
5.955714732408523560e-05
6.032036617398262024e-05
5.650287494063377380e-05
6.032036617398262024e-05
6.337417289614677429e-05
5.955714732408523560e-05
6.642844527959823608e-05
6.032083183526992798e-05
5.955668166279792786e-05
6.032083183526992798e-05
6.261048838496208191e-05
6.413878872990608215e-05
6.032036617398262024e-05
6.413832306861877441e-05
6.261095404624938965e-05
6.490154191851615906e-05
6.490154191851615906e-05
6.337463855743408203e-05
6.413832306861877441e-05
6.108451634645462036e-05
6.184633821249008179e-05
6.032083183526992798e-05
5.879346281290054321e-05
5.726609379053115845e-05
5.955714732408523560e-05
6.032083183526992798e-05
5.955714732408523560e-05
6.184633821249008179e-05
6.032083183526992798e-05
6.032083183526992798e-05
6.031990051269531250e-05
6.490200757980346680e-05
5.879346281290054321e-05
5.955714732408523560e-05
6.031990051269531250e-05
6.108358502388000488e-05
6.413832306861877441e-05
6.184820085763931274e-05
5.726609379053115845e-05
6.032083183526992798e-05
5.879253149032592773e-05
6.413832306861877441e-05
6.108451634645462036e-05
6.031990051269531250e-05
6.108451634645462036e-05
6.108358502388000488e-05
5.955714732408523560e-05
6.031990051269531250e-05
6.184726953506469727e-05
6.261188536882400513e-05
6.337463855743408203e-05
6.108358502388000488e-05
5.726609379053115845e-05
6.108451634645462036e-05
6.261095404624938965e-05
6.490107625722885132e-05
6.642937660217285156e-05
6.413739174604415894e-05
6.261188536882400513e-05
6.566476076841354370e-05
6.642937660217285156e-05
6.031990051269531250e-05
6.108358502388000488e-05
6.032083183526992798e-05
5.955714732408523560e-05
6.337463855743408203e-05
5.879346281290054321e-05
6.108358502388000488e-05
5.802977830171585083e-05
6.032083183526992798e-05
6.031990051269531250e-05
5.726702511310577393e-05
5.497504025697708130e-05
5.650334060192108154e-05
6.108358502388000488e-05
5.650240927934646606e-05
5.650240927934646606e-05
5.726609379053115845e-05
6.032083183526992798e-05
5.955714732408523560e-05
6.031990051269531250e-05
5.879439413547515869e-05
