1.527099470877146814e-06
6.108397883508587256e-06
1.527099448139779270e-05
2.290649172209668905e-05
2.748779297689907253e-05
3.970458783442154527e-05
4.428587999427691102e-05
5.039428651798516512e-05
6.261108501348644495e-05
6.566525553353130817e-05
7.024657679721713066e-05
7.330079097300767899e-05
7.330079097300767899e-05
7.330079097300767899e-05
7.177359657362103462e-05
8.857180364429950714e-05
7.940916111692786217e-05
7.330079097300767899e-05
7.788208313286304474e-05
8.093623910099267960e-05
7.635506335645914078e-05
7.788208313286304474e-05
7.788196671754121780e-05
7.330090738832950592e-05
7.788196671754121780e-05
7.788208313286304474e-05
7.330067455768585205e-05
7.482792716473340988e-05
7.177365478128194809e-05
7.330090738832950592e-05
7.177365478128194809e-05
6.719247903674840927e-05
6.566522642970085144e-05
7.024640217423439026e-05
7.177377119660377502e-05
7.330090738832950592e-05
6.871926598250865936e-05
7.024663500487804413e-05
6.871949881315231323e-05
6.719236262142658234e-05
6.261095404624938965e-05
6.261118687689304352e-05
5.802977830171585083e-05
6.566545926034450531e-05
6.261095404624938965e-05
6.413832306861877441e-05
6.108358502388000488e-05
6.719259545207023621e-05
6.261118687689304352e-05
6.871926598250865936e-05
6.413832306861877441e-05
6.108405068516731262e-05
7.024640217423439026e-05
6.871973164379596710e-05
6.719212979078292847e-05
6.871949881315231323e-05
6.719259545207023621e-05
7.024640217423439026e-05
6.871926598250865936e-05
6.413832306861877441e-05
7.177353836596012115e-05
7.177377119660377502e-05
6.719212979078292847e-05
7.024686783552169800e-05
7.177377119660377502e-05
7.177377119660377502e-05
7.177330553531646729e-05
7.177377119660377502e-05
7.482804358005523682e-05
7.177377119660377502e-05
7.940875366330146790e-05
7.330114021897315979e-05
7.940875366330146790e-05
8.246349170804023743e-05
8.093658834695816040e-05
7.940875366330146790e-05
7.940921932458877563e-05
8.246395736932754517e-05
8.246302604675292969e-05
7.940921932458877563e-05
8.857157081365585327e-05
8.551776409149169922e-05
8.551776409149169922e-05
8.857157081365585327e-05
8.704466745257377625e-05
9.009847417473793030e-05
9.009893983602523804e-05
9.009940549731254578e-05
9.009893983602523804e-05
8.704420179128646851e-05
8.704466745257377625e-05
8.704466745257377625e-05
8.704466745257377625e-05
8.551776409149169922e-05
8.399039506912231445e-05
8.399039506912231445e-05
8.399086073040962219e-05
8.399039506912231445e-05
8.704466745257377625e-05
8.704420179128646851e-05
8.704466745257377625e-05
8.857203647494316101e-05
8.399086073040962219e-05
9.315274655818939209e-05
9.009893983602523804e-05
9.162584319710731506e-05
9.315274655818939209e-05
9.468011558055877686e-05
9.315367788076400757e-05
9.468011558055877686e-05
9.468011558055877686e-05
9.468011558055877686e-05
9.773485362529754639e-05
9.926129132509231567e-05
9.926129132509231567e-05
1.007877290248870850e-04
1.038443297147750854e-04
1.053689047694206238e-04
1.038433983922004700e-04
1.053689047694206238e-04
1.053698360919952393e-04
1.068972051143646240e-04
1.099510118365287781e-04
1.099510118365287781e-04
1.099519431591033936e-04
1.053698360919952393e-04
1.130057498812675476e-04
1.084227114915847778e-04
1.145331189036369324e-04
1.130048185586929321e-04
1.114793121814727783e-04
1.206407323479652405e-04
1.206407323479652405e-04
1.160595566034317017e-04
1.160586252808570862e-04
1.160604879260063171e-04
1.145331189036369324e-04
1.084227114915847778e-04
1.053707674145698547e-04
1.099510118365287781e-04
1.023160293698310852e-04
1.038424670696258545e-04
1.038424670696258545e-04
1.099510118365287781e-04
1.114783808588981628e-04
1.099510118365287781e-04
1.038424670696258545e-04
1.023160293698310852e-04
1.084236428141593933e-04
1.038433983922004700e-04
1.038424670696258545e-04
1.068972051143646240e-04
1.114783808588981628e-04
1.023150980472564697e-04
1.007886603474617004e-04
1.068972051143646240e-04
1.007877290248870850e-04
1.007895916700363159e-04
9.773392230272293091e-05
1.053698360919952393e-04
1.023160293698310852e-04
9.468011558055877686e-05
1.007886603474617004e-04
9.620655328035354614e-05
9.773485362529754639e-05
1.023160293698310852e-04
9.620748460292816162e-05
1.007877290248870850e-04
9.620748460292816162e-05
9.468011558055877686e-05
9.468011558055877686e-05
9.926222264766693115e-05
9.773392230272293091e-05
9.620748460292816162e-05
9.468011558055877686e-05
9.620655328035354614e-05
9.468104690313339233e-05
9.315274655818939209e-05
9.620655328035354614e-05
9.620841592550277710e-05
9.467918425798416138e-05
9.009987115859985352e-05
9.009800851345062256e-05
9.620841592550277710e-05
9.009800851345062256e-05
9.315274655818939209e-05
9.315460920333862305e-05
9.315088391304016113e-05
9.009987115859985352e-05
9.009987115859985352e-05
8.704327046871185303e-05
9.468011558055877686e-05
8.857250213623046875e-05
8.704513311386108398e-05
8.399039506912231445e-05
8.704327046871185303e-05
9.009987115859985352e-05
9.009987115859985352e-05
9.009800851345062256e-05
8.857250213623046875e-05
