3.817748677192867035e-07
1.717986947369354311e-06
3.054198714380618185e-06
4.008636551589006558e-06
5.344848432287108153e-06
5.153960046300198883e-06
4.772186002810485661e-06
5.344847522792406380e-06
4.772187821799889207e-06
4.772184183821082115e-06
4.581299435812979937e-06
4.008637915831059217e-06
3.817745891865342855e-06
3.626861143857240677e-06
2.863314875867217779e-06
3.245084371883422136e-06
3.245084371883422136e-06
2.290653355885297060e-06
2.290646079927682877e-06
2.099761331919580698e-06
2.481538103893399239e-06
2.099761331919580698e-06
2.099761331919580698e-06
1.527099811937659979e-06
2.099768607877194881e-06
1.908862031996250153e-06
1.717991835903376341e-06
2.481538103893399239e-06
1.336207787971943617e-06
2.099761331919580698e-06
2.290653355885297060e-06
1.145323039963841438e-06
1.717984559945762157e-06
2.099768607877194881e-06
2.290646079927682877e-06
1.717991835903376341e-06
1.527092535980045795e-06
1.908876583911478519e-06
1.145323039963841438e-06
1.717984559945762157e-06
1.527099811937659979e-06
1.145330315921455622e-06
9.544310159981250763e-07
2.099768607877194881e-06
1.336207787971943617e-06
1.717984559945762157e-06
1.145323039963841438e-06
2.099761331919580698e-06
1.336215063929557800e-06
1.527107087895274162e-06
1.527092535980045795e-06
1.336215063929557800e-06
1.717999111860990524e-06
1.908862031996250153e-06
1.717984559945762157e-06
1.336215063929557800e-06
1.527107087895274162e-06
1.908862031996250153e-06
1.145337591879069805e-06
5.726469680666923523e-07
1.527107087895274162e-06
7.635535439476370811e-07
9.544310159981250763e-07
9.544310159981250763e-07
1.145337591879069805e-06
1.908862031996250153e-06
1.909065758809447289e-07
1.145308488048613071e-06
1.527107087895274162e-06
1.145308488048613071e-06
3.817840479314327240e-07
5.726760718971490860e-07
9.544310159981250763e-07
1.145323039963841438e-06
7.635389920324087143e-07
5.726760718971490860e-07
5.726615199819207191e-07
1.527092535980045795e-06
7.635389920324087143e-07
5.726760718971490860e-07
7.635535439476370811e-07
9.544310159981250763e-07
9.544310159981250763e-07
7.635535439476370811e-07
5.726615199819207191e-07
3.817840479314327240e-07
9.544310159981250763e-07
9.544310159981250763e-07
5.726760718971490860e-07
9.544310159981250763e-07
5.726615199819207191e-07
5.726615199819207191e-07
1.145323039963841438e-06
1.145323039963841438e-06
3.817840479314327240e-07
1.336200512014329433e-06
5.726615199819207191e-07
9.544455679133534431e-07
3.817840479314327240e-07
5.726469680666923523e-07
9.544455679133534431e-07
7.635535439476370811e-07
1.908774720504879951e-07
9.544455679133534431e-07
9.544310159981250763e-07
5.726615199819207191e-07
1.908920239657163620e-07
3.817694960162043571e-07
7.635535439476370811e-07
7.635535439476370811e-07
5.726469680666923523e-07
5.726760718971490860e-07
3.817840479314327240e-07
5.726469680666923523e-07
5.726615199819207191e-07
5.726760718971490860e-07
0.000000000000000000e+00
5.726469680666923523e-07
7.635535439476370811e-07
5.726615199819207191e-07
1.145323039963841438e-06
1.145323039963841438e-06
7.635535439476370811e-07
7.635535439476370811e-07
1.527107087895274162e-06
1.908774720504879951e-07
7.635535439476370811e-07
3.817694960162043571e-07
5.726615199819207191e-07
9.544310159981250763e-07
0.000000000000000000e+00
7.635535439476370811e-07
5.726615199819207191e-07
1.145323039963841438e-06
5.726615199819207191e-07
1.908920239657163620e-07
1.527092535980045795e-06
1.527107087895274162e-06
3.817840479314327240e-07
5.726469680666923523e-07
1.909065758809447289e-07
3.817549441009759903e-07
3.817840479314327240e-07
3.817694960162043571e-07
9.544310159981250763e-07
7.635535439476370811e-07
7.635535439476370811e-07
3.817840479314327240e-07
1.908774720504879951e-07
0.000000000000000000e+00
7.635535439476370811e-07
5.726760718971490860e-07
1.145308488048613071e-06
1.145323039963841438e-06
5.726615199819207191e-07
1.336215063929557800e-06
0.000000000000000000e+00
1.908920239657163620e-07
7.635535439476370811e-07
9.544310159981250763e-07
1.145323039963841438e-06
0.000000000000000000e+00
5.726615199819207191e-07
1.908920239657163620e-07
1.908920239657163620e-07
1.145308488048613071e-06
1.909065758809447289e-07
5.726469680666923523e-07
3.817840479314327240e-07
1.145323039963841438e-06
-3.817694960162043571e-07
3.817694960162043571e-07
3.817840479314327240e-07
3.817549441009759903e-07
5.726760718971490860e-07
3.817694960162043571e-07
5.726615199819207191e-07
3.817694960162043571e-07
7.635535439476370811e-07
0.000000000000000000e+00
7.635389920324087143e-07
1.909065758809447289e-07
1.908774720504879951e-07
9.544455679133534431e-07
5.726615199819207191e-07
5.726615199819207191e-07
0.000000000000000000e+00
3.817694960162043571e-07
5.726760718971490860e-07
1.908774720504879951e-07
3.817694960162043571e-07
0.000000000000000000e+00
7.635535439476370811e-07
1.908920239657163620e-07
-1.908920239657163620e-07
0.000000000000000000e+00
5.726615199819207191e-07
7.635535439476370811e-07
5.726615199819207191e-07
1.908920239657163620e-07
