1.527099470877146814e-06
5.153960955794900656e-06
8.399047146667726338e-06
1.088058434106642380e-05
1.298034658248070627e-05
1.527099084341898561e-05
1.679810156929306686e-05
1.851607521530240774e-05
1.813431299524381757e-05
1.851608249126002192e-05
1.927962875925004482e-05
1.813430571928620338e-05
1.947050623130053282e-05
1.851608976721763611e-05
1.813430571928620338e-05
1.775252167135477066e-05
1.775253622326999903e-05
1.565279671922326088e-05
1.622541458345949650e-05
1.717984559945762157e-05
1.641633571125566959e-05
1.660719863139092922e-05
1.737076672725379467e-05
1.851608976721763611e-05
1.794341369532048702e-05
1.737076672725379467e-05
1.698895357549190521e-05
1.698901178315281868e-05
1.679806155152618885e-05
1.698901178315281868e-05
1.679809065535664558e-05
1.584365963935852051e-05
1.546187559142708778e-05
1.622544368728995323e-05
1.698895357549190521e-05
1.622544368728995323e-05
1.584365963935852051e-05
1.565279671922326088e-05
1.565273851156234741e-05
1.565279671922326088e-05
1.527095446363091469e-05
1.508014975115656853e-05
1.565273851156234741e-05
1.546187559142708778e-05
1.546187559142708778e-05
1.565279671922326088e-05
1.546187559142708778e-05
1.508014975115656853e-05
1.508009154349565506e-05
1.469830749556422234e-05
1.488922862336039543e-05
1.412566052749752998e-05
1.527101267129182816e-05
1.527101267129182816e-05
1.488917041569948196e-05
1.393479760736227036e-05
1.431652344763278961e-05
1.450750278308987617e-05
1.412566052749752998e-05
1.298030838370323181e-05
1.393479760736227036e-05
1.355301355943083763e-05
1.298036659136414528e-05
1.298030838370323181e-05
1.298042479902505875e-05
1.355295535176992416e-05
1.221674028784036636e-05
1.298030838370323181e-05
1.259869895875453949e-05
1.240766141563653946e-05
1.317122951149940491e-05
1.126236747950315475e-05
1.298030838370323181e-05
1.298042479902505875e-05
1.298030838370323181e-05
1.221674028784036636e-05
1.202593557536602020e-05
1.202593557536602020e-05
1.164409331977367401e-05
1.202593557536602020e-05
1.049879938364028931e-05
1.088052522391080856e-05
1.107144635170698166e-05
1.088064163923263550e-05
1.030787825584411621e-05
1.049891579896211624e-05
1.068960409611463547e-05
1.145328860729932785e-05
1.049879938364028931e-05
1.107144635170698166e-05
1.011707354336977005e-05
1.088064163923263550e-05
1.049868296831846237e-05
1.030799467116594315e-05
1.049879938364028931e-05
1.088064163923263550e-05
1.049879938364028931e-05
1.068972051143646240e-05
9.926036000251770020e-06
1.011707354336977005e-05
1.011707354336977005e-05
9.926036000251770020e-06
9.544426575303077698e-06
1.030787825584411621e-05
9.926152415573596954e-06
9.926268830895423889e-06
9.353389032185077667e-06
9.926152415573596954e-06
9.926152415573596954e-06
1.030799467116594315e-05
9.926036000251770020e-06
9.544426575303077698e-06
9.353505447506904602e-06
9.162584319710731506e-06
9.353505447506904602e-06
9.353505447506904602e-06
8.780858479440212250e-06
8.780742064118385315e-06
8.780742064118385315e-06
9.162700735032558441e-06
8.780858479440212250e-06
9.353389032185077667e-06
8.971663191914558411e-06
8.780858479440212250e-06
9.162700735032558441e-06
8.208095096051692963e-06
8.589937351644039154e-06
8.589937351644039154e-06
9.162584319710731506e-06
8.971779607236385345e-06
8.589820936322212219e-06
8.780858479440212250e-06
8.971663191914558411e-06
9.162700735032558441e-06
1.030787825584411621e-05
1.164420973509550095e-05
1.030787825584411621e-05
1.030787825584411621e-05
9.735231287777423859e-06
9.926152415573596954e-06
9.353621862828731537e-06
8.589820936322212219e-06
9.162700735032558441e-06
9.735231287777423859e-06
9.353505447506904602e-06
9.353389032185077667e-06
8.971663191914558411e-06
9.544426575303077698e-06
8.971779607236385345e-06
8.780742064118385315e-06
8.780742064118385315e-06
8.780858479440212250e-06
9.544426575303077698e-06
9.544310159981250763e-06
8.971779607236385345e-06
9.544310159981250763e-06
9.162700735032558441e-06
1.030787825584411621e-05
1.049868296831846237e-05
1.068972051143646240e-05
1.030811108648777008e-05
1.049856655299663544e-05
1.068972051143646240e-05
1.068972051143646240e-05
1.068995334208011627e-05
1.145293936133384705e-05
1.259869895875453949e-05
1.107132993638515472e-05
1.068972051143646240e-05
1.068972051143646240e-05
1.011718995869159698e-05
1.088064163923263550e-05
1.164409331977367401e-05
1.088040880858898163e-05
1.107156276702880859e-05
1.183501444756984711e-05
1.278962008655071259e-05
1.202570274472236633e-05
1.145317219197750092e-05
1.202616840600967407e-05
1.145317219197750092e-05
1.183501444756984711e-05
1.221685670316219330e-05
1.202570274472236633e-05
1.107156276702880859e-05
1.164409331977367401e-05
1.164409331977367401e-05
1.145340502262115479e-05
1.088040880858898163e-05
1.049879938364028931e-05
1.011718995869159698e-05
1.049856655299663544e-05
1.049903221428394318e-05
1.011718995869159698e-05
9.544193744659423828e-06
1.030787825584411621e-05
1.068972051143646240e-05
1.011718995869159698e-05
9.735347703099250793e-06
1.145293936133384705e-05
