0.000000000000000000e+00
6.108397883508587256e-06
1.832519410527311265e-05
2.443359153403434902e-05
4.886718306806869805e-05
3.665038821054622531e-05
6.108397792559117079e-05
6.719237717334181070e-05
6.108399247750639915e-05
7.330076186917722225e-05
7.330076186917722225e-05
8.551756036467850208e-05
1.038427581079304218e-04
1.038428163155913353e-04
1.038426999002695084e-04
1.160596148110926151e-04
1.221679849550127983e-04
1.099511282518506050e-04
9.773427154868841171e-05
1.160596730187535286e-04
1.038428163155913353e-04
1.099511282518506050e-04
1.160594401881098747e-04
1.038429327309131622e-04
1.038426999002695084e-04
1.221678685396909714e-04
1.160597894340753555e-04
1.282764133065938950e-04
1.221676357090473175e-04
1.221681013703346252e-04
1.221678685396909714e-04
1.160595566034317017e-04
1.099512446671724319e-04
1.282764133065938950e-04
1.588182058185338974e-04
1.282764133065938950e-04
1.282761804759502411e-04
1.221681013703346252e-04
1.160595566034317017e-04
1.404932700097560883e-04
1.099512446671724319e-04
1.160590909421443939e-04
9.773438796401023865e-05
1.221681013703346252e-04
1.282766461372375488e-04
1.160595566034317017e-04
9.773392230272293091e-05
1.038429327309131622e-04
1.160595566034317017e-04
1.343847252428531647e-04
1.160600222647190094e-04
1.099510118365287781e-04
1.160595566034317017e-04
1.160595566034317017e-04
1.343842595815658569e-04
1.160600222647190094e-04
1.160590909421443939e-04
1.221681013703346252e-04
1.404937356710433960e-04
8.551729843020439148e-05
1.343847252428531647e-04
1.160595566034317017e-04
1.404928043484687805e-04
1.343851909041404724e-04
1.160595566034317017e-04
1.282761804759502411e-04
1.160595566034317017e-04
1.404932700097560883e-04
1.466013491153717041e-04
1.343847252428531647e-04
1.160600222647190094e-04
8.551729843020439148e-05
1.099510118365287781e-04
1.099510118365287781e-04
1.221681013703346252e-04
1.099510118365287781e-04
1.343851909041404724e-04
1.527098938822746277e-04
1.099510118365287781e-04
1.038433983922004700e-04
1.221671700477600098e-04
1.282766461372375488e-04
9.773485362529754639e-05
1.160595566034317017e-04
1.038424670696258545e-04
1.221671700477600098e-04
1.221690326929092407e-04
1.343842595815658569e-04
1.038424670696258545e-04
1.038424670696258545e-04
9.162630885839462280e-05
1.099510118365287781e-04
1.099510118365287781e-04
1.038424670696258545e-04
1.221690326929092407e-04
1.282757148146629333e-04
1.282766461372375488e-04
1.038433983922004700e-04
9.773392230272293091e-05
1.038424670696258545e-04
9.773485362529754639e-05
9.162537753582000732e-05
1.160604879260063171e-04
1.160586252808570862e-04
1.038433983922004700e-04
1.099510118365287781e-04
1.160586252808570862e-04
1.466022804379463196e-04
9.773392230272293091e-05
1.038433983922004700e-04
1.099510118365287781e-04
1.282766461372375488e-04
1.160586252808570862e-04
9.773485362529754639e-05
1.160595566034317017e-04
1.099519431591033936e-04
1.160595566034317017e-04
1.099510118365287781e-04
1.160586252808570862e-04
1.160604879260063171e-04
1.221671700477600098e-04
1.527108252048492432e-04
1.221671700477600098e-04
1.282766461372375488e-04
1.282757148146629333e-04
1.160604879260063171e-04
1.099510118365287781e-04
1.099510118365287781e-04
1.099510118365287781e-04
1.160595566034317017e-04
1.160604879260063171e-04
1.099510118365287781e-04
1.038424670696258545e-04
1.221671700477600098e-04
1.160595566034317017e-04
1.343851909041404724e-04
1.221671700477600098e-04
1.038433983922004700e-04
1.099519431591033936e-04
1.221671700477600098e-04
8.551776409149169922e-05
9.162537753582000732e-05
1.160595566034317017e-04
1.099519431591033936e-04
1.221690326929092407e-04
1.221671700477600098e-04
1.160576939582824707e-04
1.099538058042526245e-04
1.038406044244766235e-04
1.282785087823867798e-04
1.099500805139541626e-04
1.282766461372375488e-04
1.343842595815658569e-04
1.343842595815658569e-04
1.343861222267150879e-04
1.343842595815658569e-04
1.404937356710433960e-04
1.282766461372375488e-04
1.404918730258941650e-04
1.527089625597000122e-04
1.527108252048492432e-04
1.343861222267150879e-04
1.527089625597000122e-04
1.588184386491775513e-04
1.466013491153717041e-04
1.466013491153717041e-04
1.466032117605209351e-04
1.710336655378341675e-04
1.466013491153717041e-04
1.649279147386550903e-04
1.343842595815658569e-04
1.588184386491775513e-04
1.771431416273117065e-04
1.649260520935058594e-04
1.588203012943267822e-04
1.588165760040283203e-04
1.466032117605209351e-04
1.771431416273117065e-04
1.465994864702224731e-04
1.710373908281326294e-04
1.588165760040283203e-04
1.588184386491775513e-04
1.649279147386550903e-04
1.649260520935058594e-04
1.588184386491775513e-04
1.710336655378341675e-04
1.649297773838043213e-04
1.649260520935058594e-04
1.649260520935058594e-04
1.649260520935058594e-04
1.527108252048492432e-04
1.771431416273117065e-04
1.710355281829833984e-04
1.343842595815658569e-04
1.343842595815658569e-04
1.649260520935058594e-04
1.588203012943267822e-04
1.527089625597000122e-04
1.527108252048492432e-04
1.465994864702224731e-04
