2.672423988769878633e-06
1.030792191158980131e-05
1.832519410527311265e-05
2.825133924488909543e-05
3.512328839860856533e-05
3.855926479445770383e-05
3.894104156643152237e-05
4.084990359842777252e-05
4.314054967835545540e-05
4.275879473425447941e-05
4.123168764635920525e-05
4.161347169429063797e-05
4.161344259046018124e-05
4.237703979015350342e-05
4.275876563042402267e-05
4.275882383808493614e-05
4.199519753456115723e-05
4.008633550256490707e-05
4.237698158249258995e-05
4.428590182214975357e-05
4.275882383808493614e-05
4.314054967835545540e-05
4.657654790207743645e-05
4.734011599794030190e-05
4.810362588614225388e-05
4.886719398200511932e-05
4.963064566254615784e-05
5.077617242932319641e-05
5.115778185427188873e-05
5.421205423772335052e-05
5.497562233358621597e-05
5.497550591826438904e-05
5.497562233358621597e-05
5.764793604612350464e-05
5.955691449344158173e-05
5.917518865317106247e-05
6.146566011011600494e-05
6.299279630184173584e-05
6.375648081302642822e-05
6.681052036583423615e-05
6.910134106874465942e-05
6.795581430196762085e-05
6.910134106874465942e-05
7.139192894101142883e-05
7.406412623822689056e-05
7.711863145232200623e-05
7.750047370791435242e-05
8.017267100512981415e-05
8.360855281352996826e-05
8.857180364429950714e-05
8.704490028321743011e-05
8.971686474978923798e-05
9.315321221947669983e-05
9.582540951669216156e-05
9.773438796401023865e-05
9.887968190014362335e-05
1.000249758362770081e-04
1.007884275168180466e-04
1.042247749865055084e-04
1.053698360919952393e-04
1.030790153890848160e-04
1.038429327309131622e-04
1.057516783475875854e-04
1.053696032613515854e-04
1.080422662198543549e-04
1.080422662198543549e-04
1.046066172420978546e-04
1.068967394530773163e-04
1.088059507310390472e-04
1.053698360919952393e-04
1.023155637085437775e-04
1.019337214529514313e-04
1.103333197534084320e-04
1.080422662198543549e-04
1.053698360919952393e-04
1.000254414975643158e-04
1.030787825584411621e-04
1.011705026030540466e-04
1.007886603474617004e-04
1.019337214529514313e-04
1.015518791973590851e-04
1.053703017532825470e-04
1.026974059641361237e-04
1.004063524305820465e-04
9.849807247519493103e-05
1.004068180918693542e-04
1.004068180918693542e-04
1.004068180918693542e-04
9.849760681390762329e-05
9.964359924197196960e-05
9.887944906949996948e-05
1.015523448586463928e-04
1.038424670696258545e-04
1.011705026030540466e-04
1.007886603474617004e-04
9.926129132509231567e-05
1.007886603474617004e-04
9.735254570841789246e-05
9.735254570841789246e-05
9.620748460292816162e-05
9.468011558055877686e-05
9.735301136970520020e-05
9.582471102476119995e-05
9.658932685852050781e-05
9.506195783615112305e-05
9.277090430259704590e-05
9.162630885839462280e-05
9.086169302463531494e-05
8.857250213623046875e-05
9.009893983602523804e-05
8.971709758043289185e-05
8.704420179128646851e-05
8.704513311386108398e-05
8.666329085826873779e-05
8.589867502450942993e-05
8.551869541406631470e-05
8.284393697977066040e-05
8.437316864728927612e-05
8.437130600214004517e-05
8.628144860267639160e-05
8.704513311386108398e-05
8.666235953569412231e-05
8.780881762504577637e-05
8.628051728010177612e-05
8.666329085826873779e-05
8.322671055793762207e-05
8.399039506912231445e-05
8.437223732471466064e-05
8.437223732471466064e-05
8.513592183589935303e-05
8.399039506912231445e-05
8.513592183589935303e-05
8.322671055793762207e-05
8.818972855806350708e-05
8.666329085826873779e-05
8.589960634708404541e-05
8.513499051332473755e-05
8.437316864728927612e-05
8.437223732471466064e-05
8.284486830234527588e-05
8.513499051332473755e-05
8.399132639169692993e-05
8.475407958030700684e-05
8.551683276891708374e-05
8.551776409149169922e-05
8.704513311386108398e-05
8.666329085826873779e-05
8.322577923536300659e-05
8.055474609136581421e-05
8.093658834695816040e-05
8.131843060255050659e-05
8.322671055793762207e-05
8.360855281352996826e-05
8.284486830234527588e-05
8.284579962491989136e-05
8.093658834695816040e-05
8.131749927997589111e-05
7.940921932458877563e-05
7.826369255781173706e-05
7.940921932458877563e-05
7.788278162479400635e-05
7.826276123523712158e-05
7.788278162479400635e-05
7.635541260242462158e-05
7.711723446846008301e-05
7.826462388038635254e-05
7.940828800201416016e-05
7.788278162479400635e-05
7.673632353544235229e-05
7.826369255781173706e-05
7.750000804662704468e-05
7.864646613597869873e-05
7.940921932458877563e-05
7.826369255781173706e-05
7.788278162479400635e-05
7.902644574642181396e-05
7.673632353544235229e-05
7.826462388038635254e-05
7.940828800201416016e-05
7.826462388038635254e-05
7.979106158018112183e-05
7.902737706899642944e-05
7.979106158018112183e-05
8.055474609136581421e-05
8.169934153556823730e-05
8.284486830234527588e-05
8.208211511373519897e-05
8.017197251319885254e-05
8.208211511373519897e-05
8.170027285814285278e-05
8.131749927997589111e-05
8.169934153556823730e-05
8.055567741394042969e-05
8.055381476879119873e-05
8.055474609136581421e-05
8.017290383577346802e-05
8.017197251319885254e-05
7.864646613597869873e-05
7.979013025760650635e-05
8.169934153556823730e-05
