1.011703352560289204e-05
3.951369944843463600e-05
6.413817754946649075e-05
8.246338984463363886e-05
9.849791240412741899e-05
1.065151882357895374e-04
1.131962344516068697e-04
1.166322617791593075e-04
1.183501444756984711e-04
1.200682017952203751e-04
1.202590647153556347e-04
1.185410656034946442e-04
1.193048665300011635e-04
1.206407323479652405e-04
1.191137125715613365e-04
1.175866927951574326e-04
1.175866927951574326e-04
1.139597734436392784e-04
1.181593397632241249e-04
1.208317698910832405e-04
1.233131624758243561e-04
1.219771802425384521e-04
1.256039831787347794e-04
1.290400978177785873e-04
1.338117290288209915e-04
1.361030153930187225e-04
1.404928043484687805e-04
1.475559547543525696e-04
1.450746785849332809e-04
1.553823240101337433e-04
1.580547541379928589e-04
1.550007145851850510e-04
1.544279512017965317e-04
1.603453420102596283e-04
1.609185710549354553e-04
1.574815250933170319e-04
1.613004133105278015e-04
1.614904031157493591e-04
1.607271842658519745e-04
1.607271842658519745e-04
1.607271842658519745e-04
1.574824564158916473e-04
1.565273851156234741e-04
1.580552197992801666e-04
1.557637006044387817e-04
1.586270518600940704e-04
1.544281840324401855e-04
1.563369296491146088e-04
1.525199040770530701e-04
1.525185070931911469e-04
1.473650336265563965e-04
1.471741124987602234e-04
1.506106927990913391e-04
1.523280516266822815e-04
1.511825248599052429e-04
1.490837894380092621e-04
1.490828581154346466e-04
1.477464102208614349e-04
1.483196392655372620e-04
1.446930691599845886e-04
1.466004177927970886e-04
1.435475423932075500e-04
1.500379294157028198e-04
1.502288505434989929e-04
1.483187079429626465e-04
1.479377970099449158e-04
1.445012167096138000e-04
1.456476747989654541e-04
1.460295170545578003e-04
1.416383311152458191e-04
1.450749114155769348e-04
1.420192420482635498e-04
1.477468758821487427e-04
1.466022804379463196e-04
1.446921378374099731e-04
1.425929367542266846e-04
1.399219036102294922e-04
1.387735828757286072e-04
1.368662342429161072e-04
1.374389976263046265e-04
1.382026821374893188e-04
1.395391300320625305e-04
1.391572877764701843e-04
1.395372673869132996e-04
1.364853233098983765e-04
1.351488754153251648e-04
1.372480764985084534e-04
1.372480764985084534e-04
1.347651705145835876e-04
1.334315165877342224e-04
1.319032162427902222e-04
1.338114961981773376e-04
1.324759796261787415e-04
1.332396641373634338e-04
1.311395317316055298e-04
1.322859898209571838e-04
1.301849260926246643e-04
1.305667683482170105e-04
1.296112313866615295e-04
1.317132264375686646e-04
1.334305852651596069e-04
1.326669007539749146e-04
1.320941373705863953e-04
1.374380663037300110e-04
1.372490078210830688e-04
1.366753131151199341e-04
1.362934708595275879e-04
1.362934708595275879e-04
1.370571553707122803e-04
1.385835930705070496e-04
1.349588856101036072e-04
1.334296539425849915e-04
1.343851909041404724e-04
1.332396641373634338e-04
1.332396641373634338e-04
1.313295215368270874e-04
1.296121627092361450e-04
1.317132264375686646e-04
1.324769109487533569e-04
1.307558268308639526e-04
1.292321830987930298e-04
1.298021525144577026e-04
1.284684985876083374e-04
1.280847936868667603e-04
1.299940049648284912e-04
1.215953379869461060e-04
1.254137605428695679e-04
1.256037503480911255e-04
1.269392669200897217e-04
1.277048140764236450e-04
1.231208443641662598e-04
1.244600862264633179e-04
1.265574246644973755e-04
1.275129616260528564e-04
1.275129616260528564e-04
1.280847936868667603e-04
1.271329820156097412e-04
1.286584883928298950e-04
1.244582235813140869e-04
1.252200454473495483e-04
1.233145594596862793e-04
1.204479485750198364e-04
1.223608851432800293e-04
1.244582235813140869e-04
1.246500760316848755e-04
1.256056129932403564e-04
1.252200454473495483e-04
1.257956027984619141e-04
1.282766461372375488e-04
1.250319182872772217e-04
1.229289919137954712e-04
1.235064119100570679e-04
1.240745186805725098e-04
1.221690326929092407e-04
1.193042844533920288e-04
1.221671700477600098e-04
1.194961369037628174e-04
1.206416636705398560e-04
1.221690326929092407e-04
1.242663711309432983e-04
1.227408647537231445e-04
1.204498112201690674e-04
1.215934753417968750e-04
1.223590224981307983e-04
1.221671700477600098e-04
1.244600862264633179e-04
1.242682337760925293e-04
1.244582235813140869e-04
1.225508749485015869e-04
1.246482133865356445e-04
1.231227070093154907e-04
1.257956027984619141e-04
1.284666359424591064e-04
1.271311193704605103e-04
1.277048140764236450e-04
1.303739845752716064e-04
1.315232366323471069e-04
1.298021525144577026e-04
1.298040151596069336e-04
1.328587532043457031e-04
1.319013535976409912e-04
1.303777098655700684e-04
1.298021525144577026e-04
1.336224377155303955e-04
1.317095011472702026e-04
1.326687633991241455e-04
1.292303204536437988e-04
1.320950686931610107e-04
1.322850584983825684e-04
1.319032162427902222e-04
1.292321830987930298e-04
1.317113637924194336e-04
1.341924071311950684e-04
1.303777098655700684e-04
1.311413943767547607e-04
1.332387328147888184e-04
1.328568905591964722e-04
1.330487430095672607e-04
1.317095011472702026e-04
1.326687633991241455e-04
