1.221679576701717451e-05
7.940916839288547635e-05
1.588183513376861811e-04
1.832519192248582840e-04
2.260107139591127634e-04
2.321191714145243168e-04
2.626611385494470596e-04
2.932031638920307159e-04
2.932029310613870621e-04
2.870948519557714462e-04
2.932031638920307159e-04
2.993112429976463318e-04
3.481786698102951050e-04
3.359620459377765656e-04
3.481786698102951050e-04
3.726121503859758377e-04
3.603957593441009521e-04
3.665038384497165680e-04
3.726119175553321838e-04
4.336964339017868042e-04
3.970460966229438782e-04
3.970456309616565704e-04
3.848294727504253387e-04
3.970456309616565704e-04
3.909370861947536469e-04
4.214798100292682648e-04
3.970451653003692627e-04
4.336973652243614197e-04
4.031537100672721863e-04
4.214793443679809570e-04
4.398040473461151123e-04
4.153726622462272644e-04
3.970451653003692627e-04
4.275878891348838806e-04
4.520220682024955750e-04
3.909366205334663391e-04
4.214793443679809570e-04
4.153717309236526489e-04
4.214793443679809570e-04
4.031546413898468018e-04
4.153707996010780334e-04
4.275869578123092651e-04
3.970460966229438782e-04
4.031546413898468018e-04
3.909375518560409546e-04
4.153717309236526489e-04
3.970451653003692627e-04
4.336964339017868042e-04
4.092622548341751099e-04
4.153698682785034180e-04
3.970470279455184937e-04
4.092622548341751099e-04
3.909375518560409546e-04
3.970470279455184937e-04
4.153717309236526489e-04
3.848280757665634155e-04
4.031546413898468018e-04
3.726109862327575684e-04
4.214812070131301880e-04
3.665015101432800293e-04
3.848299384117126465e-04
4.031527787446975708e-04
4.031546413898468018e-04
4.031546413898468018e-04
4.092641174793243408e-04
3.848280757665634155e-04
4.092641174793243408e-04
3.848280757665634155e-04
3.970451653003692627e-04
3.848280757665634155e-04
4.031546413898468018e-04
3.787223249673843384e-04
3.848280757665634155e-04
3.787204623222351074e-04
3.542881458997726440e-04
3.726128488779067993e-04
3.665033727884292603e-04
3.970470279455184937e-04
3.909356892108917236e-04
3.665033727884292603e-04
3.481786698102951050e-04
3.726128488779067993e-04
3.665052354335784912e-04
3.787185996770858765e-04
3.603938966989517212e-04
3.665052354335784912e-04
3.787204623222351074e-04
3.787241876125335693e-04
3.542862832546234131e-04
3.603920340538024902e-04
3.726147115230560303e-04
3.665015101432800293e-04
3.665052354335784912e-04
3.665052354335784912e-04
3.420710563659667969e-04
3.787204623222351074e-04
3.726109862327575684e-04
3.726109862327575684e-04
3.481805324554443359e-04
3.542862832546234131e-04
3.542862832546234131e-04
3.726147115230560303e-04
3.665015101432800293e-04
3.848299384117126465e-04
3.787204623222351074e-04
3.542900085449218750e-04
3.726109862327575684e-04
3.726109862327575684e-04
3.665015101432800293e-04
3.726147115230560303e-04
3.542862832546234131e-04
3.665052354335784912e-04
3.665015101432800293e-04
3.726109862327575684e-04
3.787241876125335693e-04
3.665052354335784912e-04
3.481768071651458740e-04
3.603957593441009521e-04
3.787204623222351074e-04
3.542900085449218750e-04
3.542862832546234131e-04
3.603920340538024902e-04
3.848299384117126465e-04
3.603957593441009521e-04
3.726147115230560303e-04
3.298521041870117188e-04
3.298521041870117188e-04
3.420673310756683350e-04
3.481805324554443359e-04
3.542900085449218750e-04
3.176331520080566406e-04
3.420710563659667969e-04
3.481805324554443359e-04
3.542862832546234131e-04
3.481805324554443359e-04
3.665015101432800293e-04
3.359615802764892578e-04
3.603957593441009521e-04
3.359615802764892578e-04
3.420710563659667969e-04
3.298558294773101807e-04
3.359578549861907959e-04
3.298521041870117188e-04
3.481805324554443359e-04
3.665052354335784912e-04
3.542862832546234131e-04
3.542900085449218750e-04
3.481768071651458740e-04
3.420710563659667969e-04
3.603957593441009521e-04
3.542862832546234131e-04
3.603957593441009521e-04
3.787204623222351074e-04
3.787204623222351074e-04
3.726109862327575684e-04
3.909394145011901855e-04
3.665015101432800293e-04
3.787204623222351074e-04
3.726109862327575684e-04
3.909394145011901855e-04
3.848299384117126465e-04
3.848299384117126465e-04
3.848262131214141846e-04
3.909394145011901855e-04
3.787204623222351074e-04
3.909356892108917236e-04
3.970488905906677246e-04
3.970451653003692627e-04
3.848262131214141846e-04
3.909394145011901855e-04
3.726109862327575684e-04
3.970488905906677246e-04
4.031509160995483398e-04
3.909394145011901855e-04
3.970488905906677246e-04
3.848299384117126465e-04
3.848224878311157227e-04
3.909394145011901855e-04
4.031509160995483398e-04
3.970488905906677246e-04
4.031509160995483398e-04
4.031583666801452637e-04
3.848299384117126465e-04
4.092678427696228027e-04
3.909319639205932617e-04
3.970414400100708008e-04
3.909394145011901855e-04
3.970488905906677246e-04
4.031509160995483398e-04
4.153773188591003418e-04
3.848299384117126465e-04
3.909319639205932617e-04
3.970414400100708008e-04
3.848373889923095703e-04
3.665015101432800293e-04
3.970488905906677246e-04
4.031509160995483398e-04
3.848299384117126465e-04
3.909319639205932617e-04
3.970488905906677246e-04
