1.221679576701717451e-05
4.275878018233925104e-05
7.520965300500392914e-05
9.506194328423589468e-05
1.152959885075688362e-04
1.294217072427272797e-04
1.397296437062323093e-04
1.435472513549029827e-04
1.481287181377410889e-04
1.485103857703506947e-04
1.504193060100078583e-04
1.500375801697373390e-04
1.530917361378669739e-04
1.538553042337298393e-04
1.561458921059966087e-04
1.572911860421299934e-04
1.592002809047698975e-04
1.511827576905488968e-04
1.530915033072233200e-04
1.576731447130441666e-04
1.534735783934593201e-04
1.569092273712158203e-04
1.592005137354135513e-04
1.550002489238977432e-04
1.550009474158287048e-04
1.576731447130441666e-04
1.572908367961645126e-04
1.607274170964956284e-04
1.595821231603622437e-04
1.633996143937110901e-04
1.668352633714675903e-04
1.622545532882213593e-04
1.591998152434825897e-04
1.687449403107166290e-04
1.733251847326755524e-04
1.675998792052268982e-04
1.721805892884731293e-04
1.756153069436550140e-04
1.775254495441913605e-04
1.851613633334636688e-04
1.870696432888507843e-04
1.801974140107631683e-04
1.836339943110942841e-04
1.931781880557537079e-04
1.954678446054458618e-04
1.981426030397415161e-04
1.977584324777126312e-04
2.027228474617004395e-04
2.050129696726799011e-04
2.099764533340930939e-04
2.050139009952545166e-04
2.099741250276565552e-04
2.176128327846527100e-04
2.214293926954269409e-04
2.214293926954269409e-04
2.233386039733886719e-04
2.256287261843681335e-04
2.229567617177963257e-04
2.305917441844940186e-04
2.279188483953475952e-04
2.271570265293121338e-04
2.252468839287757874e-04
2.267742529511451721e-04
2.260105684399604797e-04
2.290643751621246338e-04
2.325018867850303650e-04
2.210466191172599792e-04
2.241032198071479797e-04
2.279179170727729797e-04
2.160854637622833252e-04
2.141753211617469788e-04
2.122670412063598633e-04
2.233386039733886719e-04
2.233386039733886719e-04
2.187564969062805176e-04
2.111233770847320557e-04
2.141734585165977478e-04
2.176128327846527100e-04
2.118851989507675171e-04
2.069212496280670166e-04
2.111205831170082092e-04
2.172319218516349792e-04
2.130297943949699402e-04
2.168472856283187866e-04
2.103587612509727478e-04
2.111215144395828247e-04
2.160854637622833252e-04
2.172272652387619019e-04
2.134125679731369019e-04
2.153217792510986328e-04
2.126488834619522095e-04
2.149399369955062866e-04
2.172291278839111328e-04
2.122670412063598633e-04
2.080686390399932861e-04
2.137906849384307861e-04
2.160854637622833252e-04
2.118851989507675171e-04
2.050139009952545166e-04
2.073030918836593628e-04
2.069231122732162476e-04
2.069193869829177856e-04
2.061612904071807861e-04
2.073012292385101318e-04
2.069249749183654785e-04
2.050120383501052856e-04
2.015773206949234009e-04
2.053938806056976318e-04
2.046301960945129395e-04
2.046320587396621704e-04
2.019610255956649780e-04
2.023372799158096313e-04
2.023428678512573242e-04
2.019610255956649780e-04
2.015754580497741699e-04
1.981407403945922852e-04
1.927949488162994385e-04
1.966152340173721313e-04
1.966133713722229004e-04
1.977588981389999390e-04
2.004336565732955933e-04
2.004299312829971313e-04
1.981444656848907471e-04
1.962315291166305542e-04
1.977588981389999390e-04
1.843962818384170532e-04
1.916494220495223999e-04
1.889802515506744385e-04
1.927968114614486694e-04
1.920331269502639771e-04
1.859255135059356689e-04
1.927949488162994385e-04
1.916494220495223999e-04
1.962315291166305542e-04
1.935604959726333618e-04
1.924168318510055542e-04
1.927949488162994385e-04
1.912694424390792847e-04
1.889783889055252075e-04
1.874528825283050537e-04
1.859217882156372070e-04
1.847799867391586304e-04
1.885984092950820923e-04
1.935586333274841309e-04
1.939423382282257080e-04
1.966133713722229004e-04
1.943241804838180542e-04
1.901239156723022461e-04
1.870673149824142456e-04
1.893602311611175537e-04
1.889802515506744385e-04
1.947060227394104004e-04
1.954697072505950928e-04
1.947041600942611694e-04
1.912694424390792847e-04
1.905038952827453613e-04
1.866873353719711304e-04
1.863073557615280151e-04
1.824870705604553223e-04
1.870710402727127075e-04
1.817252486944198608e-04
1.790523529052734375e-04
1.817233860492706299e-04
1.813471317291259766e-04
1.790486276149749756e-04
1.843981444835662842e-04
1.824907958507537842e-04
1.824870705604553223e-04
1.756139099597930908e-04
1.828707754611968994e-04
1.752339303493499756e-04
1.809634268283843994e-04
1.828707754611968994e-04
1.813434064388275146e-04
1.798160374164581299e-04
1.828670501708984375e-04
1.744739711284637451e-04
1.763775944709777832e-04
1.821070909500122070e-04
1.790523529052734375e-04
1.821108162403106689e-04
1.832507550716400146e-04
1.805797219276428223e-04
1.863054931163787842e-04
1.828670501708984375e-04
1.847781240940093994e-04
1.824870705604553223e-04
1.847818493843078613e-04
1.847781240940093994e-04
1.828707754611968994e-04
1.801997423171997070e-04
1.847743988037109375e-04
1.836381852626800537e-04
1.832544803619384766e-04
1.771412789821624756e-04
1.798160374164581299e-04
1.828670501708984375e-04
1.805871725082397461e-04
1.824833452701568604e-04
1.843944191932678223e-04
