1.527099448139779270e-05
6.108397792559117079e-05
1.343847543466836214e-04
1.435473677702248096e-04
1.893602893687784672e-04
1.985229901038110256e-04
2.137939445674419403e-04
2.443358534947037697e-04
2.565527101978659630e-04
2.504443982616066933e-04
2.901488915085792542e-04
2.657151781022548676e-04
3.054200205951929092e-04
3.206906840205192566e-04
3.115283325314521790e-04
3.267994616180658340e-04
3.115283325314521790e-04
2.993117086589336395e-04
3.115278668701648712e-04
3.145830705761909485e-04
3.176364116370677948e-04
3.329077735543251038e-04
3.390158526599407196e-04
3.115278668701648712e-04
3.267996944487094879e-04
3.512324765324592590e-04
3.084740601480007172e-04
3.390167839825153351e-04
3.176359459757804871e-04
3.481791354715824127e-04
3.390163183212280273e-04
3.206906840205192566e-04
2.901488915085792542e-04
3.237444907426834106e-04
3.542881458997726440e-04
3.176368772983551025e-04
3.237435594201087952e-04
3.603966906666755676e-04
3.481786698102951050e-04
3.451239317655563354e-04
3.481786698102951050e-04
3.054197877645492554e-04
2.901498228311538696e-04
3.329077735543251038e-04
3.176359459757804871e-04
3.237454220652580261e-04
3.054207190871238708e-04
3.054188564419746399e-04
3.084745258092880249e-04
3.237435594201087952e-04
2.809874713420867920e-04
2.748779952526092529e-04
3.115292638540267944e-04
2.962546423077583313e-04
3.176368772983551025e-04
2.993121743202209473e-04
3.084745258092880249e-04
2.718251198530197144e-04
2.962555736303329468e-04
2.321191132068634033e-04
2.962592989206314087e-04
2.840384840965270996e-04
2.687703818082809448e-04
2.840384840965270996e-04
2.932045608758926392e-04
3.023669123649597168e-04
2.748761326074600220e-04
3.084763884544372559e-04
3.084726631641387939e-04
2.565532922744750977e-04
2.901479601860046387e-04
2.412833273410797119e-04
2.993121743202209473e-04
3.084726631641387939e-04
2.809856086969375610e-04
2.596061676740646362e-04
2.993140369653701782e-04
3.237426280975341797e-04
2.962592989206314087e-04
2.657137811183929443e-04
2.962592989206314087e-04
3.359615802764892578e-04
2.840384840965270996e-04
3.176387399435043335e-04
2.779308706521987915e-04
2.901498228311538696e-04
3.054160624742507935e-04
3.115311264991760254e-04
2.809874713420867920e-04
2.993084490299224854e-04
2.932064235210418701e-04
3.115274012088775635e-04
2.993103116750717163e-04
2.932045608758926392e-04
2.687666565179824829e-04
3.390181809663772583e-04
3.084745258092880249e-04
3.359615802764892578e-04
2.840384840965270996e-04
3.176368772983551025e-04
3.176406025886535645e-04
3.054141998291015625e-04
3.023687750101089478e-04
3.512352705001831055e-04
3.115255385637283325e-04
2.962574362754821777e-04
3.145821392536163330e-04
3.237463533878326416e-04
3.176368772983551025e-04
3.573410212993621826e-04
3.176406025886535645e-04
3.145784139633178711e-04
3.176368772983551025e-04
3.481805324554443359e-04
3.573410212993621826e-04
3.481730818748474121e-04
3.237500786781311035e-04
3.542825579643249512e-04
3.542900085449218750e-04
3.390163183212280273e-04
3.206916153430938721e-04
3.726109862327575684e-04
3.542900085449218750e-04
3.359615802764892578e-04
3.787167370319366455e-04
2.718232572078704834e-04
3.451257944107055664e-04
3.329068422317504883e-04
3.542862832546234131e-04
3.542900085449218750e-04
2.993121743202209473e-04
3.329031169414520264e-04
3.237500786781311035e-04
3.390163183212280273e-04
3.359578549861907959e-04
3.329068422317504883e-04
3.329105675220489502e-04
3.115274012088775635e-04
3.145858645439147949e-04
2.962537109851837158e-04
3.023669123649597168e-04
2.596080303192138672e-04
2.870932221412658691e-04
3.298595547676086426e-04
3.481730818748474121e-04
3.298558294773101807e-04
3.145821392536163330e-04
3.329068422317504883e-04
3.054141998291015625e-04
3.390200436115264893e-04
3.176368772983551025e-04
3.481805324554443359e-04
3.695562481880187988e-04
3.512315452098846436e-04
3.451295197010040283e-04
3.909319639205932617e-04
3.390163183212280273e-04
3.512352705001831055e-04
3.542825579643249512e-04
3.970526158809661865e-04
3.695562481880187988e-04
3.206878900527954102e-04
3.665052354335784912e-04
3.512352705001831055e-04
3.420710563659667969e-04
3.542862832546234131e-04
3.634467720985412598e-04
3.634542226791381836e-04
3.542862832546234131e-04
3.695562481880187988e-04
3.206878900527954102e-04
3.603994846343994141e-04
3.848262131214141846e-04
3.756694495677947998e-04
3.634504973888397217e-04
3.756657242774963379e-04
3.634430468082427979e-04
3.909468650817871094e-04
4.000924527645111084e-04
3.909431397914886475e-04
3.970451653003692627e-04
3.756657242774963379e-04
3.787167370319366455e-04
4.367530345916748047e-04
3.756619989871978760e-04
3.939941525459289551e-04
3.665052354335784912e-04
4.062093794345855713e-04
4.184283316135406494e-04
3.939829766750335693e-04
3.817826509475708008e-04
4.062093794345855713e-04
4.092603921890258789e-04
3.665015101432800293e-04
3.420710563659667969e-04
4.031546413898468018e-04
4.336982965469360352e-04
3.878846764564514160e-04
4.092603921890258789e-04
4.153698682785034180e-04
