6.108397883508587256e-06
3.359618858667090535e-05
7.330077642109245062e-05
6.413818482542410493e-05
8.246334618888795376e-05
7.330079097300767899e-05
7.330076186917722225e-05
8.246337529271841049e-05
7.635500514879822731e-05
6.413814844563603401e-05
8.246337529271841049e-05
6.413820665329694748e-05
7.024657679721713066e-05
7.940916111692786217e-05
7.330079097300767899e-05
7.940921932458877563e-05
7.024651858955621719e-05
6.108393426984548569e-05
8.246337529271841049e-05
7.940921932458877563e-05
7.940910290926694870e-05
7.940921932458877563e-05
8.246337529271841049e-05
7.330079097300767899e-05
7.635494694113731384e-05
8.857180364429950714e-05
7.940910290926694870e-05
8.246337529271841049e-05
7.940921932458877563e-05
8.551753126084804535e-05
7.940921932458877563e-05
8.551753126084804535e-05
7.024663500487804413e-05
8.246325887739658356e-05
9.162607602775096893e-05
7.940921932458877563e-05
9.162607602775096893e-05
1.068967394530773163e-04
1.068969722837209702e-04
1.068969722837209702e-04
1.007886603474617004e-04
9.162584319710731506e-05
8.551776409149169922e-05
9.468011558055877686e-05
8.857180364429950714e-05
9.773438796401023865e-05
9.468011558055877686e-05
9.773438796401023865e-05
9.467988274991512299e-05
9.468011558055877686e-05
9.162630885839462280e-05
9.162584319710731506e-05
8.551776409149169922e-05
8.551729843020439148e-05
9.773438796401023865e-05
8.551776409149169922e-05
8.857157081365585327e-05
8.551776409149169922e-05
8.551729843020439148e-05
7.024686783552169800e-05
8.857203647494316101e-05
8.551729843020439148e-05
8.246302604675292969e-05
8.246349170804023743e-05
9.162630885839462280e-05
8.551729843020439148e-05
9.162584319710731506e-05
8.246349170804023743e-05
8.551729843020439148e-05
7.330114021897315979e-05
8.246349170804023743e-05
6.719212979078292847e-05
8.246302604675292969e-05
8.246395736932754517e-05
7.330067455768585205e-05
7.940921932458877563e-05
7.940921932458877563e-05
8.857157081365585327e-05
8.857203647494316101e-05
7.330067455768585205e-05
8.246349170804023743e-05
9.773438796401023865e-05
7.940921932458877563e-05
8.551729843020439148e-05
7.940921932458877563e-05
7.024640217423439026e-05
8.551776409149169922e-05
8.246302604675292969e-05
8.246395736932754517e-05
7.635494694113731384e-05
8.246302604675292969e-05
8.551729843020439148e-05
7.635494694113731384e-05
8.246349170804023743e-05
7.330067455768585205e-05
8.857250213623046875e-05
8.551683276891708374e-05
8.857157081365585327e-05
6.719306111335754395e-05
8.246302604675292969e-05
8.246395736932754517e-05
7.940828800201416016e-05
7.941015064716339111e-05
8.246302604675292969e-05
8.246302604675292969e-05
8.551776409149169922e-05
8.246302604675292969e-05
8.551869541406631470e-05
8.246302604675292969e-05
9.162630885839462280e-05
7.635448127985000610e-05
7.940921932458877563e-05
7.940921932458877563e-05
9.773485362529754639e-05
8.551683276891708374e-05
7.940921932458877563e-05
7.940828800201416016e-05
8.246395736932754517e-05
9.773392230272293091e-05
8.246395736932754517e-05
8.246395736932754517e-05
8.246302604675292969e-05
8.857157081365585327e-05
8.551776409149169922e-05
8.857157081365585327e-05
6.719212979078292847e-05
7.940921932458877563e-05
8.246395736932754517e-05
8.551683276891708374e-05
8.551776409149169922e-05
6.719212979078292847e-05
7.940921932458877563e-05
7.941015064716339111e-05
7.940828800201416016e-05
7.330160588026046753e-05
7.635448127985000610e-05
8.246395736932754517e-05
7.940828800201416016e-05
7.635541260242462158e-05
7.024593651294708252e-05
6.719212979078292847e-05
6.719306111335754395e-05
6.719212979078292847e-05
7.330067455768585205e-05
8.246395736932754517e-05
7.635541260242462158e-05
7.940828800201416016e-05
7.940921932458877563e-05
7.330067455768585205e-05
7.941015064716339111e-05
7.635448127985000610e-05
8.246302604675292969e-05
8.246395736932754517e-05
8.551776409149169922e-05
7.940828800201416016e-05
9.773485362529754639e-05
7.635448127985000610e-05
7.635541260242462158e-05
7.940921932458877563e-05
9.468011558055877686e-05
8.551776409149169922e-05
7.330067455768585205e-05
8.551776409149169922e-05
7.635448127985000610e-05
7.940921932458877563e-05
8.246302604675292969e-05
8.551776409149169922e-05
8.246302604675292969e-05
7.941015064716339111e-05
8.551683276891708374e-05
7.330160588026046753e-05
7.940828800201416016e-05
8.246302604675292969e-05
7.941015064716339111e-05
7.940921932458877563e-05
7.940828800201416016e-05
6.719212979078292847e-05
7.635541260242462158e-05
8.246395736932754517e-05
7.940921932458877563e-05
7.940921932458877563e-05
7.330067455768585205e-05
7.635448127985000610e-05
9.162630885839462280e-05
7.940828800201416016e-05
8.246488869190216064e-05
7.329974323511123657e-05
7.635541260242462158e-05
8.551776409149169922e-05
7.635448127985000610e-05
7.330067455768585205e-05
8.551776409149169922e-05
8.551776409149169922e-05
7.635354995727539062e-05
6.719306111335754395e-05
7.941015064716339111e-05
8.857063949108123779e-05
8.551962673664093018e-05
8.551590144634246826e-05
8.857250213623046875e-05
