1.832519410527311265e-05
5.344848250388167799e-05
1.007885512080974877e-04
1.298034621868282557e-04
1.511828741058707237e-04
1.695081009529531002e-04
1.893602893687784672e-04
2.122667501680552959e-04
2.260108012706041336e-04
2.351731527596712112e-04
2.443359699100255966e-04
2.382276579737663269e-04
2.473900094628334045e-04
2.534985542297363281e-04
2.504442818462848663e-04
2.672425471246242523e-04
2.641878090798854828e-04
2.473904751241207123e-04
2.580794971436262131e-04
2.794594038277864456e-04
2.565532922744750977e-04
2.550249919295310974e-04
2.611344680190086365e-04
2.596066333353519440e-04
2.672425471246242523e-04
2.702963538467884064e-04
2.550259232521057129e-04
2.718232572078704834e-04
2.489178441464900970e-04
2.596070989966392517e-04
2.641873434185981750e-04
2.458635717630386353e-04
2.305917441844940186e-04
2.443357370793819427e-04
2.657161094248294830e-04
2.473900094628334045e-04
2.565523609519004822e-04
2.596070989966392517e-04
2.489164471626281738e-04
2.565532922744750977e-04
2.565523609519004822e-04
2.367012202739715576e-04
2.275370061397552490e-04
2.550259232521057129e-04
2.519711852073669434e-04
2.458626404404640198e-04
2.290653064846992493e-04
2.550259232521057129e-04
2.428088337182998657e-04
2.626599743962287903e-04
2.351738512516021729e-04
2.367012202739715576e-04
2.596070989966392517e-04
2.519711852073669434e-04
2.473890781402587891e-04
2.534994855523109436e-04
2.473900094628334045e-04
2.412814646959304810e-04
2.550249919295310974e-04
2.275388687849044800e-04
2.550240606069564819e-04
2.443362027406692505e-04
2.321191132068634033e-04
2.473900094628334045e-04
2.565523609519004822e-04
2.641892060637474060e-04
2.550249919295310974e-04
2.580787986516952515e-04
2.748779952526092529e-04
2.458654344081878662e-04
2.672411501407623291e-04
2.397559583187103271e-04
2.702958881855010986e-04
2.794582396745681763e-04
2.764072269201278687e-04
2.657119184732437134e-04
2.641901373863220215e-04
2.870950847864151001e-04
2.779308706521987915e-04
2.626627683639526367e-04
2.855658531188964844e-04
2.977866679430007935e-04
2.748761326074600220e-04
3.038924187421798706e-04
2.855677157640457153e-04
2.840422093868255615e-04
3.008358180522918701e-04
3.054235130548477173e-04
2.962555736303329468e-04
2.916771918535232544e-04
2.886187285184860229e-04
3.023669123649597168e-04
2.947300672531127930e-04
2.886224538087844849e-04
2.886243164539337158e-04
2.993103116750717163e-04
3.038924187421798706e-04
2.916753292083740234e-04
3.023669123649597168e-04
3.008376806974411011e-04
2.993121743202209473e-04
3.023613244295120239e-04
2.947319298982620239e-04
3.191679716110229492e-04
3.054160624742507935e-04
2.916753292083740234e-04
2.977885305881500244e-04
3.222133964300155640e-04
3.130584955215454102e-04
3.191642463207244873e-04
3.100000321865081787e-04
3.069452941417694092e-04
3.222189843654632568e-04
3.176368772983551025e-04
3.222189843654632568e-04
3.206897526979446411e-04
3.161113709211349487e-04
3.359597176313400269e-04
3.222208470106124878e-04
3.237444907426834106e-04
3.267973661422729492e-04
3.497079014778137207e-04
3.481768071651458740e-04
3.390163183212280273e-04
3.588683903217315674e-04
3.115311264991760254e-04
3.527551889419555664e-04
3.435947000980377197e-04
3.588758409023284912e-04
3.512278199195861816e-04
3.283284604549407959e-04
3.558173775672912598e-04
3.512315452098846436e-04
3.603994846343994141e-04
3.603920340538024902e-04
3.619194030761718750e-04
3.542900085449218750e-04
3.374852240085601807e-04
3.313831984996795654e-04
3.344342112541198730e-04
3.268010914325714111e-04
3.161095082759857178e-04
3.313794732093811035e-04
3.497079014778137207e-04
3.466494381427764893e-04
3.527626395225524902e-04
3.344304859638214111e-04
3.390163183212280273e-04
3.466531634330749512e-04
3.497041761875152588e-04
3.435984253883361816e-04
3.512315452098846436e-04
3.710873425006866455e-04
3.497041761875152588e-04
3.466531634330749512e-04
3.665015101432800293e-04
3.497079014778137207e-04
3.527626395225524902e-04
3.588646650314331055e-04
3.695599734783172607e-04
3.542862832546234131e-04
3.313794732093811035e-04
3.573410212993621826e-04
3.512352705001831055e-04
3.420710563659667969e-04
3.558136522769927979e-04
3.558099269866943359e-04
3.695599734783172607e-04
3.512315452098846436e-04
3.558173775672912598e-04
3.390163183212280273e-04
3.588646650314331055e-04
3.833062946796417236e-04
3.558099269866943359e-04
3.603957593441009521e-04
3.665052354335784912e-04
3.588721156120300293e-04
3.649741411209106445e-04
3.756657242774963379e-04
3.649778664112091064e-04
3.695599734783172607e-04
3.680251538753509521e-04
3.512352705001831055e-04
3.726109862327575684e-04
3.481805324554443359e-04
3.680326044559478760e-04
3.603994846343994141e-04
3.680214285850524902e-04
3.573447465896606445e-04
3.558136522769927979e-04
3.435947000980377197e-04
3.695636987686157227e-04
3.634467720985412598e-04
3.435984253883361816e-04
3.374852240085601807e-04
3.527589142322540283e-04
3.833062946796417236e-04
3.741383552551269531e-04
3.680326044559478760e-04
3.710836172103881836e-04
