1.527099470877146814e-06
6.108397883508587256e-06
1.068969686457421631e-05
1.374389830743893981e-05
1.679809065535664558e-05
1.679809429333545268e-05
1.832519046729430556e-05
1.985229755518957973e-05
1.908874401124194264e-05
2.061584382317960262e-05
2.137938281521201134e-05
2.137939736712723970e-05
2.137939736712723970e-05
2.443359699100255966e-05
2.367004344705492258e-05
2.367002889513969421e-05
2.596070407889783382e-05
2.825135015882551670e-05
2.748778206296265125e-05
2.748778206296265125e-05
2.672424307093024254e-05
2.901488915085792542e-05
2.901488915085792542e-05
2.596070407889783382e-05
2.748781116679310799e-05
2.901483094319701195e-05
2.748786937445402145e-05
3.130547702312469482e-05
2.901488915085792542e-05
3.130553523078560829e-05
3.206910332664847374e-05
2.901488915085792542e-05
2.596067497506737709e-05
2.672424307093024254e-05
2.748775295913219452e-05
2.672430127859115601e-05
2.748775295913219452e-05
2.519716508686542511e-05
2.596067497506737709e-05
2.672430127859115601e-05
2.748775295913219452e-05
2.367008710280060768e-05
2.214289270341396332e-05
2.519716508686542511e-05
2.519716508686542511e-05
2.366991247981786728e-05
2.443359699100255966e-05
2.367014531046152115e-05
2.214289270341396332e-05
2.519716508686542511e-05
2.290646079927682877e-05
2.290657721459865570e-05
2.596073318272829056e-05
2.519704867154359818e-05
2.443359699100255966e-05
2.367002889513969421e-05
2.519716508686542511e-05
2.290657721459865570e-05
2.366991247981786728e-05
2.214300911873579025e-05
2.443359699100255966e-05
2.290646079927682877e-05
2.061575651168823242e-05
2.137955743819475174e-05
1.985218841582536697e-05
2.290646079927682877e-05
2.061598934233188629e-05
1.985218841582536697e-05
1.908873673528432846e-05
1.832528505474328995e-05
2.214289270341396332e-05
1.756160054355859756e-05
1.832528505474328995e-05
2.214289270341396332e-05
2.367002889513969421e-05
1.908873673528432846e-05
2.290646079927682877e-05
2.137944102287292480e-05
2.596073318272829056e-05
2.290634438395500183e-05
2.137955743819475174e-05
2.366991247981786728e-05
1.832516863942146301e-05
2.367014531046152115e-05
1.985230483114719391e-05
1.985230483114719391e-05
2.290634438395500183e-05
2.137944102287292480e-05
2.137944102287292480e-05
1.908885315060615540e-05
1.985207200050354004e-05
2.061575651168823242e-05
2.137967385351657867e-05
1.985230483114719391e-05
2.061575651168823242e-05
2.290657721459865570e-05
1.985207200050354004e-05
2.137967385351657867e-05
2.061575651168823242e-05
2.137944102287292480e-05
2.061575651168823242e-05
2.367002889513969421e-05
2.367002889513969421e-05
2.137944102287292480e-05
2.137944102287292480e-05
1.985207200050354004e-05
2.137944102287292480e-05
2.290657721459865570e-05
2.061575651168823242e-05
1.985230483114719391e-05
2.061598934233188629e-05
1.985230483114719391e-05
2.137944102287292480e-05
1.908862031996250153e-05
2.137920819222927094e-05
2.290657721459865570e-05
1.908885315060615540e-05
2.214289270341396332e-05
1.985230483114719391e-05
2.290657721459865570e-05
2.061575651168823242e-05
2.214289270341396332e-05
2.443371340632438660e-05
2.290657721459865570e-05
1.832493580877780914e-05
1.679826527833938599e-05
1.832516863942146301e-05
1.679803244769573212e-05
2.061575651168823242e-05
1.908885315060615540e-05
1.679826527833938599e-05
1.603458076715469360e-05
1.756125129759311676e-05
1.908885315060615540e-05
1.908885315060615540e-05
1.756148412823677063e-05
1.985253766179084778e-05
1.832493580877780914e-05
1.908885315060615540e-05
1.603458076715469360e-05
1.603458076715469360e-05
1.527089625597000122e-05
1.527112908661365509e-05
1.756148412823677063e-05
1.756171695888042450e-05
1.832516863942146301e-05
1.527089625597000122e-05
1.679826527833938599e-05
1.832516863942146301e-05
1.603458076715469360e-05
1.450744457542896271e-05
1.679803244769573212e-05
2.061575651168823242e-05
1.908885315060615540e-05
1.756171695888042450e-05
1.908862031996250153e-05
1.908885315060615540e-05
1.679803244769573212e-05
2.061575651168823242e-05
1.908885315060615540e-05
1.985230483114719391e-05
1.527089625597000122e-05
2.061575651168823242e-05
1.679826527833938599e-05
1.679803244769573212e-05
1.679803244769573212e-05
1.832540147006511688e-05
1.908885315060615540e-05
1.527089625597000122e-05
1.679803244769573212e-05
1.527089625597000122e-05
1.756171695888042450e-05
1.603458076715469360e-05
1.985207200050354004e-05
1.985253766179084778e-05
1.908862031996250153e-05
1.985253766179084778e-05
1.985207200050354004e-05
1.908862031996250153e-05
1.756171695888042450e-05
1.985253766179084778e-05
2.061575651168823242e-05
1.756171695888042450e-05
2.061575651168823242e-05
1.832516863942146301e-05
1.832493580877780914e-05
1.374422572553157806e-05
1.679779961705207825e-05
1.756194978952407837e-05
1.450721174478530884e-05
1.527136191725730896e-05
1.756148412823677063e-05
1.603458076715469360e-05
1.221662387251853943e-05
1.450767740607261658e-05
1.679779961705207825e-05
1.603458076715469360e-05
1.603458076715469360e-05
1.679826527833938599e-05
1.679779961705207825e-05
