3.054198941754293628e-06
1.221679576701717451e-05
3.054198896279558539e-05
3.359619222464971244e-05
4.581297980621457100e-05
5.192139360588043928e-05
5.802976374980062246e-05
6.719237717334181070e-05
7.330079097300767899e-05
7.635497604496777058e-05
8.551756036467850208e-05
8.857180364429950714e-05
9.468017378821969032e-05
1.099511282518506050e-04
9.773438796401023865e-05
1.038427581079304218e-04
1.099511282518506050e-04
1.099512446671724319e-04
9.773427154868841171e-05
9.773450437933206558e-05
1.007884275168180466e-04
1.038428163155913353e-04
1.068968558683991432e-04
9.773450437933206558e-05
1.007885439321398735e-04
1.038426999002695084e-04
9.162584319710731506e-05
9.468034841120243073e-05
9.468011558055877686e-05
9.773438796401023865e-05
1.007886603474617004e-04
9.162584319710731506e-05
8.246325887739658356e-05
8.857180364429950714e-05
9.468034841120243073e-05
9.162584319710731506e-05
8.857180364429950714e-05
9.162607602775096893e-05
9.162584319710731506e-05
8.857180364429950714e-05
9.468034841120243073e-05
8.857157081365585327e-05
8.246349170804023743e-05
9.468011558055877686e-05
9.468011558055877686e-05
8.857180364429950714e-05
8.857203647494316101e-05
8.551729843020439148e-05
9.468011558055877686e-05
8.857157081365585327e-05
7.330114021897315979e-05
7.635494694113731384e-05
9.162584319710731506e-05
8.551776409149169922e-05
8.246302604675292969e-05
8.551776409149169922e-05
8.551776409149169922e-05
7.635494694113731384e-05
8.857157081365585327e-05
7.635494694113731384e-05
8.551776409149169922e-05
7.940921932458877563e-05
8.246302604675292969e-05
8.246349170804023743e-05
7.940921932458877563e-05
8.551776409149169922e-05
8.246302604675292969e-05
9.162630885839462280e-05
8.551729843020439148e-05
8.246349170804023743e-05
8.551776409149169922e-05
7.330020889639854431e-05
9.468058124184608459e-05
9.773438796401023865e-05
8.857157081365585327e-05
7.940921932458877563e-05
8.857203647494316101e-05
9.773438796401023865e-05
8.551729843020439148e-05
7.940921932458877563e-05
8.551776409149169922e-05
9.467964991927146912e-05
8.551822975277900696e-05
9.162537753582000732e-05
8.551822975277900696e-05
8.551729843020439148e-05
9.162537753582000732e-05
9.468058124184608459e-05
7.940921932458877563e-05
8.857203647494316101e-05
9.162537753582000732e-05
9.773485362529754639e-05
9.468011558055877686e-05
9.468011558055877686e-05
8.246302604675292969e-05
1.038433983922004700e-04
9.162630885839462280e-05
9.467918425798416138e-05
8.857157081365585327e-05
9.162630885839462280e-05
9.773485362529754639e-05
9.467918425798416138e-05
8.857250213623046875e-05
9.773485362529754639e-05
9.162537753582000732e-05
9.162630885839462280e-05
9.773392230272293091e-05
9.162630885839462280e-05
9.162630885839462280e-05
9.773299098014831543e-05
9.773485362529754639e-05
8.857250213623046875e-05
8.857157081365585327e-05
9.468011558055877686e-05
1.160586252808570862e-04
1.130057498812675476e-04
9.468104690313339233e-05
1.068962737917900085e-04
1.068972051143646240e-04
1.068962737917900085e-04
9.773485362529754639e-05
1.130057498812675476e-04
1.038424670696258545e-04
1.007886603474617004e-04
1.099519431591033936e-04
9.162444621324539185e-05
1.007895916700363159e-04
1.007877290248870850e-04
1.038433983922004700e-04
1.130048185586929321e-04
9.468011558055877686e-05
9.773485362529754639e-05
1.038424670696258545e-04
1.068972051143646240e-04
1.160595566034317017e-04
1.068972051143646240e-04
1.099510118365287781e-04
1.038424670696258545e-04
1.068972051143646240e-04
1.068972051143646240e-04
1.038424670696258545e-04
9.773392230272293091e-05
1.038433983922004700e-04
1.099510118365287781e-04
1.130057498812675476e-04
1.068972051143646240e-04
1.160595566034317017e-04
1.191133633255958557e-04
1.130048185586929321e-04
1.160604879260063171e-04
1.130048185586929321e-04
1.282766461372375488e-04
1.313304528594017029e-04
1.252219080924987793e-04
1.221681013703346252e-04
1.343851909041404724e-04
1.252219080924987793e-04
1.252219080924987793e-04
1.282757148146629333e-04
1.343851909041404724e-04
1.374389976263046265e-04
1.191142946481704712e-04
1.221671700477600098e-04
1.160604879260063171e-04
1.191124320030212402e-04
1.191133633255958557e-04
1.252237707376480103e-04
1.221671700477600098e-04
1.191142946481704712e-04
1.313313841819763184e-04
1.130048185586929321e-04
1.221671700477600098e-04
1.252237707376480103e-04
1.282766461372375488e-04
1.282747834920883179e-04
1.343861222267150879e-04
1.313295215368270874e-04
1.404937356710433960e-04
1.435466110706329346e-04
1.343842595815658569e-04
1.404937356710433960e-04
1.343842595815658569e-04
1.313295215368270874e-04
1.496579498052597046e-04
1.374389976263046265e-04
1.374371349811553955e-04
1.404937356710433960e-04
1.466013491153717041e-04
1.435484737157821655e-04
1.435466110706329346e-04
1.435484737157821655e-04
1.496560871601104736e-04
1.527089625597000122e-04
1.374389976263046265e-04
1.374389976263046265e-04
1.466013491153717041e-04
1.557637006044387817e-04
1.557655632495880127e-04
1.527089625597000122e-04
1.527108252048492432e-04
