6.108397883508587256e-06
5.497557867784053087e-05
8.551757491659373045e-05
7.940917566884309053e-05
1.038427435560151935e-04
1.160595857072621584e-04
1.099511282518506050e-04
1.099511864595115185e-04
1.099511864595115185e-04
8.551758946850895882e-05
6.719236262142658234e-05
6.719242082908749580e-05
7.330067455768585205e-05
7.330079097300767899e-05
9.162595961242914200e-05
1.099511282518506050e-04
9.162607602775096893e-05
9.162595961242914200e-05
9.773427154868841171e-05
1.343847252428531647e-04
1.038429327309131622e-04
9.162584319710731506e-05
1.038426999002695084e-04
7.940921932458877563e-05
9.773438796401023865e-05
9.773462079465389252e-05
9.162584319710731506e-05
1.038426999002695084e-04
8.551776409149169922e-05
1.099510118365287781e-04
1.099512446671724319e-04
1.099510118365287781e-04
9.773438796401023865e-05
8.551753126084804535e-05
1.160595566034317017e-04
9.162607602775096893e-05
1.160595566034317017e-04
1.160595566034317017e-04
1.038426999002695084e-04
1.099512446671724319e-04
1.038426999002695084e-04
9.773462079465389252e-05
1.038424670696258545e-04
1.099510118365287781e-04
1.099510118365287781e-04
1.221681013703346252e-04
9.773438796401023865e-05
1.160600222647190094e-04
1.038424670696258545e-04
1.160595566034317017e-04
1.038424670696258545e-04
1.099514774978160858e-04
1.160595566034317017e-04
1.160595566034317017e-04
1.160595566034317017e-04
1.221681013703346252e-04
1.160590909421443939e-04
1.038433983922004700e-04
1.282761804759502411e-04
8.551729843020439148e-05
1.099510118365287781e-04
1.099514774978160858e-04
1.038429327309131622e-04
9.773392230272293091e-05
1.160600222647190094e-04
1.282761804759502411e-04
1.221681013703346252e-04
1.160590909421443939e-04
1.221681013703346252e-04
9.773438796401023865e-05
1.221681013703346252e-04
9.162584319710731506e-05
1.160595566034317017e-04
1.221681013703346252e-04
1.160595566034317017e-04
9.162630885839462280e-05
1.038424670696258545e-04
1.099510118365287781e-04
1.099510118365287781e-04
8.551776409149169922e-05
9.773485362529754639e-05
1.160586252808570862e-04
1.038433983922004700e-04
1.282766461372375488e-04
9.773392230272293091e-05
1.038433983922004700e-04
1.099510118365287781e-04
1.160595566034317017e-04
1.160586252808570862e-04
1.160595566034317017e-04
9.773485362529754639e-05
1.038424670696258545e-04
1.160604879260063171e-04
1.038424670696258545e-04
8.551683276891708374e-05
1.099519431591033936e-04
9.773392230272293091e-05
1.038424670696258545e-04
1.038433983922004700e-04
9.773392230272293091e-05
1.160595566034317017e-04
1.099519431591033936e-04
1.099510118365287781e-04
1.160586252808570862e-04
1.160604879260063171e-04
1.221671700477600098e-04
9.773485362529754639e-05
1.099510118365287781e-04
1.160595566034317017e-04
1.099510118365287781e-04
1.160604879260063171e-04
1.038424670696258545e-04
1.099510118365287781e-04
9.162630885839462280e-05
1.038424670696258545e-04
9.773485362529754639e-05
9.773392230272293091e-05
1.038424670696258545e-04
9.773392230272293091e-05
1.038424670696258545e-04
9.162630885839462280e-05
1.038424670696258545e-04
1.160604879260063171e-04
9.773392230272293091e-05
1.038433983922004700e-04
7.940828800201416016e-05
1.038433983922004700e-04
9.773392230272293091e-05
1.099510118365287781e-04
1.038424670696258545e-04
8.551869541406631470e-05
1.099510118365287781e-04
8.551776409149169922e-05
9.773392230272293091e-05
9.773485362529754639e-05
9.773299098014831543e-05
1.038433983922004700e-04
9.773392230272293091e-05
8.551776409149169922e-05
1.038433983922004700e-04
8.551776409149169922e-05
6.108358502388000488e-05
6.719212979078292847e-05
8.551776409149169922e-05
8.551776409149169922e-05
8.551683276891708374e-05
8.551776409149169922e-05
8.551869541406631470e-05
8.551683276891708374e-05
8.551776409149169922e-05
7.940921932458877563e-05
9.162537753582000732e-05
1.099510118365287781e-04
9.773485362529754639e-05
9.773392230272293091e-05
1.160595566034317017e-04
1.038443297147750854e-04
1.038406044244766235e-04
9.162724018096923828e-05
1.038424670696258545e-04
9.773485362529754639e-05
8.551776409149169922e-05
8.551776409149169922e-05
9.162537753582000732e-05
7.941015064716339111e-05
9.162537753582000732e-05
9.773485362529754639e-05
1.038406044244766235e-04
8.551776409149169922e-05
9.773485362529754639e-05
6.719306111335754395e-05
9.773299098014831543e-05
1.099519431591033936e-04
8.551776409149169922e-05
8.551776409149169922e-05
9.162537753582000732e-05
7.941015064716339111e-05
9.162537753582000732e-05
8.551776409149169922e-05
9.162537753582000732e-05
9.773485362529754639e-05
7.941015064716339111e-05
7.940828800201416016e-05
1.099519431591033936e-04
8.551776409149169922e-05
9.162537753582000732e-05
7.940828800201416016e-05
9.773485362529754639e-05
9.773299098014831543e-05
8.551776409149169922e-05
9.773485362529754639e-05
7.940828800201416016e-05
7.941201329231262207e-05
6.108172237873077393e-05
7.330253720283508301e-05
7.940828800201416016e-05
9.162724018096923828e-05
8.551776409149169922e-05
9.162537753582000732e-05
8.551776409149169922e-05
