0.000000000000000000e+00
0.000000000000000000e+00
6.108397883508587256e-06
0.000000000000000000e+00
6.108397883508587256e-06
6.108398338255938143e-06
1.221679485752247274e-05
1.221679485752247274e-05
6.108399247750639915e-06
6.108395609771832824e-06
6.108399247750639915e-06
1.221679849550127983e-05
1.221679121954366565e-05
6.108399247750639915e-06
0.000000000000000000e+00
2.443359699100255966e-05
1.221680577145889401e-05
1.221678394358605146e-05
1.221679849550127983e-05
1.221678394358605146e-05
1.832519774325191975e-05
2.443359699100255966e-05
1.832519774325191975e-05
6.108399247750639915e-06
1.832518319133669138e-05
1.832519774325191975e-05
1.221679849550127983e-05
1.832516863942146301e-05
1.832522684708237648e-05
1.221676939167082310e-05
3.054202534258365631e-05
2.443356788717210293e-05
1.221679849550127983e-05
1.221679849550127983e-05
2.443356788717210293e-05
1.832522684708237648e-05
1.832516863942146301e-05
1.832519774325191975e-05
2.443365519866347313e-05
1.832511043176054955e-05
4.275882383808493614e-05
1.832516863942146301e-05
0.000000000000000000e+00
2.443359699100255966e-05
1.221679849550127983e-05
1.221679849550127983e-05
6.108428351581096649e-06
1.832516863942146301e-05
1.221679849550127983e-05
1.221679849550127983e-05
6.108428351581096649e-06
1.221679849550127983e-05
6.108370143920183182e-06
6.108428351581096649e-06
6.108311936259269714e-06
1.832522684708237648e-05
0.000000000000000000e+00
0.000000000000000000e+00
1.221679849550127983e-05
-1.221679849550127983e-05
1.832522684708237648e-05
0.000000000000000000e+00
6.108370143920183182e-06
6.108428351581096649e-06
3.054196713492274284e-05
3.054202534258365631e-05
-6.108428351581096649e-06
6.108428351581096649e-06
1.832516863942146301e-05
1.832516863942146301e-05
1.221679849550127983e-05
-6.108428351581096649e-06
1.221685670316219330e-05
1.221679849550127983e-05
6.108370143920183182e-06
6.108428351581096649e-06
1.221679849550127983e-05
1.832516863942146301e-05
0.000000000000000000e+00
0.000000000000000000e+00
1.832516863942146301e-05
1.832522684708237648e-05
6.108428351581096649e-06
1.221674028784036636e-05
0.000000000000000000e+00
6.108428351581096649e-06
1.832528505474328995e-05
1.832505222409963608e-05
0.000000000000000000e+00
6.108428351581096649e-06
1.221674028784036636e-05
2.443359699100255966e-05
0.000000000000000000e+00
0.000000000000000000e+00
6.108428351581096649e-06
1.221685670316219330e-05
1.832516863942146301e-05
1.221685670316219330e-05
6.108311936259269714e-06
0.000000000000000000e+00
4.275876563042402267e-05
6.108428351581096649e-06
1.221674028784036636e-05
1.221685670316219330e-05
6.108428351581096649e-06
1.221674028784036636e-05
1.221685670316219330e-05
1.221674028784036636e-05
1.832528505474328995e-05
1.832516863942146301e-05
1.832505222409963608e-05
1.832528505474328995e-05
1.832516863942146301e-05
6.108428351581096649e-06
1.832516863942146301e-05
1.221685670316219330e-05
0.000000000000000000e+00
2.443359699100255966e-05
1.221674028784036636e-05
6.108428351581096649e-06
0.000000000000000000e+00
2.443348057568073273e-05
6.108428351581096649e-06
6.108428351581096649e-06
3.665045369416475296e-05
-6.108428351581096649e-06
2.443359699100255966e-05
6.108428351581096649e-06
1.832516863942146301e-05
1.221685670316219330e-05
-6.108428351581096649e-06
1.832516863942146301e-05
-6.108428351581096649e-06
1.221685670316219330e-05
6.108428351581096649e-06
3.054190892726182938e-05
1.221674028784036636e-05
1.221685670316219330e-05
-6.108428351581096649e-06
-6.108428351581096649e-06
-6.108428351581096649e-06
-1.832516863942146301e-05
-6.108428351581096649e-06
6.108428351581096649e-06
2.443359699100255966e-05
1.221685670316219330e-05
6.108428351581096649e-06
0.000000000000000000e+00
-6.108428351581096649e-06
1.832516863942146301e-05
-1.221674028784036636e-05
0.000000000000000000e+00
1.221674028784036636e-05
1.832528505474328995e-05
1.221674028784036636e-05
3.665045369416475296e-05
1.221662387251853943e-05
0.000000000000000000e+00
6.108428351581096649e-06
3.054202534258365631e-05
2.443359699100255966e-05
6.108428351581096649e-06
1.221685670316219330e-05
1.221674028784036636e-05
-6.108428351581096649e-06
1.832528505474328995e-05
6.108311936259269714e-06
1.221685670316219330e-05
0.000000000000000000e+00
3.054190892726182938e-05
-1.221685670316219330e-05
6.108428351581096649e-06
1.832516863942146301e-05
6.108428351581096649e-06
1.221685670316219330e-05
3.054202534258365631e-05
6.108311936259269714e-06
1.221685670316219330e-05
3.054202534258365631e-05
3.054202534258365631e-05
2.443371340632438660e-05
6.108079105615615845e-06
-6.108079105615615845e-06
3.665010444819927216e-05
1.221685670316219330e-05
1.221662387251853943e-05
1.832540147006511688e-05
1.832516863942146301e-05
2.443348057568073273e-05
1.221685670316219330e-05
6.108544766902923584e-06
6.108311936259269714e-06
1.221685670316219330e-05
-6.108311936259269714e-06
0.000000000000000000e+00
0.000000000000000000e+00
1.832493580877780914e-05
1.221685670316219330e-05
6.108311936259269714e-06
0.000000000000000000e+00
