2.031249999999999907e-05
7.187500000000001911e-06
1.812499999999999672e-05
4.031249999999999732e-05
3.625000000000001377e-05
3.312499999999997846e-05
5.875000000000001857e-05
4.124999999999999977e-05
4.031249999999998376e-05
6.093750000000001076e-05
5.156250000000001327e-05
5.374999999999997835e-05
6.968750000000003371e-05
3.468749999999999611e-05
5.781250000000002966e-05
7.687499999999990348e-05
5.250000000000002928e-05
8.625000000000006359e-05
3.749999999999998994e-05
9.468749999999993665e-05
3.281249999999996409e-05
8.812500000000009562e-05
6.375000000000000458e-05
7.437500000000000534e-05
6.843749999999992201e-05
7.593750000000005010e-05
6.999999999999996676e-05
8.375000000000005704e-05
7.093750000000003698e-05
7.156250000000001152e-05
6.624999999999990272e-05
7.593750000000005010e-05
8.562499999999998064e-05
6.562500000000014502e-05
4.937499999999993977e-05
8.156250000000003775e-05
5.250000000000002928e-05
7.593749999999961642e-05
8.468750000000012726e-05
6.843749999999992201e-05
7.375000000000003081e-05
5.937499999999996600e-05
6.468750000000007480e-05
1.000000000000002623e-04
6.687499999999966041e-05
8.500000000000000611e-05
7.312500000000027311e-05
8.843749999999997446e-05
5.312499999999978698e-05
8.281249999999998682e-05
6.875000000000023453e-05
5.749999999999982556e-05
4.218750000000012421e-05
5.156249999999995906e-05
8.906250000000016584e-05
6.343749999999969205e-05
5.281250000000034181e-05
5.687499999999963418e-05
8.937500000000004469e-05
4.937499999999993977e-05
4.375000000000038580e-05
6.562499999999971134e-05
3.000000000000007869e-05
5.812499999999958325e-05
7.500000000000041356e-05
4.406249999999983097e-05
6.656249999999978156e-05
1.968750000000060729e-05
9.593749999999966888e-05
4.375000000000038580e-05
5.906250000000008715e-05
7.687499999999968664e-05
2.781250000000005940e-05
2.187499999999585609e-06
6.499999999999995365e-05
4.156249999999993283e-05
6.656250000000064893e-05
4.031249999999955008e-05
5.593750000000043132e-05
5.218750000000015044e-05
2.593749999999991895e-05
7.406249999999947597e-05
8.000000000000020983e-05
4.843749999999986955e-05
5.000000000000056483e-05
6.531249999999939881e-05
5.437500000000060341e-05
7.656249999999937411e-05
2.375000000000033334e-05
5.281249999999990813e-05
4.968750000000025230e-05
7.437499999999978850e-05
7.874999999999982708e-05
4.656249999999972911e-05
5.593750000000043132e-05
4.187500000000024536e-05
5.781249999999970440e-05
4.656249999999972911e-05
5.343750000000053318e-05
4.250000000000000305e-05
2.156249999999988037e-05
6.124999999999967276e-05
5.718749999999994671e-05
5.437500000000060341e-05
5.249999999999959560e-05
2.156249999999988037e-05
6.062499999999991507e-05
7.250000000000051542e-05
1.687499999999952927e-05
2.875000000000012962e-05
5.218750000000015044e-05
3.156250000000034028e-05
3.906249999999916733e-05
4.218750000000055789e-05
2.343750000000002082e-05
9.999999999999592548e-06
7.281249999999996059e-05
3.687500000000044909e-05
3.656250000000013656e-05
4.250000000000000305e-05
3.562500000000006634e-05
4.218749999999969053e-05
4.062499999999986261e-05
2.593749999999991895e-05
2.187500000000019290e-05
4.875000000000018208e-05
3.906250000000003469e-05
3.093749999999971523e-05
4.875000000000018208e-05
3.281249999999985567e-05
2.937499999999988731e-05
5.500000000000036110e-05
2.187499999999932554e-05
5.343750000000053318e-05
2.656249999999967665e-05
4.468750000000045602e-05
2.624999999999936412e-05
2.875000000000012962e-05
4.031250000000041744e-05
3.906250000000003469e-05
3.749999999999413525e-06
6.218750000000061035e-05
7.406249999999947597e-05
1.000000000000045991e-05
3.312500000000016820e-05
4.718749999999948680e-05
4.093750000000017514e-05
4.031250000000041744e-05
1.781249999999959949e-05
1.843750000000022454e-05
4.218750000000055789e-05
2.812499999999863720e-05
5.062500000000032252e-05
5.593750000000043132e-05
2.499999999999898137e-05
5.625000000000421330e-06
5.406250000000029088e-05
3.937499999999947986e-05
2.656250000000054401e-05
6.812500000000047684e-05
2.937499999999988731e-05
3.218749999999923062e-05
3.875000000000058953e-05
3.312500000000016820e-05
4.062499999999899525e-05
1.312500000000098310e-05
2.937499999999988731e-05
7.593749999999961642e-05
5.156249999999952538e-05
5.312500000000108802e-06
3.406250000000110578e-05
1.062500000000021760e-05
4.906249999999875988e-05
1.968750000000060729e-05
2.906249999999957478e-05
3.062500000000113742e-05
2.437500000000009104e-05
7.031249999999919509e-05
4.375000000000038580e-05
9.999999999999592548e-06
5.750000000000025924e-05
4.187500000000024536e-05
3.562499999999919897e-05
3.531250000000062117e-05
3.937499999999947986e-05
2.812500000000037192e-05
3.562499999999919897e-05
2.437500000000009104e-05
4.468750000000132339e-05
5.687499999999963418e-05
9.062500000000389688e-06
6.312499999999894584e-05
2.406249999999977851e-05
3.187500000000065281e-05
2.843749999999894973e-05
6.062500000000164979e-05
2.781249999999832467e-05
2.750000000000148159e-05
3.187499999999891809e-05
2.312500000000057565e-05
