1.781249999999999929e-05
-6.874999999999999398e-06
-1.906249999999999918e-05
1.406249999999999962e-05
1.093749999999999989e-05
2.312500000000000306e-05
-1.875000000000004918e-06
-1.874999999999998142e-06
1.062500000000000076e-05
-1.062500000000000076e-05
2.812500000000000601e-06
8.749999999999995845e-06
1.625000000000000874e-05
-1.593750000000000792e-05
1.000000000000000590e-05
3.593749999999999939e-05
-1.499999999999999869e-05
2.249999999999999125e-05
-9.062499999999996665e-06
1.218750000000000486e-05
-4.687499999999998742e-06
-6.250000000000016393e-07
1.781249999999999251e-05
2.062499999999999989e-05
5.000000000000013115e-06
1.437499999999998349e-05
7.187500000000005300e-06
1.656250000000000278e-05
2.125000000000000153e-05
6.250000000000016393e-07
1.281249999999999295e-05
2.937499999999999573e-05
6.250000000000287444e-07
-8.125000000000021311e-06
4.062499999999997103e-06
2.187500000000000317e-05
7.187499999999978195e-06
8.125000000000048416e-06
2.499999999999952347e-06
1.843750000000000770e-05
3.031250000000001174e-05
-3.750000000000009836e-06
2.093750000000001426e-05
-2.812499999999993824e-06
1.781249999999997896e-05
1.312500000000000732e-05
1.749999999999999169e-05
2.250000000000000481e-05
-6.249999999999745343e-07
4.687499999999971637e-06
2.093750000000001426e-05
7.187499999999978195e-06
-2.406249999999999535e-05
2.187500000000003027e-05
1.968750000000001098e-05
-6.250000000000016393e-06
1.437500000000001060e-05
2.656250000000000191e-05
2.531249999999994442e-05
-7.187499999999923984e-06
3.437499999999968359e-06
1.531250000000002661e-05
-3.437500000000076779e-06
3.125000000000089512e-06
3.281249999999996409e-05
6.249999999999745343e-07
1.562500000000044756e-06
-9.375000000000051695e-06
3.593750000000005360e-05
2.500000000000006557e-06
8.749999999999968740e-06
3.999999999999999650e-05
-6.249999999999745343e-07
-2.500000000000006557e-06
4.687500000000025847e-06
1.593749999999989272e-05
2.843750000000003393e-05
-1.156249999999996256e-05
2.906250000000000847e-05
6.249999999999962183e-06
5.000000000000013115e-06
2.781249999999995098e-05
1.156250000000007098e-05
-1.875000000000032023e-06
2.281250000000004628e-05
1.718749999999995021e-05
3.437499999999968359e-06
2.968750000000009142e-05
-9.062500000000064428e-06
1.250000000000003279e-05
1.781250000000003317e-05
0.000000000000000000e+00
1.031249999999990508e-05
5.625000000000096069e-06
3.124999999999981092e-06
2.593749999999991895e-05
-3.124999999999872671e-07
2.000000000000005246e-05
-9.375000000000051695e-06
1.562500000000001388e-05
-8.437499999999981473e-06
1.656249999999997568e-05
6.250000000000070603e-06
4.062499999999942893e-06
2.406249999999999535e-05
4.062500000000051313e-06
2.500000000000006557e-06
2.624999999999990622e-05
-1.562500000000001388e-05
-1.874999999999923603e-06
2.093749999999990584e-05
1.531250000000013503e-05
4.687499999999917427e-06
9.375000000000051695e-06
-9.375000000000051695e-06
1.062500000000000076e-05
3.218750000000009798e-05
-1.000000000000002623e-05
-3.125000000000089512e-06
1.750000000000015432e-05
-9.062500000000172848e-06
2.187500000000019290e-06
6.249999999999962183e-06
4.687500000000134268e-06
-1.062500000000000076e-05
3.906250000000003469e-05
-4.375000000000038580e-06
-8.750000000000077161e-06
1.156250000000007098e-05
1.437500000000006481e-05
-1.281250000000002005e-05
2.062500000000002699e-05
-2.250000000000016744e-05
1.781250000000003317e-05
-2.062500000000002699e-05
6.875000000000153558e-06
-1.281250000000002005e-05
2.156249999999988037e-05
2.749999999999996371e-05
-3.124999999999872671e-06
-1.249999999999949069e-06
1.781249999999981633e-05
-7.187499999999815564e-06
-3.437500000000185199e-06
-9.062499999999956007e-06
1.124999999999997530e-05
1.687499999999996295e-05
1.437500000000006481e-05
-2.125000000000000153e-05
4.687500000000134268e-06
-2.812499999999993824e-06
1.562499999999979704e-05
1.656250000000008410e-05
2.125000000000000153e-05
-7.499999999999911252e-06
-2.031250000000014815e-05
2.625000000000001464e-05
3.125000000000089512e-06
2.187500000000019290e-06
2.468749999999996989e-05
8.437499999999981473e-06
1.000000000000002623e-05
5.000000000000013115e-06
1.062500000000000076e-05
1.781250000000003317e-05
1.656249999999986726e-05
-6.249999999999745343e-07
7.500000000000128092e-06
2.343749999999980398e-05
-7.499999999999911252e-06
-1.218750000000004552e-05
1.562500000000044756e-06
1.656250000000008410e-05
-1.406249999999996912e-05
3.343749999999983021e-05
-9.062499999999956007e-06
1.187499999999994983e-05
1.218750000000004552e-05
1.875000000000010339e-05
6.562499999999841030e-06
3.156250000000012344e-05
6.249999999999745343e-07
-1.406249999999996912e-05
2.187499999999997606e-05
1.218750000000004552e-05
1.968749999999995677e-05
1.093749999999987961e-05
2.625000000000001464e-05
1.593750000000010957e-05
2.125000000000000153e-05
1.749999999999993748e-05
1.968749999999995677e-05
-6.249999999999962183e-06
7.500000000000128092e-06
-8.437499999999981473e-06
1.937499999999986108e-05
2.468749999999996989e-05
4.687500000000134268e-06
1.031249999999990508e-05
1.062500000000000076e-05
