-3.000000000000000279e-04
9.999999999999999124e-05
-7.599999999999998250e-04
-8.199999999999999824e-04
1.999999999999998741e-04
2.469999999999999973e-03
-1.710000000000000148e-03
-3.000000000000000279e-04
4.500000000000000961e-04
-1.199999999999999895e-03
2.289999999999999935e-03
-1.699999999999999688e-03
3.399999999999999811e-03
-3.059999999999999786e-03
1.549999999999999946e-03
2.769999999999999893e-03
-2.709999999999999735e-03
3.270000000000000771e-03
-1.430000000000000715e-03
1.769999999999999872e-03
-5.199999999999996292e-04
-8.000000000000003636e-04
-1.589999999999999834e-03
6.399999999999999439e-04
1.339999999999999612e-03
-8.499999999999991937e-04
3.799999999999992620e-04
-7.799999999999994438e-04
2.049999999999999739e-03
-1.389999999999999743e-03
1.999999999999918510e-05
2.140000000000000409e-03
3.099999999999995121e-04
5.000000000000143219e-05
-6.400000000000008113e-04
2.200000000000000566e-03
-1.090000000000000691e-03
-2.300000000000001696e-04
-1.870000000000000134e-03
2.740000000000001115e-03
2.360000000000000119e-03
-1.750000000000000687e-03
2.259999999999998989e-03
-7.799999999999994438e-04
3.400000000000017591e-04
3.349999999999998812e-03
2.479999999999999566e-03
1.779999999999996863e-03
-9.299999999999968014e-04
-8.299999999999991412e-04
1.119999999999997733e-03
-4.399999999999976846e-04
-2.080000000000000251e-03
7.799999999999994438e-04
6.700000000000004563e-04
-2.300000000000010369e-04
4.699999999999999317e-04
1.580000000000003277e-03
3.439999999999995145e-03
-1.569999999999995011e-03
-5.200000000000030986e-04
2.500000000000002220e-04
-2.659999999999999171e-03
1.610000000000000320e-03
4.749999999999997280e-03
9.699999999999986411e-04
-3.799999999999949252e-04
-2.930000000000002047e-03
6.749999999999999056e-03
-3.949999999999998651e-03
1.500000000000008271e-04
6.119999999999993501e-03
-2.599999999999991207e-03
-3.230000000000003701e-03
-7.199999999999984190e-04
-1.000000000000028644e-04
3.570000000000000256e-03
-5.899999999999967770e-04
3.519999999999998824e-03
-1.420000000000004592e-03
-1.169999999999997431e-03
2.440000000000001196e-03
2.679999999999998356e-03
-1.409999999999998060e-03
1.919999999999994628e-03
1.510000000000004394e-03
-1.509999999999997455e-03
3.639999999999997404e-03
-4.150000000000000910e-03
-3.799999999999983946e-04
2.140000000000003011e-03
-9.000000000000119016e-04
3.100000000000047162e-04
3.200000000000008393e-04
-1.199999999999951106e-04
2.180000000000001381e-03
-2.779999999999997751e-03
1.599999999999990319e-03
-2.739999999999992442e-03
1.299999999999995604e-03
-2.219999999999999751e-03
9.100000000000010858e-04
-7.200000000000018885e-04
1.320000000000001728e-03
3.550000000000001071e-03
-8.400000000000004685e-04
-1.090000000000000691e-03
4.160000000000003972e-03
-3.400000000000000244e-03
-6.100000000000063705e-04
3.190000000000005331e-03
1.289999999999992542e-03
-1.769999999999993801e-03
4.259999999999999898e-03
-1.350000000000003975e-03
7.300000000000014810e-04
4.580000000000000737e-03
-2.199999999999993627e-03
-2.200000000000007505e-03
2.750000000000002442e-03
-3.799999999999983946e-04
-4.700000000000051359e-04
1.530000000000003579e-03
1.059999999999998443e-03
-8.699999999999957767e-04
4.419999999999993379e-03
1.020000000000000073e-03
-5.599999999999979994e-04
1.639999999999995628e-03
3.270000000000002072e-03
-3.239999999999992886e-03
4.250000000000003775e-03
-3.760000000000006393e-03
4.839999999999997082e-03
-3.889999999999997626e-03
3.349999999999998812e-03
-9.899999999999978262e-04
3.029999999999997973e-03
2.129999999999999949e-03
-9.100000000000010858e-04
-1.010000000000003950e-03
1.730000000000009308e-03
1.449999999999999900e-03
-3.100000000000005529e-03
-1.369999999999996221e-03
2.439999999999997726e-03
-1.019999999999993134e-03
4.249999999999989897e-03
-2.389999999999996294e-03
-3.300000000000039013e-04
-2.910000000000002862e-03
9.000000000000049627e-04
2.759999999999998566e-03
2.329999999999998739e-03
-1.399999999999942957e-04
-3.329999999999999627e-03
2.509999999999998344e-03
-1.500000000000042966e-04
5.700000000000010614e-04
2.870000000000004492e-03
8.500000000000035305e-04
-1.199999999999951106e-04
-1.200000000000089884e-04
6.699999999999900480e-04
-1.019999999999993134e-03
2.269999999999994245e-03
-1.129999999999978244e-03
2.049999999999982392e-03
1.619999999999996443e-03
-2.149999999999985256e-03
-9.300000000000141487e-04
-9.899999999999908873e-04
1.850000000000004419e-03
-4.889999999999998515e-03
5.159999999999990983e-03
-1.710000000000003184e-03
-1.820000000000002172e-03
9.200000000000041478e-04
2.430000000000001603e-03
-1.400000000000012346e-04
5.210000000000006293e-03
-2.080000000000012395e-03
-3.379999999999980242e-03
1.729999999999981553e-03
2.500000000000140998e-04
9.300000000000002709e-04
-4.999999999999449329e-05
1.969999999999985651e-03
1.869999999999996665e-03
4.090000000000010294e-03
3.199999999999994515e-03
1.900000000000096056e-04
-2.399999999999999356e-03
-3.400000000000069633e-04
-1.700000000000007061e-03
8.500000000000035305e-04
1.589999999999994196e-03
1.680000000000000937e-03
1.600000000000004197e-03
-1.559999999999991949e-03
