5.000000000000000240e-05
4.124999999999999300e-05
-3.874999999999999322e-05
3.874999999999999322e-05
7.875000000000001682e-05
9.624999999999998140e-05
-1.199999999999999895e-04
1.112500000000000207e-04
1.624999999999998841e-05
6.625000000000001114e-05
7.249999999999997332e-05
1.999999999999999825e-05
1.587499999999999827e-04
9.374999999999997485e-05
4.250000000000000305e-05
1.912500000000000137e-04
-6.499999999999995365e-05
1.474999999999999532e-04
5.499999999999992742e-05
1.237500000000001620e-04
1.062500000000000076e-04
-2.250000000000016744e-05
1.362500000000000863e-04
5.750000000000004240e-05
2.749999999999996371e-05
1.549999999999999729e-04
1.500000000000003934e-05
5.499999999999992742e-05
1.687500000000000631e-04
-6.249999999999962183e-06
1.162500000000000339e-04
7.499999999999997988e-05
9.250000000000013420e-05
1.099999999999998548e-04
2.499999999999984873e-05
2.325000000000000677e-04
-2.499999999999898137e-06
7.999999999999977615e-05
8.000000000000020983e-05
9.375000000000008327e-05
9.749999999999993047e-05
-7.500000000000128092e-06
2.687499999999998918e-04
6.000000000000015737e-05
2.374999999999989966e-05
8.375000000000005704e-05
1.399999999999999335e-04
2.150000000000003471e-04
-1.250000000000382749e-06
4.000000000000010492e-05
1.562500000000001388e-04
9.875000000000031322e-05
1.012499999999997777e-04
-1.374999999999987343e-05
1.999999999999996572e-04
1.375000000000004691e-04
1.487499999999995770e-04
1.499999999999999598e-04
1.887499999999996819e-04
1.262500000000004938e-04
1.374999999999996017e-04
1.074999999999999567e-04
-2.249999999999995060e-05
8.749999999999990424e-05
2.712500000000006573e-04
1.250000000000001110e-04
1.099999999999998548e-04
-1.500000000000025618e-05
2.450000000000004258e-04
8.124999999999972522e-05
5.249999999999959560e-05
2.262499999999998887e-04
1.162500000000000339e-04
5.000000000000663636e-06
1.612499999999999351e-04
1.149999999999996511e-04
1.562500000000001388e-04
5.500000000000036110e-05
2.874999999999995615e-04
-4.999999999999796274e-06
9.499999999999959865e-05
1.450000000000001635e-04
2.250000000000003733e-04
6.124999999999967276e-05
1.587499999999991696e-04
2.037500000000008055e-04
1.237500000000005956e-04
1.949999999999989936e-04
1.125000000000084266e-05
1.462499999999988115e-04
1.600000000000004197e-04
1.462500000000005462e-04
-9.999999999999592548e-06
1.087499999999994721e-04
4.999999999999969746e-05
2.374999999999998640e-04
-1.124999999999910794e-05
1.174999999999995492e-04
1.399999999999994998e-04
9.125000000000105249e-05
5.499999999999949374e-05
1.062500000000004413e-04
7.374999999999916345e-05
1.074999999999999567e-04
1.437499999999997807e-04
1.050000000000009259e-04
6.250000000000005551e-05
1.025000000000001604e-04
1.025000000000001604e-04
9.124999999999931777e-05
1.312499999999994227e-04
7.500000000000041356e-05
1.700000000000000122e-04
4.624999999999941658e-05
1.237500000000005956e-04
1.237500000000005956e-04
1.924999999999999628e-04
1.124999999999910794e-05
6.250000000000005551e-05
1.637500000000007006e-04
7.249999999999964806e-05
4.875000000000018208e-05
3.875000000000058953e-05
1.187499999999990646e-04
7.500000000000561773e-06
2.762500000000004535e-04
7.999999999999847511e-05
-8.750000000000077161e-06
1.387499999999999845e-04
1.775000000000005740e-04
1.625000000000063893e-05
9.624999999999911404e-05
9.250000000000056788e-05
1.312499999999994227e-04
9.375000000000008327e-05
1.150000000000005185e-04
2.374999999999946598e-05
1.675000000000009814e-04
2.149999999999999134e-04
1.475000000000000616e-04
4.124999999999962030e-05
1.849999999999994010e-04
7.249999999999964806e-05
9.375000000000008327e-05
3.624999999999982403e-05
1.537500000000011080e-04
7.500000000000041356e-05
1.824999999999986355e-04
8.750000000000077161e-06
7.125000000000013267e-05
1.637500000000007006e-04
4.624999999999941658e-05
1.662499999999997313e-04
9.750000000000036415e-05
8.375000000000049072e-05
-3.125000000000002776e-05
3.162500000000005584e-04
3.624999999999982403e-05
1.187499999999990646e-04
1.987500000000010092e-04
9.750000000000036415e-05
8.624999999999952149e-05
6.499999999999908629e-05
4.374999999999865108e-05
1.275000000000026112e-04
4.875000000000018208e-05
1.137499999999992684e-04
1.225000000000010802e-04
1.362499999999974842e-04
2.250000000000168532e-05
3.875000000000058953e-05
5.999999999999755529e-05
7.500000000000214828e-05
-3.250000000000127787e-05
1.812500000000008549e-04
8.999999999999980238e-05
-5.499999999999949374e-05
2.012500000000000400e-04
1.999999999999918510e-05
1.024999999999984257e-04
1.825000000000021050e-04
1.287500000000003919e-04
-5.000000000000143219e-05
1.112500000000002376e-04
8.624999999999952149e-05
1.624999999999994504e-04
5.000000000001530998e-06
2.462499999999999412e-04
2.500000000000071609e-05
1.775000000000005740e-04
1.875000000000001665e-04
6.250000000000005551e-05
-1.250000000000209277e-05
6.499999999999908629e-05
5.000000000001530998e-06
1.250000000000001110e-04
4.499999999999990119e-05
9.249999999999883316e-05
1.050000000000009259e-04
-2.125000000000043521e-05
