6.250000000000000130e-05
-6.250000000000000130e-05
-1.312499999999999919e-04
1.174999999999999965e-04
-8.750000000000000928e-06
1.187499999999999998e-04
-6.124999999999999802e-05
-5.374999999999999190e-05
6.999999999999999387e-05
-5.874999999999999824e-05
-8.749999999999999233e-06
7.375000000000000370e-05
-9.999999999999999124e-06
-1.100000000000000039e-04
8.750000000000002622e-06
1.412499999999999910e-04
-5.750000000000000174e-05
8.000000000000000654e-05
-1.350000000000000017e-04
5.000000000000000240e-05
-4.250000000000000305e-05
8.749999999999999233e-06
2.624999999999999770e-05
5.374999999999999868e-05
-5.124999999999999890e-05
-4.124999999999999977e-05
5.124999999999999890e-05
-3.500000000000000371e-05
3.999999999999999650e-05
-1.499999999999999530e-05
-7.500000000000001037e-06
5.000000000000000240e-05
-3.999999999999999650e-05
1.249999999999999552e-05
-2.749999999999999759e-05
2.000000000000000164e-05
-1.125000000000000240e-05
-2.749999999999999759e-05
1.125000000000000071e-05
-1.250000000000000102e-06
5.250000000000000218e-05
-8.749999999999995845e-06
3.249999999999999038e-05
-8.124999999999999627e-05
3.874999999999999999e-05
-7.499999999999995955e-06
9.375000000000000195e-05
9.875000000000000151e-05
-1.624999999999998841e-05
-1.875000000000002207e-05
3.625000000000001377e-05
-7.875000000000001682e-05
2.375000000000000808e-05
1.625000000000001552e-05
8.999999999999999212e-05
-2.125000000000000153e-05
-1.162500000000000068e-04
1.187500000000000133e-04
-1.999999999999999825e-05
-1.750000000000001880e-05
4.874999999999999234e-05
4.250000000000000305e-05
-6.374999999999997747e-05
1.375000000000000896e-05
1.512499999999999630e-04
-1.199999999999999895e-04
4.500000000000000961e-05
-1.499999999999998513e-05
9.124999999999996829e-05
-7.374999999999997660e-05
4.250000000000000305e-05
1.525000000000000205e-04
-9.625000000000003561e-05
-7.749999999999998643e-05
-4.250000000000000305e-05
5.749999999999998819e-05
4.124999999999999977e-05
-7.999999999999999299e-05
5.749999999999998819e-05
1.112500000000000207e-04
-3.375000000000003431e-05
7.375000000000003081e-05
3.625000000000004087e-05
8.749999999999968740e-06
1.250000000000003279e-05
3.749999999999998994e-05
-6.500000000000006207e-05
1.649999999999999991e-04
-1.137500000000000273e-04
-9.499999999999992392e-05
7.125000000000002425e-05
2.374999999999989966e-05
4.875000000000007366e-05
-2.000000000000005246e-05
-1.037500000000000011e-04
1.000000000000000454e-04
-1.187500000000000404e-04
1.500000000000000682e-04
-1.525000000000000747e-04
-8.999999999999996501e-05
4.375000000000000633e-05
1.374999999999998185e-05
1.374999999999998185e-05
-2.624999999999996043e-05
8.499999999999995190e-05
5.000000000000013115e-06
2.750000000000007213e-05
5.749999999999993398e-05
-1.337499999999999713e-04
7.125000000000002425e-05
3.749999999999998994e-05
1.349999999999999204e-04
2.500000000000006557e-06
9.375000000000008327e-05
-1.075000000000000651e-04
-3.124999999999991934e-05
1.037500000000000011e-04
-6.625000000000001114e-05
-2.125000000000000153e-05
7.624999999999992895e-05
-9.499999999999992392e-05
5.124999999999997179e-05
-5.000000000000002272e-05
5.874999999999999147e-05
-5.000000000000013115e-06
1.224999999999999960e-04
-1.437499999999999976e-04
8.125000000000005048e-05
6.124999999999999802e-05
4.500000000000000961e-05
-1.887500000000000072e-04
1.649999999999999991e-04
-6.625000000000001114e-05
1.124999999999997530e-05
-1.500000000000003934e-05
8.750000000000001266e-05
-1.012499999999999945e-04
5.250000000000002928e-05
6.499999999999995365e-05
8.125000000000005048e-05
-9.250000000000002578e-05
2.500000000000006557e-06
4.000000000000010492e-05
-8.625000000000006359e-05
-3.749999999999998994e-05
7.374999999999992239e-05
-2.374999999999989966e-05
1.399999999999999335e-04
-1.024999999999999436e-04
3.249999999999997682e-05
-8.750000000000001266e-05
2.875000000000002120e-05
2.500000000000006557e-06
5.249999999999992086e-05
4.125000000000005398e-05
-1.162500000000000339e-04
1.750000000000000253e-04
-6.375000000000000458e-05
5.000000000000013115e-06
2.874999999999991278e-05
9.624999999999998140e-05
-9.249999999999991736e-05
1.500000000000003934e-05
2.125000000000000153e-05
-5.250000000000002928e-05
6.624999999999990272e-05
-7.499999999999911252e-06
-1.124999999999997530e-05
3.625000000000004087e-05
-2.375000000000011650e-05
-1.012499999999999945e-04
-5.499999999999992742e-05
6.624999999999990272e-05
-1.412499999999998826e-04
1.362499999999998695e-04
-8.624999999999995517e-05
-3.374999999999992589e-05
-3.625000000000004087e-05
5.750000000000004240e-05
2.500000000000006557e-06
6.124999999999999802e-05
-3.750000000000064046e-06
-1.124999999999999698e-04
6.124999999999999802e-05
6.625000000000001114e-05
8.750000000000077161e-06
-5.000000000000013115e-05
1.125000000000008372e-05
1.999999999999994404e-05
8.375000000000005704e-05
1.500000000000003934e-05
-2.000000000000005246e-05
-8.500000000000000611e-05
7.375000000000003081e-05
-4.374999999999995212e-05
4.374999999999995212e-05
2.000000000000005246e-05
-7.625000000000014579e-05
-1.162499999999999254e-04
7.999999999999999299e-05
