-4.000000000000000192e-04
1.100000000000000175e-04
-3.999999999999999650e-04
-1.800000000000000384e-04
-1.999999999999994404e-05
9.199999999999999194e-04
-3.400000000000000244e-04
-6.499999999999999702e-04
2.900000000000000017e-04
-1.300000000000000157e-04
6.300000000000000261e-04
9.000000000000000567e-05
3.899999999999999929e-04
-6.499999999999999702e-04
4.500000000000000419e-04
5.700000000000000856e-04
-7.300000000000000716e-04
2.800000000000000297e-04
-3.299999999999999982e-04
5.000000000000000104e-04
3.799999999999999667e-04
5.000000000000002272e-05
-6.000000000000004895e-05
-3.999999999999999650e-05
7.999999999999999299e-05
3.500000000000000507e-04
-2.100000000000000087e-04
-6.999999999999996676e-05
5.600000000000000594e-04
9.999999999999982861e-05
3.299999999999999982e-04
7.700000000000000681e-04
1.900000000000000647e-04
-6.900000000000000751e-04
1.399999999999999335e-04
6.499999999999999702e-04
-4.199999999999998006e-04
4.299999999999998268e-04
-4.199999999999998006e-04
2.599999999999998146e-04
5.300000000000000891e-04
-2.899999999999998933e-04
5.300000000000000891e-04
-1.000000000000002623e-04
3.700000000000001031e-04
8.400000000000000348e-04
-6.999999999999974992e-05
7.199999999999992864e-04
-6.099999999999994316e-04
-8.199999999999999824e-04
5.899999999999998128e-04
1.700000000000000122e-04
-2.999999999999964501e-05
-2.400000000000006295e-04
6.000000000000015737e-05
3.600000000000000769e-04
5.700000000000001940e-04
-2.599999999999998146e-04
1.069999999999999771e-03
-1.069999999999999771e-03
1.900000000000000647e-04
-4.300000000000006942e-04
-1.900000000000000647e-04
1.160000000000000440e-03
6.299999999999994840e-04
4.100000000000006417e-04
-5.500000000000001416e-04
-6.599999999999999964e-04
1.499999999999999598e-03
-1.099999999999999416e-03
1.499999999999999598e-04
1.479999999999999545e-03
-5.199999999999996292e-04
-2.599999999999998146e-04
-1.499999999999999598e-04
-1.100000000000007222e-04
6.900000000000005088e-04
-9.700000000000003758e-04
9.100000000000002184e-04
-7.200000000000001538e-04
1.900000000000000647e-04
8.999999999999997585e-04
-9.999999999999592548e-06
1.200000000000003147e-04
3.399999999999991571e-04
-1.999999999999987899e-04
-1.700000000000008796e-04
7.700000000000007186e-04
-4.699999999999999317e-04
-3.700000000000005368e-04
6.800000000000000488e-04
-8.999999999999980238e-05
1.600000000000004197e-04
1.599999999999986849e-04
-8.000000000000020983e-05
7.600000000000002587e-04
-7.600000000000002587e-04
5.900000000000002465e-04
-8.999999999999997585e-04
7.699999999999998512e-04
-7.499999999999989314e-04
1.190000000000000085e-03
-1.900000000000009320e-04
5.500000000000001416e-04
3.800000000000001293e-04
-6.600000000000008638e-04
0.000000000000000000e+00
7.200000000000001538e-04
-3.099999999999995121e-04
-1.600000000000004197e-04
1.199999999999999678e-03
4.400000000000011541e-04
3.000000000000051237e-05
5.599999999999997341e-04
1.700000000000000122e-04
-4.000000000000010492e-04
7.900000000000007710e-04
-5.000000000000004441e-04
-6.300000000000003514e-04
7.100000000000005612e-04
4.299999999999998268e-04
2.000000000000005246e-04
-3.800000000000001293e-04
1.999999999999918510e-05
4.000000000000010492e-04
-6.000000000000102474e-05
9.900000000000012956e-04
-3.600000000000009442e-04
1.130000000000000795e-03
9.499999999999994560e-04
-1.149999999999999981e-03
6.899999999999996414e-04
-3.499999999999996170e-04
1.230000000000000190e-03
-1.340000000000000913e-03
1.130000000000000795e-03
-4.900000000000008515e-04
8.400000000000022032e-04
1.399999999999977651e-04
6.899999999999996414e-04
-2.799999999999989997e-04
-5.900000000000002465e-04
3.699999999999988021e-04
1.100000000000024569e-04
-6.400000000000016787e-04
6.099999999999994316e-04
-4.099999999999971723e-04
1.339999999999997443e-03
-1.899999999999991973e-04
-6.500000000000012712e-04
-2.599999999999998146e-04
4.000000000000183964e-05
5.399999999999988143e-04
2.799999999999989997e-04
3.300000000000004319e-04
-3.699999999999988021e-04
5.800000000000006539e-04
-3.300000000000004319e-04
3.599999999999992095e-04
-4.299999999999998268e-04
-3.100000000000012468e-04
5.100000000000000366e-04
6.700000000000004563e-04
1.400000000000012346e-04
2.400000000000006295e-04
2.699999999999994071e-04
-4.599999999999986044e-04
6.999999999999992339e-04
1.399999999999977651e-04
-7.399999999999976041e-04
8.999999999999980238e-05
3.999999999999837019e-05
7.000000000000061728e-05
-5.999999999999998390e-04
7.099999999999988265e-04
-6.800000000000000488e-04
-5.399999999999988143e-04
7.000000000000061728e-05
-2.100000000000018519e-04
7.000000000000061728e-05
8.800000000000023082e-04
-3.400000000000000244e-04
-8.400000000000004685e-04
5.000000000000004441e-04
3.499999999999996170e-04
-2.200000000000014444e-04
3.200000000000008393e-04
8.300000000000008760e-04
1.499999999999973577e-04
1.799999999999996048e-04
8.400000000000004685e-04
1.200000000000020495e-04
-8.000000000000020983e-04
8.999999999999980238e-05
-3.499999999999996170e-04
3.700000000000022715e-04
6.299999999999986167e-04
-4.299999999999998268e-04
7.899999999999990363e-04
-8.000000000000020983e-05
