-2.500000000000000205e-06
-5.500000000000000196e-05
-9.000000000000000567e-05
6.750000000000000086e-05
4.500000000000000961e-05
1.275000000000000092e-04
-2.725000000000000100e-04
1.999999999999999825e-05
4.750000000000001617e-05
-5.500000000000000873e-05
-1.174999999999999829e-04
-6.250000000000000130e-05
1.674999999999999786e-04
-5.499999999999998163e-05
6.250000000000000130e-05
2.449999999999999921e-04
-1.099999999999999904e-04
-1.600000000000000131e-04
-4.749999999999998906e-05
7.499999999999997988e-05
1.000000000000000183e-04
-1.224999999999999960e-04
2.824999999999999820e-04
2.249999999999999125e-05
-4.250000000000000305e-05
2.750000000000000437e-05
2.499999999999999781e-05
1.224999999999999960e-04
1.125000000000000240e-04
-2.725000000000000100e-04
3.024999999999999803e-04
1.399999999999999877e-04
-3.499999999999998338e-05
-1.524999999999999663e-04
-7.750000000000004064e-05
1.849999999999999973e-04
-1.149999999999999764e-04
9.749999999999998468e-05
-1.174999999999999829e-04
9.999999999999972019e-06
1.625000000000000468e-04
-6.750000000000001442e-05
1.675000000000000057e-04
-9.000000000000001922e-05
-4.500000000000000961e-05
1.900000000000000647e-04
-6.250000000000005551e-05
1.350000000000000288e-04
-2.125000000000000153e-04
2.249999999999999396e-04
9.250000000000002578e-05
1.450000000000000551e-04
-2.375000000000000808e-04
8.249999999999999955e-05
1.000000000000002623e-05
2.750000000000007213e-05
-8.000000000000010141e-05
2.050000000000001040e-04
3.199999999999998635e-04
-1.674999999999998972e-04
-1.074999999999999567e-04
1.000000000000002623e-05
-3.175000000000000738e-04
-7.500000000000019672e-06
4.275000000000000371e-04
-1.249999999999992437e-05
8.499999999999978927e-05
-1.174999999999999829e-04
2.525000000000001202e-04
-4.000000000000010492e-05
-2.749999999999996371e-05
2.275000000000000546e-04
-3.175000000000000738e-04
7.499999999999997988e-05
-2.999999999999986185e-05
1.824999999999999366e-04
7.999999999999999299e-05
-1.174999999999999829e-04
1.774999999999999235e-04
1.200000000000000979e-04
1.749999999999993748e-05
-2.500000000000006557e-05
1.500000000000003934e-05
3.500000000000009180e-05
7.999999999999999299e-05
-2.000000000000005246e-05
1.500000000000003934e-05
2.649999999999998277e-04
-3.174999999999998570e-04
1.375000000000000354e-04
-2.500000000000006557e-05
-8.249999999999989113e-05
1.224999999999999960e-04
7.250000000000008174e-05
-6.500000000000017049e-05
-1.425000000000000485e-04
6.250000000000005551e-05
-1.199999999999998811e-04
1.449999999999999466e-04
2.249999999999995060e-05
-1.499999999999999598e-04
8.249999999999989113e-05
-1.849999999999998347e-04
9.499999999999981549e-05
2.525000000000001202e-04
-4.750000000000001617e-05
-4.499999999999990119e-05
1.199999999999998811e-04
-1.700000000000000122e-04
1.275000000000000092e-04
1.575000000000000878e-04
-7.749999999999987801e-05
2.749999999999974687e-05
-1.249999999999992437e-05
-4.499999999999990119e-05
-1.150000000000000848e-04
1.749999999999998085e-04
-2.999999999999964501e-05
1.224999999999997792e-04
-5.749999999999982556e-05
1.149999999999996511e-04
1.250000000000035805e-05
1.375000000000000354e-04
4.499999999999990119e-05
-3.500000000000000507e-04
3.725000000000000012e-04
6.000000000000015737e-05
-2.024999999999999890e-04
2.074999999999997853e-04
1.174999999999999829e-04
-7.250000000000008174e-05
1.599999999999999860e-04
-1.824999999999999366e-04
2.449999999999999921e-04
-5.749999999999982556e-05
-4.499999999999990119e-05
-2.250000000000038428e-05
-1.000000000000002623e-05
2.650000000000000445e-04
8.500000000000000611e-05
-1.349999999999997036e-04
4.499999999999990119e-05
1.549999999999997560e-04
-9.999999999999982861e-05
-4.499999999999990119e-05
-1.275000000000000092e-04
1.724999999999999103e-04
1.900000000000000647e-04
-1.975000000000001928e-04
1.399999999999999335e-04
-1.049999999999996249e-04
8.249999999999967429e-05
-1.199999999999998811e-04
4.450000000000000830e-04
-7.749999999999987801e-05
-2.200000000000001434e-04
9.749999999999993047e-05
-3.000000000000007869e-05
-1.499999999999982250e-05
2.300000000000001696e-04
1.999999999999961878e-05
1.225000000000002129e-04
-5.499999999999992742e-05
-1.399999999999999335e-04
-9.750000000000036415e-05
2.725000000000001726e-04
-1.099999999999998548e-04
3.499999999999987496e-05
5.749999999999982556e-05
-1.424999999999998317e-04
-1.025000000000001604e-04
5.000000000000013115e-05
2.750000000000018055e-05
-4.025000000000000799e-04
3.999999999999997481e-04
-9.999999999999982861e-05
-1.649999999999997823e-04
1.899999999999996310e-04
8.000000000000020983e-05
-1.499999999999999598e-04
1.349999999999997036e-04
1.075000000000003904e-04
-2.500000000000002220e-04
9.749999999999993047e-05
-1.074999999999999567e-04
2.499999999999898137e-06
-4.499999999999990119e-05
8.500000000000000611e-05
-2.499999999999898137e-06
2.625000000000001464e-04
8.999999999999980238e-05
1.350000000000001373e-04
-1.625000000000003178e-04
-1.049999999999996249e-04
-5.500000000000036110e-05
-1.249999999999992437e-05
2.750000000000018055e-05
8.999999999999980238e-05
-1.749999999999972064e-05
-1.025000000000001604e-04
