6.124999999999999802e-05
-6.624999999999999758e-05
1.250000000000000060e-05
9.249999999999999867e-05
1.237499999999999993e-04
5.999999999999999474e-05
9.625000000000003561e-05
1.249999999999997858e-05
8.375000000000000283e-05
4.124999999999994556e-05
8.000000000000010141e-05
5.999999999999994053e-05
1.862500000000000006e-04
2.875000000000002120e-05
8.124999999999994206e-05
1.599999999999999860e-04
-2.874999999999991278e-05
1.724999999999999103e-04
-5.750000000000004240e-05
1.562500000000001388e-04
1.337499999999999713e-04
2.625000000000001464e-05
1.312500000000000732e-04
1.899999999999998478e-04
8.125000000000015890e-05
-4.625000000000006710e-05
1.037500000000001095e-04
7.624999999999992895e-05
1.749999999999998085e-04
-4.499999999999990119e-05
1.700000000000000122e-04
2.149999999999999134e-04
1.225000000000002129e-04
3.374999999999992589e-05
2.374999999999998640e-04
1.624999999999998841e-04
8.000000000000020983e-05
1.587500000000000369e-04
4.000000000000010492e-05
9.374999999999964959e-05
3.112500000000003285e-04
9.124999999999975145e-05
2.274999999999998378e-04
-1.624999999999977157e-05
2.162500000000002962e-04
1.549999999999997560e-04
3.525000000000003825e-04
3.249999999999954314e-05
2.387500000000002467e-04
8.000000000000020983e-05
1.749999999999998085e-04
1.912499999999995801e-04
-6.000000000000015737e-05
3.325000000000003300e-04
2.512499999999997374e-04
3.750000000000280886e-06
2.475000000000003239e-04
1.987500000000001418e-04
3.662499999999993885e-04
-1.249999999999949069e-05
2.562499999999995337e-04
2.050000000000003209e-04
1.087499999999994721e-04
1.875000000000001665e-04
2.600000000000006820e-04
1.049999999999991912e-04
2.500000000000002220e-04
9.250000000000056788e-05
3.400000000000000244e-04
1.012499999999989103e-04
1.800000000000013395e-04
3.175000000000000738e-04
9.499999999999959865e-05
1.137499999999992684e-04
1.687500000000004968e-04
2.187500000000001943e-04
2.412500000000001449e-04
-3.250000000000127787e-05
3.487500000000001016e-04
3.875000000000058953e-05
1.762499999999993239e-04
1.387499999999999845e-04
2.400000000000006295e-04
4.499999999999990119e-05
1.887499999999996819e-04
2.187500000000001943e-04
2.125000000000043521e-05
2.237499999999999906e-04
1.074999999999999567e-04
6.374999999999957090e-05
2.137500000000003980e-04
1.849999999999994010e-04
1.575000000000013889e-04
1.462499999999988115e-04
2.100000000000001171e-04
1.987500000000010092e-04
7.624999999999992895e-05
2.799999999999989997e-04
4.750000000000066669e-05
2.312499999999988176e-04
8.375000000000049072e-05
6.374999999999957090e-05
2.487500000000007067e-04
6.374999999999957090e-05
3.362499999999997435e-04
7.250000000000138278e-05
1.724999999999990430e-04
2.012500000000000400e-04
9.375000000000008327e-05
1.725000000000007777e-04
2.249999999999995060e-04
1.412500000000007500e-04
1.749999999999998085e-04
1.924999999999982281e-04
1.799999999999996048e-04
1.687500000000022315e-04
2.974999999999991540e-04
1.750000000000015432e-04
8.000000000000020983e-05
2.537499999999970335e-04
1.237500000000023304e-04
2.162499999999976941e-04
1.487500000000030465e-04
2.287499999999997868e-04
8.374999999999702127e-05
3.787500000000006140e-04
9.625000000000258349e-05
1.749999999999980738e-04
2.424999999999996603e-04
2.325000000000000677e-04
3.500000000000030864e-05
1.662499999999997313e-04
7.750000000000117906e-05
2.437500000000009104e-04
9.999999999999939493e-05
1.212499999999998301e-04
8.999999999999980238e-05
2.687499999999981570e-04
1.962500000000019784e-04
1.137499999999992684e-04
4.625000000000115130e-05
1.974999999999997591e-04
1.224999999999976108e-04
3.625000000000155875e-05
1.112500000000002376e-04
1.087500000000012068e-04
1.837499999999998856e-04
1.774999999999971045e-04
9.125000000000105249e-05
1.624999999999994504e-04
5.499999999999949374e-05
1.425000000000002653e-04
1.012500000000006450e-04
1.950000000000007283e-04
1.087500000000012068e-04
1.012499999999971756e-04
2.650000000000013456e-04
4.124999999999962030e-05
9.624999999999911404e-05
2.137500000000021327e-04
1.387499999999999845e-04
2.749999999999974687e-05
9.624999999999911404e-05
1.300000000000016420e-04
1.224999999999976108e-04
1.174999999999995492e-04
5.125000000000268230e-05
1.449999999999992961e-04
1.199999999999985800e-04
1.550000000000023581e-04
9.124999999999758304e-05
1.612500000000016698e-04
1.974999999999997591e-04
1.125000000000084266e-05
2.050000000000003209e-04
5.624999999999727440e-05
2.749999999999974687e-05
2.162500000000011635e-04
2.137499999999986633e-04
9.000000000000327183e-05
2.325000000000000677e-04
1.149999999999970490e-04
8.250000000000271005e-05
1.324999999999972033e-04
1.537500000000011080e-04
1.612500000000016698e-04
7.749999999999770961e-05
2.149999999999999134e-04
4.000000000000183964e-05
3.162500000000005584e-04
1.399999999999977651e-04
1.737500000000002931e-04
1.349999999999997036e-04
9.999999999999939493e-05
1.625000000000237366e-05
2.024999999999978206e-04
7.375000000000089817e-05
1.437500000000015155e-04
1.462499999999970768e-04
2.125000000000043521e-05
