2.200000000000000078e-04
-1.200000000000000030e-04
7.099999999999999107e-04
-7.899999999999999037e-04
5.399999999999998985e-04
2.000000000000000909e-04
-5.000000000000000104e-04
1.600000000000000402e-04
-5.000000000000002272e-05
7.100000000000000191e-04
1.399999999999999335e-04
-5.299999999999999807e-04
1.999999999999999825e-04
-4.299999999999999352e-04
2.799999999999999755e-04
9.500000000000001065e-04
-3.800000000000001293e-04
4.699999999999999317e-04
-7.399999999999999894e-04
5.100000000000000366e-04
5.000000000000013115e-05
-5.200000000000000629e-04
3.899999999999999387e-04
2.399999999999999790e-04
4.099999999999999912e-04
-2.199999999999999265e-04
-5.800000000000000034e-04
1.299999999999999073e-04
4.400000000000000699e-04
-8.699999999999998967e-04
-1.300000000000001241e-04
2.100000000000001171e-04
5.900000000000000296e-04
-2.500000000000000052e-04
3.299999999999999982e-04
7.999999999999997131e-04
-4.599999999999999055e-04
6.000000000000015737e-05
-3.800000000000001293e-04
6.700000000000000226e-04
1.599999999999999860e-04
-3.000000000000007869e-05
8.500000000000000611e-04
-9.399999999999998634e-04
6.099999999999998652e-04
6.100000000000002989e-04
3.299999999999995645e-04
7.200000000000001538e-04
-2.300000000000001696e-04
-4.399999999999994194e-04
-1.100000000000007222e-04
1.800000000000004721e-04
-1.010000000000000047e-03
5.500000000000001416e-04
-2.400000000000001958e-04
8.000000000000020983e-05
5.399999999999996816e-04
1.499999999999999598e-04
1.010000000000000481e-03
-9.000000000000066974e-05
-4.299999999999998268e-04
6.199999999999998915e-04
-7.399999999999993389e-04
3.400000000000000244e-04
1.169999999999999166e-03
-4.999999999999969746e-05
4.400000000000002867e-04
-2.900000000000003270e-04
1.389999999999999743e-03
-7.199999999999992864e-04
2.599999999999998146e-04
1.020000000000000073e-03
-3.099999999999995121e-04
-2.800000000000007344e-04
8.000000000000020983e-05
-2.799999999999998671e-04
1.030000000000000533e-03
4.999999999999969746e-05
4.499999999999990119e-04
-3.199999999999991046e-04
-1.200000000000003147e-04
-4.600000000000003392e-04
1.440000000000000308e-03
-2.000000000000005246e-04
2.500000000000002220e-04
3.200000000000008393e-04
-4.400000000000011541e-04
9.700000000000003758e-04
-1.140000000000000388e-03
2.700000000000011419e-04
2.699999999999994071e-04
-4.200000000000002343e-04
0.000000000000000000e+00
5.199999999999996292e-04
6.000000000000102474e-05
7.600000000000002587e-04
-2.999999999999999195e-04
1.499999999999990924e-04
-5.199999999999996292e-04
3.400000000000000244e-04
-5.999999999999998390e-04
-3.499999999999996170e-04
-2.200000000000014444e-04
1.800000000000013395e-04
9.699999999999986411e-04
-4.099999999999989070e-04
-5.900000000000002465e-04
1.390000000000000610e-03
-9.500000000000011907e-04
-2.199999999999997097e-04
5.500000000000001416e-04
3.300000000000004319e-04
-3.600000000000009442e-04
1.210000000000001005e-03
-3.300000000000004319e-04
1.100000000000007222e-04
1.379999999999999283e-03
-8.900000000000001660e-04
3.999999999999993144e-04
3.100000000000012468e-04
-3.200000000000008393e-04
-1.600000000000004197e-04
1.590000000000001135e-03
-2.000000000000091982e-05
-8.199999999999995487e-04
1.350000000000000505e-03
-1.200000000000003147e-04
2.900000000000003270e-04
6.999999999999888256e-05
3.600000000000009442e-04
-9.999999999999939493e-05
7.599999999999985240e-04
-1.339999999999999178e-03
1.329999999999999585e-03
-1.409999999999999795e-03
9.600000000000007833e-04
6.999999999999888256e-05
5.800000000000006539e-04
3.799999999999983946e-04
1.100000000000024569e-04
-7.000000000000061728e-05
7.600000000000002587e-04
5.999999999999755529e-05
-6.099999999999994316e-04
-1.999999999999918510e-05
4.499999999999990119e-04
-4.999999999999796274e-05
7.199999999999984190e-04
-2.299999999999975675e-04
4.399999999999994194e-04
-1.380000000000002752e-03
9.500000000000029254e-04
3.799999999999983946e-04
6.999999999999992339e-04
-8.699999999999992462e-04
-2.099999999999983824e-04
9.199999999999972089e-04
6.600000000000008638e-04
3.000000000000224709e-05
3.499999999999996170e-04
5.699999999999975919e-04
2.700000000000028766e-04
-2.800000000000024691e-04
2.699999999999994071e-04
-8.000000000000020983e-05
-4.599999999999986044e-04
9.499999999999994560e-04
2.100000000000018519e-04
3.999999999999837019e-05
1.999999999999918510e-05
-8.999999999999980238e-04
3.300000000000004319e-04
2.799999999999989997e-04
-5.499999999999984068e-04
9.699999999999986411e-04
-3.300000000000004319e-04
6.000000000000102474e-05
-4.600000000000020739e-04
4.600000000000020739e-04
-5.299999999999992217e-04
1.369999999999999690e-03
-2.900000000000020617e-04
4.000000000000183964e-05
-4.299999999999998268e-04
9.999999999999592548e-06
2.500000000000002220e-04
1.999999999999918510e-05
5.199999999999996292e-04
5.600000000000014688e-04
1.429999999999997246e-03
7.100000000000022959e-04
2.099999999999983824e-04
-1.159999999999997838e-03
-4.000000000000010492e-04
2.599999999999998146e-04
1.099999999999989875e-04
1.999999999999918510e-05
1.030000000000003135e-03
-2.100000000000018519e-04
-7.299999999999980116e-04
