-6.999999999999999387e-05
-1.000000000000001268e-05
-3.249999999999999851e-04
-8.000000000000004720e-05
2.350000000000000201e-04
2.349999999999999930e-04
1.300000000000000157e-04
-2.500000000000000052e-04
-1.150000000000000035e-04
-2.650000000000000445e-04
-8.499999999999989769e-05
-4.500000000000000961e-05
2.299999999999999527e-04
-3.549999999999999553e-04
2.149999999999999134e-04
3.300000000000000524e-04
-3.600000000000000227e-04
5.100000000000000366e-04
-4.200000000000000174e-04
3.000000000000000279e-04
-4.000000000000000734e-04
-2.499999999999995715e-05
1.649999999999999991e-04
1.799999999999999842e-04
-8.500000000000000611e-05
-1.699999999999999580e-04
-8.500000000000000611e-05
1.450000000000000009e-04
-2.199999999999999807e-04
-2.800000000000000839e-04
2.100000000000000087e-04
2.700000000000000577e-04
-2.600000000000000314e-04
-2.150000000000000218e-04
2.600000000000000314e-04
-2.349999999999999659e-04
-3.150000000000000673e-04
6.499999999999995365e-05
-1.399999999999999335e-04
1.449999999999999466e-04
3.150000000000000673e-04
-3.000000000000000279e-04
9.500000000000003234e-05
-1.299999999999999073e-04
1.049999999999998417e-04
-3.499999999999987496e-05
3.849999999999999256e-04
1.400000000000000419e-04
-3.600000000000000769e-04
1.350000000000000288e-04
1.000000000000002623e-05
5.000000000000013115e-06
-1.500000000000000682e-04
-5.500000000000003584e-05
4.000000000000010492e-05
1.149999999999999764e-04
6.000000000000004895e-05
-3.500000000000009180e-05
4.899999999999999842e-04
-2.999999999999999737e-04
-1.000000000000000454e-04
2.100000000000000087e-04
-5.849999999999999081e-04
-1.549999999999999729e-04
4.849999999999998626e-04
1.550000000000000813e-04
-1.150000000000000848e-04
-3.249999999999999851e-04
5.850000000000000165e-04
-3.000000000000000279e-04
3.999999999999999650e-05
3.100000000000000542e-04
3.499999999999998338e-05
-7.049999999999998976e-04
1.999999999999998741e-04
-5.499999999999992742e-05
5.050000000000000235e-04
-4.400000000000000157e-04
2.150000000000000218e-04
2.299999999999999527e-04
6.500000000000000786e-05
-2.199999999999999807e-04
2.500000000000000052e-04
9.999999999999999124e-05
-5.000000000000013115e-06
3.000000000000002448e-05
-5.000000000000013115e-06
5.800000000000000034e-04
-4.899999999999999842e-04
-6.499999999999998075e-05
9.999999999999999124e-05
-3.099999999999999999e-04
-3.499999999999998338e-05
-2.850000000000000428e-04
-2.499999999999995715e-05
9.999999999999993703e-05
-3.299999999999999982e-04
2.150000000000000218e-04
-3.549999999999999553e-04
-3.500000000000009180e-05
-4.049999999999999781e-04
4.600000000000001223e-04
-1.050000000000000586e-04
-3.149999999999999589e-04
7.299999999999999632e-04
-5.599999999999999509e-04
8.500000000000000611e-05
3.849999999999999256e-04
-3.099999999999999457e-04
1.599999999999999860e-04
1.749999999999999169e-04
1.750000000000000253e-04
-4.500000000000000961e-05
5.500000000000003584e-05
-3.549999999999999553e-04
-1.649999999999999991e-04
4.099999999999999912e-04
-2.399999999999999790e-04
-6.500000000000017049e-05
3.950000000000000603e-04
-3.149999999999998504e-04
2.499999999999984873e-05
7.000000000000007518e-05
-8.500000000000011453e-05
-5.499999999999999247e-04
3.949999999999999518e-04
1.549999999999999729e-04
-2.249999999999999396e-04
1.449999999999999466e-04
-1.799999999999998216e-04
2.199999999999999265e-04
9.000000000000001922e-05
-1.200000000000000979e-04
2.150000000000000218e-04
-3.999999999999999650e-05
5.500000000000003584e-05
-1.699999999999999038e-04
3.349999999999999029e-04
2.049999999999999956e-04
-2.049999999999999956e-04
-2.700000000000000577e-04
1.100000000000000717e-04
1.099999999999999633e-04
-2.200000000000000349e-04
-6.999999999999985834e-05
-1.000000000000000454e-04
3.799999999999999125e-04
4.250000000000000305e-04
-3.899999999999999387e-04
-1.300000000000000157e-04
-1.999999999999999825e-04
2.199999999999999265e-04
3.650000000000000358e-04
4.999999999999996851e-05
-2.200000000000000349e-04
-1.049999999999999501e-04
5.400000000000000069e-04
-2.849999999999999886e-04
1.099999999999999633e-04
5.299999999999999807e-04
-1.599999999999999860e-04
5.500000000000000196e-05
1.450000000000000009e-04
-3.050000000000000410e-04
1.300000000000000157e-04
1.050000000000000044e-04
-3.999999999999999650e-05
2.900000000000000017e-04
5.050000000000000235e-04
-4.500000000000000419e-04
-1.349999999999999746e-04
5.499999999999998163e-05
2.700000000000000035e-04
-2.849999999999999886e-04
3.000000000000000279e-04
-4.099999999999999912e-04
8.499999999999997900e-05
2.199999999999999807e-04
1.700000000000000122e-04
-1.949999999999999694e-04
5.150000000000000498e-04
-1.200000000000000979e-04
-2.199999999999999265e-04
3.099999999999999457e-04
-3.249999999999999851e-04
-1.499999999999999598e-04
7.999999999999999299e-05
3.049999999999999326e-04
1.750000000000000253e-04
2.149999999999999134e-04
-1.649999999999999991e-04
3.000000000000007869e-05
-1.199999999999998811e-04
-1.500000000000000682e-04
-5.250000000000000760e-04
8.500000000000000611e-05
4.000000000000000192e-04
-1.500000000000003934e-05
-3.499999999999999964e-04
2.249999999999999938e-04
