2.000000000000000164e-05
-2.200000000000000078e-04
-2.200000000000000078e-04
1.350000000000000288e-04
-2.000000000000000367e-04
4.300000000000000436e-04
-8.499999999999997900e-05
-3.499999999999999964e-04
-3.499999999999998338e-05
-1.500000000000000682e-04
1.000000000000000454e-04
-6.000000000000004895e-05
2.000000000000000367e-04
-1.699999999999999580e-04
-7.999999999999999299e-05
7.099999999999999107e-04
-1.400000000000000148e-04
2.999999999999999737e-05
-2.499999999999999781e-05
3.500000000000001049e-05
-2.600000000000000314e-04
5.500000000000003584e-05
-1.800000000000000384e-04
1.700000000000000122e-04
-3.499999999999998338e-05
2.299999999999999799e-04
1.900000000000000105e-04
-1.450000000000000009e-04
-5.000000000000000240e-05
-4.499999999999999606e-05
7.000000000000000742e-05
4.399999999999999615e-04
6.500000000000000786e-05
-3.999999999999999650e-04
2.649999999999999903e-04
2.550000000000000183e-04
8.500000000000000611e-05
-2.600000000000000314e-04
2.049999999999999956e-04
-1.599999999999999860e-04
5.100000000000000366e-04
-3.450000000000000375e-04
3.199999999999999720e-04
-3.699999999999999947e-04
1.000000000000000454e-04
2.499999999999995715e-05
5.699999999999999772e-04
-4.999999999999991430e-05
1.000000000000002623e-05
3.749999999999998994e-04
2.199999999999999265e-04
4.949999999999999973e-04
-5.749999999999999903e-04
6.150000000000000952e-04
3.349999999999997945e-04
1.500000000000003934e-04
-4.000000000000010492e-05
1.800000000000000384e-04
4.999999999999969746e-05
-6.499999999999995365e-05
2.000000000000005246e-05
-8.999999999999980238e-05
-1.350000000000001373e-04
1.849999999999998347e-04
4.200000000000002343e-04
2.750000000000000708e-04
-1.300000000000003410e-04
-1.999999999999996572e-04
2.799999999999998671e-04
-2.349999999999999659e-04
2.699999999999998408e-04
9.049999999999999885e-04
-5.599999999999997341e-04
-3.700000000000001031e-04
1.150000000000000848e-04
2.399999999999997621e-04
2.149999999999999134e-04
-4.000000000000010492e-05
2.750000000000000708e-04
2.850000000000005307e-04
-2.999999999999999195e-04
2.449999999999995584e-04
2.550000000000000183e-04
-2.950000000000001232e-04
5.500000000000036110e-05
1.450000000000001635e-04
-9.500000000000046602e-05
4.400000000000002867e-04
-3.050000000000005831e-04
1.500000000000025618e-05
3.400000000000000244e-04
-1.250000000000001110e-04
-6.999999999999974992e-05
4.499999999999998793e-04
-4.450000000000000830e-04
1.200000000000003147e-04
1.200000000000003147e-04
4.499999999999998793e-04
-3.199999999999999720e-04
-2.149999999999999134e-04
-2.250000000000003733e-04
1.749999999999998085e-04
1.400000000000003672e-04
-4.999999999999796274e-06
6.599999999999999964e-04
9.999999999999939493e-05
-6.999999999999974992e-05
2.050000000000003209e-04
-2.300000000000001696e-04
-1.099999999999998548e-04
2.399999999999997621e-04
-7.500000000000041356e-05
1.949999999999998609e-04
2.250000000000003733e-04
-1.999999999999996572e-04
2.199999999999997097e-04
6.500000000000004038e-04
-1.350000000000005709e-04
-1.499999999999999598e-04
4.699999999999999317e-04
6.000000000000015737e-05
-2.999999999999964501e-05
4.250000000000000305e-04
1.799999999999996048e-04
2.000000000000005246e-04
3.049999999999997158e-04
2.199999999999997097e-04
-3.350000000000002282e-04
1.749999999999998085e-04
5.900000000000002465e-04
-3.500000000000030864e-05
4.150000000000004380e-04
-4.049999999999991107e-04
5.849999999999987155e-04
-4.349999999999996231e-04
2.400000000000006295e-04
-1.850000000000011358e-04
3.800000000000001293e-04
4.200000000000002343e-04
-2.149999999999999134e-04
-2.199999999999997097e-04
1.950000000000007283e-04
7.499999999999867883e-05
-3.149999999999993083e-04
9.499999999999959865e-05
2.249999999999995060e-04
3.950000000000012529e-04
3.049999999999997158e-04
8.000000000000020983e-05
9.999999999999939493e-05
-1.049999999999991912e-04
2.049999999999985861e-04
1.400000000000012346e-04
3.400000000000000244e-04
1.799999999999996048e-04
-3.750000000000003331e-04
4.600000000000003392e-04
1.950000000000007283e-04
1.399999999999994998e-04
5.249999999999994255e-04
9.999999999999939493e-05
2.500000000000071609e-05
1.449999999999992961e-04
-3.999999999999993144e-04
3.049999999999997158e-04
2.550000000000000183e-04
2.550000000000000183e-04
6.000000000000102474e-05
2.449999999999986910e-04
-8.500000000000000611e-05
-5.149999999999998329e-04
4.050000000000008454e-04
2.900000000000003270e-04
-4.299999999999998268e-04
1.044999999999999055e-03
-9.499999999999959865e-05
-1.500000000000112355e-05
1.400000000000012346e-04
7.899999999999990363e-04
-1.299999999999999073e-04
8.250000000000010797e-04
1.299999999999999073e-04
-3.100000000000012468e-04
6.099999999999994316e-04
1.050000000000009259e-04
-1.999999999999987899e-04
4.299999999999998268e-04
3.699999999999988021e-04
4.399999999999994194e-04
2.300000000000010369e-04
2.699999999999994071e-04
3.900000000000014566e-04
-2.349999999999990985e-04
5.449999999999968758e-04
-1.849999999999976663e-04
4.799999999999977895e-04
4.900000000000008515e-04
3.200000000000008393e-04
3.200000000000008393e-04
-3.150000000000027778e-04
