2.250000000000000142e-05
1.249999999999999552e-05
-3.249999999999999715e-05
1.550000000000000000e-04
7.999999999999999299e-05
2.200000000000000078e-04
2.750000000000001792e-05
-4.000000000000005071e-05
1.250000000000000026e-04
-9.749999999999998468e-05
1.250000000000000568e-04
-7.000000000000007518e-05
3.075000000000000476e-04
-3.249999999999999851e-04
1.300000000000000157e-04
4.275000000000000371e-04
-1.525000000000000747e-04
1.874999999999999497e-04
-1.724999999999999103e-04
3.499999999999998338e-05
-5.000000000000002272e-05
8.749999999999990424e-05
2.750000000000018055e-05
8.500000000000000611e-05
2.324999999999998509e-04
5.000000000000013115e-05
-1.525000000000000747e-04
1.425000000000000485e-04
4.499999999999990119e-05
-1.000000000000002623e-05
2.724999999999999558e-04
1.750000000000015432e-05
2.324999999999998509e-04
-1.449999999999999466e-04
2.500000000000114977e-06
1.449999999999999466e-04
5.749999999999982556e-05
2.000000000000005246e-05
-1.399999999999999335e-04
2.525000000000001202e-04
1.024999999999997267e-04
-2.999999999999964501e-05
1.474999999999996279e-04
-2.074999999999997853e-04
2.225000000000000415e-04
9.749999999999993047e-05
3.575000000000001787e-04
3.249999999999997682e-04
2.000000000000005246e-05
1.424999999999998317e-04
-9.999999999999982861e-05
2.200000000000001434e-04
-1.249999999999992437e-05
1.275000000000000092e-04
2.449999999999999921e-04
0.000000000000000000e+00
-1.500000000000025618e-05
2.650000000000000445e-04
1.600000000000004197e-04
2.324999999999992004e-04
-6.749999999999985179e-05
-5.249999999999959560e-05
1.000000000000002623e-04
6.999999999999974992e-05
1.724999999999999103e-04
1.174999999999995492e-04
-2.749999999999974687e-05
-3.500000000000030864e-05
4.575000000000004410e-04
-7.500000000000041356e-05
2.500000000000002220e-04
2.325000000000000677e-04
2.499999999999984873e-05
-9.749999999999949679e-05
4.250000000000000305e-05
4.499999999999990119e-05
2.674999999999995090e-04
2.000000000000005246e-04
2.274999999999994041e-04
9.750000000000036415e-05
2.749999999999974687e-05
1.750000000000006758e-04
2.224999999999996078e-04
-2.999999999999964501e-05
2.249999999999995060e-05
2.499999999999984873e-05
4.000000000000010492e-05
3.474999999999997188e-04
-6.499999999999995365e-05
1.050000000000000586e-04
1.050000000000000586e-04
1.774999999999997066e-04
1.225000000000002129e-04
1.850000000000002684e-04
3.000000000000051237e-05
3.124999999999985428e-04
-2.999999999999877764e-05
3.299999999999986972e-04
3.000000000000051237e-05
1.475000000000000616e-04
8.750000000000077161e-05
-1.000000000000132727e-05
-2.499999999999898137e-05
1.974999999999997591e-04
2.474999999999994565e-04
1.700000000000000122e-04
6.500000000000082101e-05
1.549999999999988887e-04
-2.499999999999030775e-06
2.699999999999994071e-04
1.825000000000003703e-04
2.774999999999999689e-04
1.325000000000006728e-04
1.974999999999997591e-04
-1.500000000000112355e-05
1.299999999999999073e-04
2.600000000000015493e-04
1.700000000000000122e-04
1.149999999999987838e-04
2.175000000000006789e-04
6.749999999999985179e-05
1.600000000000004197e-04
2.149999999999999134e-04
1.749999999999998085e-04
-1.349999999999997036e-04
3.249999999999989009e-04
0.000000000000000000e+00
5.750000000000025924e-05
2.225000000000004752e-04
1.799999999999996048e-04
-1.299999999999999073e-04
2.275000000000002714e-04
4.249999999999913569e-05
3.325000000000011974e-04
-4.999999999999796274e-06
1.274999999999991418e-04
-3.249999999999954314e-05
2.699999999999994071e-04
2.500000000000002220e-04
-1.250000000000035805e-05
9.500000000000133338e-05
3.099999999999995121e-04
1.750000000000015432e-05
-1.000000000000011297e-04
3.250000000000127787e-05
1.199999999999985800e-04
1.100000000000007222e-04
3.499999999999996170e-04
-4.749999999999893197e-05
1.599999999999986849e-04
-1.074999999999999567e-04
2.950000000000001232e-04
9.750000000000036415e-05
2.874999999999995615e-04
-9.749999999999862943e-05
-1.425000000000002653e-04
3.049999999999997158e-04
1.900000000000009320e-04
1.349999999999997036e-04
3.025000000000006850e-04
2.349999999999990985e-04
9.999999999999939493e-05
5.250000000000046296e-05
1.500000000000008271e-04
-1.524999999999998579e-04
3.249999999999989009e-04
-1.074999999999999567e-04
2.799999999999989997e-04
1.850000000000011358e-04
3.749999999999933942e-05
6.750000000000158651e-05
1.875000000000001665e-04
1.799999999999996048e-04
-2.375000000000015987e-04
4.425000000000019196e-04
-1.575000000000013889e-04
5.749999999999852451e-05
9.500000000000133338e-05
5.749999999999852451e-05
1.250000000000001110e-04
4.175000000000012035e-04
-1.024999999999984257e-04
8.499999999999827138e-05
1.724999999999990430e-04
7.500000000000214828e-05
5.250000000000046296e-05
-3.250000000000127787e-05
8.999999999999980238e-05
1.824999999999986355e-04
1.750000000000015432e-04
1.950000000000007283e-04
2.500000000000071609e-05
4.499999999999990119e-05
-2.500000000002500222e-06
9.500000000000133338e-05
0.000000000000000000e+00
2.050000000000003209e-04
5.250000000000046296e-05
1.824999999999986355e-04
-1.124999999999980183e-04
