8.000000000000000654e-05
-3.099999999999999999e-04
-5.000000000000000104e-04
6.999999999999999929e-04
-2.000000000000000096e-04
3.599999999999999685e-04
-4.600000000000000139e-04
-7.000000000000002097e-05
2.500000000000000052e-04
-1.000000000000000021e-03
7.999999999999999299e-04
-6.100000000000000821e-04
1.149999999999999981e-03
-2.900000000000000017e-04
2.300000000000000070e-04
6.899999999999999667e-04
-5.800000000000000034e-04
9.899999999999999946e-04
-2.099999999999999003e-04
6.199999999999998915e-04
-5.499999999999999247e-04
-4.000000000000010492e-05
-3.399999999999999160e-04
-5.000000000000000104e-04
7.500000000000000156e-04
-4.000000000000000734e-04
6.399999999999999439e-04
-7.999999999999999299e-05
5.300000000000000891e-04
-3.699999999999998863e-04
2.099999999999999003e-04
4.699999999999999317e-04
-3.799999999999999125e-04
4.600000000000001223e-04
-5.100000000000002535e-04
6.500000000000001870e-04
1.099999999999998548e-04
1.700000000000000122e-04
-2.000000000000000909e-04
7.600000000000002587e-04
1.700000000000000122e-04
-5.600000000000001678e-04
5.200000000000000629e-04
7.000000000000018360e-05
2.899999999999998933e-04
-1.900000000000000647e-04
1.519999999999999650e-03
2.600000000000006820e-04
1.299999999999999073e-04
8.999999999999980238e-05
5.799999999999997866e-04
-3.099999999999995121e-04
-1.400000000000003672e-04
-1.099999999999998548e-04
2.700000000000002745e-04
-1.100000000000007222e-04
-9.099999999999993511e-04
7.799999999999994438e-04
5.600000000000006015e-04
1.700000000000000122e-04
9.999999999999592548e-06
2.199999999999997097e-04
-6.199999999999998915e-04
-2.399999999999997621e-04
8.799999999999997061e-04
4.000000000000001818e-04
-4.899999999999999842e-04
-6.499999999999995365e-04
1.519999999999999650e-03
-8.700000000000001135e-04
6.399999999999999439e-04
1.159999999999999573e-03
-1.039999999999999258e-03
-3.600000000000000769e-04
-1.900000000000000647e-04
1.799999999999996048e-04
4.600000000000003392e-04
3.300000000000004319e-04
1.069999999999999771e-03
3.199999999999991046e-04
-8.900000000000001660e-04
1.030000000000001401e-03
3.999999999999993144e-04
-2.699999999999994071e-04
7.099999999999988265e-04
5.700000000000010614e-04
-1.900000000000009320e-04
9.700000000000003758e-04
-7.899999999999990363e-04
-2.000000000000005246e-04
6.099999999999994316e-04
4.500000000000007466e-04
-2.100000000000001171e-04
1.399999999999994998e-04
-2.299999999999993022e-04
8.299999999999991412e-04
-6.599999999999991290e-04
-5.100000000000000366e-04
-1.100000000000007222e-04
9.799999999999999684e-04
-1.799999999999996048e-04
4.200000000000002343e-04
-1.600000000000004197e-04
9.600000000000007833e-04
3.099999999999995121e-04
1.230000000000000190e-03
-3.700000000000005368e-04
6.899999999999996414e-04
-9.099999999999993511e-04
-7.000000000000061728e-05
5.999999999999998390e-04
2.599999999999998146e-04
-8.199999999999995487e-04
1.520000000000000517e-03
-8.599999999999996536e-04
1.159999999999999573e-03
6.500000000000012712e-04
3.499999999999996170e-04
-4.900000000000008515e-04
1.129999999999999061e-03
-2.500000000000002220e-04
-3.400000000000000244e-04
-1.399999999999977651e-04
1.299999999999981726e-04
9.999999999999939493e-05
1.010000000000000481e-03
9.999999999999592548e-06
-7.600000000000002587e-04
8.500000000000000611e-04
3.000000000000016542e-04
-7.000000000000061728e-05
1.080000000000001098e-03
-8.699999999999992462e-04
4.299999999999998268e-04
-1.799999999999996048e-04
1.029999999999999666e-03
1.199999999999985800e-04
7.099999999999988265e-04
1.340000000000000913e-03
-7.099999999999988265e-04
-4.800000000000012590e-04
6.600000000000008638e-04
7.600000000000002587e-04
-9.100000000000010858e-04
9.999999999999592548e-06
6.300000000000020861e-04
-5.700000000000010614e-04
8.300000000000008760e-04
-1.600000000000004197e-04
0.000000000000000000e+00
-3.000000000000016542e-04
3.200000000000008393e-04
8.300000000000008760e-04
6.999999999999992339e-04
3.900000000000014566e-04
-1.090000000000000691e-03
-5.100000000000000366e-04
1.299999999999981726e-04
-5.999999999999755529e-05
1.559999999999998888e-03
8.999999999999980238e-04
-4.399999999999994194e-04
3.000000000000224709e-05
6.999999999999992339e-04
-1.600000000000000727e-03
2.299999999999999961e-03
-1.260000000000000703e-03
4.800000000000012590e-04
1.090000000000000691e-03
7.000000000000061728e-05
-4.000000000000183964e-05
-5.199999999999996292e-04
2.099999999999983824e-04
-8.399999999999969991e-04
1.759999999999997677e-03
-9.599999999999990485e-04
1.700000000000000122e-04
5.399999999999988143e-04
7.600000000000002587e-04
2.900000000000020617e-04
1.509999999999997455e-03
-1.020000000000000073e-03
-6.699999999999969869e-04
1.169999999999997431e-03
-4.599999999999986044e-04
6.800000000000000488e-04
-6.899999999999996414e-04
5.800000000000006539e-04
6.099999999999994316e-04
8.300000000000008760e-04
7.599999999999967892e-04
4.400000000000028888e-04
-5.700000000000010614e-04
2.500000000000002220e-04
-5.199999999999996292e-04
-9.999999999999592548e-06
6.999999999999714784e-05
1.790000000000003394e-03
-3.000000000000016542e-04
1.000000000000306200e-05
