3.406250000000000125e-05
2.749999999999999759e-05
5.218750000000000136e-05
6.187499999999999966e-05
6.062499999999999638e-05
7.593750000000002299e-05
4.718749999999997469e-05
6.437499999999997911e-05
4.750000000000001617e-05
7.218749999999998605e-05
5.124999999999997179e-05
9.156250000000006398e-05
6.468749999999996638e-05
7.343750000000004354e-05
7.624999999999992895e-05
1.246875000000000153e-04
5.781250000000013808e-05
1.103124999999999505e-04
8.718750000000002540e-05
1.071874999999998610e-04
9.156250000000006398e-05
1.187499999999999320e-04
1.118749999999999953e-04
9.281250000000001305e-05
7.781249999999997370e-05
1.184375000000000532e-04
1.190625000000002445e-04
9.187499999999994282e-05
6.749999999999985179e-05
6.406249999999988343e-05
1.131249999999999444e-04
1.043750000000003009e-04
8.343749999999974451e-05
6.531250000000026618e-05
1.081249999999997144e-04
1.003125000000001411e-04
1.140625000000000146e-04
1.112499999999998039e-04
8.562500000000019748e-05
1.321874999999999266e-04
1.190625000000002445e-04
6.249999999999962183e-05
1.225000000000002129e-04
8.812500000000009562e-05
6.124999999999967276e-05
1.325000000000002391e-04
1.131250000000003780e-04
7.249999999999964806e-05
1.031249999999999181e-04
1.071874999999996442e-04
6.625000000000033640e-05
1.137500000000001357e-04
8.875000000000028699e-05
8.343749999999931083e-05
8.812500000000052930e-05
9.562499999999935635e-05
1.246875000000006659e-04
3.687499999999958172e-05
1.431250000000000230e-04
7.593750000000048378e-05
4.062499999999986261e-05
9.093749999999987260e-05
7.062499999999950762e-05
7.312500000000027311e-05
1.128125000000000655e-04
6.000000000000015737e-05
7.187499999999989037e-05
4.999999999999969746e-05
1.150000000000005185e-04
7.468750000000010103e-05
7.312499999999940575e-05
1.071875000000005115e-04
4.968749999999938494e-05
6.218750000000061035e-05
7.249999999999964806e-05
8.625000000000038886e-05
9.531249999999991118e-05
9.125000000000018513e-05
8.531249999999945127e-05
8.281250000000042050e-05
7.656249999999937411e-05
9.156250000000049766e-05
9.624999999999998140e-05
7.531249999999985872e-05
7.843750000000038192e-05
9.312499999999945821e-05
7.531249999999985872e-05
1.046875000000006134e-04
8.500000000000000611e-05
7.999999999999934247e-05
8.718750000000045908e-05
6.468749999999964112e-05
8.624999999999952149e-05
8.656250000000156875e-05
6.031249999999960254e-05
1.109374999999999251e-04
5.750000000000025924e-05
1.059375000000001288e-04
5.968749999999897748e-05
8.750000000000077161e-05
5.437499999999886868e-05
1.034375000000010980e-04
7.187499999999902300e-05
1.050000000000009259e-04
1.478125000000003741e-04
7.999999999999847511e-05
8.875000000000028699e-05
1.078125000000002692e-04
7.968749999999989730e-05
6.812500000000047684e-05
1.246874999999997985e-04
9.187499999999994282e-05
5.468750000000091593e-05
1.303124999999984851e-04
7.406250000000121070e-05
8.218749999999892808e-05
8.343750000000017819e-05
1.068750000000010664e-04
7.593749999999961642e-05
9.499999999999959865e-05
1.134375000000006906e-04
8.218749999999892808e-05
4.781250000000097922e-05
1.087499999999994721e-04
5.187499999999983791e-05
1.440625000000000933e-04
7.375000000000089817e-05
8.500000000000000611e-05
8.031249999999878764e-05
8.406250000000080325e-05
7.062499999999950762e-05
1.162500000000000339e-04
3.656250000000013656e-05
1.203125000000006273e-04
6.687499999999922673e-05
8.375000000000049072e-05
5.531249999999980627e-05
1.178124999999998618e-04
1.200000000000003147e-04
1.009375000000003325e-04
5.781249999999883704e-05
8.250000000000097533e-05
7.343749999999885092e-05
7.593750000000135114e-05
7.874999999999895972e-05
9.093750000000073996e-05
6.468749999999877376e-05
8.375000000000049072e-05
6.250000000000005551e-05
7.687500000000055400e-05
7.812500000000006939e-05
9.437499999999897360e-05
8.812500000000139666e-05
7.281249999999996059e-05
6.531249999999939881e-05
5.937500000000039968e-05
1.200000000000003147e-04
6.062499999999991507e-05
6.562499999999971134e-05
1.109374999999999251e-04
1.062500000000004413e-04
8.562499999999889644e-05
9.499999999999959865e-05
7.312500000000027311e-05
8.937500000000091205e-05
1.131250000000003780e-04
7.312499999999853839e-05
1.143749999999998934e-04
1.068750000000010664e-04
8.500000000000000611e-05
7.156250000000044520e-05
6.999999999999888256e-05
8.468749999999969358e-05
7.437499999999978850e-05
8.875000000000028699e-05
5.250000000000046296e-05
7.531250000000072609e-05
8.500000000000000611e-05
7.374999999999916345e-05
6.281250000000036804e-05
9.281249999999914568e-05
7.968749999999989730e-05
3.531250000000062117e-05
8.968749999999948985e-05
5.843750000000119682e-05
8.968749999999775513e-05
5.906250000000182188e-05
8.593750000000094369e-05
9.187499999999820810e-05
1.059375000000001288e-04
7.249999999999964806e-05
7.843750000000038192e-05
7.437500000000152323e-05
5.687499999999789946e-05
4.156250000000166755e-05
8.093749999999941269e-05
7.593750000000135114e-05
6.687499999999749201e-05
6.218750000000147771e-05
6.812499999999874212e-05
