-6.250000000000000511e-07
1.562500000000000033e-05
-5.625000000000001201e-06
1.562500000000000033e-05
-1.437500000000000043e-05
3.375000000000000043e-05
-2.937500000000000251e-05
1.187499999999999896e-05
1.437500000000000043e-05
-4.312499999999999792e-05
1.124999999999999901e-05
3.625000000000000021e-05
3.875000000000000677e-05
-3.375000000000000721e-05
3.812500000000000513e-05
6.750000000000000086e-05
-4.937500000000000753e-05
2.687500000000000273e-05
-2.187500000000000317e-05
2.187500000000000317e-05
9.374999999999997485e-06
-1.187500000000000404e-05
2.999999999999999737e-05
1.812500000000002044e-05
4.937499999999999398e-05
-4.687500000000001453e-05
5.312500000000000382e-05
2.125000000000002863e-05
5.187500000000000054e-05
-3.687500000000001540e-05
2.750000000000001792e-05
2.374999999999995387e-05
1.875000000000032023e-06
-9.374999999999997485e-06
9.999999999999972019e-06
1.874999999999999497e-05
1.999999999999999825e-05
-1.562499999999995967e-05
7.499999999999965462e-06
-4.374999999999984370e-06
3.437500000000000885e-05
-2.187500000000003027e-05
4.062500000000002524e-05
-6.250000000000016393e-06
4.812499999999999070e-05
4.500000000000006382e-05
5.624999999999998491e-05
4.937499999999993977e-05
-3.062499999999994480e-05
1.000000000000002623e-05
0.000000000000000000e+00
-8.750000000000077161e-06
1.000000000000002623e-05
-4.375000000000038580e-06
9.687500000000006436e-05
2.375000000000000808e-05
3.124999999999981092e-06
5.687499999999995944e-05
7.125000000000002425e-05
-3.749999999999955626e-06
2.499999999999995715e-05
2.812500000000004666e-05
-1.937500000000007792e-05
1.187500000000005825e-05
7.749999999999998643e-05
3.562499999999995792e-05
1.124999999999997530e-05
-4.124999999999994556e-05
1.162499999999999254e-04
1.062500000000000076e-05
3.937500000000013038e-05
5.937499999999996600e-05
-2.375000000000011650e-05
-3.062499999999983638e-05
8.124999999999885786e-06
2.625000000000001464e-05
5.562500000000011879e-05
2.874999999999991278e-05
4.187500000000002852e-05
4.375000000000038580e-06
8.124999999999885786e-06
5.687500000000006786e-05
4.499999999999990119e-05
-2.062500000000002699e-05
1.062500000000000076e-05
8.125000000000102626e-06
-2.437500000000009104e-05
6.125000000000010644e-05
-3.687500000000001540e-05
2.187499999999997606e-05
2.812499999999993824e-05
2.437500000000009104e-05
1.437500000000006481e-05
-3.750000000000064046e-06
-2.499999999999898137e-06
5.624999999999987649e-05
1.749999999999993748e-05
-1.687499999999996295e-05
-3.374999999999992589e-05
2.749999999999996371e-05
2.687499999999998918e-05
3.750000000000064046e-06
-1.437500000000006481e-05
9.375000000000051695e-06
9.124999999999996829e-05
-2.374999999999989966e-05
-4.375000000000038580e-06
7.187499999999989037e-05
-6.937499999999999223e-05
5.000000000000013115e-05
5.249999999999981244e-05
1.500000000000003934e-05
3.375000000000014273e-05
5.249999999999981244e-05
2.125000000000000153e-05
-1.437499999999984797e-05
7.687499999999990348e-05
-2.874999999999991278e-05
-5.250000000000002928e-05
2.187499999999997606e-05
2.874999999999991278e-05
4.562500000000009256e-05
3.562499999999984950e-05
2.937500000000032099e-05
-1.937500000000029476e-05
9.125000000000018513e-05
-6.250000000000179023e-06
1.625000000000020525e-05
1.062499999999978392e-05
3.000000000000007869e-05
-3.187499999999978545e-05
1.049999999999996249e-04
-4.999999999999796274e-06
9.562500000000022371e-05
-3.875000000000015585e-05
1.062499999999978392e-05
-1.374999999999987343e-05
7.312499999999983943e-05
5.812500000000001693e-05
-1.874999999999706762e-06
-2.625000000000023148e-05
6.624999999999990272e-05
2.437500000000009104e-05
-1.124999999999997530e-05
-3.624999999999982403e-05
5.187499999999983791e-05
1.312500000000011574e-05
7.624999999999992895e-05
-2.499999999999898137e-06
-6.874999999999936717e-06
-2.000000000000005246e-05
8.124999999999972522e-05
1.937500000000029476e-05
6.812500000000004316e-05
-4.875000000000018208e-05
-6.062499999999991507e-05
1.074999999999999567e-04
1.562500000000001388e-05
3.749999999999847206e-06
7.187500000000032405e-05
5.437499999999973604e-05
-1.562500000000001388e-05
-1.062499999999978392e-05
3.812499999999996447e-05
1.812499999999991201e-05
3.125000000000002776e-05
6.125000000000010644e-05
-5.624999999999987649e-06
6.375000000000000458e-05
-3.625000000000025771e-05
5.624999999999987649e-06
5.000000000000229955e-06
-1.687499999999996295e-05
2.749999999999974687e-05
3.875000000000015585e-05
-3.249999999999997682e-05
2.249999999999995060e-05
2.562500000000004011e-05
6.687500000000009409e-05
-1.124999999999997530e-05
8.437499999999981473e-05
2.437500000000009104e-05
-3.312500000000016820e-05
3.750000000000020678e-05
1.374999999999987343e-05
1.812499999999991201e-05
3.499999999999987496e-05
5.937500000000039968e-05
9.249999999999970052e-05
3.812499999999996447e-05
7.499999999999997988e-05
-1.624999999999977157e-05
7.187499999999989037e-05
3.875000000000015585e-05
3.749999999999977310e-05
4.312500000000019443e-05
2.249999999999995060e-05
4.187499999999981168e-05
5.687500000000006786e-05
4.312500000000019443e-05
