1.399999999999999877e-04
-1.074999999999999838e-04
-2.349999999999999930e-04
2.849999999999999886e-04
3.175000000000000196e-04
4.124999999999999435e-04
-7.874999999999993550e-05
-3.624999999999993245e-05
1.887499999999998988e-04
5.249999999999992086e-05
2.775000000000001858e-04
9.624999999999998140e-05
5.987499999999998899e-04
-9.000000000000001922e-05
2.199999999999997097e-04
7.750000000000000812e-04
-1.374999999999996017e-04
4.749999999999997280e-04
-1.275000000000000092e-04
5.137499999999998838e-04
2.050000000000003209e-04
1.124999999999997530e-05
3.787499999999997466e-04
3.862500000000003084e-04
2.550000000000000183e-04
4.874999999999931471e-05
3.237500000000002529e-04
3.075000000000004813e-04
4.824999999999994224e-04
-4.124999999999962030e-05
5.062500000000014905e-04
5.174999999999988637e-04
1.612499999999999351e-04
1.062500000000004413e-04
3.899999999999988545e-04
4.525000000000006448e-04
6.125000000000054012e-05
2.624999999999971106e-04
2.100000000000018519e-04
3.312499999999999473e-04
5.999999999999998390e-04
-5.125000000000094758e-05
8.662500000000024347e-04
-8.999999999999980238e-05
4.574999999999978390e-04
3.575000000000019135e-04
8.249999999999993450e-04
6.287500000000008360e-04
8.124999999999972522e-05
3.200000000000008393e-04
4.437499999999979655e-04
2.512499999999997374e-04
-1.249999999999515388e-06
3.774999999999993638e-04
8.637499999999999345e-04
1.975000000000014938e-04
3.975000000000020184e-04
8.237499999999998296e-04
8.562499999999959033e-04
1.212499999999998301e-04
4.837500000000015399e-04
5.275000000000001910e-04
7.374999999999742872e-05
3.875000000000058953e-04
9.862499999999975453e-04
3.299999999999969624e-04
5.525000000000043765e-04
-5.499999999999949374e-05
1.244999999999999579e-03
1.599999999999969502e-04
5.612500000000027189e-04
1.137499999999999623e-03
2.749999999999627742e-05
8.500000000000521028e-05
4.637499999999988853e-04
7.599999999999967892e-04
5.937500000000005274e-04
2.750000000000321632e-05
8.249999999999993450e-04
3.687500000000010214e-04
1.787499999999983546e-04
7.224999999999939804e-04
8.625000000000090927e-04
2.237499999999982558e-04
5.474999999999959066e-04
7.287500000000002309e-04
1.212499999999998301e-04
7.112500000000000766e-04
7.249999999999964806e-05
2.950000000000001232e-04
5.874999999999977462e-04
4.750000000000031974e-04
5.549999999999999378e-04
5.562499999999942490e-04
2.337500000000047873e-04
1.105000000000001814e-03
1.675000000000009814e-04
8.137499999999950329e-04
4.500000000000337064e-05
3.999999999999975797e-04
1.962500000000019784e-04
6.574999999999983635e-04
2.750000000000044076e-04
5.150000000000015676e-04
9.050000000000030242e-04
5.849999999999952460e-04
4.287499999999985767e-04
7.624999999999992895e-04
7.125000000000186740e-05
7.525000000000031664e-04
5.187499999999914402e-04
6.325000000000080558e-04
8.949999999999930234e-04
6.275000000000030553e-04
3.187499999999995892e-04
4.950000000000023825e-04
1.135000000000004061e-03
-5.750000000000893285e-05
1.262500000000083000e-04
4.537500000000027622e-04
3.774999999999889555e-04
8.837500000000025890e-04
3.075000000000022160e-04
6.337500000000023670e-04
2.349999999999921596e-04
1.180000000000007432e-03
1.424999999999967959e-04
5.350000000000076916e-04
7.199999999999845413e-04
7.900000000000059752e-04
-1.624999999999959810e-04
6.174999999999930544e-04
3.887500000000002065e-04
6.675000000000014255e-04
2.825000000000049694e-04
6.062499999999956812e-04
1.112500000000002376e-04
8.887500000000006506e-04
7.962500000000052869e-04
5.324999999999982525e-04
0.000000000000000000e+00
6.187499999999943046e-04
4.862499999999936318e-04
1.450000000000201128e-04
1.137499999999888600e-04
5.050000000000054445e-04
7.124999999999978573e-04
8.162500000000044720e-04
-1.375000000001375122e-05
4.400000000000028888e-04
2.462500000000103495e-04
4.612499999999825073e-04
4.400000000000098277e-04
7.325000000000039813e-04
3.712499999999896438e-04
2.625000000000543565e-05
1.022500000000009512e-03
4.899999999999904432e-04
4.562499999999913847e-04
7.475000000000120437e-04
6.599999999999939249e-04
1.487500000000030465e-04
3.099999999999908384e-04
3.450000000000119638e-04
3.387500000000126521e-04
6.824999999999747935e-04
3.750000000000142109e-04
5.237500000000033795e-04
5.374999999999824363e-04
2.537500000000109113e-04
1.250000000000001110e-04
3.449999999999980860e-04
5.912500000000014966e-04
-2.412499999999984102e-04
1.013750000000007701e-03
1.999999999999224620e-05
3.999999999999837019e-05
6.800000000000000488e-04
5.112500000000047562e-04
1.874999999999932276e-04
8.800000000000057776e-04
4.487499999999977618e-04
-2.249999999999474642e-05
5.437499999999956257e-04
6.024999999999919309e-04
5.337500000000133804e-04
1.262499999999944222e-04
8.587499999999914646e-04
3.612500000000073985e-04
8.150000000000101608e-04
6.624999999999825473e-04
3.862500000000185230e-04
1.387499999999791678e-04
3.412500000000012745e-04
1.125000000000431211e-05
5.549999999999999378e-04
2.612500000000045342e-04
4.437500000000066391e-04
3.987500000000032685e-04
-1.387778780781445676e-17
