7.187500000000000217e-06
3.218750000000000311e-05
2.281249999999999885e-05
2.687500000000000273e-05
3.624999999999998666e-05
7.281250000000001480e-05
1.031249999999998639e-05
5.625000000000001201e-05
5.812500000000001693e-05
4.187499999999997431e-05
2.437499999999998262e-05
7.531250000000002135e-05
7.843750000000000245e-05
1.812500000000002044e-05
7.437500000000000534e-05
1.231249999999999706e-04
6.906250000000000496e-05
1.012499999999999945e-04
2.343750000000002082e-05
9.406250000000007053e-05
1.037499999999998927e-04
9.218750000000003851e-05
9.937500000000007092e-05
1.421874999999999528e-04
9.218750000000003851e-05
3.874999999999993901e-05
1.218750000000000215e-04
8.906249999999994900e-05
1.350000000000001373e-04
8.406249999999993588e-05
1.099999999999998548e-04
1.240625000000000408e-04
1.065624999999998865e-04
8.468750000000012726e-05
1.146875000000002059e-04
1.156249999999998425e-04
9.812500000000012185e-05
7.218749999999976921e-05
1.078125000000002692e-04
1.099999999999998548e-04
1.034374999999997970e-04
4.875000000000018208e-05
1.221874999999999004e-04
8.281249999999998682e-05
1.153124999999999636e-04
9.218750000000025535e-05
1.171874999999996704e-04
1.068750000000001990e-04
7.968750000000033099e-05
9.718750000000005163e-05
7.187499999999989037e-05
8.374999999999962336e-05
5.343750000000053318e-05
1.037499999999996758e-04
9.156249999999963030e-05
9.031250000000011491e-05
7.906250000000013961e-05
1.140625000000004483e-04
1.059374999999992614e-04
9.343750000000063810e-05
5.031250000000000999e-05
9.312499999999945821e-05
9.218750000000025535e-05
1.037499999999996758e-04
1.025000000000001604e-04
6.812500000000047684e-05
1.337499999999993208e-04
7.468750000000010103e-05
1.128125000000000655e-04
7.843750000000038192e-05
8.593750000000007633e-05
1.093750000000000971e-04
1.165624999999994790e-04
7.843750000000038192e-05
9.062499999999956007e-05
1.074999999999999567e-04
1.162500000000000339e-04
7.968749999999989730e-05
1.193750000000005571e-04
1.146874999999993386e-04
7.937500000000045214e-05
1.334374999999998757e-04
1.143749999999998934e-04
7.125000000000013267e-05
1.184374999999996195e-04
1.031250000000007855e-04
1.059374999999992614e-04
9.843750000000043437e-05
8.437500000000024841e-05
1.093750000000000971e-04
1.181250000000001743e-04
1.103124999999993000e-04
1.203125000000006273e-04
8.937499999999917732e-05
1.228124999999996581e-04
1.159375000000014561e-04
1.037499999999996758e-04
1.515624999999989203e-04
9.625000000000084877e-05
1.106249999999996125e-04
1.009375000000003325e-04
1.343749999999990785e-04
1.171875000000009714e-04
1.200000000000003147e-04
1.328124999999992506e-04
1.084375000000008943e-04
1.137499999999992684e-04
1.181250000000001743e-04
8.718750000000045908e-05
1.093750000000000971e-04
1.287499999999986572e-04
8.593750000000094369e-05
1.081249999999988470e-04
8.531250000000031863e-05
8.124999999999972522e-05
7.062500000000124234e-05
1.306249999999987976e-04
1.000000000000011297e-04
9.343749999999977074e-05
1.065624999999990191e-04
1.006250000000000200e-04
1.187500000000007994e-04
8.249999999999924061e-05
9.625000000000084877e-05
6.968750000000030476e-05
1.343749999999990785e-04
6.843750000000078937e-05
8.093749999999941269e-05
8.593750000000094369e-05
8.843749999999997446e-05
7.374999999999916345e-05
9.906250000000019207e-05
9.750000000000036415e-05
1.025000000000001604e-04
1.031249999999990508e-04
6.781250000000016431e-05
5.374999999999997835e-05
1.006250000000000200e-04
8.437500000000111577e-05
5.499999999999949374e-05
9.218750000000025535e-05
9.843749999999956701e-05
6.531249999999939881e-05
6.093750000000022760e-05
6.781250000000016431e-05
5.874999999999977462e-05
1.187500000000007994e-04
6.531249999999939881e-05
6.437500000000019595e-05
7.437499999999978850e-05
5.218750000000015044e-05
8.343750000000017819e-05
7.656250000000024147e-05
7.531249999999899136e-05
8.187500000000035028e-05
7.249999999999964806e-05
9.625000000000084877e-05
7.781249999999975686e-05
5.250000000000046296e-05
9.968749999999908240e-05
6.875000000000110190e-05
4.999999999999969746e-05
6.312499999999894584e-05
7.812500000000006939e-05
9.218750000000025535e-05
9.656250000000116129e-05
6.687499999999922673e-05
1.065625000000007538e-04
1.034374999999993633e-04
6.843749999999905465e-05
6.843750000000078937e-05
8.156250000000003775e-05
9.874999999999987954e-05
4.624999999999941658e-05
1.065624999999990191e-04
6.906250000000141442e-05
7.687500000000055400e-05
1.003124999999979727e-04
1.075000000000034261e-04
-2.468750000000213829e-05
1.328124999999992506e-04
6.625000000000033640e-05
3.687500000000218381e-05
6.124999999999880540e-05
1.084374999999991596e-04
-7.781249999999975686e-05
1.218750000000004552e-04
9.312499999999945821e-05
-1.006250000000000200e-04
1.371875000000001565e-04
7.218750000000107025e-05
9.187499999999820810e-05
6.812500000000221156e-05
5.843749999999772737e-05
-7.499999999997092326e-06
8.374999999999702127e-05
1.300000000000016420e-04
8.718749999999872435e-05
1.006250000000000200e-04
7.718750000000260125e-05
