8.062499999999999463e-05
4.062500000000002524e-05
8.374999999999997572e-05
1.346874999999999874e-04
1.378125000000000227e-04
2.300000000000001154e-04
9.843749999999989227e-05
1.678124999999999929e-04
1.546874999999998772e-04
1.446875000000000678e-04
1.518749999999998834e-04
2.281250000000000291e-04
2.459375000000000623e-04
9.718750000000026847e-05
2.121874999999997027e-04
3.987499999999997990e-04
1.537500000000002406e-04
3.150000000000001757e-04
1.218750000000000215e-04
3.431249999999996803e-04
2.140624999999998432e-04
2.862500000000009134e-04
2.937499999999997405e-04
3.443749999999991956e-04
2.431250000000011527e-04
2.465624999999993863e-04
3.196875000000005268e-04
2.843749999999999056e-04
3.034374999999998879e-04
2.159374999999991163e-04
3.084374999999996841e-04
3.356250000000008532e-04
2.643750000000007205e-04
2.028124999999990005e-04
2.862500000000000461e-04
3.284374999999997366e-04
2.418750000000007699e-04
2.528124999999995653e-04
2.781250000000005940e-04
3.271874999999993539e-04
3.506250000000002420e-04
1.253125000000004236e-04
3.393749999999993994e-04
2.843749999999999056e-04
2.778125000000002814e-04
3.309374999999996347e-04
3.243750000000000105e-04
3.187500000000013239e-04
2.256249999999983963e-04
2.781249999999988592e-04
2.318750000000011774e-04
2.678125000000006889e-04
1.343750000000025480e-04
2.665624999999959693e-04
2.831250000000021250e-04
2.459374999999996286e-04
2.509374999999994249e-04
2.450000000000004258e-04
3.837499999999969408e-04
2.100000000000018519e-04
1.353125000000000161e-04
2.700000000000011419e-04
1.506249999999997174e-04
2.296874999999989897e-04
3.631250000000006001e-04
1.668750000000003564e-04
2.571875000000022060e-04
1.053124999999960343e-04
4.071874999999995637e-04
1.853125000000031830e-04
2.274999999999985367e-04
3.496875000000010392e-04
1.721875000000004652e-04
1.218750000000004552e-04
2.493749999999995970e-04
2.474999999999977218e-04
3.225000000000033396e-04
1.756249999999952294e-04
3.118750000000031219e-04
2.578124999999993616e-04
1.690625000000008094e-04
3.453125000000001332e-04
3.293749999999998068e-04
1.637500000000007006e-04
2.934375000000002953e-04
2.543749999999976585e-04
2.400000000000006295e-04
3.303125000000024791e-04
1.565624999999987166e-04
2.537499999999970335e-04
2.790625000000032663e-04
2.446874999999966438e-04
2.975000000000026235e-04
2.371874999999995515e-04
2.296874999999989897e-04
2.940625000000043898e-04
2.224999999999970057e-04
3.506250000000002420e-04
1.759375000000007461e-04
2.443749999999980660e-04
1.459375000000019684e-04
3.362499999999997435e-04
2.318749999999959732e-04
3.106250000000018718e-04
3.712500000000035216e-04
1.999999999999987899e-04
2.481249999999983469e-04
3.425000000000025246e-04
1.537500000000011080e-04
2.103124999999969602e-04
3.187499999999961198e-04
2.353125000000046152e-04
2.203124999999965528e-04
2.840625000000013278e-04
1.393750000000006095e-04
1.781249999999977296e-04
3.521875000000035394e-04
2.256250000000036005e-04
1.987499999999975397e-04
2.887499999999973421e-04
2.400000000000040989e-04
2.656249999999950318e-04
1.737500000000002931e-04
2.293750000000004119e-04
1.225000000000010802e-04
4.218749999999986400e-04
1.675000000000009814e-04
1.815624999999994327e-04
1.962499999999985090e-04
2.512500000000014722e-04
1.537500000000011080e-04
3.228125000000053868e-04
1.121874999999994404e-04
3.149999999999958389e-04
1.821875000000000577e-04
1.999999999999987899e-04
9.125000000000105249e-05
3.068749999999981215e-04
2.878125000000050782e-04
1.896875000000006195e-04
1.328124999999957812e-04
2.599999999999963451e-04
2.096874999999998046e-04
1.071875000000083178e-04
1.631250000000000755e-04
2.296874999999920508e-04
2.365625000000093348e-04
2.284374999999908007e-04
1.153124999999990963e-04
1.596875000000053113e-04
1.449999999999992961e-04
2.443749999999980660e-04
2.343750000000019429e-04
2.359374999999983014e-04
1.606249999999975753e-04
8.406249999999559908e-05
3.578125000000126343e-04
1.553124999999974665e-04
1.312499999999994227e-04
3.049999999999997158e-04
2.387500000000028488e-04
1.612499999999947309e-04
2.015625000000020872e-04
2.068749999999952571e-04
2.484374999999969247e-04
2.490625000000079581e-04
1.512499999999986078e-04
3.096875000000026690e-04
2.774999999999999689e-04
1.456249999999964517e-04
1.487500000000030465e-04
1.674999999999940425e-04
2.650000000000013456e-04
9.718750000000525580e-05
2.599999999999963451e-04
1.218750000000004552e-04
1.990625000000065259e-04
2.624999999999919065e-04
2.568750000000036282e-04
5.062499999999858780e-05
3.509375000000022893e-04
1.624999999999959810e-04
6.218750000000494715e-05
2.128124999999994604e-04
2.337499999999978484e-04
5.687499999999789946e-05
2.318750000000063816e-04
2.196874999999889888e-04
7.437500000000846212e-05
3.349999999999950240e-04
1.590624999999942779e-04
2.593750000000130673e-04
1.421875000000016875e-04
1.443749999999882627e-04
4.312500000001190381e-05
2.449999999999882827e-04
2.437500000000009104e-04
2.006250000000028844e-04
2.025000000000012901e-04
1.750000000000015432e-04
