5.000000000000000409e-06
9.000000000000000567e-05
6.999999999999999387e-05
-6.999999999999999387e-05
2.999999999999999737e-05
6.700000000000000226e-04
-1.649999999999999991e-04
-1.000000000000002623e-05
1.750000000000000253e-04
-1.850000000000000516e-04
4.399999999999999615e-04
0.000000000000000000e+00
3.000000000000001363e-04
-2.850000000000000970e-04
1.649999999999999991e-04
6.499999999999999702e-04
-4.250000000000000305e-04
1.900000000000000647e-04
-2.500000000000000052e-04
3.249999999999999851e-04
-1.299999999999999073e-04
1.549999999999999729e-04
-5.999999999999994053e-05
4.999999999999991430e-05
9.500000000000003234e-05
1.800000000000000384e-04
3.949999999999999518e-04
-1.150000000000000848e-04
7.000000000000018360e-05
7.499999999999997988e-05
-1.650000000000002159e-04
5.449999999999999116e-04
-2.999999999999964501e-05
1.299999999999999073e-04
1.599999999999999860e-04
-1.949999999999998609e-04
-3.250000000000002019e-04
4.499999999999990119e-05
-3.299999999999999982e-04
3.400000000000000244e-04
1.450000000000001635e-04
2.000000000000005246e-05
-3.500000000000030864e-05
-2.249999999999999396e-04
-1.000000000000002623e-05
-7.999999999999977615e-05
7.550000000000000287e-04
1.250000000000001110e-04
-8.500000000000000611e-05
-1.550000000000001897e-04
3.400000000000000244e-04
5.000000000000013115e-05
-3.150000000000001757e-04
-8.999999999999980238e-05
3.099999999999999457e-04
4.350000000000000568e-04
1.099999999999998548e-04
1.449999999999997298e-04
5.549999999999999378e-04
-1.599999999999995523e-04
8.000000000000020983e-05
-8.000000000000020983e-05
-1.549999999999997560e-04
-2.800000000000007344e-04
6.900000000000005088e-04
2.649999999999996109e-04
1.000000000000002623e-04
-2.500000000000002220e-04
5.650000000000003977e-04
1.050000000000000586e-04
4.399999999999994194e-04
7.150000000000003575e-04
-1.000000000000002623e-04
-6.499999999999995365e-05
8.999999999999980238e-05
0.000000000000000000e+00
1.850000000000002684e-04
-2.100000000000001171e-04
6.399999999999999439e-04
5.000000000000056483e-05
9.999999999999592548e-06
3.849999999999999256e-04
3.449999999999998207e-04
-4.299999999999998268e-04
3.700000000000005368e-04
6.499999999999908629e-05
1.550000000000006234e-04
7.000000000000061728e-05
-3.400000000000000244e-04
3.699999999999988021e-04
2.100000000000001171e-04
3.700000000000005368e-04
3.250000000000006356e-04
2.399999999999988948e-04
-4.499999999999990119e-04
1.599999999999986849e-04
-2.249999999999995060e-04
4.900000000000008515e-04
-7.500000000000041356e-05
-6.000000000000102474e-05
5.000000000000143219e-05
3.299999999999986972e-04
-3.849999999999999256e-04
1.950000000000007283e-04
6.300000000000003514e-04
3.500000000000030864e-05
-2.550000000000000183e-04
6.599999999999991290e-04
-8.000000000000020983e-05
-3.400000000000000244e-04
6.650000000000006600e-04
3.949999999999995182e-04
3.400000000000000244e-04
-4.000000000000010492e-05
1.200000000000003147e-04
-1.399999999999994998e-04
6.399999999999999439e-04
-1.700000000000000122e-04
3.949999999999995182e-04
3.500000000000030864e-05
1.149999999999987838e-04
2.600000000000015493e-04
2.649999999999996109e-04
2.599999999999998146e-04
-3.700000000000005368e-04
1.260000000000000703e-03
-1.600000000000004197e-04
-2.500000000000071609e-05
4.150000000000004380e-04
4.250000000000000305e-04
-1.250000000000001110e-04
4.400000000000011541e-04
-7.300000000000014810e-04
7.000000000000009687e-04
3.049999999999997158e-04
3.849999999999999256e-04
-2.699999999999994071e-04
3.899999999999979872e-04
2.850000000000005307e-04
2.149999999999999134e-04
-3.999999999999837019e-05
4.049999999999991107e-04
8.000000000000020983e-05
-1.850000000000011358e-04
-4.499999999999990119e-05
3.250000000000023703e-04
2.199999999999979750e-04
-1.700000000000000122e-04
2.000000000000022593e-04
2.149999999999999134e-04
1.499999999999765410e-05
1.650000000000019507e-04
2.050000000000003209e-04
4.799999999999977895e-04
-4.999999999998061551e-06
-6.400000000000016787e-04
9.450000000000013944e-04
1.600000000000004197e-04
8.499999999999827138e-05
4.150000000000021727e-04
3.849999999999999256e-04
1.299999999999981726e-04
6.499999999999908629e-05
-5.999999999999755529e-05
0.000000000000000000e+00
4.849999999999993205e-04
-9.500000000000133338e-05
2.900000000000020617e-04
4.049999999999991107e-04
-9.999999999999939493e-05
-1.200000000000020495e-04
3.000000000000224709e-05
4.349999999999978884e-04
-6.749999999999985179e-04
4.650000000000001354e-04
-3.500000000000030864e-05
-2.149999999999999134e-04
3.249999999999989009e-04
1.300000000000016420e-04
1.950000000000007283e-04
2.849999999999970612e-04
8.000000000000020983e-05
-2.050000000000003209e-04
3.650000000000007405e-04
3.900000000000014566e-04
-1.100000000000024569e-04
9.500000000000133338e-05
1.999999999999987899e-04
4.650000000000001354e-04
4.000000000000183964e-05
3.650000000000007405e-04
3.949999999999995182e-04
-2.200000000000014444e-04
1.449999999999992961e-04
-4.999999999999796274e-05
3.149999999999993083e-04
2.550000000000017530e-04
8.999999999999980238e-05
3.549999999999976785e-04
-1.449999999999992961e-04
