2.000000000000000164e-05
-2.000000000000000164e-05
4.500000000000000283e-05
1.150000000000000035e-04
2.900000000000000017e-04
3.050000000000000410e-04
-1.750000000000000253e-04
2.799999999999999755e-04
-1.499999999999993092e-05
-1.100000000000000717e-04
3.849999999999999256e-04
-6.999999999999996676e-05
2.250000000000001565e-04
-7.000000000000018360e-05
2.300000000000001696e-04
2.449999999999999921e-04
-8.500000000000000611e-05
-1.050000000000000586e-04
-2.000000000000005246e-05
2.650000000000000445e-04
-2.149999999999999134e-04
-3.500000000000009180e-05
2.500000000000006557e-05
4.300000000000000436e-04
-2.100000000000001171e-04
2.199999999999999265e-04
4.000000000000001818e-04
-8.000000000000020983e-05
2.750000000000000708e-04
7.499999999999997988e-05
1.450000000000001635e-04
5.000000000000000104e-04
0.000000000000000000e+00
-3.450000000000002544e-04
-1.399999999999999335e-04
4.000000000000001818e-04
-2.300000000000001696e-04
-2.149999999999999134e-04
2.000000000000000909e-04
1.000000000000002623e-05
6.099999999999998652e-04
-1.700000000000000122e-04
4.999999999999796274e-06
2.700000000000002745e-04
4.000000000000001818e-04
1.450000000000001635e-04
4.149999999999995706e-04
4.250000000000000305e-04
-3.550000000000002806e-04
3.700000000000005368e-04
2.300000000000001696e-04
2.999999999999964501e-05
-1.600000000000004197e-04
7.000000000000061728e-05
2.499999999999984873e-05
4.799999999999995243e-04
1.700000000000000122e-04
7.950000000000005673e-04
3.899999999999997219e-04
-1.450000000000001635e-04
2.650000000000004782e-04
7.999999999999934247e-05
-2.999999999999964501e-05
1.700000000000000122e-04
1.009999999999999613e-03
-4.499999999999990119e-05
1.500000000000112355e-05
-5.000000000000004441e-04
1.379999999999999283e-03
-4.150000000000004380e-04
4.450000000000009504e-04
5.100000000000000366e-04
-9.999999999999939493e-05
5.599999999999997341e-04
1.499999999999938882e-05
-2.500000000000071609e-05
2.300000000000010369e-04
4.099999999999989070e-04
4.650000000000001354e-04
-2.649999999999996109e-04
3.000000000000051237e-05
5.850000000000004502e-04
4.399999999999994194e-04
7.000000000000061728e-05
2.299999999999993022e-04
4.999999999999969746e-05
7.699999999999998512e-04
4.999999999999796274e-06
-4.999999999999969746e-05
3.550000000000011480e-04
-3.050000000000014505e-04
5.400000000000005490e-04
3.650000000000007405e-04
-2.599999999999998146e-04
7.650000000000000550e-04
3.749999999999985983e-04
3.000000000000051237e-05
4.799999999999995243e-04
-2.299999999999993022e-04
4.999999999999969746e-05
3.800000000000001293e-04
-5.000000000001530998e-06
-1.699999999999982775e-04
7.450000000000008699e-04
1.109999999999999876e-03
1.449999999999992961e-04
-6.000000000000102474e-05
5.800000000000006539e-04
1.400000000000012346e-04
2.749999999999974687e-04
-8.999999999999980238e-05
9.150000000000026168e-04
-3.350000000000019629e-04
9.049999999999995548e-04
2.249999999999995060e-04
-3.799999999999983946e-04
1.045000000000000789e-03
2.299999999999975675e-04
-2.999999999999981848e-04
7.549999999999987277e-04
8.500000000000174083e-05
3.300000000000004319e-04
3.699999999999988021e-04
2.249999999999995060e-04
-1.850000000000011358e-04
5.050000000000019751e-04
4.350000000000013578e-04
-5.050000000000019751e-04
7.400000000000010736e-04
5.350000000000007527e-04
7.099999999999988265e-04
4.550000000000005429e-04
-6.350000000000001477e-04
2.449999999999986910e-04
2.950000000000001232e-04
7.799999999999994438e-04
2.450000000000021605e-04
4.399999999999994194e-04
3.799999999999983946e-04
-1.749999999999980738e-04
7.499999999999867883e-05
2.850000000000005307e-04
3.699999999999988021e-04
-1.499999999999765410e-05
2.749999999999974687e-04
9.500000000000133338e-05
6.500000000000012712e-04
5.599999999999979994e-04
-2.950000000000001232e-04
2.249999999999995060e-04
4.050000000000025802e-04
9.649999999999971101e-04
2.100000000000018519e-04
7.100000000000022959e-04
-5.499999999999949374e-05
-1.000000000000028644e-04
8.649999999999977152e-04
3.000000000000224709e-05
1.400000000000012346e-04
3.649999999999972711e-04
7.050000000000042344e-04
9.999999999996123101e-06
1.449999999999992961e-04
3.000000000000016542e-04
3.799999999999983946e-04
1.950000000000007283e-04
1.999999999999987899e-04
1.300000000000051115e-04
9.599999999999955791e-04
-6.750000000000019873e-04
4.800000000000012590e-04
-2.999999999999530820e-05
5.049999999999985056e-04
1.400000000000012346e-04
1.799999999999996048e-04
3.499999999999961475e-04
-3.599999999999992095e-04
4.900000000000043210e-04
4.599999999999951350e-04
2.800000000000024691e-04
5.300000000000026912e-04
5.549999999999999378e-04
-2.200000000000049138e-04
-2.999999999999530820e-05
4.699999999999981970e-04
1.400000000000012346e-04
2.049999999999968514e-04
4.450000000000009504e-04
1.900000000000026668e-04
2.699999999999994071e-04
8.499999999999480194e-05
1.850000000000046052e-04
1.149999999999970490e-04
6.050000000000013700e-04
-1.149999999999970490e-04
3.099999999999977773e-04
6.699999999999969869e-04
-7.499999999999867883e-05
3.000000000000016542e-04
2.300000000000010369e-04
