2.125000000000000153e-05
3.874999999999999999e-05
2.875000000000000087e-05
7.249999999999998687e-05
2.437500000000000972e-05
1.331250000000000239e-04
8.124999999999999627e-05
7.812499999999996097e-05
6.687500000000003988e-05
3.999999999999999650e-05
1.231249999999999706e-04
1.043749999999999756e-04
9.750000000000003889e-05
4.500000000000000961e-05
9.874999999999998796e-05
1.174999999999999829e-04
9.749999999999993047e-05
1.250000000000001110e-04
1.006250000000000200e-04
6.999999999999996676e-05
1.468750000000000871e-04
3.499999999999987496e-05
1.243749999999999196e-04
1.200000000000003147e-04
9.062499999999999375e-05
1.537499999999998070e-04
9.624999999999998140e-05
1.018749999999999691e-04
1.562500000000001388e-04
1.143749999999998934e-04
1.524999999999998579e-04
1.000000000000002623e-04
1.418750000000000740e-04
6.187499999999986414e-05
1.218750000000000215e-04
1.399999999999999335e-04
1.362500000000000863e-04
1.181249999999997406e-04
4.562500000000009256e-05
1.668749999999999227e-04
1.368749999999998440e-04
1.662500000000005987e-04
1.118749999999999953e-04
9.749999999999949679e-05
9.437499999999984096e-05
1.443750000000004058e-04
1.287500000000003919e-04
1.456249999999999212e-04
6.062499999999991507e-05
1.174999999999995492e-04
1.106250000000004799e-04
1.631250000000000755e-04
2.749999999999974687e-05
1.324999999999998054e-04
1.468750000000003039e-04
1.287499999999995245e-04
1.400000000000003672e-04
1.712499999999995276e-04
1.918750000000002051e-04
9.874999999999987954e-05
6.937499999999999223e-05
1.825000000000003703e-04
1.287499999999995245e-04
1.275000000000000092e-04
1.775000000000005740e-04
1.287499999999995245e-04
1.906250000000006897e-04
9.624999999999998140e-05
2.162499999999994288e-04
1.087500000000003395e-04
7.062499999999950762e-05
2.950000000000001232e-04
6.312500000000068057e-05
4.749999999999893197e-05
1.437499999999997807e-04
7.500000000000041356e-05
1.843750000000005107e-04
1.043750000000003009e-04
8.875000000000028699e-05
1.349999999999997036e-04
9.062500000000042744e-05
9.749999999999862943e-05
1.500000000000008271e-04
5.750000000000025924e-05
1.674999999999992467e-04
8.062500000000083489e-05
1.118749999999991279e-04
1.574999999999996542e-04
8.125000000000145994e-05
7.249999999999964806e-05
7.749999999999944433e-05
1.343750000000008132e-04
1.124999999999997530e-04
1.456249999999999212e-04
5.249999999999872824e-05
9.687500000000147382e-05
8.500000000000000611e-05
1.462499999999988115e-04
4.999999999999969746e-05
1.231250000000017053e-04
-7.500000000000561773e-06
1.737500000000002931e-04
1.112500000000002376e-04
8.312499999999986566e-05
1.431249999999991557e-04
1.068749999999993316e-04
8.125000000000145994e-05
1.556249999999995137e-04
8.249999999999924061e-05
9.874999999999987954e-05
1.512500000000003425e-04
1.281249999999997669e-04
1.287500000000003919e-04
8.062500000000083489e-05
9.499999999999959865e-05
1.206249999999992051e-04
1.650000000000002159e-04
6.437500000000019595e-05
7.375000000000089817e-05
4.874999999999844735e-05
1.650000000000002159e-04
9.937500000000050460e-05
1.425000000000002653e-04
1.206249999999992051e-04
8.750000000000077161e-05
1.074999999999999567e-04
8.624999999999952149e-05
1.406250000000001249e-04
1.025000000000001604e-04
1.524999999999998579e-04
5.812500000000088429e-05
1.487499999999995770e-04
7.687500000000055400e-05
1.887499999999996819e-04
1.331249999999995631e-04
1.343750000000008132e-04
3.874999999999885480e-05
1.712499999999995276e-04
1.393750000000006095e-04
8.187500000000035028e-05
7.749999999999944433e-05
1.687499999999987621e-04
9.375000000000008327e-05
7.875000000000242917e-05
9.687499999999973910e-05
1.262499999999978917e-04
1.406250000000018596e-04
1.393750000000006095e-04
4.937499999999733769e-05
1.074999999999999567e-04
1.443750000000021405e-04
1.381249999999993594e-04
1.987500000000010092e-04
2.162499999999976941e-04
1.350000000000031730e-04
9.562499999999848899e-05
1.950000000000007283e-04
1.537499999999976386e-04
8.999999999999980238e-05
1.425000000000002653e-04
1.506250000000014522e-04
1.443749999999986711e-04
1.281249999999997669e-04
1.062500000000021760e-04
1.618749999999988254e-04
1.562500000000001388e-04
1.281249999999997669e-04
1.318750000000000477e-04
1.575000000000013889e-04
8.999999999999980238e-05
1.031249999999990508e-04
1.300000000000016420e-04
1.618749999999988254e-04
3.812499999999996447e-05
1.768749999999999489e-04
8.750000000000077161e-05
1.224999999999976108e-04
9.187500000000167755e-05
1.474999999999983269e-04
1.156250000000011435e-04
1.624999999999994504e-04
6.562499999999971134e-05
1.037499999999996758e-04
9.500000000000133338e-05
1.431250000000008904e-04
1.199999999999985800e-04
7.750000000000117906e-05
1.225000000000010802e-04
1.393749999999971401e-04
1.400000000000012346e-04
1.549999999999988887e-04
6.250000000000005551e-05
5.625000000000074385e-05
2.081249999999999767e-04
6.187499999999943046e-05
1.681250000000016065e-04
1.287500000000003919e-04
1.362499999999974842e-04
1.018750000000012701e-04
1.231250000000017053e-04
