5.750000000000000174e-05
-7.500000000000000698e-05
-5.000000000000000240e-05
9.000000000000000567e-05
2.750000000000000098e-05
2.549999999999999641e-04
-1.124999999999999969e-04
-1.624999999999999925e-04
-4.999999999999999562e-06
-7.749999999999999999e-05
2.024999999999999890e-04
-6.499999999999998075e-05
4.499999999999998251e-05
7.750000000000001354e-05
-7.500000000000000698e-05
4.349999999999999483e-04
-4.750000000000001617e-05
4.250000000000000305e-05
-3.249999999999997682e-05
1.775000000000000319e-04
-1.549999999999999729e-04
-3.250000000000008524e-05
9.500000000000003234e-05
-3.749999999999998994e-05
-7.249999999999997332e-05
6.249999999999994709e-05
-1.099999999999999633e-04
1.725000000000000188e-04
-5.000000000000013115e-06
-1.750000000000004590e-05
-2.499999999999995715e-05
3.624999999999999750e-04
-9.500000000000003234e-05
-1.474999999999999532e-04
-1.250000000000000026e-04
9.000000000000001922e-05
-1.250000000000003279e-05
-9.000000000000001922e-05
-1.399999999999999877e-04
-1.999999999999999825e-05
1.425000000000000485e-04
-1.750000000000004590e-05
7.749999999999998643e-05
-1.399999999999999877e-04
-1.799999999999999842e-04
3.250000000000003103e-05
2.275000000000000004e-04
1.124999999999999698e-04
-3.350000000000000113e-04
8.249999999999999955e-05
5.500000000000003584e-05
-3.000000000000002448e-05
-9.749999999999998468e-05
-4.250000000000000305e-05
2.500000000000001136e-05
-2.750000000000001792e-05
-2.049999999999999956e-04
2.674999999999999969e-04
8.500000000000000611e-05
4.250000000000000305e-05
-9.000000000000001922e-05
1.699999999999999580e-04
-9.999999999999993703e-05
-8.500000000000000611e-05
1.524999999999999663e-04
6.500000000000006207e-05
-1.500000000000000140e-04
-1.999999999999999825e-05
1.949999999999999694e-04
-9.000000000000001922e-05
7.499999999999997988e-05
1.850000000000000516e-04
-7.499999999999997988e-05
-2.925000000000000083e-04
4.250000000000000305e-05
1.374999999999999270e-04
3.025000000000000345e-04
-1.399999999999999335e-04
2.150000000000000218e-04
-1.250000000000001110e-04
-2.499999999999995715e-05
6.249999999999994709e-05
6.000000000000004895e-05
2.499999999999995715e-05
-1.099999999999999633e-04
6.500000000000006207e-05
-7.000000000000007518e-05
2.799999999999999755e-04
-2.299999999999999527e-04
1.750000000000004590e-05
-1.500000000000003934e-05
-6.250000000000005551e-05
2.750000000000007213e-05
1.749999999999993748e-05
3.749999999999998994e-05
6.499999999999995365e-05
-7.999999999999988457e-05
2.049999999999999956e-04
-2.175000000000000284e-04
6.749999999999996021e-05
-1.899999999999999563e-04
1.450000000000000551e-04
1.300000000000000157e-04
-1.800000000000000384e-04
6.249999999999994709e-05
2.250000000000005902e-05
-1.224999999999999960e-04
4.074999999999998762e-04
-1.399999999999999335e-04
-1.474999999999999532e-04
3.224999999999999785e-04
-4.750000000000001617e-05
-1.800000000000000384e-04
2.650000000000000445e-04
-2.249999999999995060e-05
2.249999999999995060e-05
1.874999999999999497e-04
-2.999999999999999195e-04
-2.500000000000006557e-05
2.500000000000114977e-06
2.849999999999998802e-04
8.500000000000000611e-05
-2.500000000000006557e-05
2.750000000000018055e-05
-2.050000000000001040e-04
2.249999999999999396e-04
4.000000000000010492e-05
-2.900000000000001101e-04
-2.499999999999984873e-05
3.249999999999997682e-05
-6.750000000000006863e-05
1.575000000000000878e-04
-1.124999999999999698e-04
-4.750000000000001617e-05
-4.150000000000001127e-04
2.500000000000001136e-04
-9.750000000000014731e-05
1.400000000000001504e-04
1.800000000000000384e-04
-1.325000000000000223e-04
-1.000000000000000454e-04
1.199999999999998811e-04
-1.124999999999999698e-04
-1.349999999999999204e-04
-3.550000000000000638e-04
1.450000000000000551e-04
-2.000000000000005246e-05
1.025000000000000520e-04
1.149999999999999764e-04
1.750000000000004590e-05
-1.775000000000000319e-04
-2.250000000000005902e-05
1.200000000000000979e-04
3.499999999999998338e-05
-1.000000000000000454e-04
-7.499999999999997988e-05
3.249999999999997682e-05
1.450000000000000551e-04
-1.000000000000002623e-05
1.150000000000000848e-04
-8.750000000000012108e-05
9.749999999999993047e-05
-8.499999999999989769e-05
-2.000000000000005246e-05
1.300000000000000157e-04
-3.499999999999987496e-05
-1.400000000000001504e-04
5.500000000000003584e-05
-1.574999999999999794e-04
-6.499999999999995365e-05
-1.950000000000000778e-04
1.700000000000000122e-04
3.749999999999998994e-05
-2.549999999999999641e-04
3.525000000000000030e-04
-2.374999999999999724e-04
8.500000000000000611e-05
-1.200000000000000979e-04
1.500000000000000682e-04
3.999999999999999650e-05
1.250000000000003279e-05
2.249999999999995060e-05
-1.949999999999999694e-04
7.499999999999997988e-05
2.500000000000006557e-06
7.749999999999998643e-05
-4.250000000000000305e-05
-5.000000000000013115e-06
-8.750000000000001266e-05
3.200000000000000804e-04
-7.500000000000019672e-06
2.249999999999995060e-05
-1.474999999999999532e-04
-1.750000000000004590e-05
-8.500000000000000611e-05
-8.249999999999999955e-05
2.650000000000000445e-04
-1.350000000000000288e-04
1.275000000000000092e-04
1.999999999999994404e-05
