2.520775623268698752e-04
3.781163434903047856e-04
-1.890581717451523657e-04
-5.041551246537397503e-04
6.932132963988921160e-04
-8.192520775623271349e-04
-1.386426592797784232e-03
1.071329639889196956e-03
-3.781163434903048398e-04
-6.932132963988921160e-04
2.520775623268698210e-04
6.301939058171767208e-05
7.562326869806094629e-04
4.411357340720221325e-04
1.890581717451524199e-04
9.452908587257620454e-04
-1.890581717451525826e-04
7.562326869806094629e-04
4.411357340720224035e-04
6.932132963988926581e-04
6.932132963988904897e-04
1.449445983379502555e-03
0.000000000000000000e+00
-6.301939058171723840e-05
1.260387811634344768e-04
-1.197368421052631433e-03
-1.071329639889196522e-03
3.150969529085870593e-04
-1.260387811634349322e-03
1.386426592797784232e-03
-1.890581717451523874e-03
1.575484764542936381e-03
-6.932132963988917908e-04
8.822714681440448070e-04
-8.192520775623275686e-04
1.512465373961219359e-03
-6.932132963988926581e-04
1.386426592797783582e-03
-2.520775623268680862e-04
1.008310249307477549e-03
-5.041551246537387745e-04
5.671745152354577477e-04
-1.734723475976807094e-18
1.071329639889198257e-03
-8.192520775623275686e-04
-1.260387811634344768e-04
6.932132963988922245e-04
-3.781163434903060325e-04
-2.079639889196674939e-03
-1.134349030470914194e-03
-1.386426592797784232e-03
-9.452908587257631296e-04
-1.197368421052631216e-03
-3.781163434903045146e-04
-9.452908587257620454e-04
-3.781163434903042977e-04
3.150969529085870593e-04
6.301939058171767208e-05
4.411357340720219698e-04
-1.071329639889196522e-03
6.301939058171741187e-04
6.932132963988922245e-04
6.301939058171767208e-05
1.260387811634349105e-04
1.197368421052631866e-03
9.452908587257616117e-04
1.890581717451530162e-04
1.008310249307479284e-03
8.822714681440435060e-04
1.323407202216067644e-03
2.520775623268698210e-04
2.205678670360110283e-03
9.452908587257629128e-04
1.134349030470912893e-03
9.452908587257637801e-04
6.932132963988913571e-04
1.197368421052632734e-03
6.932132963988930918e-04
1.008310249307479284e-03
2.709833795013848190e-03
6.301939058171723840e-05
1.512465373961220660e-03
-9.452908587257655149e-04
1.071329639889199992e-03
3.781163434903034304e-04
-1.890581717451517152e-04
-8.822714681440448070e-04
6.301939058171723840e-05
1.134349030470913761e-03
1.134349030470917230e-03
6.301939058171758534e-04
1.134349030470910291e-03
8.192520775623275686e-04
1.512465373961220660e-03
6.932132963988930918e-04
5.041551246537379072e-04
6.932132963988896224e-04
3.150969529085896614e-04
5.041551246537379072e-04
-5.671745152354551456e-04
1.071329639889196522e-03
9.452908587257620454e-04
6.932132963988896224e-04
8.822714681440482765e-04
1.008310249307479284e-03
-6.301939058171758534e-04
1.323407202216065476e-03
-6.301939058171723840e-05
1.008310249307479284e-03
4.411357340720206688e-04
8.192520775623240992e-04
-5.041551246537379072e-04
1.071329639889199992e-03
1.071329639889193053e-03
1.575484764542937899e-03
-4.411357340720206688e-04
1.008310249307475814e-03
6.301939058171723840e-05
5.671745152354551456e-04
1.134349030470917230e-03
1.008310249307482753e-03
-3.781163434903103693e-04
1.071329639889206931e-03
-1.323407202216068945e-03
6.932132963988896224e-04
-3.150969529085861920e-04
8.192520775623310381e-04
9.452908587257585760e-04
1.197368421052627530e-03
6.301939058171793229e-04
3.781163434902964915e-04
1.197368421052641407e-03
-6.301939058171723840e-05
1.008310249307475814e-03
4.411357340720206688e-04
1.575484764542930960e-03
-9.452908587257516371e-04
8.822714681440343987e-04
3.150969529085931309e-04
1.071329639889199992e-03
2.520775623268689536e-04
1.197368421052634468e-03
-5.041551246537448461e-04
-1.260387811634344768e-04
1.638504155124655137e-03
-1.134349030470917230e-03
3.781163434903103693e-04
5.671745152354620845e-04
1.260387811634275379e-04
1.008310249307482753e-03
9.452908587257585760e-04
3.781163434903034304e-04
1.386426592797786184e-03
4.411357340720206688e-04
7.562326869806068608e-04
3.781163434903103693e-04
6.301939058171723840e-05
8.192520775623240992e-04
3.150969529085792531e-04
8.822714681440482765e-04
1.260387811634344768e-03
1.260387811634358646e-03
-3.150969529086000698e-04
1.449445983379517300e-03
2.079639889196668867e-03
4.411357340720206688e-04
-4.411357340720206688e-04
6.301939058171723840e-04
2.520775623268689536e-04
2.268698060941848338e-03
-6.301939058171862618e-04
4.411357340720206688e-04
-1.827562326869799914e-03
-5.671745152354551456e-04
-1.827562326869813791e-03
-1.008310249307475814e-03
-6.932132963988965613e-04
2.079639889196675806e-03
-1.386426592797779245e-03
-1.575484764542944838e-03
-1.071329639889193053e-03
4.411357340720276077e-04
5.041551246537379072e-04
4.411357340720206688e-04
-6.301939058172417729e-05
-1.890581717451447763e-04
6.301939058171723840e-04
5.041551246537379072e-04
-7.562326869806068608e-04
1.575484764542930960e-03
2.520775623268758925e-04
6.301939058171723840e-04
-3.150969529085861920e-04
8.822714681440413376e-04
1.890581717451517152e-04
7.562326869806068608e-04
6.932132963988896224e-04
-6.932132963988757446e-04
-1.008310249307489692e-03
1.260387811634483546e-04
