0.000000000000000000e+00
0.000000000000000000e+00
1.575484764542936720e-05
-1.575484764542936720e-05
4.726454293628809143e-05
-1.575484764542935703e-05
-6.301939058171746879e-05
6.301939058171746879e-05
-6.301939058171746879e-05
0.000000000000000000e+00
3.150969529085873440e-05
4.726454293628809143e-05
1.575484764542937736e-05
1.575484764542936381e-05
1.575484764542935026e-05
0.000000000000000000e+00
0.000000000000000000e+00
-3.150969529085871407e-05
-1.575484764542937736e-05
6.301939058171746879e-05
-3.150969529085872762e-05
9.452908587257619641e-05
-1.575484764542936381e-05
-1.575484764542939091e-05
-1.575484764542933670e-05
0.000000000000000000e+00
0.000000000000000000e+00
-1.575484764542937736e-05
-4.726454293628809143e-05
9.452908587257619641e-05
-7.877423822714683260e-05
4.726454293628810498e-05
-6.301939058171746879e-05
0.000000000000000000e+00
-7.877423822714683260e-05
4.726454293628810498e-05
3.150969529085873440e-05
7.877423822714680550e-05
3.150969529085875472e-05
7.877423822714684615e-05
3.150969529085867341e-05
6.301939058171750945e-05
3.150969529085867341e-05
7.877423822714681905e-05
-6.301939058171740103e-05
0.000000000000000000e+00
-1.575484764542941802e-05
3.150969529085872762e-05
-1.260387811634349105e-04
-3.150969529085867341e-05
-1.575484764542936923e-04
-4.726454293628809143e-05
-6.301939058171745524e-05
0.000000000000000000e+00
-7.877423822714681905e-05
6.301939058171745524e-05
4.726454293628810498e-05
4.726454293628810498e-05
6.301939058171746879e-05
-3.150969529085875472e-05
3.150969529085875472e-05
7.877423822714679194e-05
3.150969529085875472e-05
-1.575484764542936381e-05
6.301939058171742813e-05
1.575484764542936381e-05
4.726454293628814564e-05
3.150969529085867341e-05
-1.575484764542936381e-05
6.301939058171750945e-05
-3.150969529085872762e-05
1.102839335180056009e-04
-6.301939058171750945e-05
1.260387811634348563e-04
-4.726454293628803722e-05
4.726454293628803722e-05
-4.726454293628803722e-05
1.575484764542930960e-05
-1.575484764542930960e-05
1.260387811634349105e-04
-3.150969529085872762e-05
9.452908587257618286e-05
-1.260387811634349105e-04
4.726454293628814564e-05
-4.726454293628814564e-05
3.150969529085872762e-05
-7.877423822714687326e-05
4.726454293628814564e-05
-1.575484764542941802e-05
4.726454293628814564e-05
-3.150969529085872762e-05
6.301939058171745524e-05
-6.301939058171745524e-05
1.417936288088642201e-04
-1.575484764542930960e-05
3.150969529085872762e-05
-3.150969529085872762e-05
0.000000000000000000e+00
-3.150969529085872762e-05
1.575484764542941802e-05
-1.575484764542941802e-05
6.301939058171745524e-05
-6.301939058171745524e-05
9.452908587257618286e-05
-4.726454293628814564e-05
4.726454293628814564e-05
-1.575484764542941802e-05
0.000000000000000000e+00
0.000000000000000000e+00
4.726454293628825406e-05
-3.150969529085883604e-05
3.150969529085883604e-05
0.000000000000000000e+00
9.452908587257607444e-05
3.150969529085872762e-05
1.575484764542941802e-05
-1.575484764542941802e-05
1.575484764542941802e-05
-9.452908587257618286e-05
1.260387811634349105e-04
0.000000000000000000e+00
3.150969529085883604e-05
-6.301939058171756366e-05
-1.575484764542941802e-05
-6.301939058171745524e-05
0.000000000000000000e+00
-6.301939058171734682e-05
1.260387811634348021e-04
0.000000000000000000e+00
6.301939058171745524e-05
-7.877423822714687326e-05
1.102839335180054925e-04
-1.260387811634348021e-04
7.877423822714687326e-05
-6.301939058171756366e-05
1.102839335180054925e-04
-4.726454293628792880e-05
1.575484764542935297e-04
-6.301939058171745524e-05
6.301939058171745524e-05
4.726454293628814564e-05
1.575484764542930960e-05
-7.877423822714676484e-05
6.301939058171745524e-05
4.726454293628814564e-05
0.000000000000000000e+00
0.000000000000000000e+00
0.000000000000000000e+00
1.575484764542952644e-05
1.575484764542930960e-05
1.575484764542909276e-05
9.452908587257629128e-05
4.726454293628814564e-05
9.452908587257607444e-05
4.726454293628836248e-05
3.150969529085861920e-05
9.452908587257607444e-05
1.575484764542952644e-05
6.301939058171745524e-05
4.726454293628792880e-05
6.301939058171767208e-05
4.726454293628814564e-05
1.575484764542930960e-05
6.301939058171723840e-05
1.260387811634349105e-04
6.301939058171723840e-05
-1.575484764542887592e-05
-1.575484764542930960e-05
1.575484764542930960e-05
3.150969529085861920e-05
-4.726454293628792880e-05
0.000000000000000000e+00
-4.726454293628836248e-05
-1.575484764542930960e-05
-6.301939058171723840e-05
-6.301939058171767208e-05
-6.301939058171745524e-05
1.260387811634351273e-04
-4.726454293628836248e-05
-1.260387811634349105e-04
-4.726454293628814564e-05
0.000000000000000000e+00
7.877423822714698168e-05
-1.575484764542930960e-05
0.000000000000000000e+00
-6.301939058171767208e-05
6.301939058171767208e-05
-4.726454293628836248e-05
-1.575484764542930960e-05
-1.575484764542930960e-05
4.726454293628814564e-05
-1.575484764542952644e-05
0.000000000000000000e+00
4.726454293628836248e-05
0.000000000000000000e+00
-1.575484764542952644e-05
6.301939058171767208e-05
-6.301939058171767208e-05
3.150969529085883604e-05
-4.726454293628814564e-05
