1.260387811634349376e-04
0.000000000000000000e+00
0.000000000000000000e+00
-2.520775623268698752e-04
1.260387811634349376e-04
-7.562326869806094629e-04
-3.781163434903047314e-04
7.562326869806094629e-04
-3.781163434903047314e-04
0.000000000000000000e+00
3.781163434903047314e-04
1.260387811634348563e-04
3.781163434903048398e-04
1.260387811634349376e-04
2.520775623268698752e-04
3.781163434903047314e-04
-5.041551246537397503e-04
6.301939058171747692e-04
0.000000000000000000e+00
3.781163434903047314e-04
-1.260387811634349105e-04
5.041551246537396419e-04
-1.260387811634351273e-04
2.520775623268700378e-04
-2.520775623268700378e-04
-1.134349030470914194e-03
-6.301939058171746608e-04
0.000000000000000000e+00
-7.562326869806095713e-04
2.520775623268698210e-04
-8.822714681440442649e-04
3.781163434903047314e-04
1.260387811634346936e-04
3.781163434903048398e-04
5.041551246537397503e-04
5.041551246537396419e-04
1.260387811634350189e-04
8.822714681440444818e-04
0.000000000000000000e+00
-1.260387811634349105e-04
2.520775623268696041e-04
-1.134349030470914194e-03
8.822714681440445902e-04
3.781163434903045146e-04
-1.260387811634349105e-04
-6.301939058171744440e-04
1.008310249307479284e-03
-6.301939058171745524e-04
-1.260387811634351273e-04
-8.822714681440443733e-04
-3.781163434903048398e-04
-8.822714681440445902e-04
0.000000000000000000e+00
-7.562326869806094629e-04
0.000000000000000000e+00
-7.562326869806096797e-04
5.041551246537396419e-04
-1.260387811634344768e-04
3.781163434903045146e-04
-5.041551246537394251e-04
0.000000000000000000e+00
2.520775623268693873e-04
-1.260387811634344768e-04
0.000000000000000000e+00
6.301939058171745524e-04
3.781163434903047314e-04
2.520775623268697125e-04
3.781163434903047314e-04
6.301939058171746608e-04
2.520775623268698210e-04
-2.520775623268698210e-04
5.041551246537397503e-04
2.520775623268698210e-04
3.781163434903048398e-04
1.260387811634349105e-04
2.520775623268696041e-04
6.301939058171745524e-04
6.301939058171745524e-04
1.260387811634349538e-03
8.822714681440448070e-04
5.041551246537396419e-04
3.781163434903042977e-04
-5.041551246537396419e-04
3.781163434903042977e-04
2.520775623268698210e-04
-5.041551246537387745e-04
3.781163434903042977e-04
-1.134349030470914628e-03
7.562326869806103302e-04
3.781163434903042977e-04
2.520775623268698210e-04
2.520775623268706883e-04
5.041551246537387745e-04
3.781163434903042977e-04
1.008310249307480151e-03
1.260387811634344768e-04
3.781163434903051651e-04
-5.041551246537396419e-04
7.562326869806085955e-04
-1.008310249307477549e-03
3.781163434903034304e-04
-3.781163434903034304e-04
3.781163434903034304e-04
1.260387811634344768e-04
0.000000000000000000e+00
-2.520775623268689536e-04
8.822714681440448070e-04
-6.301939058171758534e-04
5.041551246537396419e-04
1.260387811634362115e-04
5.041551246537396419e-04
-2.520775623268706883e-04
6.301939058171758534e-04
1.260387811634327421e-04
1.008310249307481019e-03
-2.520775623268706883e-04
3.781163434903051651e-04
-2.520775623268689536e-04
-1.260387811634362115e-04
1.260387811634362115e-04
6.301939058171723840e-04
-2.520775623268672189e-04
5.041551246537379072e-04
-5.041551246537379072e-04
0.000000000000000000e+00
-2.520775623268706883e-04
-1.260387811634344768e-04
2.520775623268689536e-04
-1.260387811634344768e-04
3.781163434903034304e-04
0.000000000000000000e+00
1.260387811634344768e-04
-1.260387811634344768e-04
-7.562326869806085955e-04
1.260387811634344768e-04
2.520775623268706883e-04
-1.260387811634344768e-04
0.000000000000000000e+00
8.822714681440430723e-04
5.041551246537413766e-04
-1.260387811634362115e-04
7.562326869806085955e-04
0.000000000000000000e+00
0.000000000000000000e+00
6.301939058171758534e-04
-3.781163434903051651e-04
0.000000000000000000e+00
5.041551246537396419e-04
-2.520775623268689536e-04
0.000000000000000000e+00
2.520775623268689536e-04
0.000000000000000000e+00
1.260387811634362115e-04
1.260387811634344768e-04
-2.520775623268706883e-04
1.260387811634362115e-04
-1.260387811634362115e-04
-1.260387811634344768e-04
-2.520775623268706883e-04
2.520775623268706883e-04
0.000000000000000000e+00
5.041551246537379072e-04
-7.562326869806085955e-04
1.260387811634362115e-04
3.781163434903051651e-04
5.041551246537379072e-04
-1.260387811634344768e-04
-2.520775623268689536e-04
-2.520775623268706883e-04
7.562326869806085955e-04
0.000000000000000000e+00
2.520775623268706883e-04
-1.008310249307479284e-03
-3.781163434903051651e-04
-7.562326869806085955e-04
-7.562326869806103302e-04
-8.822714681440430723e-04
8.822714681440430723e-04
-1.260387811634344768e-04
-5.041551246537396419e-04
-6.301939058171741187e-04
2.520775623268689536e-04
-1.260387811634344768e-04
2.520775623268706883e-04
0.000000000000000000e+00
-2.520775623268706883e-04
0.000000000000000000e+00
-3.781163434903051651e-04
-6.301939058171741187e-04
3.781163434903034304e-04
-1.260387811634327421e-04
0.000000000000000000e+00
0.000000000000000000e+00
2.520775623268689536e-04
-1.260387811634362115e-04
6.301939058171758534e-04
-2.520775623268706883e-04
8.822714681440465417e-04
0.000000000000000000e+00
3.781163434903034304e-04
