7.877423822714683599e-06
1.575484764542936381e-05
7.877423822714688681e-06
-7.877423822714688681e-06
2.363227146814404571e-05
-7.877423822714675128e-06
-3.150969529085873440e-05
4.726454293628809820e-05
0.000000000000000000e+00
0.000000000000000000e+00
3.938711911357340275e-05
2.363227146814405927e-05
0.000000000000000000e+00
3.938711911357342308e-05
1.575484764542936381e-05
5.514196675900274623e-05
5.514196675900277333e-05
5.514196675900280044e-05
7.877423822714709010e-06
6.301939058171740103e-05
7.877423822714709010e-06
5.514196675900280044e-05
7.877423822714709010e-06
7.877423822714654800e-06
1.575484764542941802e-05
-1.575484764542941802e-05
1.575484764542941802e-05
2.363227146814396440e-05
-3.150969529085872762e-05
3.150969529085872762e-05
-3.150969529085872762e-05
1.575484764542930960e-05
1.575484764542941802e-05
3.150969529085872762e-05
7.877423822714654800e-06
7.089681440443211004e-05
3.938711911357349084e-05
3.150969529085872762e-05
3.150969529085872762e-05
4.726454293628814564e-05
4.726454293628803722e-05
2.363227146814407282e-05
4.726454293628803722e-05
3.938711911357349084e-05
0.000000000000000000e+00
0.000000000000000000e+00
3.938711911357338242e-05
-7.877423822714654800e-06
-1.575484764542930960e-05
-2.363227146814407282e-05
-2.363227146814418124e-05
-3.938711911357327400e-05
-7.877423822714763220e-06
0.000000000000000000e+00
0.000000000000000000e+00
0.000000000000000000e+00
3.150969529085872762e-05
-2.363227146814396440e-05
6.301939058171745524e-05
-1.575484764542941802e-05
2.363227146814407282e-05
1.575484764542941802e-05
1.575484764542930960e-05
-7.877423822714654800e-06
3.150969529085861920e-05
1.575484764542952644e-05
3.938711911357327400e-05
-7.877423822714654800e-06
3.938711911357349084e-05
1.575484764542930960e-05
7.877423822714654800e-06
1.575484764542930960e-05
2.363227146814418124e-05
2.363227146814396440e-05
7.089681440443232688e-05
3.150969529085840236e-05
3.938711911357349084e-05
0.000000000000000000e+00
6.301939058171767208e-05
3.938711911357327400e-05
2.363227146814418124e-05
3.938711911357327400e-05
0.000000000000000000e+00
2.363227146814396440e-05
1.575484764542952644e-05
-2.363227146814418124e-05
-1.575484764542930960e-05
-3.150969529085883604e-05
3.150969529085883604e-05
0.000000000000000000e+00
3.150969529085861920e-05
0.000000000000000000e+00
3.938711911357349084e-05
2.363227146814418124e-05
1.575484764542930960e-05
7.877423822714437959e-06
5.514196675900301728e-05
-3.150969529085883604e-05
1.575484764542930960e-05
-1.575484764542930960e-05
3.150969529085883604e-05
-7.877423822714871640e-06
1.575484764542952644e-05
-7.877423822714654800e-06
7.877423822714654800e-06
-3.150969529085883604e-05
3.150969529085883604e-05
-3.938711911357349084e-05
3.150969529085883604e-05
-1.575484764542952644e-05
2.363227146814418124e-05
-2.363227146814418124e-05
2.363227146814418124e-05
1.575484764542930960e-05
3.938711911357349084e-05
-1.575484764542930960e-05
3.938711911357349084e-05
0.000000000000000000e+00
1.575484764542930960e-05
2.363227146814374756e-05
3.938711911357349084e-05
-7.877423822714654800e-06
7.877423822714654800e-06
-3.150969529085840236e-05
7.877423822714437959e-06
-4.726454293628792880e-05
3.938711911357349084e-05
2.363227146814374756e-05
3.938711911357349084e-05
2.363227146814418124e-05
3.150969529085861920e-05
3.938711911357349084e-05
3.938711911357327400e-05
2.363227146814396440e-05
7.877423822715088481e-06
7.089681440443189320e-05
-1.575484764542930960e-05
3.938711911357327400e-05
1.575484764542930960e-05
3.150969529085905288e-05
7.877423822714654800e-06
3.938711911357327400e-05
0.000000000000000000e+00
7.877423822714654800e-06
3.150969529085861920e-05
7.877423822714654800e-06
3.150969529085905288e-05
0.000000000000000000e+00
7.877423822714654800e-06
7.877423822714654800e-06
2.363227146814396440e-05
-7.877423822714654800e-06
1.575484764542930960e-05
7.877423822714654800e-06
2.363227146814396440e-05
1.575484764542974328e-05
1.575484764542887592e-05
7.877423822714654800e-06
-1.575484764542930960e-05
7.877423822714654800e-06
2.363227146814439808e-05
1.575484764542930960e-05
0.000000000000000000e+00
6.301939058171723840e-05
7.877423822714698168e-05
7.877423822714654800e-06
3.150969529085861920e-05
1.575484764542930960e-05
7.877423822715088481e-06
2.363227146814353072e-05
-1.575484764542930960e-05
0.000000000000000000e+00
-1.575484764542930960e-05
-2.363227146814396440e-05
-7.877423822714654800e-06
-5.514196675900258360e-05
7.877423822714221119e-06
1.575484764542930960e-05
-2.363227146814353072e-05
-5.514196675900258360e-05
-1.575484764542974328e-05
0.000000000000000000e+00
1.575484764542974328e-05
-7.877423822715088481e-06
0.000000000000000000e+00
-3.150969529085861920e-05
1.575484764542930960e-05
0.000000000000000000e+00
-1.575484764542930960e-05
2.363227146814396440e-05
2.363227146814396440e-05
3.150969529085861920e-05
1.575484764542974328e-05
4.726454293628792880e-05
7.877423822714654800e-06
1.575484764542930960e-05
7.877423822715088481e-06
-7.877423822715088481e-06
-1.575484764542930960e-05
-2.363227146814396440e-05
