6.301939058171746879e-05
6.301939058171746879e-05
0.000000000000000000e+00
-1.260387811634349376e-04
2.520775623268698752e-04
-1.260387811634349376e-04
-1.890581717451524199e-04
1.260387811634349376e-04
-6.301939058171746879e-05
-6.301939058171746879e-05
1.890581717451524199e-04
-1.890581717451524199e-04
1.260387811634349376e-04
0.000000000000000000e+00
0.000000000000000000e+00
2.520775623268698752e-04
-6.301939058171745524e-05
1.260387811634348563e-04
1.260387811634350189e-04
5.041551246537397503e-04
-1.890581717451525826e-04
6.301939058171745524e-04
0.000000000000000000e+00
0.000000000000000000e+00
2.520775623268700378e-04
-1.890581717451525826e-04
-2.520775623268696041e-04
2.520775623268696041e-04
-1.890581717451523657e-04
4.411357340720224035e-04
-3.150969529085874930e-04
4.411357340720224035e-04
-1.260387811634349105e-04
4.411357340720221867e-04
-2.520775623268698210e-04
5.671745152354573140e-04
-3.150969529085874930e-04
3.781163434903047314e-04
6.301939058171723840e-05
3.781163434903047314e-04
-6.301939058171723840e-05
2.520775623268702546e-04
-1.890581717451530162e-04
3.781163434903051651e-04
-1.260387811634353442e-04
-1.890581717451521489e-04
1.260387811634353442e-04
1.260387811634344768e-04
-5.041551246537396419e-04
1.260387811634349105e-04
-1.890581717451521489e-04
-3.781163434903051651e-04
0.000000000000000000e+00
-3.150969529085870593e-04
-1.260387811634349105e-04
-1.890581717451523657e-04
6.301939058171723840e-05
-1.890581717451523657e-04
-6.301939058171723840e-05
-1.890581717451523657e-04
1.260387811634346936e-04
0.000000000000000000e+00
0.000000000000000000e+00
1.890581717451525826e-04
2.520775623268698210e-04
3.150969529085870593e-04
6.301939058171767208e-05
3.781163434903047314e-04
1.260387811634349105e-04
5.041551246537396419e-04
1.260387811634349105e-04
6.932132963988922245e-04
5.041551246537396419e-04
6.301939058171741187e-04
2.520775623268706883e-04
5.671745152354568803e-04
4.411357340720215361e-04
5.041551246537405093e-04
4.411357340720224035e-04
6.301939058171749861e-04
1.260387811634344768e-04
4.411357340720224035e-04
6.301939058171550367e-05
3.781163434903068998e-04
3.150969529085861920e-04
6.301939058171897312e-05
6.301939058171550367e-05
0.000000000000000000e+00
2.520775623268706883e-04
2.520775623268706883e-04
1.890581717451499805e-04
1.890581717451534499e-04
1.890581717451517152e-04
3.150969529085879267e-04
1.260387811634362115e-04
1.890581717451517152e-04
6.301939058171723840e-05
6.301939058171897312e-05
6.301939058171723840e-05
0.000000000000000000e+00
6.301939058171723840e-05
3.150969529085861920e-04
3.150969529085879267e-04
1.890581717451517152e-04
1.890581717451534499e-04
-1.260387811634362115e-04
2.520775623268706883e-04
-1.260387811634344768e-04
3.150969529085879267e-04
1.260387811634327421e-04
1.260387811634344768e-04
-6.301939058171723840e-05
3.781163434903051651e-04
5.671745152354586150e-04
3.150969529085879267e-04
-6.301939058172070784e-05
3.150969529085879267e-04
1.260387811634362115e-04
6.301939058171723840e-05
3.781163434903051651e-04
2.520775623268706883e-04
0.000000000000000000e+00
3.150969529085861920e-04
-3.781163434903051651e-04
1.890581717451534499e-04
-2.520775623268706883e-04
5.671745152354568803e-04
1.260387811634344768e-04
1.890581717451551846e-04
1.260387811634344768e-04
3.150969529085861920e-04
1.260387811634344768e-04
1.260387811634344768e-04
2.520775623268689536e-04
3.150969529085896614e-04
3.781163434903034304e-04
0.000000000000000000e+00
2.520775623268689536e-04
1.890581717451517152e-04
3.150969529085896614e-04
1.890581717451517152e-04
3.150969529085896614e-04
1.890581717451482457e-04
6.301939058171723840e-05
4.411357340720241382e-04
-6.301939058171723840e-05
2.520775623268724230e-04
1.260387811634344768e-04
6.301939058171376895e-05
6.301939058172070784e-05
1.890581717451517152e-04
1.260387811634344768e-04
5.041551246537413766e-04
0.000000000000000000e+00
3.781163434903034304e-04
6.301939058171723840e-05
1.890581717451482457e-04
0.000000000000000000e+00
3.781163434903068998e-04
3.150969529085896614e-04
4.411357340720206688e-04
1.890581717451551846e-04
2.520775623268654841e-04
3.781163434903068998e-04
3.781163434903034304e-04
0.000000000000000000e+00
1.260387811634344768e-04
1.260387811634344768e-04
0.000000000000000000e+00
4.411357340720276077e-04
-1.260387811634414157e-04
0.000000000000000000e+00
-4.411357340720206688e-04
-1.260387811634344768e-04
-3.150969529085861920e-04
-2.520775623268689536e-04
-1.260387811634344768e-04
4.411357340720206688e-04
-2.520775623268724230e-04
-3.150969529085827225e-04
-3.150969529085861920e-04
1.260387811634344768e-04
4.411357340720206688e-04
6.301939058171376895e-05
2.520775623268724230e-04
-6.301939058171723840e-05
3.781163434903068998e-04
6.301939058171376895e-05
0.000000000000000000e+00
1.890581717451551846e-04
2.520775623268654841e-04
1.260387811634414157e-04
6.301939058171376895e-05
5.041551246537413766e-04
6.301939058171376895e-05
3.150969529085861920e-04
3.781163434903068998e-04
-1.890581717451517152e-04
-1.260387811634344768e-04
1.260387811634344768e-04
