3.150969529085873440e-05
1.575484764542935703e-05
0.000000000000000000e+00
0.000000000000000000e+00
4.726454293628809143e-05
-3.150969529085871407e-05
-3.150969529085873440e-05
9.452908587257620996e-05
0.000000000000000000e+00
3.150969529085872762e-05
9.452908587257620996e-05
4.726454293628803722e-05
7.877423822714681905e-05
6.301939058171750945e-05
6.301939058171750945e-05
6.301939058171734682e-05
3.150969529085872762e-05
6.301939058171745524e-05
7.877423822714687326e-05
7.877423822714676484e-05
6.301939058171756366e-05
1.575484764542930960e-05
6.301939058171756366e-05
-1.575484764542941802e-05
1.575484764542941802e-05
-4.726454293628825406e-05
9.452908587257639970e-05
1.575484764542909276e-05
-4.726454293628792880e-05
1.102839335180056009e-04
7.877423822714676484e-05
1.417936288088642201e-04
7.877423822714698168e-05
1.575484764542935297e-04
9.452908587257607444e-05
1.575484764542937465e-04
4.726454293628814564e-05
1.260387811634349105e-04
6.301939058171767208e-05
9.452908587257585760e-05
6.301939058171723840e-05
6.301939058171767208e-05
7.877423822714698168e-05
7.877423822714654800e-05
1.575484764542974328e-05
4.726454293628792880e-05
6.301939058171767208e-05
0.000000000000000000e+00
-1.575484764542930960e-05
-4.726454293628836248e-05
1.575484764542974328e-05
-3.150969529085905288e-05
-6.301939058171767208e-05
1.575484764542930960e-05
-6.301939058171723840e-05
1.575484764542930960e-05
4.726454293628792880e-05
6.301939058171767208e-05
6.301939058171767208e-05
0.000000000000000000e+00
3.150969529085818552e-05
1.417936288088646538e-04
9.452908587257629128e-05
3.150969529085861920e-05
3.150969529085905288e-05
1.575484764542930960e-05
1.260387811634344768e-04
-1.575484764542930960e-05
9.452908587257629128e-05
3.150969529085905288e-05
9.452908587257629128e-05
4.726454293628749512e-05
9.452908587257629128e-05
6.301939058171767208e-05
7.877423822714698168e-05
3.150969529085861920e-05
6.301939058171723840e-05
0.000000000000000000e+00
7.877423822714698168e-05
9.452908587257629128e-05
4.726454293628792880e-05
6.301939058171767208e-05
-1.575484764542930960e-05
7.877423822714654800e-05
3.150969529085861920e-05
-1.575484764542930960e-05
-7.877423822714654800e-05
-3.150969529085861920e-05
6.301939058171723840e-05
7.877423822714654800e-05
7.877423822714741536e-05
1.890581717451517152e-04
3.150969529085861920e-05
1.102839335180060346e-04
1.102839335180051672e-04
7.877423822714741536e-05
7.877423822714654800e-05
7.877423822714654800e-05
4.726454293628792880e-05
0.000000000000000000e+00
9.452908587257672496e-05
4.726454293628792880e-05
9.452908587257585760e-05
9.452908587257672496e-05
9.452908587257585760e-05
1.575484764542930960e-05
1.260387811634353442e-04
0.000000000000000000e+00
9.452908587257585760e-05
6.301939058171810576e-05
1.417936288088637864e-04
-3.150969529085861920e-05
9.452908587257585760e-05
0.000000000000000000e+00
1.417936288088637864e-04
-3.150969529085861920e-05
1.417936288088655211e-04
1.575484764542844224e-05
6.301939058171723840e-05
1.575484764543017696e-05
1.102839335180051672e-04
0.000000000000000000e+00
6.301939058171810576e-05
-7.877423822714654800e-05
4.726454293628706144e-05
-3.150969529085861920e-05
6.301939058171810576e-05
9.452908587257585760e-05
4.726454293628792880e-05
1.260387811634353442e-04
0.000000000000000000e+00
1.575484764542930960e-04
-3.150969529085861920e-05
1.575484764542930960e-04
-1.575484764542930960e-05
1.575484764542939634e-04
-6.301939058171723840e-05
1.102839335180051672e-04
3.150969529085861920e-05
1.417936288088655211e-04
-4.726454293628879616e-05
1.417936288088637864e-04
0.000000000000000000e+00
9.452908587257672496e-05
6.301939058171723840e-05
4.726454293628879616e-05
3.150969529085861920e-05
7.877423822714654800e-05
1.575484764542844224e-05
7.877423822714741536e-05
0.000000000000000000e+00
9.452908587257672496e-05
7.877423822714654800e-05
9.452908587257585760e-05
-1.575484764542930960e-05
6.301939058171723840e-05
0.000000000000000000e+00
6.301939058171723840e-05
0.000000000000000000e+00
9.452908587257759232e-05
1.575484764542930960e-05
7.877423822714654800e-05
-3.150969529086035392e-05
7.877423822714828272e-05
3.150969529085861920e-05
1.575484764542930960e-05
-3.150969529085861920e-05
7.877423822714654800e-05
-6.301939058171723840e-05
1.260387811634344768e-04
-7.877423822714654800e-05
4.726454293628792880e-05
-1.417936288088637864e-04
1.575484764542930960e-05
-1.102839335180069019e-04
-4.726454293628792880e-05
-3.150969529085861920e-05
1.575484764542948307e-04
-1.575484764542930960e-05
-4.726454293628792880e-05
3.150969529085861920e-05
3.150969529085861920e-05
3.150969529085861920e-05
7.877423822714654800e-05
-7.877423822714654800e-05
1.102839335180051672e-04
7.877423822714654800e-05
0.000000000000000000e+00
-1.575484764542930960e-05
7.877423822714828272e-05
3.150969529085688448e-05
3.150969529085861920e-05
9.452908587257759232e-05
1.417936288088637864e-04
3.150969529085861920e-05
1.260387811634344768e-04
-1.575484764542930960e-05
7.877423822714654800e-05
-1.575484764542930960e-05
4.726454293628792880e-05
