0.000000000000000000e+00
0.000000000000000000e+00
7.877423822714683599e-06
-3.150969529085872762e-05
1.575484764542936381e-05
0.000000000000000000e+00
-3.150969529085873440e-05
5.514196675900278689e-05
-2.363227146814405249e-05
-1.575484764542936381e-05
2.363227146814404571e-05
7.877423822714683599e-06
-7.877423822714683599e-06
3.150969529085873440e-05
2.363227146814404571e-05
2.363227146814405249e-05
1.575484764542935026e-05
0.000000000000000000e+00
-7.877423822714668352e-06
0.000000000000000000e+00
0.000000000000000000e+00
7.877423822714668352e-06
-1.575484764542935026e-05
0.000000000000000000e+00
-2.363227146814405249e-05
-3.150969529085873440e-05
-2.363227146814404571e-05
-7.877423822714683599e-06
-6.301939058171745524e-05
2.363227146814404571e-05
-3.938711911357342308e-05
2.363227146814404571e-05
0.000000000000000000e+00
1.575484764542937736e-05
-3.150969529085874117e-05
2.363227146814405249e-05
-7.877423822714688681e-06
3.150969529085873440e-05
0.000000000000000000e+00
1.575484764542936720e-05
0.000000000000000000e+00
-7.877423822714678517e-06
2.363227146814404571e-05
-7.877423822714683599e-06
-3.150969529085873440e-05
-1.575484764542936381e-05
7.877423822714688681e-06
-1.575484764542937736e-05
-6.301939058171746879e-05
-7.877423822714654800e-06
-6.301939058171748234e-05
-4.726454293628809143e-05
-4.726454293628809143e-05
-2.363227146814407282e-05
-2.363227146814401861e-05
-3.938711911357338242e-05
-7.877423822714709010e-06
-7.877423822714709010e-06
-1.575484764542930960e-05
-1.575484764542941802e-05
-7.877423822714654800e-06
7.877423822714654800e-06
-2.363227146814401861e-05
-1.575484764542936381e-05
7.877423822714709010e-06
1.575484764542930960e-05
2.363227146814407282e-05
2.363227146814401861e-05
2.363227146814407282e-05
2.363227146814401861e-05
2.363227146814407282e-05
7.877423822714654800e-06
-1.575484764542930960e-05
7.089681440443211004e-05
7.877423822714654800e-06
1.575484764542939091e-05
7.877423822714709010e-06
1.575484764542933670e-05
2.363227146814407282e-05
5.514196675900277333e-05
-3.150969529085872762e-05
3.150969529085872762e-05
-4.726454293628809143e-05
9.452908587257616930e-05
3.150969529085873440e-05
-1.575484764542935703e-05
0.000000000000000000e+00
-1.575484764542937736e-05
7.877423822714681905e-06
-7.877423822714681905e-06
2.363227146814404571e-05
-7.877423822714668352e-06
2.363227146814404571e-05
-7.877423822714688681e-06
6.301939058171746879e-05
-3.150969529085872762e-05
5.514196675900278011e-05
-3.938711911357341630e-05
3.938711911357341630e-05
-6.301939058171746879e-05
5.514196675900278011e-05
-3.150969529085872762e-05
4.726454293628809820e-05
-1.575484764542937059e-05
6.301939058171746879e-05
-4.726454293628809820e-05
6.301939058171745524e-05
-7.877423822714681905e-05
5.514196675900278689e-05
-7.877423822714695457e-06
4.726454293628810498e-05
-4.726454293628810498e-05
3.150969529085872762e-05
-1.575484764542935026e-05
8.665166204986151450e-05
-6.301939058171746879e-05
6.301939058171746879e-05
-4.726454293628809143e-05
3.150969529085872762e-05
1.575484764542936381e-05
5.514196675900274623e-05
3.938711911357340952e-05
7.089681440443216425e-05
-6.301939058171745524e-05
1.575484764542936381e-05
-7.877423822714709010e-06
2.363227146814407282e-05
-7.877423822714709010e-06
4.726454293628814564e-05
0.000000000000000000e+00
7.877423822714654800e-06
7.877423822714681905e-05
-3.150969529085867341e-05
3.150969529085867341e-05
3.150969529085872762e-05
3.938711911357349084e-05
-7.877423822714763220e-06
7.877423822714763220e-06
-1.575484764542941802e-05
5.514196675900280044e-05
-1.575484764542941802e-05
3.150969529085872762e-05
-3.150969529085872762e-05
0.000000000000000000e+00
2.363227146814407282e-05
-1.575484764542941802e-05
3.150969529085872762e-05
0.000000000000000000e+00
3.150969529085872762e-05
0.000000000000000000e+00
1.575484764542941802e-05
1.575484764542941802e-05
6.301939058171745524e-05
4.726454293628803722e-05
4.726454293628814564e-05
3.938711911357338242e-05
2.363227146814407282e-05
3.938711911357327400e-05
1.575484764542941802e-05
1.575484764542941802e-05
3.150969529085872762e-05
-7.877423822714654800e-06
-7.877423822714654800e-06
0.000000000000000000e+00
3.150969529085872762e-05
-5.514196675900290886e-05
-7.877423822714654800e-06
-4.726454293628803722e-05
-1.575484764542941802e-05
-1.575484764542930960e-05
-3.150969529085872762e-05
-3.150969529085872762e-05
-5.514196675900280044e-05
-4.726454293628814564e-05
-4.726454293628803722e-05
-7.089681440443211004e-05
-7.877423822714763220e-06
7.877423822714763220e-06
-4.726454293628814564e-05
-7.089681440443211004e-05
-2.363227146814401861e-05
7.877423822714600590e-06
3.938711911357343663e-05
3.150969529085878183e-05
2.363227146814407282e-05
-2.363227146814407282e-05
4.726454293628803722e-05
-7.877423822714654800e-06
2.363227146814407282e-05
1.575484764542930960e-05
3.150969529085872762e-05
2.363227146814407282e-05
7.877423822714763220e-06
1.575484764542920118e-05
0.000000000000000000e+00
-7.877423822714546379e-06
3.938711911357338242e-05
-1.575484764542941802e-05
-4.726454293628803722e-05
-7.877423822714763220e-06
