0.000000000000000000e+00
0.000000000000000000e+00
0.000000000000000000e+00
-2.520775623268698752e-04
0.000000000000000000e+00
-5.041551246537396419e-04
-7.562326869806094629e-04
2.520775623268696041e-04
-3.781163434903045146e-04
0.000000000000000000e+00
3.781163434903045146e-04
-1.260387811634349105e-04
5.041551246537397503e-04
5.041551246537397503e-04
2.520775623268698210e-04
2.520775623268698752e-04
1.260387811634349376e-04
5.041551246537396419e-04
1.260387811634350189e-04
5.041551246537397503e-04
-5.041551246537397503e-04
1.008310249307479284e-03
-1.260387811634349105e-04
6.301939058171743355e-04
-5.041551246537394251e-04
-3.781163434903049483e-04
-7.562326869806094629e-04
0.000000000000000000e+00
-1.008310249307479284e-03
5.041551246537397503e-04
-1.008310249307479284e-03
2.520775623268697125e-04
0.000000000000000000e+00
2.520775623268698752e-04
-2.520775623268698752e-04
2.520775623268698752e-04
-3.781163434903047856e-04
-1.260387811634348021e-04
-1.260387811634350189e-04
6.301939058171745524e-04
1.260387811634349376e-04
5.041551246537396419e-04
6.301939058171747692e-04
6.301939058171743355e-04
-1.260387811634349105e-04
-2.520775623268696041e-04
2.520775623268696041e-04
0.000000000000000000e+00
-5.041551246537394251e-04
-6.301939058171747692e-04
-7.562326869806094629e-04
-8.822714681440445902e-04
-5.041551246537396419e-04
-6.301939058171743355e-04
-3.781163434903051651e-04
-1.260387811634344768e-04
0.000000000000000000e+00
1.260387811634344768e-04
-2.520775623268693873e-04
-5.041551246537400756e-04
-5.041551246537400756e-04
3.781163434903055988e-04
-2.520775623268702546e-04
0.000000000000000000e+00
-6.301939058171741187e-04
1.260387811634344768e-04
5.041551246537396419e-04
0.000000000000000000e+00
-3.781163434903042977e-04
3.781163434903042977e-04
-3.781163434903042977e-04
1.008310249307479284e-03
-6.301939058171749861e-04
3.781163434903047314e-04
-1.260387811634344768e-04
1.260387811634344768e-04
-2.520775623268698210e-04
1.260387811634353442e-04
1.260387811634344768e-04
7.562326869806094629e-04
-6.301939058171745524e-04
1.008310249307479717e-03
-1.008310249307479717e-03
7.562326869806098965e-04
-1.260387811634353442e-04
1.260387811634353442e-04
-6.301939058171745524e-04
-1.260387811634353442e-04
3.781163434903051651e-04
1.260387811634349105e-04
1.260387811634344768e-04
6.301939058171749861e-04
0.000000000000000000e+00
7.562326869806092460e-04
0.000000000000000000e+00
5.041551246537397503e-04
1.260387811634350189e-04
6.301939058171745524e-04
2.520775623268698752e-04
3.781163434903048398e-04
1.260387811634349105e-04
7.562326869806095713e-04
2.520775623268696041e-04
8.822714681440448070e-04
0.000000000000000000e+00
-1.260387811634353442e-04
1.260387811634353442e-04
-2.520775623268702546e-04
2.520775623268702546e-04
3.781163434903042977e-04
-1.260387811634344768e-04
0.000000000000000000e+00
-2.520775623268698210e-04
7.562326869806090292e-04
1.260387811634353442e-04
-2.520775623268698210e-04
0.000000000000000000e+00
1.260387811634344768e-04
-6.301939058171745524e-04
5.041551246537400756e-04
-1.260387811634353442e-04
-1.260387811634349105e-04
-6.301939058171745524e-04
2.520775623268702546e-04
-3.781163434903051651e-04
1.260387811634349105e-04
-7.562326869806094629e-04
1.386426592797784015e-03
-6.301939058171745524e-04
3.781163434903047314e-04
0.000000000000000000e+00
1.134349030470914628e-03
0.000000000000000000e+00
2.520775623268702546e-04
1.260387811634344768e-04
6.301939058171741187e-04
-1.260387811634344768e-04
1.260387811634344768e-04
-2.520775623268698210e-04
2.520775623268698210e-04
2.520775623268706883e-04
6.301939058171741187e-04
3.781163434903042977e-04
2.520775623268706883e-04
2.520775623268689536e-04
-1.260387811634336094e-04
0.000000000000000000e+00
5.041551246537387745e-04
-1.260387811634344768e-04
1.260387811634344768e-04
-2.520775623268698210e-04
0.000000000000000000e+00
1.260387811634353442e-04
5.041551246537387745e-04
-1.260387811634344768e-04
3.781163434903051651e-04
3.781163434903042977e-04
3.781163434903051651e-04
5.041551246537396419e-04
5.041551246537396419e-04
3.781163434903051651e-04
3.781163434903051651e-04
-1.260387811634344768e-04
1.260387811634344768e-04
1.260387811634327421e-04
0.000000000000000000e+00
-2.520775623268672189e-04
-1.260387811634362115e-04
-5.041551246537396419e-04
0.000000000000000000e+00
-5.041551246537396419e-04
-6.301939058171758534e-04
-1.134349030470912893e-03
-6.301939058171741187e-04
-6.301939058171758534e-04
-8.822714681440439397e-04
-8.822714681440439397e-04
8.822714681440439397e-04
-7.562326869806094629e-04
-7.562326869806094629e-04
-7.562326869806098965e-04
2.520775623268698210e-04
1.260387811634349105e-04
-1.260387811634349105e-04
-1.260387811634344768e-04
3.781163434903047314e-04
8.822714681440448070e-04
-2.520775623268702546e-04
1.260387811634349105e-04
3.781163434903042977e-04
6.301939058171749861e-04
2.520775623268698210e-04
8.822714681440439397e-04
3.781163434903060325e-04
2.520775623268689536e-04
5.041551246537396419e-04
7.562326869806094629e-04
-2.520775623268689536e-04
-2.520775623268706883e-04
-2.520775623268698210e-04
