0.000000000000000000e+00
0.000000000000000000e+00
-7.562326869806094629e-04
-7.562326869806094629e-04
2.520775623268696041e-04
-7.562326869806096797e-04
-1.008310249307478850e-03
7.562326869806094629e-04
0.000000000000000000e+00
-5.041551246537400756e-04
1.008310249307479501e-03
0.000000000000000000e+00
2.520775623268700378e-04
2.520775623268696041e-04
-2.520775623268696041e-04
5.041551246537394251e-04
0.000000000000000000e+00
0.000000000000000000e+00
-2.520775623268698210e-04
5.041551246537398587e-04
2.520775623268697125e-04
1.260387811634349105e-03
-2.520775623268697125e-04
-2.520775623268698752e-04
-7.562326869806096797e-04
-1.260387811634349105e-03
-1.008310249307479501e-03
-5.041551246537392082e-04
-1.764542936288089614e-03
7.562326869806103302e-04
-1.764542936288088747e-03
-2.520775623268706883e-04
2.520775623268706883e-04
0.000000000000000000e+00
0.000000000000000000e+00
1.008310249307478416e-03
5.041551246537405093e-04
2.520775623268698210e-04
2.520775623268689536e-04
1.260387811634349538e-03
1.008310249307479501e-03
2.520775623268700378e-04
7.562326869806094629e-04
7.562326869806094629e-04
-7.562326869806094629e-04
5.041551246537396419e-04
7.562326869806096797e-04
-2.520775623268698752e-04
0.000000000000000000e+00
-1.260387811634349322e-03
-1.008310249307479501e-03
-1.008310249307478850e-03
-5.041551246537400756e-04
-7.562326869806090292e-04
-1.260387811634349972e-03
0.000000000000000000e+00
-5.041551246537387745e-04
-7.562326869806103302e-04
0.000000000000000000e+00
-1.512465373961218926e-03
1.764542936288089614e-03
5.041551246537396419e-04
7.562326869806094629e-04
2.520775623268689536e-04
7.562326869806103302e-04
0.000000000000000000e+00
7.562326869806090292e-04
-2.520775623268698210e-04
1.008310249307479284e-03
7.562326869806094629e-04
5.041551246537400756e-04
1.008310249307479284e-03
7.562326869806096797e-04
2.520775623268698752e-04
5.041551246537397503e-04
0.000000000000000000e+00
5.041551246537394251e-04
-7.562326869806094629e-04
1.008310249307479501e-03
1.512465373961218709e-03
7.562326869806103302e-04
5.041551246537387745e-04
-7.562326869806090292e-04
5.041551246537392082e-04
2.520775623268698210e-04
1.008310249307480151e-03
2.520775623268689536e-04
-2.520775623268689536e-04
2.016620498614958568e-03
-1.008310249307480151e-03
1.260387811634349972e-03
-2.520775623268698210e-04
5.041551246537405093e-04
7.562326869806085955e-04
2.016620498614958568e-03
-5.041551246537396419e-04
7.562326869806103302e-04
-1.260387811634349972e-03
2.016620498614958568e-03
-1.260387811634349972e-03
1.260387811634349972e-03
7.562326869806103302e-04
7.562326869806085955e-04
1.008310249307479284e-03
1.008310249307481019e-03
-7.562326869806120649e-04
5.041551246537413766e-04
5.041551246537396419e-04
5.041551246537413766e-04
-7.562326869806103302e-04
1.260387811634348237e-03
2.520775623268689536e-04
0.000000000000000000e+00
1.008310249307479284e-03
1.764542936288089614e-03
-5.041551246537413766e-04
2.016620498614958568e-03
-1.260387811634344768e-03
1.764542936288086145e-03
-1.260387811634351707e-03
1.764542936288093083e-03
-2.016620498614958568e-03
2.520775623268696475e-03
-1.512465373961220660e-03
1.260387811634351707e-03
-1.008310249307479284e-03
1.008310249307479284e-03
0.000000000000000000e+00
1.260387811634348237e-03
-2.520775623268724230e-04
5.041551246537413766e-04
0.000000000000000000e+00
-2.520775623268689536e-04
7.562326869806103302e-04
-1.008310249307482753e-03
2.520775623268724230e-04
-7.562326869806068608e-04
5.041551246537344377e-04
2.520775623268724230e-04
-2.520775623268724230e-04
0.000000000000000000e+00
5.041551246537413766e-04
-7.562326869806103302e-04
-1.260387811634348237e-03
1.512465373961217191e-03
-1.512465373961217191e-03
5.041551246537413766e-04
-5.041551246537413766e-04
5.041551246537413766e-04
-5.041551246537413766e-04
0.000000000000000000e+00
-5.041551246537379072e-04
1.008310249307479284e-03
-2.520775623268689536e-04
5.041551246537379072e-04
-1.008310249307479284e-03
0.000000000000000000e+00
-1.008310249307479284e-03
5.041551246537379072e-04
-5.041551246537379072e-04
7.562326869806103302e-04
-5.041551246537413766e-04
-5.041551246537413766e-04
-2.520775623268654841e-04
1.260387811634348237e-03
-1.764542936288089614e-03
-5.041551246537413766e-04
-1.008310249307479284e-03
-5.041551246537379072e-04
-7.562326869806103302e-04
-5.041551246537413766e-04
-1.008310249307475814e-03
-1.764542936288089614e-03
-1.764542936288089614e-03
-1.512465373961218926e-03
-2.772853185595568030e-03
2.520775623268698210e-04
7.562326869806085955e-04
-1.008310249307478416e-03
-2.772853185595568898e-03
-5.041551246537396419e-04
-1.008310249307479284e-03
5.041551246537400756e-04
-1.512465373961219359e-03
-2.520775623268693873e-04
-2.016620498614959001e-03
5.041551246537397503e-04
-1.512465373961219359e-03
-5.041551246537394251e-04
-5.041551246537400756e-04
0.000000000000000000e+00
-1.008310249307478850e-03
2.520775623268693873e-04
2.520775623268698210e-04
0.000000000000000000e+00
-7.562326869806090292e-04
1.764542936288088747e-03
-7.562326869806094629e-04
2.520775623268693873e-04
-2.520775623268693873e-04
