3.150969529085873440e-05
3.150969529085873440e-05
-3.150969529085873440e-05
-3.150969529085873440e-05
6.301939058171746879e-05
-6.301939058171746879e-05
-1.890581717451523657e-04
1.260387811634349105e-04
-3.150969529085871407e-05
-6.301939058171748234e-05
6.301939058171748234e-05
-3.150969529085875472e-05
6.301939058171746879e-05
9.452908587257620996e-05
3.150969529085873440e-05
1.260387811634349105e-04
3.150969529085875472e-05
9.452908587257620996e-05
3.150969529085872762e-05
6.301939058171740103e-05
3.150969529085878183e-05
-3.150969529085878183e-05
6.301939058171750945e-05
-6.301939058171750945e-05
-9.452908587257612865e-05
-1.575484764542936652e-04
-1.890581717451523928e-04
-3.150969529085873440e-05
-1.890581717451524199e-04
6.301939058171750945e-05
-2.520775623268698752e-04
9.452908587257618286e-05
-9.452908587257618286e-05
-3.150969529085872762e-05
-1.260387811634348563e-04
0.000000000000000000e+00
-1.260387811634349105e-04
6.301939058171745524e-05
-1.260387811634350189e-04
3.150969529085883604e-05
-1.260387811634350189e-04
3.150969529085872762e-05
3.150969529085883604e-05
1.890581717451522573e-04
-1.260387811634348021e-04
-3.150969529085883604e-05
9.452908587257618286e-05
3.150969529085883604e-05
-1.260387811634350189e-04
3.150969529085883604e-05
-6.301939058171745524e-05
0.000000000000000000e+00
-1.260387811634350189e-04
3.150969529085883604e-05
-1.260387811634350189e-04
-9.452908587257607444e-05
6.301939058171745524e-05
-6.301939058171745524e-05
1.575484764542935297e-04
-1.890581717451523657e-04
3.150969529085883604e-05
3.150969529085861920e-05
0.000000000000000000e+00
3.150969529085883604e-05
3.150969529085872762e-04
1.260387811634348021e-04
9.452908587257629128e-05
6.301939058171740103e-05
1.890581717451524199e-04
9.452908587257618286e-05
3.150969529085870051e-05
1.260387811634349376e-04
1.260387811634349105e-04
6.301939058171748234e-05
2.520775623268698210e-04
3.150969529085878183e-05
1.260387811634348563e-04
-3.150969529085872762e-05
1.260387811634349105e-04
3.150969529085883604e-05
0.000000000000000000e+00
3.150969529085861920e-05
-1.575484764542936381e-04
3.150969529085872762e-05
-1.260387811634348563e-04
-1.260387811634349105e-04
-9.452908587257618286e-05
-9.452908587257620996e-05
6.301939058171745524e-05
3.150969529085875472e-05
3.150969529085867341e-05
3.150969529085878183e-05
3.150969529085872762e-05
1.260387811634349105e-04
1.575484764542936923e-04
0.000000000000000000e+00
1.890581717451522573e-04
-9.452908587257618286e-05
6.301939058171756366e-05
-3.150969529085883604e-05
1.260387811634350189e-04
-3.150969529085872762e-05
3.150969529085872762e-05
1.260387811634350189e-04
1.575484764542935297e-04
-9.452908587257629128e-05
1.890581717451525826e-04
-9.452908587257629128e-05
1.260387811634349105e-04
6.301939058171745524e-05
2.520775623268700378e-04
-3.150969529085883604e-05
1.575484764542935297e-04
-6.301939058171745524e-05
1.890581717451523657e-04
-1.260387811634349105e-04
6.301939058171745524e-05
0.000000000000000000e+00
9.452908587257629128e-05
3.150969529085883604e-05
1.890581717451521489e-04
-3.150969529085861920e-05
1.260387811634349105e-04
-9.452908587257629128e-05
-3.150969529085861920e-05
-2.205678670360112018e-04
3.150969529085883604e-05
-3.150969529085883604e-05
1.575484764542939634e-04
3.150969529085818552e-05
0.000000000000000000e+00
1.575484764542939634e-04
-3.150969529085861920e-05
0.000000000000000000e+00
-6.301939058171767208e-05
1.575484764542935297e-04
-1.575484764542935297e-04
9.452908587257629128e-05
-6.301939058171767208e-05
9.452908587257629128e-05
-6.301939058171723840e-05
6.301939058171723840e-05
-1.260387811634349105e-04
-6.301939058171767208e-05
3.150969529085905288e-05
-3.150969529085905288e-05
-6.301939058171723840e-05
0.000000000000000000e+00
-1.890581717451523657e-04
1.260387811634351273e-04
-6.301939058171767208e-05
1.890581717451521489e-04
2.520775623268702546e-04
2.520775623268693873e-04
9.452908587257629128e-05
1.890581717451525826e-04
-1.890581717451525826e-04
1.260387811634353442e-04
0.000000000000000000e+00
1.575484764542930960e-04
3.150969529085905288e-05
1.575484764542939634e-04
-1.260387811634353442e-04
1.260387811634353442e-04
1.260387811634344768e-04
-6.301939058171723840e-05
-9.452908587257629128e-05
6.301939058171767208e-05
-3.150969529085861920e-05
1.575484764542930960e-04
-1.575484764542930960e-04
-9.452908587257672496e-05
-2.205678670360107681e-04
-1.575484764542939634e-04
-1.260387811634344768e-04
-9.452908587257629128e-05
-9.452908587257629128e-05
1.890581717451525826e-04
-1.890581717451525826e-04
-9.452908587257629128e-05
-1.890581717451525826e-04
0.000000000000000000e+00
9.452908587257629128e-05
-9.452908587257629128e-05
-9.452908587257585760e-05
1.260387811634349105e-04
-3.150969529085905288e-05
3.150969529085905288e-05
-9.452908587257629128e-05
9.452908587257629128e-05
-3.150969529085905288e-05
6.301939058171767208e-05
-6.301939058171767208e-05
3.150969529085874930e-04
6.301939058171767208e-05
9.452908587257629128e-05
-6.301939058171767208e-05
9.452908587257585760e-05
6.301939058171767208e-05
0.000000000000000000e+00
