0.000000000000000000e+00
3.150969529085873440e-05
-3.150969529085873440e-05
-6.301939058171746879e-05
6.301939058171746879e-05
-6.301939058171746879e-05
-6.301939058171746879e-05
2.205678670360111204e-04
-3.150969529085871407e-05
3.150969529085871407e-05
1.575484764542936923e-04
9.452908587257618286e-05
1.575484764542936923e-04
6.301939058171734682e-05
9.452908587257618286e-05
9.452908587257618286e-05
3.150969529085883604e-05
1.260387811634348021e-04
6.301939058171756366e-05
1.260387811634349105e-04
1.890581717451523657e-04
1.890581717451523657e-04
2.205678670360112018e-04
6.301939058171745524e-05
-9.452908587257629128e-05
0.000000000000000000e+00
9.452908587257629128e-05
3.150969529085861920e-05
-6.301939058171745524e-05
2.205678670360112018e-04
-1.575484764542937465e-04
9.452908587257629128e-05
9.452908587257607444e-05
6.301939058171723840e-05
0.000000000000000000e+00
1.890581717451525826e-04
-3.150969529085861920e-05
6.301939058171723840e-05
6.301939058171767208e-05
0.000000000000000000e+00
6.301939058171723840e-05
6.301939058171767208e-05
9.452908587257585760e-05
3.150969529085905288e-05
-3.150969529085905288e-05
-3.150969529085818552e-05
1.575484764542935297e-04
0.000000000000000000e+00
-3.150969529085905288e-05
-1.575484764542930960e-04
-9.452908587257672496e-05
-6.301939058171723840e-05
-9.452908587257629128e-05
0.000000000000000000e+00
-6.301939058171723840e-05
0.000000000000000000e+00
1.260387811634349105e-04
6.301939058171723840e-05
3.150969529085861920e-05
-9.452908587257585760e-05
-1.260387811634349105e-04
1.575484764542935297e-04
-3.150969529085861920e-05
-3.150969529085905288e-05
9.452908587257629128e-05
6.301939058171767208e-05
6.301939058171767208e-05
0.000000000000000000e+00
1.890581717451521489e-04
0.000000000000000000e+00
2.835872576177284402e-04
6.301939058171723840e-05
1.890581717451530162e-04
9.452908587257585760e-05
1.575484764542935297e-04
3.150969529085905288e-05
1.260387811634344768e-04
-3.150969529085861920e-05
1.890581717451525826e-04
1.575484764542935297e-04
6.301939058171723840e-05
1.575484764542939634e-04
-3.150969529085861920e-05
6.301939058171723840e-05
9.452908587257585760e-05
-3.150969529085861920e-05
-3.150969529085861920e-05
-3.150969529085861920e-05
1.575484764542939634e-04
3.150969529085775184e-05
1.890581717451534499e-04
9.452908587257585760e-05
6.301939058171723840e-05
1.260387811634353442e-04
1.575484764542939634e-04
3.150969529085861920e-05
1.260387811634344768e-04
-3.150969529085948656e-05
1.260387811634353442e-04
-6.301939058171723840e-05
1.890581717451525826e-04
6.301939058171723840e-05
1.260387811634353442e-04
1.575484764542939634e-04
2.835872576177275728e-04
-6.301939058171723840e-05
2.205678670360112018e-04
-3.150969529085861920e-05
2.205678670360112018e-04
0.000000000000000000e+00
1.575484764542930960e-04
-1.575484764542930960e-04
9.452908587257672496e-05
1.575484764542930960e-04
2.520775623268698210e-04
3.150969529085861920e-05
1.575484764542939634e-04
9.452908587257672496e-05
1.575484764542922286e-04
1.575484764542939634e-04
1.890581717451525826e-04
3.150969529085948656e-05
1.260387811634344768e-04
-6.301939058171723840e-05
1.260387811634344768e-04
6.301939058171723840e-05
3.150969529085861920e-05
2.835872576177293075e-04
3.150969529085861920e-04
1.260387811634362115e-04
1.575484764542930960e-04
2.835872576177293075e-04
6.301939058171723840e-05
2.205678670360103344e-04
3.150969529085861920e-05
2.520775623268706883e-04
6.301939058171723840e-05
1.575484764542930960e-04
1.890581717451517152e-04
9.452908587257585760e-05
9.452908587257759232e-05
1.890581717451534499e-04
-3.150969529086035392e-05
3.150969529086035392e-05
1.260387811634344768e-04
-6.301939058171723840e-05
6.301939058171723840e-05
1.575484764542930960e-04
3.150969529085688448e-05
6.301939058172070784e-05
6.301939058171723840e-05
-3.150969529086035392e-05
1.260387811634362115e-04
3.150969529085688448e-05
1.575484764542948307e-04
3.150969529085861920e-05
3.150969529085861920e-05
-3.150969529085861920e-05
1.260387811634344768e-04
6.301939058171723840e-05
1.260387811634362115e-04
3.150969529085688448e-05
-6.301939058171550367e-05
9.452908587257585760e-05
1.890581717451517152e-04
-6.301939058171723840e-05
-6.301939058171723840e-05
6.301939058171723840e-05
3.150969529085861920e-05
6.301939058171723840e-05
-6.301939058171723840e-05
-3.150969529085861920e-05
-1.575484764542948307e-04
-1.575484764542930960e-04
-1.575484764542930960e-04
-2.205678670360120691e-04
3.150969529086035392e-05
1.260387811634344768e-04
-9.452908587257759232e-05
-2.205678670360103344e-04
3.150969529086035392e-05
0.000000000000000000e+00
1.575484764542930960e-04
0.000000000000000000e+00
3.150969529085688448e-05
-9.452908587257412287e-05
1.260387811634344768e-04
-1.260387811634344768e-04
-3.150969529086035392e-05
-3.150969529085861920e-05
6.301939058171897312e-05
-6.301939058171897312e-05
9.452908587257585760e-05
0.000000000000000000e+00
3.150969529086035392e-05
-3.150969529086035392e-05
2.520775623268706883e-04
-6.301939058171723840e-05
-3.150969529085861920e-05
-6.301939058171723840e-05
