0.000000000000000000e+00
5.041551246537397503e-04
-2.520775623268698752e-04
-5.041551246537397503e-04
7.562326869806096797e-04
0.000000000000000000e+00
-1.512465373961219359e-03
1.260387811634349322e-03
-5.041551246537397503e-04
-5.041551246537396419e-04
7.562326869806094629e-04
0.000000000000000000e+00
7.562326869806094629e-04
5.041551246537398587e-04
2.520775623268696041e-04
2.520775623268700378e-04
2.520775623268700378e-04
0.000000000000000000e+00
5.041551246537396419e-04
0.000000000000000000e+00
-2.520775623268702546e-04
0.000000000000000000e+00
0.000000000000000000e+00
-2.520775623268693873e-04
-5.041551246537400756e-04
-1.260387811634349105e-03
-1.008310249307479284e-03
-1.008310249307479501e-03
-2.016620498614958568e-03
5.041551246537400756e-04
-1.260387811634349105e-03
2.520775623268698210e-04
-2.520775623268698210e-04
0.000000000000000000e+00
2.520775623268698210e-04
2.520775623268689536e-04
-5.041551246537387745e-04
1.008310249307478850e-03
0.000000000000000000e+00
2.520775623268702546e-04
5.041551246537392082e-04
5.041551246537400756e-04
-2.520775623268702546e-04
2.520775623268702546e-04
-2.520775623268702546e-04
-1.764542936288088313e-03
-5.041551246537396419e-04
-2.520775623268706883e-04
-7.562326869806085955e-04
-5.041551246537405093e-04
-1.764542936288089614e-03
-2.016620498614958568e-03
-2.520775623268689536e-04
-1.260387811634348237e-03
0.000000000000000000e+00
-1.008310249307481019e-03
7.562326869806103302e-04
-5.041551246537396419e-04
1.764542936288089614e-03
-1.512465373961218926e-03
2.520775623268689536e-04
-1.260387811634348237e-03
7.562326869806085955e-04
-1.764542936288089614e-03
7.562326869806103302e-04
2.520775623268706883e-04
2.520775623268698210e-03
-5.041551246537413766e-04
1.260387811634349972e-03
-1.008310249307479284e-03
1.008310249307479284e-03
-7.562326869806085955e-04
1.512465373961218926e-03
-2.520775623268706883e-04
2.016620498614959435e-03
-2.520775623268706883e-04
7.562326869806094629e-04
-1.008310249307479284e-03
2.520775623268699077e-03
5.041551246537396419e-04
1.260387811634348671e-03
2.520775623268702546e-04
-2.520775623268702546e-04
5.041551246537400756e-04
5.041551246537392082e-04
-7.562326869806090292e-04
-5.041551246537400756e-04
-1.008310249307478850e-03
7.562326869806085955e-04
-2.520775623268689536e-04
2.520775623268689536e-04
1.008310249307480151e-03
-5.041551246537400756e-04
2.520775623268702546e-04
0.000000000000000000e+00
-2.520775623268702546e-04
7.562326869806094629e-04
-7.562326869806094629e-04
0.000000000000000000e+00
-7.562326869806090292e-04
1.260387811634349105e-03
-5.041551246537400756e-04
2.520775623268702546e-04
-2.520775623268702546e-04
1.512465373961218926e-03
-7.562326869806094629e-04
1.512465373961219143e-03
0.000000000000000000e+00
1.008310249307479501e-03
5.041551246537397503e-04
1.512465373961219143e-03
-2.268698060941828822e-03
1.008310249307479501e-03
-2.520775623268698752e-04
1.260387811634349105e-03
-7.562326869806094629e-04
1.008310249307479501e-03
-1.008310249307479501e-03
-5.041551246537396419e-04
2.520775623268698752e-04
1.008310249307479284e-03
-1.008310249307479284e-03
5.041551246537397503e-04
-1.260387811634349322e-03
0.000000000000000000e+00
-1.512465373961219143e-03
0.000000000000000000e+00
-5.041551246537394251e-04
5.041551246537394251e-04
1.764542936288088964e-03
0.000000000000000000e+00
7.562326869806094629e-04
7.562326869806094629e-04
-7.562326869806094629e-04
1.260387811634349538e-03
1.512465373961218926e-03
-5.041551246537400756e-04
7.562326869806098965e-04
0.000000000000000000e+00
1.260387811634349538e-03
-7.562326869806103302e-04
1.008310249307479284e-03
-7.562326869806094629e-04
-2.520775623268698210e-04
2.520775623268698210e-04
7.562326869806094629e-04
2.520775623268706883e-04
1.260387811634349105e-03
-5.041551246537396419e-04
1.260387811634349105e-03
1.260387811634349105e-03
-7.562326869806085955e-04
1.764542936288087879e-03
0.000000000000000000e+00
1.260387811634349972e-03
-2.520775623268706883e-04
1.008310249307479284e-03
-2.520775623268706883e-04
7.562326869806103302e-04
-7.562326869806103302e-04
7.562326869806103302e-04
5.041551246537413766e-04
5.041551246537379072e-04
-5.041551246537379072e-04
1.260387811634348237e-03
-1.512465373961218926e-03
5.041551246537379072e-04
0.000000000000000000e+00
7.562326869806103302e-04
1.764542936288089614e-03
5.041551246537413766e-04
-1.008310249307481019e-03
0.000000000000000000e+00
-2.016620498614960302e-03
-5.041551246537379072e-04
-2.268698060941829256e-03
1.008310249307479284e-03
1.008310249307479284e-03
0.000000000000000000e+00
-2.268698060941827521e-03
2.520775623268689536e-04
-5.041551246537396419e-04
1.260387811634349972e-03
-2.520775623268706883e-04
5.041551246537396419e-04
-5.041551246537396419e-04
-2.520775623268706883e-04
-5.041551246537379072e-04
-1.260387811634349972e-03
2.520775623268689536e-04
-7.562326869806085955e-04
0.000000000000000000e+00
-7.562326869806094629e-04
-2.520775623268706883e-04
-2.520775623268689536e-04
-2.520775623268698210e-04
0.000000000000000000e+00
-5.041551246537396419e-04
-2.520775623268706883e-04
0.000000000000000000e+00
