6.301939058171746879e-05
6.301939058171746879e-05
-6.301939058171746879e-05
-1.260387811634349376e-04
1.890581717451524199e-04
-2.520775623268698752e-04
-6.301939058171742813e-05
1.260387811634349105e-04
0.000000000000000000e+00
-1.260387811634349105e-04
-6.301939058171750945e-05
6.301939058171750945e-05
3.150969529085872762e-04
1.260387811634349376e-04
6.301939058171745524e-05
1.260387811634349105e-04
0.000000000000000000e+00
6.301939058171750945e-05
6.301939058171734682e-05
6.301939058171756366e-05
1.890581717451522573e-04
3.150969529085872762e-04
-6.301939058171745524e-05
-6.301939058171723840e-05
6.301939058171723840e-05
-1.890581717451522573e-04
-3.781163434903047314e-04
-6.301939058171750945e-05
-5.671745152354572056e-04
3.150969529085872762e-04
-5.671745152354570971e-04
1.890581717451523657e-04
-1.890581717451523657e-04
1.890581717451523657e-04
-3.781163434903047314e-04
3.150969529085872220e-04
-2.520775623268698752e-04
2.520775623268698752e-04
-3.150969529085872220e-04
1.890581717451523657e-04
-2.520775623268699294e-04
6.301939058171756366e-05
-1.260387811634350189e-04
1.890581717451523657e-04
-3.150969529085871678e-04
6.301939058171745524e-05
0.000000000000000000e+00
6.301939058171734682e-05
-1.890581717451523657e-04
-6.932132963988921160e-04
6.301939058171767208e-05
-2.520775623268700378e-04
-1.260387811634349105e-04
-6.301939058171745524e-05
1.890581717451523657e-04
-3.150969529085872762e-04
5.671745152354573140e-04
-1.260387811634349105e-04
5.041551246537396419e-04
-3.781163434903047314e-04
6.301939058171744440e-04
0.000000000000000000e+00
1.260387811634350189e-04
-6.301939058171745524e-05
6.301939058171745524e-04
1.260387811634349105e-04
1.890581717451524199e-04
1.260387811634349376e-04
3.150969529085872220e-04
1.260387811634350189e-04
6.301939058171734682e-05
3.781163434903047314e-04
1.260387811634351273e-04
6.301939058171723840e-05
1.260387811634349105e-04
1.260387811634351273e-04
1.890581717451523657e-04
1.260387811634349105e-04
1.890581717451523657e-04
5.041551246537396419e-04
-6.301939058171723840e-05
2.520775623268698210e-04
-1.890581717451525826e-04
6.301939058171723840e-05
-2.520775623268698210e-04
6.301939058171767208e-05
-3.781163434903047314e-04
-1.260387811634349105e-04
1.260387811634349105e-04
-6.301939058171723840e-05
-2.520775623268700378e-04
5.671745152354570971e-04
6.301939058171723840e-05
3.150969529085874930e-04
0.000000000000000000e+00
1.890581717451521489e-04
0.000000000000000000e+00
1.260387811634349105e-04
1.260387811634353442e-04
-2.520775623268702546e-04
1.890581717451525826e-04
2.520775623268698210e-04
-1.260387811634344768e-04
3.781163434903042977e-04
6.301939058171723840e-05
0.000000000000000000e+00
1.260387811634353442e-04
6.301939058171767208e-05
1.260387811634344768e-04
1.890581717451525826e-04
1.260387811634344768e-04
0.000000000000000000e+00
0.000000000000000000e+00
1.260387811634353442e-04
1.890581717451525826e-04
-1.890581717451525826e-04
0.000000000000000000e+00
6.301939058171723840e-05
-1.260387811634344768e-04
1.890581717451517152e-04
1.260387811634353442e-04
-1.260387811634353442e-04
-1.260387811634344768e-04
0.000000000000000000e+00
-1.260387811634353442e-04
-1.890581717451525826e-04
-6.301939058171637104e-05
3.150969529085870593e-04
1.260387811634344768e-04
1.890581717451525826e-04
-2.520775623268698210e-04
3.781163434903042977e-04
-3.150969529085870593e-04
3.150969529085870593e-04
-2.520775623268698210e-04
4.411357340720232709e-04
-3.781163434903051651e-04
2.520775623268698210e-04
-6.301939058171810576e-05
2.520775623268706883e-04
0.000000000000000000e+00
3.150969529085870593e-04
-2.520775623268706883e-04
6.301939058171810576e-05
2.520775623268698210e-04
-2.520775623268698210e-04
1.260387811634344768e-04
1.890581717451525826e-04
0.000000000000000000e+00
1.890581717451525826e-04
3.150969529085870593e-04
2.520775623268706883e-04
6.301939058171723840e-05
6.301939058171723840e-05
-1.890581717451525826e-04
0.000000000000000000e+00
-6.301939058171723840e-05
2.520775623268698210e-04
0.000000000000000000e+00
1.890581717451517152e-04
1.260387811634353442e-04
4.411357340720215361e-04
-3.781163434903042977e-04
1.260387811634353442e-04
2.520775623268689536e-04
1.260387811634353442e-04
-4.411357340720215361e-04
0.000000000000000000e+00
6.301939058171723840e-05
3.781163434903042977e-04
-3.150969529085870593e-04
0.000000000000000000e+00
-5.041551246537387745e-04
-1.260387811634353442e-04
-5.671745152354568803e-04
-2.520775623268706883e-04
-3.150969529085870593e-04
2.520775623268698210e-04
-4.411357340720215361e-04
-3.150969529085879267e-04
-4.411357340720224035e-04
0.000000000000000000e+00
-1.260387811634353442e-04
-6.301939058171637104e-05
-1.890581717451525826e-04
6.301939058171723840e-05
-2.520775623268702546e-04
0.000000000000000000e+00
-3.150969529085870593e-04
4.411357340720224035e-04
-1.260387811634353442e-04
-1.260387811634344768e-04
6.301939058171723840e-05
-6.301939058171723840e-05
6.301939058171723840e-05
0.000000000000000000e+00
1.890581717451525826e-04
-1.260387811634353442e-04
-2.520775623268693873e-04
6.301939058171723840e-05
