6.301939058171746879e-05
1.260387811634349647e-04
6.301939058171745524e-05
-2.520775623268698752e-04
4.726454293628810227e-04
-2.520775623268699294e-04
-6.301939058171745524e-04
7.562326869806094629e-04
-2.520775623268698210e-04
-2.520775623268698210e-04
3.466066481994461664e-04
9.452908587257612865e-05
4.096260387811634590e-04
5.041551246537395335e-04
4.096260387811633506e-04
4.096260387811635675e-04
2.520775623268702546e-04
2.520775623268698210e-04
2.835872576177284402e-04
3.466066481994456785e-04
3.150969529085879267e-04
5.671745152354564466e-04
2.205678670360112018e-04
-3.150969529085861920e-05
3.150969529085861920e-05
-4.096260387811633506e-04
-2.835872576177280065e-04
-3.150969529085905288e-05
-6.301939058171745524e-04
4.726454293628810227e-04
-1.260387811634349972e-03
6.617036011080340389e-04
-2.835872576177288738e-04
1.575484764542930960e-04
-1.890581717451521489e-04
3.781163434903051651e-04
-9.452908587257629128e-05
2.520775623268702546e-04
-6.301939058171767208e-05
2.520775623268698210e-04
4.411357340720219698e-04
1.890581717451525826e-04
6.617036011080331716e-04
4.726454293628810227e-04
-1.260387811634353442e-04
-1.260387811634344768e-04
8.192520775623275686e-04
-3.150969529085861920e-05
-2.835872576177293075e-04
-1.575484764542930960e-04
-1.575484764542939634e-04
-3.466066481994456785e-04
-9.452908587257672496e-05
-6.301939058171810576e-05
-1.575484764542922286e-04
-1.890581717451534499e-04
6.301939058171758534e-04
-6.301939058171723840e-05
5.671745152354551456e-04
-5.986842105263154995e-04
4.411357340720241382e-04
3.466066481994448112e-04
1.575484764542930960e-04
3.150969529085948656e-05
8.822714681440430723e-04
1.260387811634353442e-04
6.301939058171758534e-04
1.575484764542930960e-04
7.562326869806085955e-04
3.150969529085896614e-04
3.150969529085861920e-04
7.247229916897499763e-04
6.932132963988913571e-04
4.096260387811637843e-04
7.247229916897517110e-04
2.205678670360120691e-04
5.986842105263137648e-04
-1.260387811634344768e-04
8.822714681440430723e-04
8.192520775623275686e-04
1.260387811634344768e-04
6.932132963988930918e-04
-2.205678670360103344e-04
4.411357340720206688e-04
2.205678670360103344e-04
-2.520775623268654841e-04
-2.520775623268706883e-04
-3.781163434903068998e-04
1.134349030470913761e-03
1.575484764542948307e-04
6.617036011080327379e-04
1.260387811634344768e-04
4.411357340720206688e-04
3.466066481994482806e-04
9.452908587257655149e-04
6.301939058171376895e-05
9.137811634349034262e-04
-2.835872576177275728e-04
6.301939058171758534e-04
-4.096260387811655190e-04
7.247229916897482416e-04
9.452908587257585760e-05
7.247229916897551805e-04
2.835872576177275728e-04
1.008310249307479284e-03
-6.301939058171758534e-04
8.822714681440448070e-04
-3.781163434903068998e-04
9.452908587257655149e-04
9.452908587257585760e-05
1.134349030470913761e-03
-3.781163434903034304e-04
9.768005540166206646e-04
1.260387811634344768e-04
1.323407202216065476e-03
-4.411357340720206688e-04
7.562326869806103302e-04
-3.150969529085514975e-05
5.356648199445930569e-04
1.575484764542930960e-04
1.071329639889196522e-03
-2.835872576177275728e-04
6.932132963988896224e-04
-7.877423822714654800e-04
5.356648199445965264e-04
-4.096260387811620496e-04
3.466066481994448112e-04
4.096260387811655190e-04
1.008310249307479284e-03
2.520775623268689536e-04
4.096260387811620496e-04
8.192520775623275686e-04
2.520775623268724230e-04
6.301939058171723840e-04
1.890581717451517152e-04
9.137811634349068957e-04
-2.520775623268689536e-04
5.041551246537379072e-04
5.356648199445965264e-04
3.781163434903034304e-04
5.041551246537379072e-04
4.411357340720276077e-04
3.150969529085168030e-05
-1.890581717451447763e-04
8.192520775623240992e-04
-4.411357340720206688e-04
1.575484764542930960e-04
3.150969529085861920e-04
-6.301939058171723840e-05
2.835872576177275728e-04
4.411357340720276077e-04
3.150969529085168030e-05
7.562326869806137997e-04
3.781163434902964915e-04
4.411357340720276077e-04
1.890581717451517152e-04
-3.150969529085861920e-05
3.150969529085861920e-05
4.096260387811620496e-04
3.466066481994517501e-04
5.041551246537379072e-04
3.150969529085931309e-04
-6.301939058172417729e-05
4.726454293628792880e-04
1.039819944598341372e-03
-2.835872576177275728e-04
-6.301939058171723840e-05
9.452908587257585760e-05
-6.301939058171723840e-05
6.617036011080310032e-04
-3.466066481994448112e-04
-1.260387811634414157e-04
-7.877423822714654800e-04
-8.192520775623240992e-04
-5.356648199446034653e-04
-1.102839335180051672e-03
3.150969529085861920e-05
8.822714681440413376e-04
-6.617036011080310032e-04
-1.008310249307475814e-03
-3.466066481994448112e-04
-3.150969529085861920e-05
5.986842105263137648e-04
-1.260387811634344768e-04
0.000000000000000000e+00
-2.520775623268689536e-04
4.726454293628792880e-04
-4.096260387811620496e-04
6.301939058171723840e-05
1.890581717451517152e-04
2.835872576177275728e-04
3.150969529085861920e-05
3.150969529085861920e-05
5.356648199445965264e-04
3.150969529085861920e-04
-6.301939058171723840e-05
4.411357340720276077e-04
-1.890581717451517152e-04
6.301939058171029950e-05
-3.466066481994448112e-04
