1.575484764542936720e-05
1.575484764542936720e-05
1.575484764542935703e-05
3.150969529085874117e-05
9.452908587257619641e-05
7.089681440443213714e-05
5.514196675900274623e-05
1.181613573407202557e-04
8.665166204986158227e-05
7.877423822714676484e-05
3.938711911357349084e-05
5.514196675900269202e-05
5.514196675900269202e-05
4.726454293628825406e-05
4.726454293628803722e-05
6.301939058171734682e-05
4.726454293628825406e-05
5.514196675900269202e-05
4.726454293628814564e-05
6.301939058171745524e-05
6.301939058171745524e-05
9.452908587257629128e-05
7.089681440443189320e-05
7.877423822714698168e-05
6.301939058171745524e-05
3.150969529085861920e-05
5.514196675900301728e-05
6.301939058171723840e-05
1.575484764542930960e-05
8.665166204986163648e-05
-2.363227146814396440e-05
9.452908587257607444e-05
7.089681440443211004e-05
9.452908587257629128e-05
5.514196675900301728e-05
1.102839335180051672e-04
4.726454293628836248e-05
8.665166204986120280e-05
7.877423822714698168e-05
7.877423822714698168e-05
1.102839335180051672e-04
8.665166204986163648e-05
1.102839335180056009e-04
1.417936288088646538e-04
7.089681440443189320e-05
1.102839335180051672e-04
1.181613573407206894e-04
1.181613573407202557e-04
9.452908587257629128e-05
7.089681440443189320e-05
4.726454293628836248e-05
3.150969529085861920e-05
7.877423822714654800e-05
6.301939058171767208e-05
6.301939058171723840e-05
8.665166204986163648e-05
8.665166204986163648e-05
1.024065096952905124e-04
8.665166204986120280e-05
6.301939058171810576e-05
7.089681440443189320e-05
9.452908587257585760e-05
7.877423822714741536e-05
7.089681440443189320e-05
7.089681440443276056e-05
7.877423822714654800e-05
5.514196675900258360e-05
6.301939058171723840e-05
7.877423822714654800e-05
7.089681440443276056e-05
7.877423822714654800e-05
9.452908587257585760e-05
7.877423822714741536e-05
1.181613573407198220e-04
5.514196675900345096e-05
7.877423822714654800e-05
5.514196675900258360e-05
6.301939058171810576e-05
7.877423822714568064e-05
7.877423822714741536e-05
8.665166204986120280e-05
8.665166204986207016e-05
3.938711911357327400e-05
7.089681440443189320e-05
5.514196675900345096e-05
1.575484764542844224e-05
4.726454293628879616e-05
0.000000000000000000e+00
7.089681440443189320e-05
0.000000000000000000e+00
6.301939058171723840e-05
4.726454293628792880e-05
2.363227146814396440e-05
8.665166204986207016e-05
7.089681440443189320e-05
4.726454293628792880e-05
6.301939058171723840e-05
0.000000000000000000e+00
1.102839335180069019e-04
-7.877423822715522161e-06
9.452908587257585760e-05
9.452908587257672496e-05
6.301939058171723840e-05
7.089681440443189320e-05
7.877423822714654800e-05
6.301939058171810576e-05
7.089681440443189320e-05
3.150969529085861920e-05
8.665166204986207016e-05
2.363227146814396440e-05
8.665166204986120280e-05
4.726454293628879616e-05
6.301939058171723840e-05
8.665166204986120280e-05
1.181613573407206894e-04
6.301939058171723840e-05
5.514196675900258360e-05
4.726454293628792880e-05
4.726454293628792880e-05
3.938711911357327400e-05
6.301939058171723840e-05
5.514196675900431832e-05
6.301939058171550367e-05
-1.575484764542757488e-05
5.514196675900258360e-05
7.877423822714654800e-06
5.514196675900084887e-05
4.726454293628966352e-05
7.089681440443189320e-05
3.938711911357327400e-05
7.089681440443362792e-05
7.089681440443189320e-05
4.726454293628619407e-05
5.514196675900431832e-05
7.877423822714654800e-05
8.665166204986120280e-05
6.301939058171723840e-05
1.024065096952905124e-04
5.514196675900258360e-05
6.301939058171723840e-05
5.514196675900431832e-05
6.301939058171723840e-05
6.301939058171723840e-05
3.938711911357327400e-05
7.877423822714654800e-05
3.150969529085861920e-05
9.452908587257585760e-05
7.089681440443189320e-05
4.726454293628966352e-05
5.514196675900258360e-05
9.452908587257585760e-05
3.150969529085861920e-05
7.089681440443189320e-05
6.301939058171723840e-05
6.301939058171897312e-05
2.363227146814396440e-05
4.726454293628619407e-05
3.150969529086035392e-05
5.514196675900084887e-05
3.938711911357327400e-05
7.089681440443362792e-05
5.514196675900258360e-05
5.514196675900431832e-05
4.726454293628619407e-05
1.024065096952905124e-04
-7.877423822712920076e-06
7.877423822712920076e-06
5.514196675900431832e-05
7.877423822712920076e-06
2.363227146814396440e-05
1.575484764542930960e-05
-7.877423822712920076e-06
1.575484764542930960e-05
-7.877423822716389523e-06
-7.877423822712920076e-06
-7.877423822716389523e-06
1.575484764542930960e-05
7.089681440443362792e-05
-7.877423822716389523e-06
-3.938711911357327400e-05
0.000000000000000000e+00
3.150969529086035392e-05
4.726454293628619407e-05
2.363227146814569912e-05
3.938711911357500872e-05
7.877423822712920076e-06
3.938711911357327400e-05
7.877423822714654800e-06
3.938711911357327400e-05
5.514196675900258360e-05
1.575484764542930960e-05
6.301939058171723840e-05
3.938711911357327400e-05
3.150969529086035392e-05
3.938711911357327400e-05
3.150969529085688448e-05
3.938711911357500872e-05
3.150969529085861920e-05
3.150969529085688448e-05
3.938711911357500872e-05
