1.260387811634349376e-04
1.260387811634349376e-04
-1.260387811634349376e-04
-1.260387811634349376e-04
2.520775623268698752e-04
-2.520775623268698752e-04
-7.562326869806094629e-04
6.301939058171745524e-04
-3.781163434903048398e-04
-1.260387811634349105e-04
1.260387811634349105e-04
2.520775623268698752e-04
3.781163434903048398e-04
1.260387811634349376e-04
2.520775623268698752e-04
2.520775623268697125e-04
0.000000000000000000e+00
1.260387811634350189e-04
1.260387811634350189e-04
1.260387811634346936e-04
0.000000000000000000e+00
1.260387811634351273e-04
3.781163434903045146e-04
-3.781163434903045146e-04
-3.781163434903048398e-04
-1.260387811634350189e-04
0.000000000000000000e+00
3.781163434903047314e-04
-7.562326869806094629e-04
5.041551246537397503e-04
-1.134349030470914411e-03
3.781163434903048398e-04
-2.520775623268698752e-04
0.000000000000000000e+00
-5.041551246537397503e-04
2.520775623268699294e-04
1.260387811634348563e-04
2.520775623268698752e-04
0.000000000000000000e+00
-1.260387811634349376e-04
2.520775623268698752e-04
-3.781163434903048398e-04
0.000000000000000000e+00
0.000000000000000000e+00
-5.041551246537396419e-04
-3.781163434903047314e-04
2.520775623268697125e-04
-2.520775623268697125e-04
-7.562326869806096797e-04
-7.562326869806092460e-04
-8.822714681440448070e-04
-6.301939058171745524e-04
-2.520775623268698210e-04
-2.520775623268698210e-04
-3.781163434903051651e-04
-3.781163434903042977e-04
-1.260387811634353442e-04
0.000000000000000000e+00
-1.260387811634344768e-04
-5.041551246537396419e-04
-2.520775623268706883e-04
3.781163434903060325e-04
0.000000000000000000e+00
-1.260387811634353442e-04
1.260387811634353442e-04
3.781163434903042977e-04
1.260387811634344768e-04
2.520775623268706883e-04
8.822714681440439397e-04
7.562326869806098965e-04
1.260387811634344768e-04
1.260387811634349538e-03
2.520775623268693873e-04
1.008310249307479501e-03
5.041551246537397503e-04
1.008310249307479501e-03
5.041551246537397503e-04
6.301939058171743355e-04
2.520775623268700378e-04
1.134349030470913977e-03
-1.260387811634349105e-04
1.008310249307479717e-03
-1.260387811634349105e-04
5.041551246537392082e-04
-1.260387811634344768e-04
2.520775623268698210e-04
-2.520775623268698210e-04
-2.520775623268698210e-04
5.041551246537396419e-04
2.520775623268698210e-04
0.000000000000000000e+00
1.260387811634344768e-04
3.781163434903051651e-04
6.301939058171741187e-04
2.520775623268698210e-04
2.520775623268706883e-04
8.822714681440439397e-04
-1.008310249307479284e-03
5.041551246537396419e-04
-2.520775623268689536e-04
3.781163434903042977e-04
0.000000000000000000e+00
7.562326869806094629e-04
2.520775623268698210e-04
6.301939058171741187e-04
-2.520775623268706883e-04
1.134349030470915495e-03
-3.781163434903051651e-04
6.301939058171741187e-04
3.781163434903068998e-04
8.822714681440430723e-04
6.301939058171758534e-04
5.041551246537379072e-04
6.301939058171758534e-04
1.512465373961218926e-03
3.781163434903034304e-04
5.041551246537413766e-04
2.520775623268689536e-04
1.260387811634362115e-04
1.260387811634344768e-04
1.008310249307479284e-03
1.260387811634344768e-04
5.041551246537379072e-04
-2.520775623268689536e-04
5.041551246537413766e-04
3.781163434903034304e-04
0.000000000000000000e+00
7.562326869806103302e-04
2.520775623268689536e-04
7.562326869806103302e-04
5.041551246537413766e-04
6.301939058171723840e-04
1.260387811634344768e-04
7.562326869806103302e-04
2.520775623268689536e-04
1.386426592797782714e-03
-6.301939058171723840e-04
6.301939058171723840e-04
-3.781163434902999609e-04
2.520775623268689536e-04
2.520775623268654841e-04
5.041551246537413766e-04
-2.520775623268689536e-04
7.562326869806103302e-04
7.562326869806103302e-04
-3.781163434903068998e-04
0.000000000000000000e+00
6.301939058171758534e-04
2.520775623268654841e-04
-2.520775623268654841e-04
3.781163434903068998e-04
-3.781163434903068998e-04
5.041551246537413766e-04
0.000000000000000000e+00
1.260387811634310073e-04
1.260387811634344768e-04
0.000000000000000000e+00
-3.781163434902999609e-04
1.260387811634344768e-04
-2.520775623268758925e-04
1.260387811634414157e-04
-1.260387811634414157e-04
0.000000000000000000e+00
0.000000000000000000e+00
8.822714681440482765e-04
-8.822714681440482765e-04
3.781163434903068998e-04
-2.520775623268654841e-04
0.000000000000000000e+00
1.260387811634344768e-04
1.260387811634310073e-04
-3.781163434903068998e-04
-2.520775623268654841e-04
-8.822714681440448070e-04
-2.520775623268724230e-04
-1.008310249307479284e-03
-1.260387811634310073e-04
3.781163434902999609e-04
-6.301939058171689145e-04
-1.260387811634351707e-03
-5.041551246537413766e-04
-2.520775623268689536e-04
1.260387811634344768e-04
-7.562326869806068608e-04
-1.260387811634344768e-04
-2.520775623268724230e-04
5.041551246537413766e-04
-5.041551246537413766e-04
-1.260387811634344768e-04
-2.520775623268689536e-04
3.781163434903034304e-04
-2.520775623268689536e-04
1.260387811634344768e-04
-3.781163434903068998e-04
2.520775623268724230e-04
-6.301939058171758534e-04
2.520775623268689536e-04
-1.008310249307479284e-03
-2.520775623268689536e-04
-3.781163434903068998e-04
