6.301939058171746879e-05
6.301939058171746879e-05
0.000000000000000000e+00
-1.260387811634349376e-04
1.260387811634349376e-04
-2.520775623268698752e-04
-4.411357340720221867e-04
2.520775623268697667e-04
-1.260387811634349105e-04
-1.890581717451524199e-04
2.520775623268699294e-04
0.000000000000000000e+00
6.301939058171740103e-05
6.301939058171745524e-05
0.000000000000000000e+00
1.260387811634349376e-04
1.260387811634349376e-04
1.260387811634349376e-04
1.260387811634349376e-04
0.000000000000000000e+00
3.150969529085872220e-04
1.890581717451523657e-04
-6.301939058171734682e-05
6.301939058171734682e-05
-3.781163434903047314e-04
-3.150969529085872762e-04
-1.260387811634349376e-04
1.260387811634349376e-04
-2.520775623268698210e-04
1.890581717451523657e-04
-4.411357340720222409e-04
1.890581717451523657e-04
-1.890581717451523657e-04
-1.260387811634348563e-04
-1.260387811634350189e-04
6.301939058171745524e-05
-1.260387811634348021e-04
1.260387811634348021e-04
6.301939058171756366e-05
6.301939058171734682e-05
0.000000000000000000e+00
-6.301939058171734682e-05
-6.301939058171756366e-05
2.520775623268699294e-04
-2.520775623268699294e-04
-2.520775623268698210e-04
2.520775623268698210e-04
-3.150969529085872762e-04
-3.781163434903046230e-04
-3.150969529085872762e-04
-1.260387811634351273e-04
-2.520775623268700378e-04
-6.301939058171723840e-05
-1.260387811634349105e-04
-2.520775623268698210e-04
-1.260387811634349105e-04
-1.260387811634349105e-04
6.301939058171767208e-05
6.301939058171723840e-05
-4.411357340720219698e-04
6.301939058171723840e-05
0.000000000000000000e+00
-1.260387811634349105e-04
-6.301939058171767208e-05
1.890581717451525826e-04
-6.301939058171723840e-05
0.000000000000000000e+00
0.000000000000000000e+00
2.520775623268693873e-04
6.301939058171767208e-05
1.890581717451521489e-04
1.890581717451525826e-04
1.260387811634349105e-04
-1.260387811634349105e-04
2.520775623268698210e-04
-3.150969529085870593e-04
1.260387811634349105e-04
0.000000000000000000e+00
1.260387811634349105e-04
4.411357340720219698e-04
-1.890581717451523657e-04
1.260387811634349105e-04
-2.520775623268700378e-04
6.301939058171767208e-05
1.890581717451523657e-04
-3.150969529085872762e-04
0.000000000000000000e+00
1.260387811634349105e-04
1.260387811634351273e-04
3.150969529085872762e-04
6.301939058171745524e-05
6.301939058171723840e-05
1.890581717451525826e-04
1.890581717451521489e-04
1.260387811634350189e-04
6.301939058171756366e-05
0.000000000000000000e+00
1.260387811634348021e-04
0.000000000000000000e+00
-2.520775623268698210e-04
2.520775623268698210e-04
3.150969529085873846e-04
0.000000000000000000e+00
3.150969529085872762e-04
1.260387811634349376e-04
-1.890581717451524199e-04
2.520775623268698752e-04
-6.301939058171746879e-05
-6.301939058171746879e-05
1.260387811634349376e-04
-1.260387811634349376e-04
-1.890581717451523657e-04
0.000000000000000000e+00
1.890581717451523657e-04
3.150969529085873304e-04
-1.890581717451523928e-04
6.301939058171742813e-05
0.000000000000000000e+00
2.520775623268698752e-04
1.890581717451524199e-04
2.520775623268698210e-04
-6.301939058171756366e-05
3.781163434903047314e-04
-4.411357340720221867e-04
3.781163434903047314e-04
-6.301939058171745524e-05
2.520775623268698210e-04
6.301939058171767208e-05
3.781163434903047314e-04
-1.260387811634351273e-04
6.301939058171767208e-05
1.890581717451523657e-04
1.890581717451523657e-04
-6.301939058171723840e-05
1.260387811634344768e-04
-6.301939058171723840e-05
0.000000000000000000e+00
-1.260387811634349105e-04
-6.301939058171745524e-05
6.301939058171745524e-05
1.260387811634349105e-04
6.301939058171723840e-05
-6.301939058171723840e-05
-3.150969529085872762e-04
4.411357340720221867e-04
-6.301939058171745524e-04
2.520775623268696041e-04
-1.260387811634346936e-04
1.890581717451523657e-04
1.260387811634351273e-04
1.260387811634344768e-04
-1.260387811634344768e-04
1.890581717451521489e-04
-1.260387811634349105e-04
1.890581717451521489e-04
0.000000000000000000e+00
1.890581717451525826e-04
6.301939058171767208e-05
1.260387811634344768e-04
-1.260387811634344768e-04
1.260387811634344768e-04
6.301939058171767208e-05
-6.301939058171767208e-05
3.150969529085874930e-04
5.041551246537396419e-04
-1.260387811634349105e-04
2.520775623268698210e-04
-6.301939058171723840e-05
3.150969529085874930e-04
5.041551246537396419e-04
0.000000000000000000e+00
6.301939058171723840e-05
-1.890581717451525826e-04
-1.890581717451517152e-04
-2.520775623268702546e-04
-3.781163434903047314e-04
0.000000000000000000e+00
1.260387811634349105e-04
-1.890581717451525826e-04
-5.041551246537396419e-04
-6.301939058171723840e-05
0.000000000000000000e+00
0.000000000000000000e+00
0.000000000000000000e+00
-3.150969529085874930e-04
-6.301939058171767208e-05
-1.890581717451521489e-04
1.260387811634349105e-04
-3.781163434903047314e-04
3.150969529085870593e-04
6.301939058171767208e-05
2.520775623268698210e-04
-1.890581717451525826e-04
1.260387811634353442e-04
-1.260387811634353442e-04
2.520775623268698210e-04
6.301939058171767208e-05
-2.520775623268698210e-04
-1.890581717451525826e-04
-1.890581717451521489e-04
