5.964135561953298748e-05
9.193126606987789273e-05
9.421055437996983528e-05
1.063667587004601955e-04
1.230815250892192125e-04
8.053486817516386509e-05
1.409359392710030079e-04
5.356327164918184280e-05
1.348578371107578278e-04
1.375169958919286728e-04
1.276400871574878693e-04
1.306792255491018295e-04
1.485334942117333412e-04
1.549916341900825500e-04
1.371371326968073845e-04
1.439750194549560547e-04
1.447347458451986313e-04
1.770246308296918869e-04
1.561311073601245880e-04
1.736057456582784653e-04
1.344780903309583664e-04
1.603099517524242401e-04
1.815832220017910004e-04
1.515725161880254745e-04
1.090259756892919540e-04
1.690471544861793518e-04
1.907004043459892273e-04
1.420755870640277863e-04
1.960189547389745712e-04
1.907004043459892273e-04
1.831026747822761536e-04
2.024765126407146454e-04
1.728460192680358887e-04
1.762649044394493103e-04
1.736059784889221191e-04
1.739854924380779266e-04
1.857620663940906525e-04
1.724660396575927734e-04
1.967782154679298401e-04
9.117182344198226929e-05
1.872815191745758057e-04
1.865215599536895752e-04
1.895609311759471893e-04
1.728455536067485809e-04
2.070353366434574127e-04
1.542321406304836273e-04
1.872810535132884979e-04
1.944992691278457642e-04
1.701870933175086975e-04
1.644883304834365845e-04
1.850025728344917297e-04
1.652482897043228149e-04
2.161525189876556396e-04
1.979181542992591858e-04
2.127336338162422180e-04
1.485329121351242065e-04
1.325784251093864441e-04
1.424560323357582092e-04
1.732259988784790039e-04
2.036159858107566833e-04
1.124450936913490295e-04
1.948792487382888794e-04
1.705661416053771973e-04
1.941192895174026489e-04
2.138735726475715637e-04
2.028560265898704529e-04
2.062758430838584900e-04
2.203313633799552917e-04
1.952592283487319946e-04
1.185229048132896423e-04
2.347659319639205933e-04
1.481538638472557068e-04
2.229902893304824829e-04
2.271691337227821350e-04
1.948792487382888794e-04
2.013370394706726074e-04
1.872815191745758057e-04
1.952592283487319946e-04
2.294480800628662109e-04
1.785438507795333862e-04
1.967791467905044556e-04
2.123536542057991028e-04
2.256492152810096741e-04
2.077948302030563354e-04
2.309679985046386719e-04
1.637283712625503540e-04
1.694271340966224670e-04
2.153925597667694092e-04
1.173838973045349121e-04
2.222303301095962524e-04
1.595504581928253174e-04
1.679072156548500061e-04
2.195714041590690613e-04
2.043768763542175293e-04
1.918394118547439575e-04
1.929793506860733032e-04
1.622103154659271240e-04
2.199504524469375610e-04
2.036169171333312988e-04
2.248883247375488281e-04
2.100747078657150269e-04
2.009570598602294922e-04
2.104546874761581421e-04
2.043768763542175293e-04
2.085547894239425659e-04
1.979172229766845703e-04
2.199523150920867920e-04
1.447331160306930542e-04
2.142544835805892944e-04
1.861415803432464600e-04
1.899395138025283813e-04
2.089347690343856812e-04
1.963991671800613403e-04
1.861415803432464600e-04
1.884214580059051514e-04
1.876614987850189209e-04
1.876614987850189209e-04
1.705661416053771973e-04
1.428350806236267090e-04
2.089347690343856812e-04
1.850035041570663452e-04
1.861415803432464600e-04
1.804437488317489624e-04
1.963973045349121094e-04
1.701880246400833130e-04
2.074148505926132202e-04
1.815836876630783081e-04
1.838617026805877686e-04
1.922193914651870728e-04
1.853834837675094604e-04
1.644883304834365845e-04
2.093147486448287964e-04
1.329574733972549438e-04
2.009570598602294922e-04
1.781638711690902710e-04
1.914612948894500732e-04
1.937393099069595337e-04
2.017170190811157227e-04
1.952592283487319946e-04
1.568906009197235107e-04
8.319318294525146484e-05
1.933611929416656494e-04
2.017151564359664917e-04
2.017170190811157227e-04
8.129514753818511963e-05
2.009570598602294922e-04
1.751258969306945801e-04
2.020969986915588379e-04
1.770239323377609253e-04
1.910813152790069580e-04
1.853816211223602295e-04
1.534726470708847046e-04
1.466330140829086304e-04
1.925993710756301880e-04
1.948792487382888794e-04
1.880414783954620361e-04
1.910813152790069580e-04
1.937393099069595337e-04
1.963973045349121094e-04
1.967791467905044556e-04
1.789238303899765015e-04
1.591704785823822021e-04
2.161525189876556396e-04
1.918394118547439575e-04
1.272615045309066772e-04
1.880414783954620361e-04
1.686662435531616211e-04
1.242216676473617554e-04
1.857616007328033447e-04
1.682881265878677368e-04
1.546107232570648193e-04
1.561306416988372803e-04
1.747459173202514648e-04
1.910813152790069580e-04
1.154839992523193359e-04
1.800637692213058472e-04
1.762639731168746948e-04
1.325793564319610596e-04
1.865215599536895752e-04
1.739859580993652344e-04
1.675263047218322754e-04
1.796856522560119629e-04
1.853816211223602295e-04
1.717060804367065430e-04
1.831017434597015381e-04
1.910813152790069580e-04
1.439750194549560547e-04
1.880414783954620361e-04
1.530908048152923584e-04
1.869015395641326904e-04
1.694262027740478516e-04
1.880414783954620361e-04
1.842416822910308838e-04
1.363791525363922119e-04
1.872815191745758057e-04
1.823417842388153076e-04
1.899413764476776123e-04
1.709461212158203125e-04
1.838617026805877686e-04
1.888014376163482666e-04
