7.597512499999999919e-07
5.318261250000000224e-06
1.215598749999999929e-05
2.051324999999999880e-05
3.114987500000000303e-05
4.254599999999999550e-05
5.774062500000000928e-05
7.521624999999999665e-05
9.572874999999998703e-05
1.063650000000000294e-04
1.109237500000000067e-04
1.306762500000000111e-04
1.618274999999999748e-04
2.112100000000000869e-04
2.666687499999998920e-04
2.704750000000000557e-04
3.016250000000000268e-04
3.342875000000001227e-04
3.646749999999996349e-04
4.239500000000001947e-04
4.247000000000000774e-04
4.307749999999999947e-04
4.292625000000003035e-04
4.573624999999999566e-04
4.353374999999997871e-04
4.474999999999999811e-04
4.626874999999995575e-04
3.973500000000003071e-04
3.358125000000001734e-04
3.122500000000000275e-04
3.122624999999995196e-04
3.046625000000004191e-04
2.871874999999992489e-04
2.643875000000010800e-04
2.575624999999991116e-04
2.377999999999998171e-04
2.583124999999998617e-04
2.454000000000015197e-04
2.355249999999985827e-04
2.210875000000014912e-04
2.248874999999997404e-04
2.195624999999992721e-04
2.150125000000002728e-04
2.119624999999993042e-04
2.233750000000013503e-04
2.210874999999997564e-04
2.218499999999991312e-04
2.187999999999998973e-04
2.332500000000008178e-04
2.317250000000003335e-04
2.210874999999997564e-04
2.112125000000002889e-04
2.036499999999996646e-04
1.989999999999995245e-04
1.838750000000000107e-04
1.945000000000002283e-04
1.945000000000002283e-04
1.967499999999990090e-04
2.028749999999999304e-04
2.149999999999999134e-04
2.165000000000014135e-04
2.164999999999996788e-04
2.181249999999995692e-04
2.339999999999998331e-04
2.271249999999998964e-04
2.203750000000000847e-04
2.187500000000001943e-04
2.340000000000015679e-04
2.401249999999972851e-04
2.354999999999995985e-04
2.233750000000013503e-04
2.354999999999995985e-04
2.332500000000008178e-04
2.157500000000006635e-04
2.203749999999983500e-04
2.165000000000014135e-04
1.816249999999977605e-04
2.172500000000021636e-04
1.952500000000009783e-04
1.868749999999995415e-04
1.846249999999972913e-04
1.870000000000031359e-04
1.846249999999972913e-04
1.799999999999996048e-04
1.823750000000019800e-04
1.815000000000011049e-04
1.961249999999983840e-04
1.945000000000002283e-04
1.982500000000005091e-04
1.906249999999998224e-04
1.793749999999989797e-04
1.952500000000009783e-04
2.004999999999992899e-04
2.021250000000009150e-04
1.991249999999979148e-04
1.960000000000017284e-04
1.906249999999998224e-04
1.937499999999994782e-04
1.907499999999999474e-04
1.967499999999990090e-04
1.900000000000026668e-04
2.012500000000000400e-04
1.976249999999998841e-04
1.997499999999985398e-04
2.233750000000013503e-04
1.907499999999999474e-04
1.982500000000005091e-04
2.028749999999981957e-04
2.103749999999987574e-04
2.241250000000021003e-04
2.104999999999988824e-04
1.937499999999994782e-04
2.073750000000026961e-04
2.127499999999976632e-04
2.172500000000021636e-04
2.218749999999998501e-04
2.248749999999993809e-04
2.287499999999997868e-04
2.362500000000003486e-04
2.507500000000009721e-04
2.491249999999993470e-04
2.643750000000007205e-04
2.347499999999988485e-04
2.279999999999990368e-04
2.203750000000018194e-04
2.248749999999993809e-04
2.088750000000007268e-04
2.036249999999989457e-04
1.915000000000006974e-04
1.770000000000000739e-04
1.784999999999981046e-04
1.808750000000004798e-04
1.792499999999988547e-04
1.777500000000008240e-04
1.702500000000002622e-04
1.762499999999993239e-04
1.725000000000025124e-04
1.799999999999996048e-04
1.762499999999993239e-04
1.754999999999985738e-04
1.762499999999993239e-04
1.717500000000017624e-04
1.747500000000012932e-04
1.799999999999996048e-04
1.732499999999963236e-04
1.762500000000027933e-04
1.671249999999971370e-04
1.618750000000057643e-04
1.678749999999978870e-04
1.680000000000014815e-04
1.754999999999951044e-04
1.716250000000016374e-04
1.755000000000020433e-04
1.702499999999967928e-04
1.723750000000023874e-04
1.687500000000022315e-04
1.617499999999952309e-04
1.695000000000029816e-04
1.542500000000016080e-04
1.754999999999951044e-04
1.648750000000018257e-04
1.587499999999991696e-04
1.617500000000021698e-04
1.626249999999995755e-04
1.535000000000008580e-04
1.535000000000008580e-04
1.594999999999999196e-04
1.602500000000006697e-04
1.573749999999943250e-04
1.602500000000006697e-04
1.641250000000010756e-04
1.641250000000010756e-04
1.518750000000027023e-04
1.679999999999945426e-04
1.708750000000008873e-04
1.603750000000042641e-04
1.518749999999957634e-04
1.557500000000031082e-04
1.535000000000008580e-04
1.436250000000013904e-04
1.533749999999972635e-04
1.527500000000001079e-04
1.367499999999979843e-04
1.458750000000036406e-04
1.443749999999952016e-04
1.436250000000013904e-04
1.397500000000009845e-04
1.428750000000006404e-04
1.328749999999975784e-04
1.352500000000034230e-04
1.307499999999989226e-04
1.306250000000022671e-04
1.344999999999957341e-04
1.306250000000022671e-04
1.330000000000011728e-04
1.246249999999962665e-04
1.238750000000024554e-04
1.291250000000007669e-04
1.283750000000000169e-04
1.276249999999992668e-04
