-4.710527718998491764e-05
5.166385017218999565e-05
-4.102717502973973751e-05
9.421055437996983528e-05
6.078098522266373038e-06
1.215620432049036026e-05
4.558574437396600842e-05
3.342956188134849072e-05
-3.494908742140978575e-05
1.109253353206440806e-04
7.597626245114952326e-05
4.558573709800839424e-05
5.622243043035268784e-05
8.357389015145599842e-05
6.230053259059786797e-05
1.200424740090966225e-04
5.318335024639964104e-05
5.318340845406055450e-05
6.533955456689000130e-05
1.352377003058791161e-04
9.724963456392288208e-05
9.421061258763074875e-05
7.141765672713518143e-05
9.724963456392288208e-05
1.033276785165071487e-04
1.215620432049036026e-04
6.078090518712997437e-05
9.573018178343772888e-05
1.200424740090966225e-04
1.094058388844132423e-04
1.124448608607053757e-04
1.124448608607053757e-04
1.094057224690914154e-04
1.413158606737852097e-04
1.200423575937747955e-04
9.724963456392288208e-05
1.230814959853887558e-04
1.094059552997350693e-04
1.489133574068546295e-04
9.724963456392288208e-05
1.185229048132896423e-04
1.428355462849140167e-04
1.625891309231519699e-04
1.458744518458843231e-04
1.170032192021608353e-04
1.246009487658739090e-04
9.573018178343772888e-05
1.200428232550621033e-04
1.367568038403987885e-04
7.597636431455612183e-05
1.473939046263694763e-04
1.382767222821712494e-04
1.215622760355472565e-04
1.473939046263694763e-04
1.382767222821712494e-04
1.443549990653991699e-04
1.808232627809047699e-04
1.276400871574878693e-04
1.504332758486270905e-04
1.701866276562213898e-04
1.686671748757362366e-04
1.306794583797454834e-04
1.200423575937747955e-04
2.036164514720439911e-04
1.610694453120231628e-04
3.190990537405014038e-05
1.534721814095973969e-04
1.808237284421920776e-04
1.701866276562213898e-04
1.124450936913490295e-04
1.215618103742599487e-04
1.625893637537956238e-04
1.793038100004196167e-04
1.808232627809047699e-04
1.519527286291122437e-04
1.656282693147659302e-04
1.808237284421920776e-04
8.661299943923950195e-05
1.580305397510528564e-04
1.732250675559043884e-04
1.884214580059051514e-04
2.020969986915588379e-04
1.838626340031623840e-04
1.884205266833305359e-04
1.337183639407157898e-04
1.793038100004196167e-04
1.853825524449348450e-04
2.279290929436683655e-04
1.929793506860733032e-04
1.565106213092803955e-04
1.565115526318550110e-04
1.975381746888160706e-04
1.838626340031623840e-04
1.975381746888160706e-04
2.005770802497863770e-04
1.686671748757362366e-04
2.051359042525291443e-04
1.580305397510528564e-04
1.869015395641326904e-04
2.005780115723609924e-04
1.869015395641326904e-04
1.899404451251029968e-04
1.139640808105468750e-04
9.724963456392288208e-05
2.127336338162422180e-04
1.853825524449348450e-04
1.777838915586471558e-04
1.793038100004196167e-04
1.428360119462013245e-04
2.051359042525291443e-04
1.762649044394493103e-04
2.051359042525291443e-04
1.428350806236267090e-04
1.853816211223602295e-04
1.823436468839645386e-04
2.233702689409255981e-04
1.580305397510528564e-04
1.154839992523193359e-04
1.762639731168746948e-04
1.975391060113906860e-04
1.838617026805877686e-04
1.823436468839645386e-04
1.884214580059051514e-04
1.960191875696182251e-04
1.990571618080139160e-04
1.929793506860733032e-04
1.595504581928253174e-04
1.869015395641326904e-04
1.869015395641326904e-04
1.777838915586471558e-04
2.112146466970443726e-04
1.732259988784790039e-04
1.747440546751022339e-04
1.884214580059051514e-04
1.519527286291122437e-04
1.884214580059051514e-04
1.869015395641326904e-04
1.853816211223602295e-04
2.066567540168762207e-04
2.355258911848068237e-04
1.565106213092803955e-04
1.929793506860733032e-04
1.944992691278457642e-04
1.853816211223602295e-04
1.853834837675094604e-04
1.549907028675079346e-04
1.504328101873397827e-04
1.869015395641326904e-04
1.671481877565383911e-04
1.869015395641326904e-04
1.154839992523193359e-04
1.853816211223602295e-04
1.671481877565383911e-04
1.595504581928253174e-04
2.127327024936676025e-04
1.869015395641326904e-04
1.777857542037963867e-04
1.641083508729934692e-04
1.565106213092803955e-04
2.096947282552719116e-04
1.534726470708847046e-04
1.899395138025283813e-04
1.701861619949340820e-04
1.717079430818557739e-04
1.777838915586471558e-04
1.777838915586471558e-04
1.580305397510528564e-04
1.929793506860733032e-04
1.261215656995773315e-04
1.929793506860733032e-04
1.337192952632904053e-04
1.610685139894485474e-04
1.565106213092803955e-04
1.580305397510528564e-04
1.732259988784790039e-04
1.337192952632904053e-04
1.367572695016860962e-04
1.701861619949340820e-04
9.117089211940765381e-05
1.625902950763702393e-04
1.397952437400817871e-04
1.747459173202514648e-04
1.018084585666656494e-04
1.504328101873397827e-04
1.610703766345977783e-04
1.549907028675079346e-04
1.337192952632904053e-04
1.534707844257354736e-04
1.230817288160324097e-04
1.580305397510528564e-04
1.747459173202514648e-04
1.048464328050613403e-04
2.036169171333312988e-04
1.610703766345977783e-04
1.671463251113891602e-04
1.458749175071716309e-04
1.565106213092803955e-04
7.901526987552642822e-05
1.382771879434585571e-04
1.428350806236267090e-04
