3.039050170627888292e-06
9.117150511883664876e-06
1.215620068251155317e-05
0.000000000000000000e+00
3.039051080122590065e-06
6.078098522266373038e-06
3.039051080122590065e-06
1.519525176263414323e-05
1.215619704453274608e-05
-3.039047442143782973e-06
-3.039051080122590065e-06
9.117149602388963103e-06
-9.117149602388963103e-06
3.039051080122590065e-06
3.039047442143782973e-06
1.215620432049036026e-05
2.431240136502310634e-05
1.215619704453274608e-05
1.519524812465533614e-05
1.823430648073554039e-05
2.431239408906549215e-05
1.519525540061295033e-05
1.215620432049036026e-05
9.117153240367770195e-06
2.127334300894290209e-05
1.823429192882031202e-05
2.127335756085813046e-05
1.519525540061295033e-05
1.519525540061295033e-05
2.431240864098072052e-05
2.735143061727285385e-05
2.431240864098072052e-05
2.127335756085813046e-05
2.127335756085813046e-05
1.823430648073554039e-05
2.127332845702767372e-05
6.078102160245180130e-06
1.823430648073554039e-05
2.431237953715026379e-05
2.127338666468858719e-05
1.823430648073554039e-05
2.127332845702767372e-05
4.254671512171626091e-05
2.127332845702767372e-05
3.039051080122590065e-05
1.215620432049036026e-05
1.215620432049036026e-05
2.431240864098072052e-05
2.431240864098072052e-05
1.519522629678249359e-05
1.823430648073554039e-05
2.431240864098072052e-05
1.215620432049036026e-05
2.127332845702767372e-05
3.039051080122590065e-05
2.127338666468858719e-05
2.735143061727285385e-05
9.117124136537313461e-06
3.039051080122590065e-05
1.823430648073554039e-05
2.431235043331980705e-05
1.215620432049036026e-05
3.646861296147108078e-05
3.342959098517894745e-05
1.823424827307462692e-05
3.039056900888681412e-05
2.735143061727285385e-05
-3.039021976292133331e-06
2.127338666468858719e-05
2.127327024936676025e-05
2.735143061727285385e-05
3.039138391613960266e-06
3.950763493776321411e-05
3.039045259356498718e-05
2.735143061727285385e-05
2.127338666468858719e-05
3.342959098517894745e-05
3.039045259356498718e-05
3.039056900888681412e-05
2.431240864098072052e-05
2.735143061727285385e-05
3.039045259356498718e-05
1.823436468839645386e-05
2.431240864098072052e-05
1.519522629678249359e-05
3.342947456985712051e-05
2.127338666468858719e-05
2.431240864098072052e-05
3.039045259356498718e-05
3.039056900888681412e-05
2.735143061727285385e-05
3.039045259356498718e-05
2.431240864098072052e-05
1.519534271210432053e-05
2.735143061727285385e-05
3.342947456985712051e-05
3.039056900888681412e-05
3.342959098517894745e-05
3.039045259356498718e-05
2.735154703259468079e-05
1.215608790516853333e-05
3.039045259356498718e-05
3.039045259356498718e-05
3.039068542420864105e-05
3.342959098517894745e-05
2.735131420195102692e-05
1.519522629678249359e-05
1.823436468839645386e-05
3.342959098517894745e-05
2.735131420195102692e-05
1.519522629678249359e-05
3.342959098517894745e-05
2.735154703259468079e-05
3.039045259356498718e-05
6.078043952584266663e-06
3.342959098517894745e-05
3.039045259356498718e-05
1.823436468839645386e-05
2.735154703259468079e-05
3.039045259356498718e-05
3.039045259356498718e-05
3.342959098517894745e-05
2.127327024936676025e-05
3.039068542420864105e-05
3.342935815453529358e-05
3.039068542420864105e-05
3.039045259356498718e-05
3.039045259356498718e-05
3.342959098517894745e-05
3.039045259356498718e-05
3.039045259356498718e-05
3.039045259356498718e-05
3.646872937679290771e-05
1.823436468839645386e-05
3.646849654614925385e-05
3.646872937679290771e-05
3.342935815453529358e-05
2.735154703259468079e-05
6.078043952584266663e-06
3.342959098517894745e-05
3.039045259356498718e-05
3.342959098517894745e-05
2.431240864098072052e-05
2.127327024936676025e-05
3.342959098517894745e-05
3.039045259356498718e-05
1.823436468839645386e-05
3.039045259356498718e-05
3.342959098517894745e-05
3.342959098517894745e-05
3.039045259356498718e-05
0.000000000000000000e+00
3.342959098517894745e-05
3.039045259356498718e-05
3.342959098517894745e-05
3.039045259356498718e-05
3.646872937679290771e-05
3.342959098517894745e-05
3.342935815453529358e-05
2.735154703259468079e-05
3.342959098517894745e-05
1.823436468839645386e-05
3.950763493776321411e-05
3.342959098517894745e-05
3.342935815453529358e-05
3.646872937679290771e-05
2.735131420195102692e-05
3.039045259356498718e-05
3.950763493776321411e-05
9.117182344198226929e-06
3.342982381582260132e-05
3.950763493776321411e-05
3.039045259356498718e-05
2.431217581033706665e-05
3.646872937679290771e-05
3.950763493776321411e-05
3.646872937679290771e-05
3.950763493776321411e-05
3.646872937679290771e-05
3.950763493776321411e-05
4.254654049873352051e-05
3.646872937679290771e-05
3.039045259356498718e-05
3.646872937679290771e-05
4.558544605970382690e-05
4.558591172099113464e-05
3.646872937679290771e-05
4.254654049873352051e-05
3.950763493776321411e-05
4.254654049873352051e-05
6.078276783227920532e-06
4.254654049873352051e-05
3.646872937679290771e-05
3.950763493776321411e-05
3.342935815453529358e-05
3.950763493776321411e-05
3.039091825485229492e-05
3.342935815453529358e-05
2.735154703259468079e-05
4.254654049873352051e-05
