0.000000000000000000e+00
0.000000000000000000e+00
6.078009999999999935e-06
6.077990000000000230e-06
0.000000000000000000e+00
6.077999999999998389e-06
1.215600000000000017e-05
1.215610000000000377e-05
6.077999999999998389e-06
1.215599999999999678e-05
1.215600000000000355e-05
1.215599999999999678e-05
1.823390000000000850e-05
1.823399999999998839e-05
1.215600000000001033e-05
1.215599999999998323e-05
2.431200000000002066e-05
1.823400000000000194e-05
2.431199999999999356e-05
1.823400000000000194e-05
2.431199999999996645e-05
3.039000000000003938e-05
2.431199999999996645e-05
2.431200000000002066e-05
2.431200000000002066e-05
3.038999999999998517e-05
3.039100000000000091e-05
3.038999999999998517e-05
3.038999999999998517e-05
3.646800000000005810e-05
3.038999999999993096e-05
3.646800000000000389e-05
3.646800000000000389e-05
4.254600000000007681e-05
3.646800000000000389e-05
3.646799999999989546e-05
4.254600000000007681e-05
3.646800000000000389e-05
4.862399999999993290e-05
4.254600000000007681e-05
4.254599999999996839e-05
4.862399999999993290e-05
4.862700000000008856e-05
4.861999999999986992e-05
4.863000000000002737e-05
4.862000000000008676e-05
5.469999999999997434e-05
4.863000000000002737e-05
5.469999999999997434e-05
6.078000000000007876e-05
5.469999999999997434e-05
6.077999999999986191e-05
5.470000000000019118e-05
6.077999999999986191e-05
5.469999999999997434e-05
6.078000000000007876e-05
6.685999999999996633e-05
6.078000000000007876e-05
6.685999999999996633e-05
6.685999999999996633e-05
6.686000000000018317e-05
6.684999999999980888e-05
6.686000000000018317e-05
7.293999999999963707e-05
7.294000000000007075e-05
6.685000000000024256e-05
7.901999999999995833e-05
6.685999999999974949e-05
7.901000000000001772e-05
7.294000000000007075e-05
7.293000000000013014e-05
7.901999999999995833e-05
7.901000000000001772e-05
8.508999999999990529e-05
7.901999999999995833e-05
7.901000000000001772e-05
7.901000000000001772e-05
8.510000000000027959e-05
8.508999999999990529e-05
8.508999999999990529e-05
9.116999999999979287e-05
7.901000000000001772e-05
9.117000000000022655e-05
9.118000000000016717e-05
9.116999999999935919e-05
9.117000000000066023e-05
9.116999999999979287e-05
9.724000000000017352e-05
9.725000000000011413e-05
9.725000000000011413e-05
9.724999999999924677e-05
1.033200000000004948e-04
9.725000000000011413e-05
1.397999999999998202e-04
6.685000000000024256e-05
1.033299999999995680e-04
1.093999999999999487e-04
1.033300000000004354e-04
1.093999999999999487e-04
1.094099999999998893e-04
9.725000000000011413e-05
1.397899999999998796e-04
6.077999999999986191e-05
1.033300000000004354e-04
1.033199999999996274e-04
1.033299999999995680e-04
1.701800000000006780e-04
1.154899999999993432e-04
9.724000000000017352e-05
1.033300000000004354e-04
1.215599999999997238e-04
1.580299999999999760e-04
7.901000000000001772e-05
7.901999999999995833e-05
1.215599999999997238e-04
1.033200000000004948e-04
1.094099999999998893e-04
1.215599999999997238e-04
1.458700000000002009e-04
1.458700000000002009e-04
1.641099999999994299e-04
1.701800000000006780e-04
1.762599999999992645e-04
1.884199999999999070e-04
1.884199999999999070e-04
1.580299999999999760e-04
1.580299999999999760e-04
1.519500000000013895e-04
1.580299999999999760e-04
1.580200000000000354e-04
1.701899999999988838e-04
1.701800000000006780e-04
1.762599999999992645e-04
1.823500000000012611e-04
1.762999999999990269e-04
1.822999999999998233e-04
1.945000000000002283e-04
1.884000000000000258e-04
1.884000000000000258e-04
1.945000000000002283e-04
2.067000000000006332e-04
1.215000000000000802e-04
1.033999999999982849e-04
1.154000000000016124e-04
1.337999999999998912e-04
1.518999999999999517e-04
1.580000000000001542e-04
1.823999999999992294e-04
1.822999999999998233e-04
1.945000000000002283e-04
2.067000000000006332e-04
2.126999999999996949e-04
2.126999999999996949e-04
2.249000000000000998e-04
2.310000000000003023e-04
2.308999999999991615e-04
2.432000000000007073e-04
2.673999999999992355e-04
2.614000000000001739e-04
5.590999999999998749e-04
5.773999999999987476e-04
3.283000000000001195e-04
2.795000000000019691e-04
2.675000000000003764e-04
2.612999999999990330e-04
2.734999999999994380e-04
2.856999999999998430e-04
2.917000000000023741e-04
3.039999999999987157e-04
3.038999999999993096e-04
3.220999999999987762e-04
3.160000000000003084e-04
3.222000000000016517e-04
3.282000000000007134e-04
3.220999999999987762e-04
3.342999999999991811e-04
3.282000000000007134e-04
3.404000000000011183e-04
3.403999999999976489e-04
3.403000000000017122e-04
3.526000000000015233e-04
3.463999999999967105e-04
3.525000000000021172e-04
3.525999999999980539e-04
3.586000000000005850e-04
3.586000000000005850e-04
3.586000000000005850e-04
3.524999999999986477e-04
5.894999999999997464e-04
3.830000000000013949e-04
3.768000000000000516e-04
2.916999999999989046e-04
3.038999999999993096e-04
3.404000000000011183e-04
3.768000000000000516e-04
4.012000000000008615e-04
4.315000000000013269e-04
4.740999999999981340e-04
4.133000000000018603e-04
3.768999999999994577e-04
