1.139624999999999910e-06
8.737124999999999801e-06
2.127306250000000212e-05
3.912706250000000093e-05
6.495875000000000889e-05
9.610874999999998000e-05
1.196606249999999992e-04
1.686643749999999753e-04
1.853806250000000679e-04
2.358999999999999335e-04
2.814875000000000320e-04
2.723750000000000476e-04
2.917437499999999458e-04
2.537562500000000321e-04
2.374187500000001297e-04
2.058937500000000004e-04
2.275437499999997948e-04
2.340062500000000129e-04
1.998124999999999034e-04
1.899375000000000022e-04
1.766437500000002381e-04
1.884187499999996976e-04
1.679062500000000867e-04
1.576437499999998847e-04
1.530937500000004517e-04
1.546062499999997092e-04
1.546124999999998889e-04
1.580250000000000057e-04
1.641062500000005364e-04
1.701874999999993324e-04
1.568875000000002559e-04
1.565062499999997012e-04
1.614500000000004820e-04
1.599249999999999977e-04
1.652499999999995986e-04
1.622062500000005444e-04
1.762624999999996833e-04
1.671562499999997703e-04
1.694375000000003170e-04
1.682499999999999968e-04
1.701875000000001997e-04
1.698124999999998247e-04
1.739999999999996758e-04
1.762500000000001912e-04
1.830625000000000654e-04
1.838750000000000107e-04
1.656250000000008410e-04
1.599374999999986224e-04
1.648750000000000909e-04
1.686875000000004343e-04
1.667500000000002314e-04
1.698124999999998247e-04
1.766249999999996989e-04
1.766249999999996989e-04
1.599375000000003572e-04
1.386874999999999220e-04
1.583750000000005292e-04
1.588124999999992321e-04
1.735625000000001056e-04
1.846250000000007607e-04
1.849999999999994010e-04
1.811875000000007924e-04
1.873124999999999790e-04
1.667500000000002314e-04
1.531249999999987482e-04
1.511875000000002800e-04
1.565000000000003888e-04
1.618125000000004976e-04
1.485624999999993895e-04
1.507499999999998425e-04
1.622500000000009351e-04
1.640624999999992784e-04
1.637500000000007006e-04
1.663749999999998563e-04
1.668124999999985592e-04
1.675000000000009814e-04
1.526875000000000454e-04
1.755000000000003085e-04
1.584374999999988570e-04
1.470000000000012963e-04
1.416874999999994528e-04
1.394375000000006720e-04
1.344374999999991410e-04
1.322500000000004228e-04
1.298749999999997823e-04
1.272500000000006265e-04
1.310624999999992352e-04
1.314374999999996102e-04
1.314374999999996102e-04
1.303125000000002198e-04
1.318124999999999852e-04
1.314375000000013449e-04
1.303124999999984851e-04
1.360000000000007037e-04
1.344374999999991410e-04
1.352500000000016883e-04
1.310624999999992352e-04
1.451249999999994211e-04
1.416875000000011875e-04
1.439374999999999682e-04
1.405625000000000624e-04
1.489374999999980298e-04
1.485000000000027964e-04
1.519999999999993578e-04
1.579999999999984195e-04
1.493125000000018743e-04
1.500624999999991549e-04
1.431874999999992182e-04
1.352499999999999536e-04
1.405625000000000624e-04
1.374999999999987343e-04
1.393750000000006095e-04
1.432500000000010154e-04
1.435624999999995932e-04
1.440000000000017655e-04
1.454999999999997962e-04
1.428124999999988431e-04
1.378749999999991094e-04
1.379375000000009066e-04
1.348125000000012508e-04
1.344999999999992035e-04
1.329374999999993756e-04
1.341249999999988285e-04
1.321875000000020950e-04
1.321874999999986255e-04
1.321875000000020950e-04
1.314374999999978755e-04
1.291874999999990947e-04
1.386249999999998594e-04
1.379375000000009066e-04
1.360000000000007037e-04
1.298750000000015170e-04
1.306874999999971254e-04
1.299374999999998448e-04
1.306875000000005949e-04
1.321875000000020950e-04
1.321874999999986255e-04
1.299374999999998448e-04
1.454375000000014684e-04
1.561874999999983415e-04
1.644374999999996534e-04
1.743750000000009182e-04
1.853750000000015108e-04
1.789375000000002769e-04
1.751249999999981988e-04
1.466250000000009213e-04
1.371249999999983593e-04
1.394375000000024067e-04
1.397499999999975151e-04
1.322500000000004228e-04
1.314375000000013449e-04
1.416874999999977180e-04
1.386249999999998594e-04
1.383125000000012816e-04
1.405000000000017346e-04
1.454999999999997962e-04
1.443749999999986711e-04
1.431874999999992182e-04
1.383125000000012816e-04
1.496250000000004521e-04
1.432499999999975460e-04
1.455000000000032656e-04
1.420624999999980931e-04
1.386249999999998594e-04
1.344999999999992035e-04
1.428125000000023126e-04
1.447499999999990461e-04
1.462500000000005462e-04
1.458750000000001712e-04
1.477499999999985769e-04
1.405625000000000624e-04
1.401874999999996874e-04
1.318125000000017200e-04
1.371249999999983593e-04
1.303125000000002198e-04
1.276249999999992668e-04
1.295624999999994698e-04
1.291250000000007669e-04
1.303125000000002198e-04
1.265000000000016112e-04
1.344999999999992035e-04
1.371249999999983593e-04
1.299374999999998448e-04
1.363750000000010787e-04
1.360000000000007037e-04
1.318124999999982505e-04
1.371250000000018288e-04
1.466250000000009213e-04
1.462500000000005462e-04
1.538749999999977636e-04
1.496250000000004521e-04
1.454999999999997962e-04
1.405625000000000624e-04
1.374999999999987343e-04
1.413125000000008125e-04
1.367500000000014537e-04
1.383124999999978122e-04
1.344375000000008757e-04
1.318125000000017200e-04
1.257499999999973916e-04
