-3.023855097126215696e-04
-1.071265141945332289e-04
1.975381746888160706e-05
1.489134738221764565e-04
1.359974849037826061e-04
4.558575164992362261e-05
-4.786503996001556516e-05
1.337182038696482778e-04
-2.963073893624823540e-05
9.724960546009242535e-05
1.405560760758817196e-04
1.321986928815022111e-04
1.549915759824216366e-04
1.587903243489563465e-04
5.622243043035268784e-05
1.565110869705677032e-04
1.777844154275953770e-04
1.800637692213058472e-04
1.922198571264743805e-04
2.089347690343856812e-04
1.762649044394493103e-04
8.433358743786811829e-05
-1.230814959853887558e-04
1.443548826500773430e-04
1.739857252687215805e-04
1.185229048132896423e-04
-1.891809515655040741e-04
1.466341782361268997e-04
1.755051780492067337e-04
1.793040428310632706e-04
1.755049452185630798e-04
1.443549990653991699e-04
2.028564922511577606e-04
2.241299953311681747e-04
1.534721814095973969e-04
7.445667870342731476e-05
1.990578602999448776e-04
1.937395427376031876e-04
1.907004043459892273e-04
1.762649044394493103e-04
2.081748098134994507e-04
2.355263568460941315e-04
2.203308977186679840e-04
1.732259988784790039e-04
2.370458096265792847e-04
2.385657280683517456e-04
1.603099517524242401e-04
2.446435391902923584e-04
2.104542218148708344e-04
5.926145240664482117e-05
2.264091745018959045e-04
2.309675328433513641e-04
1.998175866901874542e-04
1.823431812226772308e-04
2.628779038786888123e-04
2.119736745953559875e-04
8.053472265601158142e-05
2.492018975317478180e-04
2.089347690343856812e-04
1.899404451251029968e-04
2.195714041590690613e-04
2.271691337227821350e-04
1.056073233485221863e-04
2.833912149071693420e-04
2.757944166660308838e-04
1.443456858396530151e-05
2.340069040656089783e-04
2.704756334424018860e-04
2.446435391902923584e-04
2.605989575386047363e-04
2.849111333489418030e-04
2.985866740345954895e-04
2.408446744084358215e-04
2.028560265898704529e-04
2.849111333489418030e-04
2.560401335358619690e-04
2.849111333489418030e-04
1.869015395641326904e-04
2.400847151875495911e-04
2.651568502187728882e-04
2.727555111050605774e-04
3.251777961850166321e-04
3.084633499383926392e-04
2.621188759803771973e-04
1.071263104677200317e-04
3.206199035048484802e-04
1.937393099069595337e-04
2.492023631930351257e-04
1.656282693147659302e-04
2.210903912782669067e-04
1.922203227877616882e-04
2.925088629126548767e-04
3.213789314031600952e-04
2.362858504056930542e-04
2.788323909044265747e-04
2.522412687540054321e-04
2.735145390033721924e-04
6.989948451519012451e-05
2.985857427120208740e-04
1.891814172267913818e-04
2.985857427120208740e-04
2.795923501253128052e-04
1.284014433622360229e-04
2.674348652362823486e-04
3.023855388164520264e-04
2.218522131443023682e-04
3.411322832107543945e-04
2.180524170398712158e-04
2.454034984111785889e-04
2.583190798759460449e-04
2.970676869153976440e-04
2.248883247375488281e-04
2.628788352012634277e-04
2.811122685670852661e-04
2.096947282552719116e-04
2.978257834911346436e-04
2.636387944221496582e-04
2.849102020263671875e-04
2.704747021198272705e-04
1.496747136116027832e-04
2.142526209354400635e-04
2.203304320573806763e-04
2.856701612472534180e-04
2.545211464166641235e-04
2.005770802497863770e-04
2.773143351078033447e-04
2.583190798759460449e-04
2.932678908109664917e-04
1.944992691278457642e-04
2.279281616210937500e-04
2.947878092527389526e-04
3.084633499383926392e-04
2.826321870088577271e-04
2.841521054506301880e-04
2.005770802497863770e-04
2.651568502187728882e-04
2.818722277879714966e-04
1.838617026805877686e-04
2.651568502187728882e-04
3.251787275075912476e-04
1.656282693147659302e-04
3.259386867284774780e-04
2.659168094396591187e-04
2.583116292953491211e-05
2.408456057310104370e-04
2.150125801563262939e-04
2.005770802497863770e-04
2.643968909978866577e-04
3.077052533626556396e-04
2.492014318704605103e-04
2.712346613407135010e-04
5.698204040527343750e-05
2.681966871023178101e-04
2.704765647649765015e-04
3.008656203746795654e-04
3.054253756999969482e-04
2.849102020263671875e-04
3.001056611537933350e-04
1.344792544841766357e-04
2.826303243637084961e-04
-1.572705805301666260e-04
2.545192837715148926e-04
2.833940088748931885e-04
2.887062728404998779e-04
3.016293048858642578e-04
2.909861505031585693e-04
1.990571618080139160e-04
1.679100096225738525e-04
1.694262027740478516e-04
1.610703766345977783e-04
1.549907028675079346e-04
2.309679985046386719e-04
2.879500389099121094e-04
2.826303243637084961e-04
4.938617348670959473e-05
2.636387944221496582e-04
2.871900796890258789e-04
2.909861505031585693e-04
2.210922539234161377e-04
2.446435391902923584e-04
2.689547836780548096e-04
2.947896718978881836e-04
2.887099981307983398e-04
2.894699573516845703e-04
2.818703651428222656e-04
1.747459173202514648e-04
2.514831721782684326e-04
2.324841916561126709e-04
2.704784274101257324e-04
1.777820289134979248e-04
2.514831721782684326e-04
1.200400292873382568e-04
2.089366316795349121e-04
2.704747021198272705e-04
1.268796622753143311e-04
2.864301204681396484e-04
2.400875091552734375e-04
2.689547836780548096e-04
6.533786654472351074e-05
1.390390098094940186e-04
