3.039050170627888292e-05
1.823430102376732975e-05
1.823429920477792621e-05
0.000000000000000000e+00
-2.309678238816559315e-04
5.470290489029139280e-05
5.470290489029139280e-05
7.293720409506931901e-05
3.039050170627888292e-05
2.431240136502310634e-05
-1.337182038696482778e-04
1.215620068251155317e-05
2.248897071694955230e-04
4.254671512171626091e-05
-8.509341569151729345e-05
-6.078102160245180130e-06
0.000000000000000000e+00
-6.078094884287565947e-06
-6.078102160245180130e-06
1.215619704453274608e-05
6.685910921078175306e-05
3.039049624931067228e-05
4.254670056980103254e-05
-6.685909465886652470e-05
1.397962914779782295e-04
8.509343024343252182e-05
3.646858385764062405e-05
3.646858385764062405e-05
6.078102160245180130e-05
6.078102160245180130e-06
2.431240864098072052e-05
4.254671512171626091e-05
6.078102160245180130e-06
3.039051080122590065e-05
0.000000000000000000e+00
3.646855475381016731e-05
-9.117147419601678848e-05
-6.078102160245180130e-06
1.641087001189589500e-04
-7.293722592294216156e-05
3.039051080122590065e-05
4.254671512171626091e-05
-5.470291944220662117e-05
4.862481728196144104e-05
4.254671512171626091e-05
3.646861296147108078e-05
4.254665691405534744e-05
4.254671512171626091e-05
4.254671512171626091e-05
1.215614611282944679e-05
1.823436468839645386e-05
4.254665691405534744e-05
4.254677332937717438e-05
4.254665691405534744e-05
2.431240864098072052e-05
3.039045259356498718e-05
1.215620432049036026e-04
6.685906555503606796e-05
4.254677332937717438e-05
3.039045259356498718e-05
1.458744518458843231e-04
-6.078102160245180130e-05
6.078160367906093597e-06
4.254665691405534744e-05
6.078102160245180130e-05
-3.039056900888681412e-05
4.254677332937717438e-05
4.254665691405534744e-05
-8.509343024343252182e-05
1.823436468839645386e-05
4.254665691405534744e-05
-6.078102160245180130e-05
4.254677332937717438e-05
4.254665691405534744e-05
3.646861296147108078e-05
9.117147419601678848e-05
4.254677332937717438e-05
4.254665691405534744e-05
3.039056900888681412e-05
2.431229222565889359e-05
1.215632073581218719e-05
-2.248897217214107513e-04
1.215608790516853333e-05
4.862481728196144104e-05
-8.509331382811069489e-05
3.646849654614925385e-05
4.862481728196144104e-05
7.901538629084825516e-05
5.470286123454570770e-05
4.254665691405534744e-05
5.470286123454570770e-05
4.862481728196144104e-05
2.431240864098072052e-05
4.254677332937717438e-05
3.039045259356498718e-05
4.254677332937717438e-05
2.431240864098072052e-05
3.646849654614925385e-05
4.862481728196144104e-05
4.862481728196144104e-05
4.254677332937717438e-05
6.078090518712997437e-05
4.862481728196144104e-05
4.862481728196144104e-05
5.470286123454570770e-05
4.254677332937717438e-05
5.470286123454570770e-05
4.862481728196144104e-05
1.154839992523193359e-04
4.862481728196144104e-05
4.254654049873352051e-05
4.862481728196144104e-05
6.078276783227920532e-06
-1.033279113471508026e-04
3.646872937679290771e-05
1.884209923446178436e-04
6.685918197035789490e-05
6.685918197035789490e-05
4.254654049873352051e-05
4.862481728196144104e-05
3.039068542420864105e-05
3.646849654614925385e-05
5.470286123454570770e-05
3.039045259356498718e-05
4.254677332937717438e-05
5.470286123454570770e-05
3.039068542420864105e-05
4.254654049873352051e-05
4.254677332937717438e-05
4.862481728196144104e-05
3.039045259356498718e-05
6.078090518712997437e-05
-1.823413185775279999e-05
4.254654049873352051e-05
4.862481728196144104e-05
6.078276783227920532e-06
3.646872937679290771e-05
4.862481728196144104e-05
4.862435162067413330e-05
4.254700616002082825e-05
5.470262840390205383e-05
4.254700616002082825e-05
5.470262840390205383e-05
4.862481728196144104e-05
4.862481728196144104e-05
-1.094057224690914154e-04
4.254654049873352051e-05
-6.077811121940612793e-06
4.254654049873352051e-05
4.254700616002082825e-05
4.862481728196144104e-05
4.254654049873352051e-05
5.470262840390205383e-05
6.078137084841728210e-05
3.646826371550559998e-05
5.470309406518936157e-05
4.862481728196144104e-05
3.646872937679290771e-05
2.431217581033706665e-05
5.470309406518936157e-05
6.078090518712997437e-05
4.254654049873352051e-05
3.039045259356498718e-05
-1.215608790516853333e-05
9.724963456392288208e-05
3.039045259356498718e-05
4.862481728196144104e-05
4.862481728196144104e-05
4.254654049873352051e-05
1.823436468839645386e-05
3.039045259356498718e-05
6.078137084841728210e-05
4.862481728196144104e-05
2.431217581033706665e-05
4.254654049873352051e-05
4.254700616002082825e-05
4.254654049873352051e-05
1.215608790516853333e-05
2.431264147162437439e-05
4.862481728196144104e-05
4.862481728196144104e-05
3.039045259356498718e-05
4.254654049873352051e-05
5.470309406518936157e-05
4.862481728196144104e-05
4.862481728196144104e-05
3.646872937679290771e-05
4.862481728196144104e-05
4.862435162067413330e-05
-3.039045259356498718e-05
7.293745875358581543e-05
6.078090518712997437e-05
8.509354665875434875e-05
3.646826371550559998e-05
4.862481728196144104e-05
4.862481728196144104e-05
4.862481728196144104e-05
6.078137084841728210e-05
5.470262840390205383e-05
1.215608790516853333e-05
