4.558575255941832438e-06
1.367572622257284820e-05
4.558574801194481552e-06
4.558576620183885098e-06
1.519523721071891487e-06
9.117151421378366649e-06
3.039051080122590065e-06
4.558572982205078006e-06
1.367572622257284820e-05
4.558572982205078006e-06
1.063667878042906523e-05
3.039051080122590065e-06
6.078102160245180130e-06
1.519518264103680849e-06
4.558576620183885098e-06
1.367572986055165529e-05
1.367572258459404111e-05
1.215619704453274608e-05
1.671478094067424536e-05
1.671478094067424536e-05
1.215618976857513189e-05
1.367572986055165529e-05
1.519525540061295033e-05
1.519525540061295033e-05
1.671476638875901699e-05
1.671476638875901699e-05
2.735145972110331059e-05
7.597642252221703529e-06
1.975381746888160706e-05
2.431240864098072052e-05
1.367571530863642693e-05
2.127335756085813046e-05
1.823430648073554039e-05
1.823427737690508366e-05
1.823430648073554039e-05
1.215620432049036026e-05
1.671476638875901699e-05
1.215620432049036026e-05
1.975384657271206379e-05
1.823430648073554039e-05
1.823430648073554039e-05
1.975381746888160706e-05
3.191002178937196732e-05
2.127332845702767372e-05
1.975381746888160706e-05
1.519528450444340706e-05
1.975381746888160706e-05
1.975381746888160706e-05
1.519522629678249359e-05
1.975387567654252052e-05
1.367571530863642693e-05
1.671473728492856026e-05
9.117182344198226929e-06
2.127332845702767372e-05
1.975381746888160706e-05
1.367577351629734039e-05
2.431240864098072052e-05
1.063663512468338013e-05
1.823430648073554039e-05
1.975381746888160706e-05
1.823430648073554039e-05
1.671479549258947372e-05
6.078102160245180130e-06
2.431240864098072052e-05
1.975381746888160706e-05
2.431235043331980705e-05
2.583197783678770065e-05
2.127338666468858719e-05
1.671467907726764679e-05
2.279295586049556732e-05
1.519452780485153198e-06
2.127338666468858719e-05
2.279283944517374039e-05
2.431240864098072052e-05
2.279295586049556732e-05
2.279283944517374039e-05
-3.039021976292133331e-06
2.431240864098072052e-05
7.597613148391246796e-06
2.431240864098072052e-05
1.975381746888160706e-05
2.279283944517374039e-05
2.127338666468858719e-05
2.279283944517374039e-05
2.279283944517374039e-05
1.975381746888160706e-05
2.431240864098072052e-05
2.279295586049556732e-05
2.431240864098072052e-05
2.127327024936676025e-05
7.597613148391246796e-06
2.127338666468858719e-05
1.975381746888160706e-05
2.431240864098072052e-05
2.431240864098072052e-05
2.431240864098072052e-05
2.127338666468858719e-05
2.279283944517374039e-05
2.583197783678770065e-05
2.127327024936676025e-05
1.975381746888160706e-05
2.583197783678770065e-05
2.431240864098072052e-05
1.975381746888160706e-05
1.975381746888160706e-05
2.431240864098072052e-05
2.127338666468858719e-05
2.583186142146587372e-05
2.583197783678770065e-05
2.127338666468858719e-05
2.583186142146587372e-05
2.583197783678770065e-05
2.431240864098072052e-05
9.117182344198226929e-06
2.583186142146587372e-05
2.735154703259468079e-05
2.279272302985191345e-05
2.735154703259468079e-05
6.078043952584266663e-06
2.735154703259468079e-05
2.735131420195102692e-05
2.127350308001041412e-05
2.735131420195102692e-05
2.583186142146587372e-05
2.583209425210952759e-05
2.127327024936676025e-05
2.431240864098072052e-05
2.127327024936676025e-05
2.431240864098072052e-05
2.583209425210952759e-05
2.431240864098072052e-05
2.583186142146587372e-05
2.583186142146587372e-05
2.735154703259468079e-05
2.583186142146587372e-05
2.279295586049556732e-05
2.735131420195102692e-05
2.735154703259468079e-05
2.583186142146587372e-05
2.735154703259468079e-05
2.583186142146587372e-05
2.583186142146587372e-05
2.279295586049556732e-05
2.735131420195102692e-05
2.583209425210952759e-05
1.823436468839645386e-05
2.279272302985191345e-05
2.735154703259468079e-05
2.583186142146587372e-05
2.583186142146587372e-05
2.431240864098072052e-05
1.975381746888160706e-05
2.279295586049556732e-05
1.823436468839645386e-05
2.887099981307983398e-05
2.583186142146587372e-05
2.887099981307983398e-05
1.671467907726764679e-05
3.039045259356498718e-05
2.279295586049556732e-05
2.735154703259468079e-05
1.975381746888160706e-05
3.039045259356498718e-05
2.735131420195102692e-05
2.735154703259468079e-05
1.519522629678249359e-05
2.735154703259468079e-05
2.583186142146587372e-05
2.887099981307983398e-05
2.735154703259468079e-05
2.583186142146587372e-05
2.887099981307983398e-05
2.583186142146587372e-05
2.887099981307983398e-05
2.887099981307983398e-05
3.039045259356498718e-05
3.039045259356498718e-05
1.063663512468338013e-05
2.887099981307983398e-05
1.823436468839645386e-05
2.887099981307983398e-05
2.431240864098072052e-05
2.887099981307983398e-05
2.735131420195102692e-05
2.583209425210952759e-05
2.735131420195102692e-05
2.735154703259468079e-05
1.975381746888160706e-05
2.431240864098072052e-05
2.583186142146587372e-05
1.215632073581218719e-05
2.735154703259468079e-05
2.583162859082221985e-05
2.735154703259468079e-05
2.583209425210952759e-05
2.887099981307983398e-05
2.279272302985191345e-05
2.583209425210952759e-05
2.735108137130737305e-05
2.735154703259468079e-05
