1.823430102376732975e-05
1.215619886352214962e-05
1.367572622257284820e-05
1.215620068251155317e-05
3.342955096741206944e-05
3.646859840955585241e-05
3.798813850153237581e-05
2.887097070924937725e-05
4.558575164992362261e-05
5.166385381016880274e-05
5.318337935023009777e-05
3.950766404159367085e-05
4.406622610986232758e-05
4.710527718998491764e-05
5.318335024639964104e-05
5.318340845406055450e-05
5.014432827010750771e-05
5.622243043035268784e-05
4.406622610986232758e-05
5.318335024639964104e-05
6.230053259059786797e-05
5.622243043035268784e-05
7.141765672713518143e-05
7.293728413060307503e-05
6.837863475084304810e-05
5.774188321083784103e-05
6.230059079825878143e-05
5.926145240664482117e-05
7.293722592294216156e-05
7.293710950762033463e-05
5.926156882196664810e-05
7.445667870342731476e-05
8.053483907133340836e-05
6.989820394665002823e-05
7.901526987552642822e-05
7.597624789923429489e-05
8.205429185181856155e-05
6.989832036197185516e-05
8.053472265601158142e-05
7.293722592294216156e-05
1.018082257360219955e-04
7.293722592294216156e-05
7.141754031181335449e-05
7.901526987552642822e-05
8.357386104762554169e-05
8.205440826714038849e-05
9.724963456392288208e-05
9.269104339182376862e-05
9.573018178343772888e-05
9.421049617230892181e-05
8.205440826714038849e-05
1.033276785165071487e-04
8.205417543649673462e-05
8.813245221972465515e-05
7.597636431455612183e-05
7.901526987552642822e-05
1.018082257360219955e-04
8.965190500020980835e-05
1.048473641276359558e-04
8.509354665875434875e-05
1.002885401248931885e-04
8.509308099746704102e-05
1.018084585666656494e-04
8.813245221972465515e-05
9.876908734440803528e-05
1.124446280300617218e-04
9.269127622246742249e-05
1.033279113471508026e-04
7.749535143375396729e-05
1.124450936913490295e-04
9.421072900295257568e-05
8.965190500020980835e-05
9.421026334166526794e-05
9.269127622246742249e-05
1.352378167212009430e-04
1.048468984663486481e-04
1.033279113471508026e-04
1.124446280300617218e-04
8.509354665875434875e-05
1.276400871574878693e-04
1.002885401248931885e-04
1.078862696886062622e-04
1.291600055992603302e-04
1.185229048132896423e-04
1.549916341900825500e-04
9.572971612215042114e-05
1.094061881303787231e-04
1.261201687157154083e-04
1.033279113471508026e-04
1.033279113471508026e-04
1.063663512468338013e-04
1.306794583797454834e-04
1.321984454989433289e-04
1.094057224690914154e-04
1.352378167212009430e-04
1.276405528187751770e-04
1.109251752495765686e-04
1.154839992523193359e-04
1.352373510599136353e-04
1.367572695016860962e-04
1.443549990653991699e-04
1.321984454989433289e-04
1.185229048132896423e-04
1.215627416968345642e-04
1.109251752495765686e-04
1.458739861845970154e-04
1.382771879434585571e-04
1.321984454989433289e-04
1.276396214962005615e-04
1.306794583797454834e-04
1.337183639407157898e-04
1.519527286291122437e-04
1.352373510599136353e-04
1.519527286291122437e-04
1.504328101873397827e-04
1.139640808105468750e-04
1.641092821955680847e-04
1.534717157483100891e-04
1.215618103742599487e-04
1.656282693147659302e-04
9.724963456392288208e-05
1.473939046263694763e-04
1.428360119462013245e-04
1.443540677428245544e-04
1.686681061983108521e-04
1.337174326181411743e-04
1.504337415099143982e-04
1.671472564339637756e-04
1.352382823824882507e-04
1.367572695016860962e-04
1.504328101873397827e-04
1.352373510599136353e-04
1.549916341900825500e-04
1.565115526318550110e-04
1.413151621818542480e-04
1.717070117592811584e-04
1.641083508729934692e-04
1.489138230681419373e-04
1.473939046263694763e-04
1.641083508729934692e-04
1.641083508729934692e-04
1.656282693147659302e-04
1.428360119462013245e-04
1.595495268702507019e-04
1.717070117592811584e-04
1.610694453120231628e-04
1.823427155613899231e-04
1.306794583797454834e-04
1.443549990653991699e-04
1.352373510599136353e-04
1.656292006373405457e-04
1.473929733037948608e-04
1.534726470708847046e-04
1.671463251113891602e-04
1.732259988784790039e-04
1.914612948894500732e-04
1.504328101873397827e-04
1.504328101873397827e-04
1.473929733037948608e-04
1.929812133312225342e-04
1.519527286291122437e-04
1.595485955476760864e-04
1.853834837675094604e-04
1.580305397510528564e-04
1.549907028675079346e-04
1.899413764476776123e-04
1.793038100004196167e-04
1.519527286291122437e-04
1.458730548620223999e-04
1.534726470708847046e-04
2.005770802497863770e-04
1.671481877565383911e-04
1.686681061983108521e-04
1.747440546751022339e-04
1.717060804367065430e-04
1.701880246400833130e-04
1.717060804367065430e-04
1.777838915586471558e-04
1.975391060113906860e-04
1.656282693147659302e-04
1.686662435531616211e-04
1.944992691278457642e-04
1.686681061983108521e-04
1.869015395641326904e-04
1.808237284421920776e-04
1.853816211223602295e-04
1.793038100004196167e-04
1.899413764476776123e-04
1.869015395641326904e-04
1.838617026805877686e-04
1.549925655126571655e-04
1.853816211223602295e-04
1.838617026805877686e-04
1.990590244531631470e-04
1.869015395641326904e-04
1.793038100004196167e-04
1.717060804367065430e-04
1.944992691278457642e-04
1.793038100004196167e-04
1.747459173202514648e-04
