2.279251250000000330e-06
9.876773750000001584e-06
1.443523749999999953e-05
2.811071249999999585e-05
3.874738750000001036e-05
5.470201249999996943e-05
8.661137500000002081e-05
1.025672500000000538e-04
1.306772500000000269e-04
1.587881250000000273e-04
1.701844874999998772e-04
2.066507750000000018e-04
2.605952374999998856e-04
3.259325000000005187e-04
3.996243749999994852e-04
4.398990000000001059e-04
4.900443750000004796e-04
5.462574999999998161e-04
6.024772499999987013e-04
6.807465000000000391e-04
6.769362500000002461e-04
6.837740000000015750e-04
7.301230000000000567e-04
7.529012499999992655e-04
7.172127499999996630e-04
7.384764999999997998e-04
7.392467500000002995e-04
6.997297499999992343e-04
7.004895000000000566e-04
6.754105000000010239e-04
6.685777499999979306e-04
6.655512500000019399e-04
6.754222500000000434e-04
6.351485000000017811e-04
6.382012499999978328e-04
6.359012499999976142e-04
6.579415000000053693e-04
6.298387499999967554e-04
6.222415000000022789e-04
6.275414999999985588e-04
6.473168750000014848e-04
6.039912499999980366e-04
5.789287499999989928e-04
5.720937499999988185e-04
5.948925000000028496e-04
6.017187500000006906e-04
6.351537499999990177e-04
6.594574999999984477e-04
7.164562500000005996e-04
7.589937500000025483e-04
6.913699999999967094e-04
6.997337500000005983e-04
6.944450000000018663e-04
6.252312499999967965e-04
6.161725000000048413e-04
6.480562499999974191e-04
6.815075000000045402e-04
6.890712499999923635e-04
6.792412500000004349e-04
7.209799999999995379e-04
7.187037500000006962e-04
6.936187500000065564e-04
6.838637499999994374e-04
7.270699999999893914e-04
7.414850000000069996e-04
7.278762500000021674e-04
7.088012500000018257e-04
7.118762500000000437e-04
7.476412499999932071e-04
7.566900000000043036e-04
7.339312500000000350e-04
7.452887499999963361e-04
7.316500000000003556e-04
7.384425000000055528e-04
7.134712499999931734e-04
7.080550000000060407e-04
6.663512499999954541e-04
7.407137500000035568e-04
7.019987499999949532e-04
6.883087500000120706e-04
6.989787499999886022e-04
7.142675000000042740e-04
7.255549999999957866e-04
7.103112499999980622e-04
6.990125000000055322e-04
7.156124999999971537e-04
7.643712499999996690e-04
7.575350000000036221e-04
7.551137499999943659e-04
7.755875000000078678e-04
7.507699999999908891e-04
7.566950000000016718e-04
7.687937500000033286e-04
7.947562500000074359e-04
7.712524999999928466e-04
8.272912500000006997e-04
8.302975000000073491e-04
8.350499999999969059e-04
7.962499999999983480e-04
8.235925000000046681e-04
7.893974999999900377e-04
8.379024999999942769e-04
8.639100000000093926e-04
9.185525000000027696e-04
8.972637500000019140e-04
8.350162500000007926e-04
8.949962499999880583e-04
8.691912499999981945e-04
8.705325000000069258e-04
8.895749999999896795e-04
8.205775000000026242e-04
8.403450000000062259e-04
8.356587500000095536e-04
8.426024999999975895e-04
8.091262500000001578e-04
7.703387499999880816e-04
7.537562500000011267e-04
7.947475000000120415e-04
8.090850000000010533e-04
8.107387499999979541e-04
8.332174999999969467e-04
8.571012500000058099e-04
8.478587499999995503e-04
8.767999999999970262e-04
8.516762499999885883e-04
8.549000000000056554e-04
8.257537500000050601e-04
8.120862499999964568e-04
8.090987500000007548e-04
7.841425000000012968e-04
8.136662499999974818e-04
8.137712499999977256e-04
8.303124999999994538e-04
7.848075000000120927e-04
7.977462499999810053e-04
8.669812500000095845e-04
7.072737500000148003e-04
7.589262499999999134e-04
7.893899999999870465e-04
7.825124999999988340e-04
7.893575000000041531e-04
7.948512500000060044e-04
7.672899999999899245e-04
8.281187499999814738e-04
7.597225000000040751e-04
8.099112500000033021e-04
8.113562500000059963e-04
7.622037499999956278e-04
7.893200000000100136e-04
8.843662500000043503e-04
8.029637499999964234e-04
7.955300000000026239e-04
8.113574999999983994e-04
8.160487499999924399e-04
8.143775000000047504e-04
8.084738750000070029e-04
7.482224999999786963e-04
7.431170000000292264e-04
7.262614999999777998e-04
8.320620000000084060e-04
8.235115000000126084e-04
7.620274999999843146e-04
8.295408750000066167e-04
8.547437499999976929e-04
8.639059874999965860e-04
8.456365124999976057e-04
8.835700000000140664e-04
8.622047499999840880e-04
8.396852499999996056e-04
8.470116250000048197e-04
8.495017500000090482e-04
1.004243749999994550e-03
8.524352500000054178e-04
8.609644999999915838e-04
8.736951250000180025e-04
8.919649999999806900e-04
8.447899999999841647e-04
8.431937500000263874e-04
8.441349999999958609e-04
8.624050000000105243e-04
8.811937499999811241e-04
1.136778750000011495e-03
9.190849999999861630e-04
8.562987500000118768e-04
8.509424999999792849e-04
7.909537500000174415e-04
7.862600000000108391e-04
8.229049999999848986e-04
7.977524999999985322e-04
7.938662499999693534e-04
8.061075000000139656e-04
7.665112500000181850e-04
7.096862500000078455e-04
7.141362499999970304e-04
7.475799999999976908e-04
7.703562499999927482e-04
8.207724999999832516e-04
7.687125000000183395e-04
7.294237500000133601e-04
7.747924999999822315e-04
