-3.798750000000000052e-07
-3.798750000000000052e-07
3.608815625000000321e-06
1.291577812500000024e-05
2.792078125000000248e-05
4.292593750000000104e-05
4.311593750000000430e-05
3.665812500000000234e-05
4.368562499999998207e-05
5.280249999999999462e-05
6.401062500000002887e-05
7.502499999999999404e-05
8.471249999999997879e-05
8.813125000000005850e-05
8.262187499999992628e-05
5.964062500000001481e-05
4.292499999999997273e-05
4.273750000000000205e-05
4.729375000000004842e-05
5.109375000000003237e-05
4.159687499999994553e-05
3.684687499999996559e-05
3.456875000000005083e-05
3.228749999999993778e-05
3.285937500000011939e-05
3.722812499999997825e-05
4.026875000000002675e-05
4.425312499999989151e-05
4.634687500000003388e-05
4.938437499999999251e-05
5.413125000000009943e-05
5.736249999999999162e-05
6.077812499999998147e-05
5.983124999999985850e-05
6.951562500000013287e-05
5.318437499999997646e-05
3.608749999999992172e-05
3.665937500000010334e-05
3.912499999999988036e-05
4.102812499999996219e-05
4.653437500000000455e-05
4.634375000000016086e-05
4.957499999999983621e-05
5.527187499999993911e-05
5.754999999999996230e-05
4.824375000000036967e-05
4.349687500000004592e-05
4.159687499999962026e-05
4.558437500000022541e-05
4.577500000000006911e-05
4.767500000000006108e-05
5.280312499999963854e-05
6.001875000000026286e-05
6.400937500000009051e-05
6.780937499999964077e-05
7.350312500000030433e-05
7.369687499999980421e-05
7.654687500000022585e-05
8.319062500000001803e-05
7.958437499999996764e-05
8.300312499999983051e-05
7.027812499999994134e-05
6.153124999999995404e-05
6.078125000000007133e-05
5.775000000000007558e-05
5.203124999999999417e-05
5.146874999999986530e-05
5.128125000000011147e-05
5.206250000000002542e-05
4.578124999999981515e-05
4.350000000000013578e-05
4.346875000000010453e-05
4.350000000000013578e-05
4.312499999999976075e-05
4.275000000000025308e-05
4.215624999999965927e-05
4.159374999999996408e-05
4.140625000000021025e-05
4.121874999999958905e-05
4.084375000000008138e-05
4.062499999999986261e-05
4.028125000000038619e-05
4.084375000000008138e-05
4.043749999999967509e-05
4.046875000000057371e-05
4.043749999999967509e-05
4.046874999999970635e-05
4.084375000000008138e-05
4.103125000000026890e-05
4.121874999999958905e-05
4.196875000000033912e-05
4.293750000000044059e-05
4.406249999999983097e-05
4.574999999999978390e-05
4.824999999999968203e-05
4.387500000000051081e-05
4.559374999999962763e-05
5.184374999999980665e-05
3.990625000000001116e-05
2.981250000000032485e-05
3.362499999999980088e-05
4.043750000000054245e-05
4.596875000000000266e-05
4.959374999999929118e-05
5.393750000000016587e-05
5.753125000000029049e-05
6.021874999999950878e-05
6.040625000000056366e-05
5.449999999999986106e-05
3.590625000000034761e-05
3.721874999999992550e-05
4.140624999999977657e-05
4.559374999999962763e-05
5.015625000000072109e-05
5.431249999999967354e-05
5.812500000000001693e-05
4.975000000000031480e-05
5.071874999999954892e-05
4.406249999999983097e-05
4.540625000000030748e-05
4.596875000000000266e-05
4.481249999999971367e-05
4.521875000000011996e-05
4.784375000000014311e-05
5.128125000000011147e-05
5.699999999999975919e-05
5.184374999999980665e-05
5.034375000000004124e-05
5.356249999999979083e-05
5.753125000000029049e-05
4.521875000000011996e-05
4.025000000000035494e-05
4.293749999999957323e-05
4.709375000000026040e-05
4.921874999999978351e-05
5.278124999999987688e-05
5.812500000000001693e-05
6.496874999999992240e-05
7.503125000000044481e-05
8.984374999999964612e-05
1.059687500000001600e-04
1.227187499999995643e-04
8.696875000000024031e-05
7.065625000000040623e-05
6.478124999999973488e-05
6.743749999999978928e-05
6.968750000000030476e-05
7.712499999999993666e-05
8.490624999999991235e-05
9.628125000000001266e-05
7.274999999999989808e-05
6.724999999999960176e-05
7.028125000000003120e-05
7.787499999999981937e-05
8.584374999999998257e-05
9.781250000000067668e-05
1.071249999999995817e-04
9.631250000000091127e-05
1.080624999999987845e-04
9.193750000000000533e-05
9.875000000000161426e-05
9.137499999999944278e-05
9.212500000000019285e-05
9.212500000000019285e-05
9.287499999999920819e-05
9.096874999999990385e-05
9.856249999999969202e-05
9.459375000000005973e-05
9.040625000000107603e-05
8.834374999999901334e-05
8.696875000000110767e-05
8.718749999999872435e-05
8.415625000000002964e-05
8.546875000000134226e-05
8.681249999999834932e-05
8.318750000000166289e-05
8.793749999999947442e-05
9.174999999999981781e-05
9.456249999999916112e-05
9.496875000000043476e-05
1.025937500000011215e-04
1.101562500000000111e-04
1.194687499999989161e-04
9.706249999999992661e-05
1.057812500000008399e-04
1.044687499999995273e-04
7.731249999999925682e-05
7.959375000000067091e-05
8.584374999999998257e-05
8.984375000000051348e-05
9.190624999999910671e-05
9.174999999999981781e-05
9.021875000000088851e-05
9.078124999999971634e-05
9.687499999999973910e-05
8.831249999999984945e-05
8.778125000000018552e-05
9.040624999999934130e-05
9.362500000000169298e-05
1.008749999999985353e-04
