0.000000000000000000e+00
0.000000000000000000e+00
-6.078009999999999935e-06
0.000000000000000000e+00
-6.077990000000000230e-06
-1.215600000000000017e-05
-6.077999999999998389e-06
-1.215610000000000377e-05
-1.823399999999999517e-05
-1.215600000000000355e-05
-1.215599999999999678e-05
-1.823390000000000850e-05
-2.431199999999998000e-05
-1.823400000000000194e-05
-2.431200000000002066e-05
-2.431199999999999356e-05
-1.823400000000000194e-05
-3.646800000000000389e-05
-2.431199999999996645e-05
-3.039000000000003938e-05
-2.431199999999996645e-05
-3.039000000000003938e-05
-3.039100000000000091e-05
-3.646800000000000389e-05
-3.038999999999998517e-05
-3.646799999999994968e-05
-3.039000000000003938e-05
-3.646800000000000389e-05
-3.646800000000000389e-05
-3.039000000000003938e-05
-3.646800000000000389e-05
-3.646800000000000389e-05
-3.646799999999989546e-05
-3.646800000000000389e-05
-3.646800000000000389e-05
-3.646800000000000389e-05
-3.646800000000000389e-05
-4.254600000000007681e-05
-3.038999999999993096e-05
-4.254599999999996839e-05
-3.646700000000009656e-05
-3.647000000000003538e-05
-3.646999999999981854e-05
-4.254000000000019918e-05
-3.646999999999981854e-05
-4.255000000000013979e-05
-3.647000000000003538e-05
-4.253999999999998234e-05
-3.647000000000003538e-05
-3.646999999999981854e-05
-4.253999999999998234e-05
-3.039000000000014780e-05
-4.254999999999992295e-05
-3.647000000000003538e-05
-4.253999999999998234e-05
-4.254999999999992295e-05
-3.039000000000014780e-05
-4.254999999999992295e-05
-3.646000000000009476e-05
-3.646999999999981854e-05
-3.647000000000003538e-05
-4.255000000000013979e-05
-3.645999999999987792e-05
-3.647000000000003538e-05
-3.647000000000003538e-05
-4.254999999999992295e-05
-3.645999999999987792e-05
-3.647000000000025222e-05
-6.077999999999986191e-05
-1.216000000000020884e-05
-4.253999999999976550e-05
-3.647000000000025222e-05
-3.646999999999981854e-05
-3.038999999999993096e-05
-4.255000000000013979e-05
-3.646999999999981854e-05
-3.646000000000031160e-05
-3.646999999999981854e-05
-3.646999999999981854e-05
-3.647000000000025222e-05
-3.646999999999981854e-05
-4.862000000000008676e-05
-4.862000000000008676e-05
-4.863000000000002737e-05
-5.469999999999997434e-05
-4.862000000000008676e-05
-4.863000000000002737e-05
-4.861999999999965308e-05
-4.255000000000013979e-05
-4.862000000000008676e-05
-4.255000000000013979e-05
-4.253999999999976550e-05
-4.863000000000002737e-05
-4.254000000000019918e-05
-4.862999999999959369e-05
-4.254000000000019918e-05
-3.646999999999981854e-05
-4.255000000000013979e-05
-4.862000000000008676e-05
-3.646999999999981854e-05
-4.862000000000008676e-05
-3.647000000000025222e-05
-4.254999999999970611e-05
-4.254000000000019918e-05
-3.646999999999981854e-05
-6.686000000000018317e-05
-1.822999999999972212e-05
-4.255000000000013979e-05
-3.647000000000025222e-05
-3.646999999999981854e-05
-4.253999999999976550e-05
-3.647000000000025222e-05
-4.255000000000013979e-05
-4.253999999999976550e-05
-3.647000000000025222e-05
-3.038999999999993096e-05
-3.647000000000025222e-05
-4.254999999999970611e-05
-3.038999999999993096e-05
-4.253999999999976550e-05
-3.647000000000025222e-05
-3.038999999999993096e-05
-3.647000000000025222e-05
-3.646999999999938485e-05
-4.254000000000063286e-05
-2.430999999999960970e-05
-3.647000000000025222e-05
-3.038999999999993096e-05
-3.647000000000025222e-05
-3.646999999999938485e-05
-3.038999999999993096e-05
-4.254000000000063286e-05
-1.824000000000009641e-05
-3.038999999999993096e-05
-3.038999999999993096e-05
-3.646999999999938485e-05
-2.431000000000047706e-05
-3.038999999999993096e-05
-3.038999999999993096e-05
-2.431000000000047706e-05
-3.038999999999993096e-05
-3.646999999999938485e-05
-4.862000000000008676e-05
0.000000000000000000e+00
-3.038999999999993096e-05
-2.431000000000047706e-05
-3.038999999999993096e-05
-2.431999999999955031e-05
-2.431000000000047706e-05
-3.038999999999993096e-05
-1.823000000000015580e-05
-2.430999999999960970e-05
-3.038999999999993096e-05
-2.432000000000041767e-05
-1.823000000000015580e-05
-2.430999999999960970e-05
-2.430999999999960970e-05
-1.824000000000009641e-05
-2.431000000000047706e-05
-1.823000000000015580e-05
-2.431999999999955031e-05
-2.431000000000047706e-05
-2.430999999999960970e-05
-1.824000000000009641e-05
-1.214999999999983454e-05
-3.038999999999993096e-05
-6.080000000000321259e-06
-1.823000000000015580e-05
-1.824000000000009641e-05
-1.822999999999928844e-05
-1.216000000000064252e-05
-1.214999999999983454e-05
-2.431999999999955031e-05
-6.070000000000380647e-06
-1.824000000000009641e-05
-1.214999999999983454e-05
-1.215999999999977516e-05
-1.216000000000064252e-05
-1.214999999999983454e-05
-4.254999999999970611e-05
2.430999999999960970e-05
-6.069999999999513285e-06
-1.215999999999977516e-05
-1.216000000000064252e-05
-1.214999999999983454e-05
-6.079999999999453897e-06
-1.216000000000064252e-05
-6.069999999999513285e-06
-6.080000000000321259e-06
-6.080000000000321259e-06
-6.079999999999453897e-06
-1.214999999999983454e-05
-6.080000000000321259e-06
-6.080000000000321259e-06
-6.079999999999453897e-06
-6.080000000000321259e-06
-1.214999999999983454e-05
0.000000000000000000e+00
-6.080000000000321259e-06
0.000000000000000000e+00
