3.039000000000000041e-06
9.117012499999998458e-06
1.519498750000000018e-05
2.735112500000000149e-05
4.102649999999999759e-05
5.774137500000000754e-05
8.661125000000000529e-05
1.025662500000000109e-04
1.359962499999999670e-04
1.633462500000000626e-04
1.762612499999999076e-04
2.241275000000001339e-04
2.704712499999998611e-04
3.380875000000001067e-04
4.452125000000001220e-04
4.862374999999997775e-04
5.242375000000000507e-04
5.888000000000000005e-04
6.465499999999996424e-04
6.716250000000003467e-04
6.761750000000002134e-04
6.708625000000001046e-04
6.868124999999999231e-04
6.837750000000001813e-04
6.890999999999989148e-04
7.134000000000011860e-04
7.308874999999992461e-04
6.860500000000005483e-04
6.997249999999999998e-04
6.966999999999997500e-04
6.670375000000002691e-04
6.883749999999997510e-04
6.723749999999993621e-04
6.397499999999996939e-04
6.472500000000002557e-04
6.283750000000021957e-04
6.259999999999980858e-04
6.222500000000012743e-04
6.343749999999995226e-04
6.449999999999997402e-04
6.434999999999982401e-04
5.963750000000031526e-04
5.767499999999974036e-04
5.963749999999996831e-04
6.116250000000010567e-04
6.509999999999988018e-04
6.633750000000007696e-04
6.815000000000015490e-04
7.178749999999997633e-04
7.621249999999989144e-04
7.209999999999994191e-04
7.057500000000015150e-04
7.369999999999980733e-04
6.692499999999997062e-04
6.755000000000024873e-04
6.943750000000005473e-04
7.164999999999983882e-04
7.209999999999994191e-04
7.361250000000006677e-04
7.977499999999998481e-04
8.091250000000008158e-04
7.863749999999988805e-04
7.923749999999979421e-04
8.068750000000055045e-04
7.992499999999944094e-04
7.841250000000035691e-04
7.681250000000014455e-04
7.794999999999954743e-04
8.037499999999989098e-04
7.863750000000058193e-04
7.673750000000006954e-04
7.771249999999965685e-04
7.787500000000016631e-04
7.863749999999988805e-04
7.727500000000026015e-04
7.809999999999969744e-04
7.780000000000009130e-04
8.014999999999966596e-04
7.916250000000041309e-04
7.651249999999984452e-04
7.612499999999980393e-04
7.673750000000006954e-04
7.590000000000027280e-04
7.482499999999989160e-04
7.209999999999994191e-04
7.507500000000014162e-04
8.098750000000015659e-04
8.417499999999952798e-04
8.707500000000034657e-04
9.237500000000009592e-04
9.011249999999956795e-04
8.167500000000049720e-04
8.242499999999985949e-04
8.152499999999965330e-04
8.152500000000034719e-04
8.234999999999978448e-04
7.886250000000011307e-04
7.962499999999983480e-04
7.878750000000003806e-04
8.144999999999957829e-04
8.333750000000111902e-04
8.486249999999917470e-04
8.866250000000019948e-04
9.618750000000009237e-04
8.888749999999973062e-04
8.554999999999951532e-04
8.752500000000079661e-04
8.365000000000039071e-04
8.121249999999968772e-04
8.016250000000002540e-04
7.946249999999932534e-04
8.023750000000079430e-04
8.158749999999936886e-04
8.023750000000079430e-04
7.962499999999983480e-04
7.474999999999981659e-04
7.233749999999983249e-04
7.482500000000058549e-04
7.727499999999887237e-04
7.802500000000101021e-04
7.886250000000011307e-04
7.977499999999998481e-04
8.061249999999908766e-04
8.501250000000071250e-04
8.242499999999985949e-04
8.297500000000040954e-04
8.182499999999925944e-04
8.190000000000002833e-04
8.402500000000007185e-04
7.893749999999949418e-04
8.174999999999987832e-04
8.395000000000069074e-04
8.554999999999951532e-04
8.273750000000051896e-04
8.547500000000013420e-04
9.078750000000024301e-04
7.453749999999925713e-04
7.817499999999977245e-04
8.128750000000045661e-04
8.053749999999970655e-04
8.029999999999981597e-04
8.061250000000047544e-04
7.696249999999960067e-04
8.091250000000077547e-04
7.658749999999991953e-04
7.946249999999932534e-04
8.016250000000002540e-04
7.810000000000039133e-04
7.940000000000030367e-04
8.531249999999962474e-04
8.228750000000006892e-04
7.733750000000066960e-04
7.962499999999983480e-04
7.938749999999994422e-04
7.841249999999966303e-04
7.672499999999971010e-04
7.423750000000034488e-04
7.566249999999968834e-04
7.757500000000056017e-04
7.886250000000011307e-04
8.364999999999900293e-04
7.825000000000054134e-04
8.258750000000036895e-04
8.441250000000011244e-04
8.827499999999877112e-04
8.593750000000094369e-04
8.804999999999923999e-04
8.380000000000054072e-04
8.091249999999938769e-04
8.174999999999987832e-04
8.221250000000068781e-04
9.557500000000052065e-04
8.516249999999947473e-04
8.395000000000069074e-04
8.598749999999960592e-04
8.637499999999964650e-04
8.325000000000137845e-04
8.337499999999942180e-04
8.399999999999796518e-04
8.625000000000160316e-04
8.700000000000096545e-04
1.103749999999986686e-03
9.862499999999940758e-04
8.462499999999928413e-04
7.812500000000111022e-04
7.612499999999911005e-04
7.749999999999979128e-04
7.837499999999997247e-04
7.837500000000274802e-04
7.762499999999783462e-04
7.775000000000142908e-04
7.387499999999824762e-04
7.287500000000002309e-04
7.125000000000047962e-04
7.400000000000184208e-04
7.749999999999979128e-04
8.099999999999774047e-04
7.862500000000161027e-04
7.287500000000002309e-04
7.474999999999842881e-04
