-3.654457977972924709e-04
-7.217744132503867149e-05
6.002123700454831123e-05
4.133108304813504219e-04
3.001061850227415562e-04
1.876614405773580074e-04
2.264091745018959045e-04
4.300255677662789822e-04
1.382768386974930763e-04
3.745629219338297844e-04
4.087521228939294815e-04
4.649749025702476501e-04
5.796984769403934479e-04
5.075219087302684784e-04
2.484419383108615875e-04
4.034340381622314453e-04
5.401908420026302338e-04
5.584256723523139954e-04
5.523473955690860748e-04
5.781794898211956024e-04
5.462691187858581543e-04
4.406627267599105835e-04
2.590785734355449677e-04
5.417107604444026947e-04
5.211979150772094727e-04
5.622245371341705322e-04
1.967772841453552246e-04
5.531078204512596130e-04
5.796989426016807556e-04
4.588961601257324219e-04
6.435187533497810364e-04
5.363924428820610046e-04
6.169276311993598938e-04
6.815055385231971741e-04
5.994541570544242859e-04
4.748506471514701843e-04
6.982227787375450134e-04
6.192056462168693542e-04
6.845463067293167114e-04
6.290841847658157349e-04
7.088575512170791626e-04
7.445663213729858398e-04
6.959438323974609375e-04
6.951838731765747070e-04
6.594732403755187988e-04
7.787551730871200562e-04
5.455110222101211548e-04
7.240530103445053101e-04
7.491260766983032227e-04
5.394313484430313110e-04
7.354486733675003052e-04
7.225349545478820801e-04
7.415264844894409180e-04
6.974637508392333984e-04
7.924325764179229736e-04
6.670709699392318726e-04
5.356334149837493896e-04
7.270928472280502319e-04
7.187351584434509277e-04
7.058158516883850098e-04
6.100945174694061279e-04
7.316507399082183838e-04
5.151182413101196289e-04
7.795169949531555176e-04
8.152239024639129639e-04
5.128383636474609375e-04
6.974637508392333984e-04
8.144676685333251953e-04
7.650777697563171387e-04
6.663091480731964111e-04
7.802806794643402100e-04
6.708689033985137939e-04
7.529258728027343750e-04
7.248111069202423096e-04
7.673613727092742920e-04
7.369704544544219971e-04
6.328821182250976562e-04
6.822645664215087891e-04
7.878765463829040527e-04
7.962286472320556641e-04
8.030682802200317383e-04
8.646175265312194824e-04
8.509270846843719482e-04
7.666014134883880615e-04
5.500689148902893066e-04
8.273795247077941895e-04
7.316544651985168457e-04
7.901526987552642822e-04
5.356334149837493896e-04
7.468424737453460693e-04
7.080957293510437012e-04
8.349865674972534180e-04
8.364953100681304932e-04
7.050633430480957031e-04
7.711537182331085205e-04
7.293745875358581543e-04
6.754286587238311768e-04
6.062909960746765137e-04
8.076280355453491211e-04
7.308907806873321533e-04
8.121877908706665039e-04
7.711574435234069824e-04
5.462653934955596924e-04
7.407739758491516113e-04
8.433386683464050293e-04
7.422864437103271484e-04
8.395314216613769531e-04
7.673650979995727539e-04
5.895793437957763672e-04
6.541535258293151855e-04
7.909089326858520508e-04
7.635578513145446777e-04
8.205473423004150391e-04
7.650852203369140625e-04
6.412342190742492676e-04
8.106678724288940430e-04
8.395314216613769531e-04
7.491335272789001465e-04
8.121803402900695801e-04
6.663128733634948730e-04
6.655603647232055664e-04
7.506459951400756836e-04
7.734298706054687500e-04
8.114278316497802734e-04
7.316470146179199219e-04
8.364990353584289551e-04
7.833242416381835938e-04
7.354468107223510742e-04
7.422864437103271484e-04
7.795169949531555176e-04
8.456110954284667969e-04
8.805766701698303223e-04
8.349716663360595703e-04
8.600503206253051758e-04
7.172152400016784668e-04
7.574930787086486816e-04
8.266121149063110352e-04
7.042959332466125488e-04
7.445737719535827637e-04
8.615702390670776367e-04
7.058233022689819336e-04
8.121803402900695801e-04
5.082860589027404785e-04
3.798753023147583008e-04
7.666051387786865234e-04
7.042959332466125488e-04
7.521733641624450684e-04
7.681101560592651367e-04
8.251070976257324219e-04
7.711574435234069824e-04
7.719174027442932129e-04
5.683079361915588379e-04
6.693452596664428711e-04
8.334666490554809570e-04
7.939413189888000488e-04
7.901564240455627441e-04
7.438138127326965332e-04
8.000284433364868164e-04
6.837844848632812500e-04
8.334517478942871094e-04
3.852024674415588379e-04
7.453337311744689941e-04
7.362067699432373047e-04
8.213073015213012695e-04
7.164552807807922363e-04
7.817894220352172852e-04
5.948990583419799805e-04
6.723925471305847168e-04
6.913840770721435547e-04
6.685853004455566406e-04
6.663128733634948730e-04
7.749572396278381348e-04
7.954761385917663574e-04
8.273795247077941895e-04
6.040111184120178223e-04
8.349865674972534180e-04
8.129328489303588867e-04
7.909163832664489746e-04
7.400065660476684570e-04
8.129402995109558105e-04
7.453337311744689941e-04
8.592903614044189453e-04
8.114278316497802734e-04
8.486509323120117188e-04
7.111355662345886230e-04
6.192103028297424316e-04
7.643252611160278320e-04
7.392466068267822266e-04
7.856041193008422852e-04
7.179677486419677734e-04
8.076280355453491211e-04
6.207227706909179688e-04
7.893890142440795898e-04
7.985234260559082031e-04
5.774050951004028320e-04
8.509457111358642578e-04
8.098930120468139648e-04
7.970035076141357422e-04
6.328672170639038086e-04
7.263422012329101562e-04
