2.735144807957112789e-04
1.641087583266198635e-04
3.525297506712377071e-04
-1.884210505522787571e-04
1.215619849972426891e-04
3.221393562853336334e-04
-4.680137499235570431e-04
-2.005773130804300308e-04
7.901532808318734169e-05
4.376231809146702290e-04
3.282173420302569866e-04
4.558574873954057693e-04
5.531072383746504784e-04
5.409510340541601181e-04
2.917486708611249924e-04
6.138882599771022797e-04
4.923259839415550232e-04
6.138882599771022797e-04
8.570118807256221771e-04
3.646863624453544617e-04
3.646858967840671539e-04
6.989813409745693207e-04
5.713417194783687592e-04
4.193885251879692078e-04
-2.309679985046386719e-04
1.057590357959270477e-03
5.895756185054779053e-04
3.707632422447204590e-04
7.536858320236206055e-04
5.834968760609626770e-04
4.680138081312179565e-04
5.531068891286849976e-04
7.050596177577972412e-04
9.724963456392288208e-04
-1.203463412821292877e-03
5.774199962615966797e-04
-8.509494364261627197e-05
8.023101836442947388e-04
9.238710626959800720e-04
6.321221590042114258e-04
8.509354665875434875e-04
6.138868629932403564e-04
3.646854311227798462e-04
8.509345352649688721e-04
6.685908883810043335e-04
8.934810757637023926e-04
6.321221590042114258e-04
1.008965075016021729e-03
6.017312407493591309e-04
7.293727248907089233e-04
1.015044748783111572e-03
7.476061582565307617e-04
7.415264844894409180e-04
6.746686995029449463e-04
1.233855262398719788e-03
-4.984047263860702515e-04
6.381999701261520386e-04
7.901545614004135132e-04
7.172152400016784668e-04
9.968075901269912720e-04
1.130525022745132446e-03
9.664185345172882080e-04
5.713440477848052979e-04
7.840730249881744385e-04
9.907297790050506592e-04
4.619359970092773438e-04
8.934810757637023926e-04
9.238719940185546875e-04
6.260424852371215820e-04
3.829263150691986084e-04
1.069739460945129395e-03
1.124449074268341064e-03
6.807483732700347900e-04
1.215621829032897949e-03
1.063667237758636475e-03
9.724944829940795898e-04
1.166991889476776123e-03
1.166999340057373047e-03
1.100137829780578613e-03
1.063663512468338013e-03
9.664222598075866699e-04
9.724907577037811279e-04
1.039355993270874023e-03
1.008965075016021729e-03
6.260424852371215820e-04
1.087985932826995850e-03
1.337174326181411743e-03
1.227781176567077637e-03
1.154839992523193359e-03
1.166995614767074585e-03
1.130528748035430908e-03
9.481795132160186768e-04
1.154839992523193359e-03
1.094061881303787231e-03
1.173071563243865967e-03
1.173071563243865967e-03
9.421110153198242188e-04
1.215614378452301025e-03
1.039355993270874023e-03
1.118369400501251221e-03
1.118376851081848145e-03
1.221694052219390869e-03
1.179151237010955811e-03
8.934810757637023926e-04
1.057587563991546631e-03
1.361496746540069580e-03
1.859895884990692139e-03
1.373648643493652344e-03
9.785741567611694336e-04
1.215621829032897949e-03
1.221701502799987793e-03
1.397952437400817871e-03
1.081913709640502930e-03
1.221694052219390869e-03
1.160912215709686279e-03
1.519531011581420898e-03
1.221694052219390869e-03
1.562073826789855957e-03
1.075826585292816162e-03
1.045428216457366943e-03
1.331105828285217285e-03
1.294635236263275146e-03
1.300722360610961914e-03
1.191303133964538574e-03
1.209534704685211182e-03
1.264244318008422852e-03
9.785816073417663574e-04
1.288555562496185303e-03
1.246005296707153320e-03
1.531682908535003662e-03
1.385815441608428955e-03
6.078034639358520508e-04
-1.148760318756103516e-03
7.111355662345886230e-04
1.142688095569610596e-03
1.227773725986480713e-03
1.300707459449768066e-03
1.458749175071716309e-03
1.410119235515594482e-03
1.221708953380584717e-03
1.185216009616851807e-03
9.664222598075866699e-04
1.373648643493652344e-03
1.343265175819396973e-03
1.331105828285217285e-03
1.130513846874237061e-03
1.562081277370452881e-03
1.239925622940063477e-03
1.276403665542602539e-03
1.191303133964538574e-03
1.318946480751037598e-03
1.653254032135009766e-03
1.385822892189025879e-03
1.166984438896179199e-03
1.312851905822753906e-03
1.385807991027832031e-03
1.458749175071716309e-03
1.264259219169616699e-03
1.264244318008422852e-03
1.592457294464111328e-03
1.379728317260742188e-03
8.266121149063110352e-04
1.233860850334167480e-03
1.318946480751037598e-03
1.428335905075073242e-03
1.154854893684387207e-03
1.203462481498718262e-03
9.664148092269897461e-04
1.422271132469177246e-03
1.221701502799987793e-03
1.446604728698730469e-03
1.598551869392395020e-03
1.598522067070007324e-03
1.002877950668334961e-03
1.373663544654846191e-03
1.100122928619384766e-03
1.282483339309692383e-03
1.489147543907165527e-03
1.470878720283508301e-03
1.549929380416870117e-03
1.446574926376342773e-03
1.337185502052307129e-03
1.434430480003356934e-03
1.495227217674255371e-03
1.568138599395751953e-03
1.440510153770446777e-03
1.586392521858215332e-03
1.689702272415161133e-03
1.106202602386474609e-03
1.501306891441345215e-03
1.707941293716430664e-03
1.227781176567077637e-03
1.647174358367919922e-03
1.434430480003356934e-03
7.415115833282470703e-04
1.495212316513061523e-03
1.422271132469177246e-03
1.519531011581420898e-03
1.653254032135009766e-03
1.458749175071716309e-03
