-1.063667514245025814e-05
-7.597625881317071617e-06
-4.558574801194481552e-06
1.215620068251155317e-05
3.494907650747336447e-05
3.039051080122590065e-06
1.823429920477792621e-05
2.127335028490051627e-05
1.671478094067424536e-05
1.823429920477792621e-05
2.887097070924937725e-05
2.735145972110331059e-05
1.975381746888160706e-05
3.342956188134849072e-05
3.342954732943326235e-05
2.887097070924937725e-05
3.646861296147108078e-05
6.230053259059786797e-05
3.342953277751803398e-05
4.102717502973973751e-05
1.671479549258947372e-05
3.646861296147108078e-05
3.646855475381016731e-05
3.039051080122590065e-05
-3.039021976292133331e-06
4.102714592590928078e-05
3.950769314542412758e-05
3.191002178937196732e-05
4.406622610986232758e-05
3.342953277751803398e-05
4.254671512171626091e-05
4.102714592590928078e-05
4.710530629381537437e-05
5.470291944220662117e-05
4.862481728196144104e-05
3.950763493776321411e-05
5.014427006244659424e-05
4.254677332937717438e-05
4.558567889034748077e-05
3.342959098517894745e-05
4.558579530566930771e-05
5.166383925825357437e-05
4.558567889034748077e-05
2.431240864098072052e-05
4.254677332937717438e-05
5.014427006244659424e-05
3.494916018098592758e-05
3.950763493776321411e-05
4.710524808615446091e-05
2.431240864098072052e-05
5.014427006244659424e-05
5.166383925825357437e-05
4.406634252518415451e-05
5.774188321083784103e-05
4.862481728196144104e-05
4.102720413357019424e-05
4.406622610986232758e-05
6.078090518712997437e-05
5.318340845406055450e-05
3.494904376566410065e-05
5.166395567357540131e-05
3.646849654614925385e-05
3.494904376566410065e-05
5.774199962615966797e-05
5.014450289309024811e-05
5.470286123454570770e-05
5.774176679551601410e-05
4.558591172099113464e-05
5.014427006244659424e-05
5.774199962615966797e-05
4.862481728196144104e-05
5.166372284293174744e-05
7.445691153407096863e-05
5.622231401503086090e-05
5.014427006244659424e-05
5.014450289309024811e-05
5.622231401503086090e-05
5.470286123454570770e-05
5.014427006244659424e-05
5.470309406518936157e-05
5.318340845406055450e-05
5.166372284293174744e-05
5.470286123454570770e-05
5.014450289309024811e-05
2.735131420195102692e-05
5.774199962615966797e-05
5.470286123454570770e-05
5.318340845406055450e-05
5.014427006244659424e-05
5.318340845406055450e-05
3.646872937679290771e-05
5.318317562341690063e-05
6.230059079825878143e-05
3.494904376566410065e-05
5.622254684567451477e-05
4.558591172099113464e-05
5.318317562341690063e-05
5.470309406518936157e-05
6.989808753132820129e-05
5.470262840390205383e-05
4.862481728196144104e-05
5.774199962615966797e-05
5.622254684567451477e-05
5.318317562341690063e-05
2.887099981307983398e-05
4.862481728196144104e-05
5.622254684567451477e-05
1.823436468839645386e-05
5.774199962615966797e-05
5.318317562341690063e-05
5.774199962615966797e-05
5.622254684567451477e-05
5.622254684567451477e-05
5.318317562341690063e-05
5.622254684567451477e-05
5.470262840390205383e-05
5.622254684567451477e-05
5.470309406518936157e-05
5.166372284293174744e-05
6.078090518712997437e-05
4.710536450147628784e-05
5.622254684567451477e-05
5.470262840390205383e-05
6.533972918987274170e-05
4.102708771824836731e-05
5.318364128470420837e-05
5.622208118438720703e-05
4.710536450147628784e-05
5.622254684567451477e-05
4.710536450147628784e-05
5.622254684567451477e-05
5.470262840390205383e-05
5.318364128470420837e-05
5.318317562341690063e-05
5.774199962615966797e-05
5.470262840390205383e-05
5.318364128470420837e-05
5.774199962615966797e-05
5.014427006244659424e-05
5.014427006244659424e-05
4.406645894050598145e-05
5.318317562341690063e-05
5.318317562341690063e-05
5.318364128470420837e-05
5.470262840390205383e-05
5.622254684567451477e-05
5.470309406518936157e-05
5.318317562341690063e-05
5.014427006244659424e-05
5.166418850421905518e-05
5.622208118438720703e-05
4.254700616002082825e-05
5.774199962615966797e-05
5.774199962615966797e-05
5.926145240664482117e-05
5.622208118438720703e-05
5.774199962615966797e-05
5.470309406518936157e-05
5.774199962615966797e-05
5.622208118438720703e-05
6.382027640938758850e-05
5.014427006244659424e-05
3.798818215727806091e-05
5.774199962615966797e-05
3.950763493776321411e-05
3.646872937679290771e-05
6.381981074810028076e-05
5.166372284293174744e-05
4.862481728196144104e-05
1.671491190791130066e-05
5.622208118438720703e-05
5.774199962615966797e-05
6.078090518712997437e-05
5.774199962615966797e-05
4.862528294324874878e-05
6.685871630907058716e-05
5.926191806793212891e-05
5.622208118438720703e-05
6.533972918987274170e-05
6.533972918987274170e-05
3.798771649599075317e-05
5.926191806793212891e-05
5.926098674535751343e-05
6.685964763164520264e-05
5.318317562341690063e-05
6.381981074810028076e-05
4.406645894050598145e-05
6.533972918987274170e-05
6.533972918987274170e-05
8.357316255569458008e-05
4.406645894050598145e-05
7.445737719535827637e-05
4.710443317890167236e-05
5.622301250696182251e-05
2.431217581033706665e-05
5.470309406518936157e-05
5.622208118438720703e-05
5.318317562341690063e-05
8.813291788101196289e-05
6.078090518712997437e-05
