-9.876913100015372038e-05
-6.989815301494672894e-05
-8.737268217373639345e-05
1.002886419882997870e-04
4.938456550007686019e-05
-6.230052531464025378e-05
3.342954732943326235e-05
7.825554348528385162e-05
0.000000000000000000e+00
9.497031715000048280e-05
1.101655725506134331e-04
1.048472331603989005e-04
1.086460251826792955e-04
8.585318573750555515e-05
-7.293719681911170483e-05
8.889220771379768848e-05
9.345079888589680195e-05
9.952887194231152534e-05
8.433364564552903175e-05
1.124448608607053757e-04
7.369695231318473816e-05
4.862487548962235451e-05
7.521640509366989136e-05
1.192827476188540459e-04
7.977511268109083176e-05
1.154838828369975090e-04
7.597624789923429489e-05
1.033276785165071487e-04
1.086461124941706657e-04
-3.722845576703548431e-05
1.314389519393444061e-04
3.950763493776321411e-05
1.208023168146610260e-04
1.162436092272400856e-04
9.117159061133861542e-05
1.261204015463590622e-04
1.299194991588592529e-04
7.217749953269958496e-05
1.215620432049036026e-04
1.375169958919286728e-04
1.177631784230470657e-04
1.299192663282155991e-04
1.428355462849140167e-04
1.306789927184581757e-04
1.299194991588592529e-04
1.276400871574878693e-04
2.507213503122329712e-05
1.002885401248931885e-04
1.177634112536907196e-04
1.359973102807998657e-04
1.147240400314331055e-04
1.473939046263694763e-04
1.565110869705677032e-04
1.382771879434585571e-04
1.147240400314331055e-04
1.466339454054832458e-04
1.291595399379730225e-04
1.094061881303787231e-04
1.435950398445129395e-04
9.952904656529426575e-05
7.521640509366989136e-05
1.352378167212009430e-04
6.761867552995681763e-05
1.246011815965175629e-04
1.329584047198295593e-04
1.208023168146610260e-04
9.269081056118011475e-05
1.375172287225723267e-04
1.253606751561164856e-04
1.230812631547451019e-04
1.124450936913490295e-04
-5.090422928333282471e-05
1.375172287225723267e-04
1.405561342835426331e-04
1.443545334041118622e-04
1.246011815965175629e-04
-6.078090518712997437e-05
1.101656816899776459e-04
1.291595399379730225e-04
1.321984454989433289e-04
1.420755870640277863e-04
1.397966407239437103e-04
1.154839992523193359e-04
1.504328101873397827e-04
1.428355462849140167e-04
9.421072900295257568e-05
1.291595399379730225e-04
1.314384862780570984e-04
8.357688784599304199e-06
1.420751214027404785e-04
1.284005120396614075e-04
1.116851344704627991e-04
1.154830679297447205e-04
1.071272417902946472e-04
1.253606751561164856e-04
1.048473641276359558e-04
5.546212196350097656e-05
1.253606751561164856e-04
1.071272417902946472e-04
1.246007159352302551e-04
1.420760527253150940e-04
1.002885401248931885e-04
7.825531065464019775e-05
1.321984454989433289e-04
1.390371471643447876e-04
1.238407567143440247e-04
1.246007159352302551e-04
1.359982416033744812e-04
7.521640509366989136e-05
9.572971612215042114e-05
1.306794583797454834e-04
1.170029863715171814e-04
1.413160935044288635e-04
1.375172287225723267e-04
7.065758109092712402e-05
1.321984454989433289e-04
1.314394176006317139e-04
1.359973102807998657e-04
1.253606751561164856e-04
1.033283770084381104e-04
1.291595399379730225e-04
1.344773918390274048e-04
1.367572695016860962e-04
1.329584047198295593e-04
1.268805935978889465e-04
1.352373510599136353e-04
1.291604712605476379e-04
1.246007159352302551e-04
1.375172287225723267e-04
1.162430271506309509e-04
1.268805935978889465e-04
1.238416880369186401e-04
1.329584047198295593e-04
1.337183639407157898e-04
1.238407567143440247e-04
1.018084585666656494e-04
1.321984454989433289e-04
1.329584047198295593e-04
9.573064744472503662e-05
1.276396214962005615e-04
1.344783231616020203e-04
9.117089211940765381e-05
-1.018075272440910339e-04
1.177629455924034119e-04
1.314384862780570984e-04
1.154839992523193359e-04
1.261206343770027161e-04
1.276405528187751770e-04
1.246007159352302551e-04
1.321984454989433289e-04
1.177638769149780273e-04
1.086452975869178772e-04
-7.599592208862304688e-07
1.276414841413497925e-04
7.293559610843658447e-05
5.546398460865020752e-05
1.268796622753143311e-04
1.071263104677200317e-04
1.321993768215179443e-04
1.154839992523193359e-04
1.040864735841751099e-04
7.065758109092712402e-05
1.132059842348098755e-04
1.124441623687744141e-04
-2.203322947025299072e-05
1.283995807170867920e-04
1.246016472578048706e-04
1.139640808105468750e-04
1.109261065721511841e-04
9.345076978206634521e-05
1.283995807170867920e-04
1.283995807170867920e-04
1.200418919324874878e-04
1.048482954502105713e-04
1.299194991588592529e-04
1.314394176006317139e-04
1.314375549554824829e-04
1.033283770084381104e-04
1.329574733972549438e-04
1.299194991588592529e-04
1.352392137050628662e-04
1.321975141763687134e-04
1.314394176006317139e-04
1.253597438335418701e-04
3.039836883544921875e-06
1.170039176940917969e-04
1.048464328050613403e-04
1.314394176006317139e-04
1.101661473512649536e-04
1.276396214962005615e-04
1.283995807170867920e-04
1.071263104677200317e-04
1.238416880369186401e-04
9.421072900295257568e-05
4.330649971961975098e-05
1.253597438335418701e-04
1.359991729259490967e-04
9.496882557868957520e-05
1.208037137985229492e-04
1.603085547685623169e-04
