2.795926120597869158e-04
-2.066554152406752110e-04
-8.813245221972465515e-05
8.813245221972465515e-05
2.613583055790513754e-04
1.580305979587137699e-04
2.066554152406752110e-04
5.470290197990834713e-04
-3.342947456985712051e-05
-8.813246386125683784e-04
2.431239990983158350e-04
2.674364368431270123e-04
5.986929172649979591e-04
5.956537788733839989e-04
4.345842171460390091e-04
6.807472091168165207e-04
4.011546261608600616e-04
4.740918520838022232e-04
5.804584361612796783e-04
6.868252530694007874e-04
4.771309904754161835e-04
5.561462603509426117e-04
3.373348154127597809e-04
5.743801593780517578e-04
6.078276783227920532e-06
5.622240714728832245e-04
7.810359820723533630e-04
-2.005770802497863770e-04
7.020207121968269348e-04
7.111374288797378540e-04
7.749581709504127502e-04
6.381999701261520386e-04
7.324116304516792297e-04
6.655519828200340271e-04
7.658405229449272156e-04
6.138877943158149719e-04
5.561467260122299194e-04
7.476061582565307617e-04
8.691679686307907104e-04
7.536839693784713745e-04
7.840748876333236694e-04
6.564352661371231079e-04
8.570123463869094849e-04
6.047710776329040527e-04
6.777085363864898682e-04
8.782856166362762451e-04
8.600503206253051758e-04
7.202550768852233887e-04
8.934810757637023926e-04
8.539725095033645630e-04
9.360276162624359131e-04
9.299498051404953003e-04
4.923250526189804077e-04
7.779970765113830566e-04
6.047710776329040527e-04
8.053481578826904297e-04
8.205436170101165771e-04
8.327011018991470337e-04
8.478946983814239502e-04
9.117163717746734619e-04
9.117126464843750000e-04
8.478946983814239502e-04
8.630901575088500977e-04
6.655529141426086426e-04
9.329877793788909912e-04
9.421072900295257568e-04
8.600503206253051758e-04
4.102699458599090576e-04
5.044825375080108643e-04
1.024160534143447876e-03
9.238719940185546875e-04
1.048471778631210327e-03
8.266232907772064209e-04
1.094058156013488770e-03
-6.199665367603302002e-04
4.102699458599090576e-04
1.091018319129943848e-03
1.036316156387329102e-03
1.036316156387329102e-03
1.030240207910537720e-03
1.078862696886062622e-03
1.084938645362854004e-03
1.124449074268341064e-03
7.476061582565307617e-04
3.403760492801666260e-04
1.042392104864120483e-03
1.024160534143447876e-03
9.147562086582183838e-04
1.081898808479309082e-03
1.227777451276779175e-03
1.075822860002517700e-03
6.108507513999938965e-04
9.724944829940795898e-04
1.008965075016021729e-03
1.179154962301254272e-03
1.039355993270874023e-03
1.118369400501251221e-03
1.227773725986480713e-03
7.384866476058959961e-04
1.249052584171295166e-03
1.185230910778045654e-03
1.091018319129943848e-03
1.015044748783111572e-03
1.072779297828674316e-03
8.053481578826904297e-04
1.127488911151885986e-03
1.473940908908843994e-03
1.255124807357788086e-03
1.051515340805053711e-03
9.573027491569519043e-04
9.208321571350097656e-04
1.242965459823608398e-03
1.230821013450622559e-03
1.130521297454833984e-03
1.200430095195770264e-03
1.197382807731628418e-03
1.267284154891967773e-03
1.066707074642181396e-03
1.267284154891967773e-03
1.236893236637115479e-03
1.258164644241333008e-03
1.197390258312225342e-03
1.081898808479309082e-03
1.173071563243865967e-03
1.215621829032897949e-03
1.325026154518127441e-03
1.194342970848083496e-03
1.270323991775512695e-03
9.269118309020996094e-04
1.364536583423614502e-03
1.379728317260742188e-03
1.346297562122344971e-03
1.066707074642181396e-03
1.370608806610107422e-03
1.209542155265808105e-03
5.956590175628662109e-04
1.215614378452301025e-03
1.306794583797454834e-03
1.002885401248931885e-03
1.255124807357788086e-03
9.694620966911315918e-04
1.133561134338378906e-03
1.252092421054840088e-03
1.288555562496185303e-03
1.300714910030364990e-03
1.191310584545135498e-03
1.382768154144287109e-03
1.203462481498718262e-03
1.033276319503784180e-03
1.166999340057373047e-03
1.133561134338378906e-03
-6.079673767089843750e-06
1.242965459823608398e-03
1.176118850708007812e-03
1.239925622940063477e-03
1.416206359863281250e-03
1.258164644241333008e-03
1.318946480751037598e-03
1.321986317634582520e-03
1.252084970474243164e-03
1.367583870887756348e-03
1.145720481872558594e-03
1.221701502799987793e-03
1.364529132843017578e-03
1.385807991027832031e-03
1.413151621818542480e-03
1.127496361732482910e-03
1.358449459075927734e-03
1.121416687965393066e-03
1.306787133216857910e-03
1.452669501304626465e-03
1.522555947303771973e-03
1.312866806983947754e-03
1.388847827911376953e-03
1.318946480751037598e-03
1.422286033630371094e-03
1.370608806610107422e-03
1.480013132095336914e-03
1.486092805862426758e-03
1.492172479629516602e-03
1.446589827537536621e-03
1.516491174697875977e-03
1.397967338562011719e-03
1.139640808105468750e-03
1.400992274284362793e-03
1.452669501304626465e-03
1.559033989906311035e-03
8.874088525772094727e-04
1.309826970100402832e-03
6.321221590042114258e-04
1.404047012329101562e-03
8.023083209991455078e-04
1.404032111167907715e-03
1.458749175071716309e-03
1.027196645736694336e-03
1.191303133964538574e-03
1.309841871261596680e-03
1.422271132469177246e-03
1.230806112289428711e-03
9.086877107620239258e-04
