2.849065625000000099e-06
2.241265312499999730e-05
6.628828125000000063e-05
1.464418750000000030e-04
2.317237499999999885e-04
2.955437500000000382e-04
2.945937500000000422e-04
2.913624999999998248e-04
2.873781250000001768e-04
2.729406249999998327e-04
2.638218750000002107e-04
2.911749999999998541e-04
2.991531249999998532e-04
3.018093750000003413e-04
3.158812499999999295e-04
3.156562499999999646e-04
3.447499999999995707e-04
3.305000000000000646e-04
3.143437500000003867e-04
3.323750000000002050e-04
3.728437499999999113e-04
4.108437499999997508e-04
4.210937500000004607e-04
4.450312499999992469e-04
4.708437499999999082e-04
4.586875000000007613e-04
4.330624999999994201e-04
4.444687499999995517e-04
4.366562500000004121e-04
4.173125000000010160e-04
4.398749999999992943e-04
4.624999999999993699e-04
4.839687500000008913e-04
5.204375000000000667e-04
5.424687500000004159e-04
4.979999999999984439e-04
4.281250000000014211e-04
4.026562499999993688e-04
4.397187500000000054e-04
4.554687500000001443e-04
4.522499999999995274e-04
4.757812499999996420e-04
4.757812500000013767e-04
4.534062499999980816e-04
4.495625000000003091e-04
4.666875000000000884e-04
4.961250000000000382e-04
5.006562500000019678e-04
5.046874999999999278e-04
5.232812500000003086e-04
4.928750000000002573e-04
4.448437499999999267e-04
4.822500000000000397e-04
5.232812499999968392e-04
5.663750000000009055e-04
5.162499999999993483e-04
6.133125000000010096e-04
5.665937500000002569e-04
5.770312499999985523e-04
5.400000000000022837e-04
5.846249999999983404e-04
6.045624999999991978e-04
6.313437500000025626e-04
5.669687500000006319e-04
5.726562499999976463e-04
5.865312500000011142e-04
5.462812499999990246e-04
6.370312499999995770e-04
5.903437499999997229e-04
5.215625000000029265e-04
5.156874999999970510e-04
5.139687499999996689e-04
5.226562500000031530e-04
4.940624999999962408e-04
5.212500000000008793e-04
4.915625000000006795e-04
5.171875000000020206e-04
5.637500000000017497e-04
5.818749999999955902e-04
5.818750000000025291e-04
5.665624999999993583e-04
5.493749999999977818e-04
6.118750000000047762e-04
6.543749999999987077e-04
5.834374999999988876e-04
5.665624999999993583e-04
5.549999999999999378e-04
5.262499999999989408e-04
5.275000000000001910e-04
5.659375000000022027e-04
6.506250000000018963e-04
5.728124999999986700e-04
5.887499999999989964e-04
6.090625000000002287e-04
6.653125000000009726e-04
6.681249999999985811e-04
5.803124999999992317e-04
5.562500000000011879e-04
5.615625000000012967e-04
5.759374999999983258e-04
5.878124999999997935e-04
5.753125000000011702e-04
5.596874999999959521e-04
5.615625000000012967e-04
5.815625000000004818e-04
5.959374999999975109e-04
5.678125000000006084e-04
5.790625000000049205e-04
6.018749999999947753e-04
5.871875000000026379e-04
5.775000000000016231e-04
6.024999999999988698e-04
6.109374999999986344e-04
6.334375000000003197e-04
6.390625000000024758e-04
5.434375000000005174e-04
5.306249999999998468e-04
5.499999999999949374e-04
5.934375000000019496e-04
5.896874999999981992e-04
5.474999999999993761e-04
5.575000000000024380e-04
6.293750000000014611e-04
5.840625000000029821e-04
5.784374999999938871e-04
5.878124999999997935e-04
6.062500000000026201e-04
5.609374999999972022e-04
5.318750000000010969e-04
5.156250000000056621e-04
5.000000000000004441e-04
5.040624999999993028e-04
5.187499999999983791e-04
5.562499999999942490e-04
5.384375000000024558e-04
5.943750000000080913e-04
6.390624999999955369e-04
6.390624999999955369e-04
5.996875000000012612e-04
6.112500000000076206e-04
6.434374999999964428e-04
6.531249999999905187e-04
6.187500000000012434e-04
6.050000000000083089e-04
5.831250000000037792e-04
5.699999999999871836e-04
5.553125000000019851e-04
5.715624999999974198e-04
5.712500000000092504e-04
5.393749999999947198e-04
5.206249999999967848e-04
5.075000000000079448e-04
5.056249999999956612e-04
5.237500000000033795e-04
5.496874999999928901e-04
5.837500000000078737e-04
5.628124999999956080e-04
5.462499999999981259e-04
5.146874999999995204e-04
5.412500000000070033e-04
5.450000000000038147e-04
5.181249999999942846e-04
5.409375000000049560e-04
5.290624999999965494e-04
6.143750000000003375e-04
5.609374999999972022e-04
5.349999999999938138e-04
5.143750000000113509e-04
5.187499999999983791e-04
5.318750000000010969e-04
5.449999999999899369e-04
6.040625000000021672e-04
6.209375000000016964e-04
5.984375000000069500e-04
6.015624999999996669e-04
5.487500000000006262e-04
4.912499999999986322e-04
4.984374999999902078e-04
5.109375000000027089e-04
5.350000000000076916e-04
5.546874999999978906e-04
6.078124999999989786e-04
6.165625000000007905e-04
6.162499999999987432e-04
6.393749999999975842e-04
6.078124999999989786e-04
5.409375000000049560e-04
5.028124999999911138e-04
4.978124999999999911e-04
5.200000000000065681e-04
4.909374999999965850e-04
4.821875000000086509e-04
4.687499999999900080e-04
4.615624999999984324e-04
4.568750000000093570e-04
4.681249999999997913e-04
4.818749999999927258e-04
5.003125000000024913e-04
5.259375000000038325e-04
5.143749999999974731e-04
