1.652483479119837284e-05
1.728459756122902036e-05
1.424555011908523738e-05
2.108341141138225794e-05
1.519524812465533614e-05
9.686969860922545195e-06
2.013370976783335209e-05
2.165322803193703294e-05
1.671478094067424536e-05
2.279288310091942549e-05
2.317274629604071379e-05
1.994377817027270794e-05
2.146328915841877460e-05
1.918400812428444624e-05
1.519525540061295033e-05
1.880410127341747284e-05
1.196627272292971611e-05
6.078102160245180130e-06
5.698209861293435097e-06
1.006686943583190441e-05
1.329582300968468189e-05
4.368630470708012581e-06
1.633490319363772869e-05
1.557514769956469536e-05
1.500529469922184944e-05
1.671479549258947372e-05
1.310589141212403774e-05
8.927221642807126045e-06
1.291595981456339359e-05
1.120648812502622604e-05
1.443549990653991699e-05
9.497016435489058495e-06
1.424556830897927284e-05
1.386564690619707108e-05
1.253606751561164856e-05
1.462543150410056114e-05
9.497045539319515228e-06
9.307113941758871078e-06
1.139641972258687019e-05
8.737260941416025162e-06
1.215620432049036026e-05
1.158635132014751434e-05
1.101655652746558189e-05
1.215620432049036026e-05
1.177634112536907196e-05
1.291598891839385033e-05
1.272599911317229271e-05
1.253606751561164856e-05
1.139647793024778366e-05
1.310586230829358101e-05
1.310592051595449448e-05
1.253606751561164856e-05
1.196627272292971611e-05
1.082662492990493774e-05
1.044670352712273598e-05
1.082662492990493774e-05
1.500535290688276291e-05
1.234613591805100441e-05
1.044670352712273598e-05
1.234613591805100441e-05
1.576507929712533951e-05
7.217749953269958496e-06
9.497045539319515228e-06
1.310592051595449448e-05
9.307055734097957611e-06
1.234613591805100441e-05
1.196627272292971611e-05
1.367571530863642693e-05
9.876908734440803528e-06
1.215620432049036026e-05
1.139647793024778366e-05
1.272599911317229271e-05
1.215620432049036026e-05
1.253606751561164856e-05
1.215620432049036026e-05
1.386564690619707108e-05
9.117182344198226929e-06
1.120648812502622604e-05
9.307055734097957611e-06
1.120648812502622604e-05
5.128444172441959381e-06
1.253606751561164856e-05
1.253606751561164856e-05
7.597613148391246796e-06
8.927192538976669312e-06
1.215620432049036026e-05
8.927308954298496246e-06
1.291593071073293686e-05
1.234607771039009094e-05
1.025688834488391876e-05
1.329579390585422516e-05
1.196621451526880264e-05
1.196633093059062958e-05
1.329579390585422516e-05
1.405563671141862869e-05
1.177634112536907196e-05
1.329579390585422516e-05
1.329591032117605209e-05
9.307055734097957611e-06
1.367577351629734039e-05
1.215620432049036026e-05
1.272594090551137924e-05
1.215620432049036026e-05
1.196633093059062958e-05
1.291593071073293686e-05
1.234607771039009094e-05
1.291604712605476379e-05
1.329579390585422516e-05
1.215620432049036026e-05
1.272605732083320618e-05
8.547329343855381012e-06
1.291593071073293686e-05
1.310592051595449448e-05
1.899432390928268433e-06
1.025677192956209183e-05
1.690466888248920441e-05
1.272605732083320618e-05
1.234619412571191788e-05
3.798748366534709930e-06
1.253606751561164856e-05
1.006689853966236115e-05
1.196621451526880264e-05
1.196633093059062958e-05
1.063663512468338013e-05
1.139647793024778366e-05
1.177622471004724503e-05
1.025688834488391876e-05
7.977476343512535095e-06
1.063663512468338013e-05
7.027876563370227814e-06
9.497045539319515228e-06
1.101649831980466843e-05
8.547329343855381012e-06
9.686918929219245911e-06
1.063675154000520706e-05
9.686918929219245911e-06
9.307172149419784546e-06
1.101649831980466843e-05
9.307055734097957611e-06
1.082662492990493774e-05
1.082662492990493774e-05
3.419001586735248566e-06
1.006678212434053421e-05
1.329579390585422516e-06
6.648013368248939514e-06
5.508190952241420746e-06
1.025677192956209183e-05
8.737319149076938629e-06
1.063663512468338013e-05
1.006689853966236115e-05
1.063663512468338013e-05
9.117182344198226929e-06
1.044676173478364944e-05
9.117182344198226929e-06
1.025677192956209183e-05
1.063663512468338013e-05
5.318317562341690063e-06
1.044676173478364944e-05
1.063663512468338013e-05
5.318433977663516998e-06
9.686918929219245911e-06
1.044676173478364944e-05
6.457907147705554962e-06
7.027876563370227814e-06
8.927192538976669312e-06
1.025677192956209183e-05
1.063675154000520706e-05
1.044664531946182251e-05
1.044676173478364944e-05
8.737202733755111694e-06
9.307172149419784546e-06
9.876908734440803528e-06
1.006689853966236115e-05
9.686918929219245911e-06
9.496929123997688293e-06
1.006689853966236115e-05
1.006689853966236115e-05
8.737202733755111694e-06
1.006689853966236115e-05
1.006689853966236115e-05
1.006689853966236115e-05
7.217749953269958496e-06
9.686918929219245911e-06
9.686918929219245911e-06
5.699694156646728516e-07
8.927192538976669312e-06
8.927192538976669312e-06
9.306939318776130676e-06
9.307172149419784546e-06
6.458023563027381897e-06
9.686918929219245911e-06
4.368601366877555847e-06
9.686918929219245911e-06
7.977709174156188965e-06
9.306939318776130676e-06
9.497161954641342163e-06
8.167466148734092712e-06
9.116949513554573059e-06
9.307172149419784546e-06
9.307172149419784546e-06
