0.000000000000000000e+00
3.039000000000000041e-06
3.039000000000000041e-06
6.078025000000000138e-06
6.078000000000000083e-06
9.116974999999999222e-06
1.215600000000000017e-05
1.215600000000000355e-05
1.519499999999999936e-05
1.671449999999999726e-05
2.127325000000000169e-05
2.279249999999998888e-05
2.431200000000002066e-05
3.038999999999998517e-05
3.039000000000001227e-05
3.342899999999999453e-05
3.950824999999997872e-05
3.950500000000000886e-05
4.558500000000000486e-05
4.862500000000000286e-05
5.318249999999998760e-05
5.774000000000002655e-05
6.229999999999994223e-05
6.686000000000007475e-05
6.989499999999993982e-05
7.749500000000001613e-05
8.205250000000005508e-05
8.661249999999997076e-05
9.116999999999990129e-05
9.573000000000003382e-05
1.018049999999999511e-04
1.063650000000001920e-04
1.139624999999999579e-04
1.063649999999999752e-04
1.048474999999998800e-04
1.048450000000001117e-04
8.661249999999997076e-05
1.094025000000001507e-04
1.382749999999997696e-04
1.625875000000002318e-04
1.625849999999998130e-04
1.990525000000000801e-04
1.306749999999998017e-04
1.139750000000001005e-04
1.185249999999999672e-04
1.276250000000001342e-04
1.443500000000001206e-04
1.565249999999998066e-04
1.625749999999998724e-04
1.686750000000000749e-04
1.747250000000001406e-04
1.869000000000002604e-04
1.944999999999993609e-04
1.960250000000007126e-04
2.142500000000000307e-04
2.294499999999999665e-04
2.142500000000000307e-04
1.792999999999994251e-04
2.279250000000003495e-04
2.248749999999993809e-04
2.552750000000001199e-04
2.902250000000007255e-04
3.236499999999999794e-04
3.084749999999998951e-04
3.084500000000000436e-04
2.507249999999993859e-04
2.628750000000009551e-04
2.886999999999993738e-04
2.917500000000003424e-04
2.476749999999992846e-04
2.172750000000011478e-04
2.309749999999995834e-04
2.324749999999993488e-04
2.233749999999996155e-04
2.111999999999999295e-04
2.264250000000005841e-04
2.552749999999992525e-04
2.871750000000006242e-04
2.598249999999999865e-04
2.522500000000007375e-04
2.674249999999999544e-04
2.811250000000001248e-04
3.008500000000000757e-04
2.993499999999985756e-04
3.525250000000011014e-04
2.826249999999998902e-04
1.869000000000002604e-04
1.838499999999992918e-04
2.567999999999997368e-04
2.826249999999998902e-04
3.297250000000011977e-04
3.312499999999999473e-04
3.434249999999996333e-04
3.388499999999999152e-04
3.388499999999999152e-04
2.765500000000004066e-04
2.750249999999981876e-04
2.750250000000016570e-04
2.978249999999980913e-04
3.282000000000007134e-04
3.540500000000015857e-04
3.783499999999995200e-04
4.011499999999994237e-04
4.163499999999993595e-04
4.239500000000027968e-04
3.570749999999983659e-04
3.008499999999983410e-04
2.704750000000026577e-04
2.567999999999980021e-04
2.796000000000013752e-04
3.084499999999983089e-04
3.373250000000029003e-04
3.661999999999970834e-04
3.874750000000017069e-04
3.829249999999992382e-04
3.510000000000006171e-04
2.886999999999993738e-04
2.947750000000005921e-04
2.157750000000013824e-04
2.385749999999978166e-04
2.795750000000006563e-04
3.099750000000005279e-04
3.312499999999982125e-04
3.510250000000013360e-04
3.647249999999997716e-04
3.692500000000015214e-04
3.614999999999972402e-04
2.417500000000023797e-04
2.157499999999971940e-04
2.370000000000010987e-04
2.780000000000004690e-04
2.827500000000017499e-04
2.992499999999974347e-04
3.084999999999997466e-04
3.237500000000011202e-04
3.294999999999999318e-04
3.389999999999990243e-04
3.387500000000022438e-04
3.844999999999994256e-04
3.372500000000007436e-04
2.857499999999978113e-04
2.660000000000023457e-04
2.582499999999980644e-04
2.612500000000010647e-04
2.432500000000004103e-04
2.339999999999980984e-04
2.385000000000025988e-04
2.447499999999949716e-04
2.400000000000040989e-04
2.142499999999991633e-04
2.127499999999976632e-04
2.142499999999991633e-04
2.172500000000021636e-04
2.232500000000012252e-04
2.295000000000005369e-04
2.295000000000005369e-04
2.324999999999965983e-04
2.325000000000035372e-04
2.370000000000010987e-04
2.324999999999965983e-04
2.354999999999995985e-04
2.370000000000010987e-04
2.402499999999974101e-04
2.415000000000055991e-04
2.447499999999949716e-04
2.489999999999992220e-04
2.522500000000024722e-04
2.660000000000023457e-04
2.582500000000015339e-04
2.719999999999944684e-04
2.812500000000037192e-04
3.219999999999959006e-04
3.207500000000015894e-04
3.145000000000022777e-04
3.509999999999971476e-04
3.447500000000047748e-04
3.557499999999949591e-04
3.842500000000026450e-04
3.709999999999963327e-04
3.205000000000013394e-04
3.237500000000045897e-04
3.327499999999997127e-04
3.387499999999987743e-04
3.464999999999995861e-04
3.267500000000006510e-04
3.130000000000007776e-04
2.977499999999994040e-04
2.827499999999982805e-04
2.385000000000025988e-04
2.522499999999955334e-04
2.735000000000029075e-04
2.824999999999980305e-04
2.902499999999988423e-04
2.857500000000012808e-04
2.932500000000018425e-04
2.992500000000009042e-04
2.902499999999988423e-04
2.917500000000003424e-04
2.614999999999978453e-04
1.927499999999984781e-04
