-5.698124999999999548e-07
-1.899378125000000139e-06
-2.279246875000000024e-06
-1.709437500000000182e-06
-5.698124999999992137e-07
9.496874999999995365e-07
1.329562499999999859e-06
-7.597499999999997986e-07
-5.698125000000000607e-07
-3.798750000000003228e-07
-1.899374999999997379e-07
-3.798749999999994758e-07
0.000000000000000000e+00
7.597499999999997986e-07
1.139625000000000121e-06
2.089309374999999863e-06
3.608815624999999897e-06
2.469190624999999776e-06
3.418871875000000569e-06
4.178625000000000163e-06
5.698156249999999405e-06
7.787437499999998571e-06
1.063665625000000133e-05
1.424531250000000152e-05
1.899374999999999751e-05
2.602125000000000434e-05
2.792093749999999817e-05
1.747437499999999479e-05
6.837812499999994936e-06
6.457812500000001963e-06
9.496875000000005529e-06
1.063656250000001341e-05
1.063656249999998631e-05
9.876562500000000359e-06
1.253593750000000910e-05
1.443531250000000478e-05
1.500499999999998254e-05
1.652468749999998340e-05
1.728437500000002541e-05
1.804406250000001322e-05
9.306874999999968385e-06
7.787499999999992779e-06
1.082593750000000006e-05
1.500625000000000223e-05
1.481562499999999590e-05
1.348437500000004147e-05
1.253437499999999127e-05
1.139687499999997040e-05
1.025625000000002229e-05
9.309375000000007748e-06
8.165624999999969783e-06
7.978124999999999106e-06
7.596875000000040661e-06
7.218749999999955237e-06
7.028125000000003120e-06
7.028125000000003120e-06
6.837499999999996792e-06
6.646875000000044675e-06
6.646874999999990465e-06
6.649999999999971906e-06
5.887500000000000806e-06
4.746874999999998491e-06
5.887500000000055016e-06
9.309375000000007748e-06
6.456249999999929927e-06
7.787500000000046989e-06
7.787499999999938569e-06
7.409375000000015775e-06
7.787500000000046989e-06
7.596874999999986451e-06
7.596874999999986451e-06
5.509375000000023802e-06
6.646874999999990465e-06
7.978124999999999106e-06
7.787499999999938569e-06
7.975000000000017665e-06
7.787500000000046989e-06
7.787499999999938569e-06
9.118750000000055631e-06
6.456250000000038347e-06
7.596874999999986451e-06
7.218749999999955237e-06
2.849999999999987960e-06
5.318750000000071684e-06
4.556249999999937954e-06
4.368749999999967278e-06
5.128125000000011147e-06
3.990625000000044484e-06
2.846875000000006518e-06
3.990624999999936064e-06
1.328125000000027200e-06
3.799999999999983946e-06
3.609375000000031829e-06
5.506250000000042361e-06
2.471874999999956746e-06
1.896875000000010532e-06
1.331250000000008642e-06
6.456250000000038347e-06
0.000000000000000000e+00
3.231250000000000615e-06
2.278124999999914767e-06
4.746874999999998491e-06
7.625000000000253103e-07
2.468749999999975304e-06
1.709375000000039856e-06
2.659375000000035842e-06
2.278124999999914767e-06
2.278125000000023187e-06
3.812500000000126552e-07
4.178125000000015160e-06
2.090624999999944091e-06
2.087500000000071070e-06
1.518749999999979318e-06
2.090624999999944091e-06
2.278125000000023187e-06
2.090625000000052511e-06
2.849999999999987960e-06
4.937499999999950609e-06
5.687500000000917516e-07
-1.328125000000027200e-06
1.140624999999948104e-06
2.278125000000023187e-06
2.087499999999962649e-06
1.709375000000039856e-06
2.281250000000004628e-06
3.418749999999971291e-06
2.087500000000071070e-06
1.709374999999931435e-06
1.899999999999991973e-06
3.812500000000126552e-07
2.468749999999975304e-06
1.140625000000056524e-06
3.418749999999971291e-06
1.709375000000039856e-06
1.518749999999979318e-06
1.709375000000039856e-06
5.687499999999833314e-07
1.521874999999960759e-06
5.128125000000011147e-06
1.518749999999979318e-06
-9.499999999999959865e-07
2.468749999999975304e-06
1.709375000000039856e-06
1.899999999999991973e-06
1.518749999999979318e-06
7.593750000000438691e-07
1.899999999999991973e-06
1.899999999999991973e-06
2.849999999999987960e-06
1.896875000000010532e-06
1.331250000000008642e-06
1.709375000000039856e-06
1.899999999999991973e-06
-1.521875000000069179e-06
2.281250000000004628e-06
3.796875000000002505e-06
9.499999999999959865e-07
1.521875000000069179e-06
1.709374999999931435e-06
5.128125000000011147e-06
1.328125000000027200e-06
-2.849999999999987960e-06
1.899999999999991973e-06
3.040624999999940077e-06
1.518750000000087738e-06
1.709374999999931435e-06
2.090625000000052511e-06
2.278125000000023187e-06
1.518749999999979318e-06
9.499999999999959865e-07
5.687499999999833314e-07
2.659375000000035842e-06
1.709374999999931435e-06
1.899999999999991973e-06
1.518750000000087738e-06
1.521874999999960759e-06
1.709375000000039856e-06
1.328124999999918780e-06
1.709375000000039856e-06
4.368749999999967278e-06
2.278125000000023187e-06
1.521874999999960759e-06
-2.471874999999956746e-06
1.521874999999960759e-06
1.709375000000039856e-06
1.328125000000027200e-06
3.812500000000126552e-07
2.659374999999927422e-06
1.518749999999979318e-06
1.518750000000087738e-06
1.518749999999979318e-06
1.521874999999960759e-06
2.087500000000071070e-06
1.518749999999979318e-06
1.331250000000008642e-06
5.687499999999833314e-07
1.521874999999960759e-06
1.518749999999979318e-06
3.781250000000312139e-07
5.318749999999963264e-06
