-1.479637576267123222e-04
9.497030987404286861e-06
4.406622610986232758e-05
1.092158636311069131e-04
1.152939657913520932e-04
8.813245221972465515e-05
2.279286854900419712e-05
8.680287282913923264e-05
9.686974226497113705e-05
1.185229630209505558e-04
9.535020217299461365e-05
1.105454284697771072e-04
9.952887194231152534e-05
1.356176217086613178e-04
7.540639489889144897e-05
1.084561226889491081e-04
1.080762594938278198e-04
1.422655768692493439e-04
1.141543034464120865e-04
5.489285103976726532e-05
1.223217695951461792e-04
6.723892875015735626e-05
1.236513489857316017e-04
1.445448724552989006e-04
1.118751242756843567e-04
1.008582767099142075e-04
1.591702457517385483e-04
9.155157022178173065e-05
1.614494249224662781e-04
1.354278065264225006e-04
1.035174354910850525e-04
1.325786579400300980e-04
8.661299943923950195e-05
8.946191519498825073e-05
1.128248404711484909e-04
1.354275736957788467e-04
9.269104339182376862e-05
9.364075958728790283e-05
1.270703505724668503e-04
1.196626108139753342e-04
6.875861436128616333e-05
1.551811583340167999e-04
6.135087460279464722e-05
1.439750194549560547e-04
1.190928742289543152e-04
1.238412223756313324e-04
1.323889009654521942e-04
1.302990131080150604e-04
4.710536450147628784e-05
1.265006139874458313e-04
6.343983113765716553e-05
1.285900361835956573e-04
1.394161954522132874e-04
5.964143201708793640e-05
1.215622760355472565e-04
8.775247260928153992e-05
1.287795603275299072e-04
1.147245056927204132e-04
1.145340502262115479e-04
1.179529353976249695e-04
1.261206343770027161e-04
1.177634112536907196e-04
1.291595399379730225e-04
1.483433879911899567e-04
1.141545362770557404e-04
6.609922274947166443e-05
1.263106241822242737e-04
1.249811612069606781e-04
9.610969573259353638e-05
1.080762594938278198e-04
9.705964475870132446e-05
1.530922017991542816e-04
1.240312121808528900e-04
9.174132719635963440e-05
1.282100565731525421e-04
1.285895705223083496e-04
8.851289749145507812e-05
1.282095909118652344e-04
1.171929761767387390e-04
1.453049480915069580e-04
8.984189480543136597e-05
1.310594379901885986e-04
5.755200982093811035e-05
1.156730577349662781e-04
7.597636431455612183e-05
1.418860629200935364e-04
1.230817288160324097e-04
7.730536162853240967e-05
1.403661444783210754e-04
3.228895366191864014e-06
1.266906037926673889e-04
8.528307080268859863e-05
1.274505630135536194e-04
7.939524948596954346e-05
1.327684149146080017e-04
1.323884353041648865e-04
1.361873000860214233e-04
1.306794583797454834e-04
9.383074939250946045e-05
1.401761546730995178e-04
1.162439584732055664e-04
8.661206811666488647e-05
9.876955300569534302e-05
1.299194991588592529e-04
1.173829659819602966e-04
6.249081343412399292e-05
1.149140298366546631e-04
1.377072185277938843e-04
1.196563243865966797e-05
1.310594379901885986e-04
1.266906037926673889e-04
1.276396214962005615e-04
1.293495297431945801e-04
9.724963456392288208e-05
1.120651140809059143e-04
1.282095909118652344e-04
1.340983435511589050e-04
1.346683129668235779e-04
5.888100713491439819e-05
1.268805935978889465e-04
1.413160935044288635e-04
1.363772898912429810e-04
5.660206079483032227e-05
1.270705834031105042e-04
1.251706853508949280e-04
1.238416880369186401e-04
1.329584047198295593e-04
1.340974122285842896e-04
1.118751242756843567e-04
7.350742816925048828e-05
1.426450908184051514e-04
1.314394176006317139e-04
1.356173306703567505e-04
1.285895705223083496e-04
8.699297904968261719e-05
1.054173335433006287e-04
1.534717157483100891e-04
1.563215628266334534e-04
1.570805907249450684e-04
1.492938026785850525e-04
1.568906009197235107e-04
1.456839963793754578e-04
1.361882314085960388e-04
1.285895705223083496e-04
1.477729529142379761e-04
1.086462289094924927e-04
2.830103039741516113e-05
1.282114535570144653e-04
1.453030854463577271e-04
1.502428203821182251e-04
1.156739890575408936e-04
1.358091831207275391e-04
1.527108252048492432e-04
1.253616064786911011e-04
1.574605703353881836e-04
1.483429223299026489e-04
1.838635653257369995e-04
-1.538544893264770508e-05
1.511927694082260132e-04
1.204218715429306030e-04
1.466348767280578613e-04
6.286986172199249268e-05
2.678111195564270020e-05
1.021884381771087646e-04
1.392271369695663452e-04
1.352373510599136353e-04
1.162439584732055664e-04
8.338317275047302246e-05
1.377072185277938843e-04
1.137740910053253174e-04
1.363772898912429810e-04
1.240316778421401978e-04
1.137740910053253174e-04
1.413170248270034790e-04
2.127327024936676025e-05
1.304894685745239258e-04
1.310575753450393677e-04
7.996521890163421631e-05
8.984282612800598145e-05
1.261197030544281006e-04
7.711723446846008301e-05
9.307079017162322998e-05
8.433312177658081055e-05
1.130141317844390869e-04
2.659112215042114258e-05
1.023784279823303223e-04
1.270715147256851196e-04
6.666779518127441406e-05
1.219417899847030640e-04
9.896047413349151611e-05
1.171920448541641235e-04
1.204237341880798340e-04
1.236498355865478516e-04
1.071281731128692627e-04
1.162420958280563354e-04
1.217518001794815063e-04
1.088362187147140503e-04
1.075062900781631470e-04
1.050382852554321289e-04
1.192819327116012573e-04
