-3.654457686934620142e-04
-7.141768583096563816e-05
6.002123700454831123e-05
3.905179619323462248e-04
3.380943089723587036e-04
1.724660978652536869e-04
2.241299371235072613e-04
4.072327865287661552e-04
1.641087001189589500e-04
3.684847615659236908e-04
4.224280128255486488e-04
4.687735345214605331e-04
5.553863011300563812e-04
5.105605814605951309e-04
2.727545797824859619e-04
3.851996734738349915e-04
5.242363549768924713e-04
5.645034834742546082e-04
5.614645779132843018e-04
5.774195306003093719e-04
5.477885715663433075e-04
4.300256259739398956e-04
2.598389983177185059e-04
5.409508012235164642e-04
5.348725244402885437e-04
5.363924428820610046e-04
2.317279577255249023e-04
5.439901724457740784e-04
6.009722128510475159e-04
4.467396065592765808e-04
6.427597254514694214e-04
5.493080243468284607e-04
6.230054423213005066e-04
6.868252530694007874e-04
6.298432126641273499e-04
4.596561193466186523e-04
6.921440362930297852e-04
6.192056462168693542e-04
6.716307252645492554e-04
6.313621997833251953e-04
7.134173065423965454e-04
7.377304136753082275e-04
7.172152400016784668e-04
6.951820105314254761e-04
6.632730364799499512e-04
7.628016173839569092e-04
5.523469299077987671e-04
7.240548729896545410e-04
7.514040917158126831e-04
5.333535373210906982e-04
7.331706583499908447e-04
7.468461990356445312e-04
7.255747914314270020e-04
7.065776735544204712e-04
7.924325764179229736e-04
6.047710776329040527e-04
5.409512668848037720e-04
7.324106991291046143e-04
7.240548729896545410e-04
7.065776735544204712e-04
6.473176181316375732e-04
7.506459951400756836e-04
5.158782005310058594e-04
7.704012095928192139e-04
8.220635354518890381e-04
5.135983228683471680e-04
7.058195769786834717e-04
7.947124540805816650e-04
7.514022290706634521e-04
6.708726286888122559e-04
7.787570357322692871e-04
6.731487810611724854e-04
7.605217397212982178e-04
7.240548729896545410e-04
6.921440362930297852e-04
7.392466068267822266e-04
7.035396993160247803e-04
6.807483732700347900e-04
7.628016173839569092e-04
7.764771580696105957e-04
8.395388722419738770e-04
8.243396878242492676e-04
8.554942905902862549e-04
7.666014134883880615e-04
5.622245371341705322e-04
8.235797286033630371e-04
7.324144244194030762e-04
7.605217397212982178e-04
5.303137004375457764e-04
7.521659135818481445e-04
7.118955254554748535e-04
8.334591984748840332e-04
8.266232907772064209e-04
7.134154438972473145e-04
7.628016173839569092e-04
7.255747914314270020e-04
6.754286587238311768e-04
6.040111184120178223e-04
7.726773619651794434e-04
7.286146283149719238e-04
8.106641471385955811e-04
7.985122501850128174e-04
5.599409341812133789e-04
7.377341389656066895e-04
8.425712585449218750e-04
7.400140166282653809e-04
8.349791169166564941e-04
7.673576474189758301e-04
6.093308329582214355e-04
6.556734442710876465e-04
8.129477500915527344e-04
7.407665252685546875e-04
8.357390761375427246e-04
7.582455873489379883e-04
6.473138928413391113e-04
7.916763424873352051e-04
8.402988314628601074e-04
7.422864437103271484e-04
7.992684841156005859e-04
6.754323840141296387e-04
6.708651781082153320e-04
7.529258728027343750e-04
7.650852203369140625e-04
8.106604218482971191e-04
7.681250572204589844e-04
8.319392800331115723e-04
7.878690958023071289e-04
7.339343428611755371e-04
7.377266883850097656e-04
7.749572396278381348e-04
8.509382605552673340e-04
8.402988314628601074e-04
8.372515439987182617e-04
8.661299943923950195e-04
7.119029760360717773e-04
7.589980959892272949e-04
8.273869752883911133e-04
7.042959332466125488e-04
7.255747914314270020e-04
8.288994431495666504e-04
7.331743836402893066e-04
8.167400956153869629e-04
5.097985267639160156e-04
3.783628344535827637e-04
7.673650979995727539e-04
7.217749953269958496e-04
7.483661174774169922e-04
7.582381367683410645e-04
8.288994431495666504e-04
7.734447717666625977e-04
7.711574435234069824e-04
5.576610565185546875e-04
6.716325879096984863e-04
8.250996470451354980e-04
7.871165871620178223e-04
7.536858320236206055e-04
7.400065660476684570e-04
7.924363017082214355e-04
6.868243217468261719e-04
8.212998509407043457e-04
3.814026713371276855e-04
7.430464029312133789e-04
7.384866476058959961e-04
8.167475461959838867e-04
6.936639547348022461e-04
7.719174027442932129e-04
6.214901804924011230e-04
6.723850965499877930e-04
7.210150361061096191e-04
6.602331995964050293e-04
6.792321801185607910e-04
7.711574435234069824e-04
8.038282394409179688e-04
8.258596062660217285e-04
5.713403224945068359e-04
8.342191576957702637e-04
8.076280355453491211e-04
7.931962609291076660e-04
8.038282394409179688e-04
8.076280355453491211e-04
7.453262805938720703e-04
8.448585867881774902e-04
8.197799324989318848e-04
8.501783013343811035e-04
7.111355662345886230e-04
6.230026483535766602e-04
7.551982998847961426e-04
7.415413856506347656e-04
8.061081171035766602e-04
7.270872592926025391e-04
8.038282394409179688e-04
6.511211395263671875e-04
7.681101560592651367e-04
8.030682802200317383e-04
5.698204040527343750e-04
8.380264043807983398e-04
8.137077093124389648e-04
7.164478302001953125e-04
6.898641586303710938e-04
6.913840770721435547e-04
