6.666915578534826636e-05
8.205437916330993176e-05
8.661291212774813175e-05
9.212121949531137943e-05
9.895907714962959290e-05
1.065566902980208397e-04
1.063667587004601955e-04
1.120649394579231739e-04
1.170034520328044891e-04
1.255507813766598701e-04
1.257406547665596008e-04
1.137745566666126251e-04
1.293496461585164070e-04
1.280197175219655037e-04
1.196627272292971611e-04
1.314388355240225792e-04
1.227017492055892944e-04
1.187128946185112000e-04
1.221317797899246216e-04
1.358077861368656158e-04
1.149137970060110092e-04
1.380869653075933456e-04
1.352378167212009430e-04
1.481536310166120529e-04
9.117135778069496155e-05
1.304892357438802719e-04
1.576505601406097412e-04
1.230817288160324097e-04
1.354275736957788467e-04
1.692373771220445633e-04
1.546116545796394348e-04
1.789238303899765015e-04
1.679076813161373138e-04
1.625893637537956238e-04
1.680972054600715637e-04
1.715165562927722931e-04
1.595504581928253174e-04
1.736055128276348114e-04
1.491028815507888794e-04
1.661982387304306030e-04
1.793042756617069244e-04
1.857616007328033447e-04
1.831031404435634613e-04
1.810132525861263275e-04
1.329588703811168671e-04
1.984876580536365509e-04
1.865210942924022675e-04
1.650587655603885651e-04
1.204223372042179108e-04
1.922198571264743805e-04
1.758849248290061951e-04
1.671477220952510834e-04
1.832931302487850189e-04
1.627788878977298737e-04
1.737955026328563690e-04
1.800647005438804626e-04
1.851916313171386719e-04
1.798737794160842896e-04
1.760739833116531372e-04
1.272615045309066772e-04
1.553706824779510498e-04
1.806337386369705200e-04
1.762639731168746948e-04
1.346683129668235779e-04
1.908922567963600159e-04
1.823427155613899231e-04
1.542307436466217041e-04
1.785438507795333862e-04
2.062758430838584900e-04
1.825327053666114807e-04
1.622093841433525085e-04
1.798737794160842896e-04
1.692371442914009094e-04
1.559415832161903381e-04
1.967791467905044556e-04
1.663872972130775452e-04
1.390371471643447876e-04
1.908903941512107849e-04
1.739840954542160034e-04
2.053268253803253174e-04
1.789238303899765015e-04
1.876614987850189209e-04
1.884205266833305359e-04
1.798747107386589050e-04
1.933583989739418030e-04
1.810146495699882507e-04
1.511918380856513977e-04
1.627793535590171814e-04
1.870915293693542480e-04
1.842426136136054993e-04
1.819627359509468079e-04
1.770257949829101562e-04
1.831026747822761536e-04
1.846216619014739990e-04
1.920303329825401306e-04
1.764548942446708679e-04
1.641083508729934692e-04
1.779738813638687134e-04
1.819636672735214233e-04
1.739859580993652344e-04
1.658182591199874878e-04
1.711342483758926392e-04
1.631621271371841431e-04
1.561306416988372803e-04
1.768339425325393677e-04
1.793038100004196167e-04
1.722760498523712158e-04
1.635383814573287964e-04
1.764558255672454834e-04
1.741759479045867920e-04
1.734141260385513306e-04
1.834835857152938843e-04
1.829136162996292114e-04
1.872815191745758057e-04
1.954473555088043213e-04
1.829117536544799805e-04
1.927912235260009766e-04
1.694262027740478516e-04
1.587923616170883179e-04
1.734141260385513306e-04
1.918394118547439575e-04
1.872815191745758057e-04
1.789256930351257324e-04
1.737941056489944458e-04
1.806337386369705200e-04
1.764558255672454834e-04
1.766439527273178101e-04
1.749377697706222534e-04
1.622084528207778931e-04
1.711379736661911011e-04
1.111123710870742798e-04
1.707579940557479858e-04
1.711361110210418701e-04
1.717060804367065430e-04
1.669581979513168335e-04
1.789238303899765015e-04
1.775957643985748291e-04
1.601185649633407593e-04
1.715160906314849854e-04
1.758858561515808105e-04
1.698080450296401978e-04
1.749340444803237915e-04
1.242216676473617554e-04
1.698061823844909668e-04
1.449268311262130737e-04
1.511909067630767822e-04
1.538544893264770508e-04
1.743640750646591187e-04
1.538507640361785889e-04
1.682881265878677368e-04
1.620184630155563354e-04
1.684781163930892944e-04
1.823417842388153076e-04
1.411270350217819214e-04
1.496728509664535522e-04
1.768320798873901367e-04
1.367628574371337891e-04
1.718923449516296387e-04
1.800637692213058472e-04
1.679081469774246216e-04
1.669581979513168335e-04
1.521408557891845703e-04
1.825354993343353271e-04
1.584086567163467407e-04
1.718960702419281006e-04
1.705680042505264282e-04
5.717203021049499512e-05
1.568924635648727417e-04
1.756940037012100220e-04
1.703761518001556396e-04
1.677181571722030640e-04
1.705661416053771973e-04
1.730341464281082153e-04
1.747459173202514648e-04
1.732278615236282349e-04
1.813918352127075195e-04
1.861434429883956909e-04
1.696180552244186401e-04
1.751221716403961182e-04
1.739859580993652344e-04
1.652482897043228149e-04
1.747477799654006958e-04
1.831017434597015381e-04
1.756940037012100220e-04
1.445449888706207275e-04
1.722760498523712158e-04
1.654401421546936035e-04
1.891795545816421509e-04
1.605004072189331055e-04
1.962073147296905518e-04
1.643002033233642578e-04
1.608803868293762207e-04
1.576505601406097412e-04
1.726560294628143311e-04
1.806318759918212891e-04
1.555643975734710693e-04
1.815780997276306152e-04
1.774094998836517334e-04
1.886077225208282471e-04
1.713261008262634277e-04
