0.000000000000000000e+00
3.039004999999999968e-06
3.038995000000000115e-06
6.078000000000000083e-06
3.038999999999999194e-06
9.117050000000001081e-06
9.116999999999997583e-06
1.215600000000000355e-05
9.116949999999997474e-06
1.215600000000000355e-05
1.823400000000000194e-05
1.519499999999999258e-05
1.519500000000000614e-05
2.127299999999998420e-05
1.823400000000000194e-05
2.431200000000002066e-05
2.431250000000000143e-05
2.431199999999999356e-05
3.039000000000001227e-05
2.735100000000000291e-05
3.342899999999996742e-05
3.342900000000002163e-05
3.342899999999996742e-05
3.646800000000000389e-05
3.646800000000000389e-05
4.254550000000006894e-05
4.254499999999995265e-05
4.558500000000000486e-05
4.558500000000000486e-05
4.862499999999994865e-05
4.862500000000005707e-05
5.469999999999997434e-05
5.166500000000000085e-05
5.774000000000002655e-05
5.774000000000002655e-05
5.774499999999988843e-05
6.381500000000005224e-05
6.382000000000002254e-05
6.685999999999996633e-05
6.989499999999993982e-05
6.990000000000012696e-05
7.293499999999988360e-05
7.597500000000004423e-05
7.901499999999998802e-05
7.901499999999998802e-05
8.204999999999996151e-05
8.813000000000006592e-05
8.813500000000003623e-05
9.117000000000000971e-05
9.420999999999995350e-05
9.420499999999998320e-05
1.033300000000000017e-04
1.002849999999998708e-04
1.033250000000000314e-04
1.033250000000000314e-04
1.124450000000000796e-04
1.154850000000002402e-04
8.812999999999963224e-05
1.154800000000002699e-04
1.397949999999998499e-04
9.420999999999995350e-05
1.124400000000001093e-04
1.519550000000000588e-04
1.519500000000000885e-04
1.185199999999999969e-04
1.124400000000001093e-04
1.367549999999996893e-04
1.549899999999998154e-04
1.762650000000001022e-04
1.641050000000003270e-04
1.337149999999995287e-04
1.337150000000003960e-04
1.397949999999998499e-04
1.519750000000003737e-04
1.610499999999993881e-04
1.732000000000000900e-04
1.884499999999997288e-04
2.431000000000004338e-04
2.947999999999995763e-04
3.586000000000005850e-04
2.339999999999998331e-04
2.066500000000000628e-04
2.097000000000001640e-04
2.097000000000001640e-04
2.126999999999996949e-04
2.218499999999991312e-04
2.309500000000005993e-04
2.401000000000000356e-04
2.461500000000005350e-04
2.461499999999988003e-04
2.431500000000010042e-04
2.491999999999997689e-04
2.491999999999997689e-04
2.522500000000007375e-04
2.005499999999989930e-04
2.157500000000006635e-04
2.279499999999993337e-04
2.461500000000005350e-04
2.674500000000006733e-04
2.856500000000001399e-04
2.978499999999988102e-04
3.251499999999997448e-04
3.282000000000007134e-04
3.403999999999993836e-04
3.403499999999996806e-04
3.434000000000006492e-04
3.525500000000000855e-04
3.555499999999996164e-04
3.829000000000002540e-04
3.099999999999995121e-04
2.947500000000016079e-04
3.008999999999997788e-04
3.068999999999988404e-04
3.069500000000002782e-04
3.252000000000011826e-04
3.342499999999977434e-04
3.373500000000001497e-04
3.616500000000015536e-04
1.853500000000007919e-04
5.075499999999989742e-04
3.008499999999983410e-04
2.552999999999999714e-04
2.643500000000000016e-04
3.221500000000002140e-04
3.252000000000011826e-04
3.676999999999985835e-04
4.042000000000003923e-04
4.285000000000017961e-04
4.041499999999989545e-04
3.708000000000009899e-04
3.676999999999985835e-04
3.616500000000015536e-04
3.859499999999994879e-04
3.768500000000014893e-04
4.375999999999997947e-04
4.011499999999994237e-04
3.555499999999996164e-04
3.160499999999982768e-04
3.373500000000001497e-04
3.191000000000027148e-04
4.041999999999969229e-04
4.163000000000013912e-04
4.102999999999988601e-04
4.345500000000022955e-04
4.588999999999981982e-04
4.831999999999996021e-04
4.741000000000016035e-04
4.892500000000001015e-04
4.953499999999985692e-04
4.954000000000000070e-04
4.497500000000022313e-04
3.373500000000001497e-04
3.403499999999996806e-04
3.828999999999985193e-04
4.254999999999987959e-04
4.680000000000031357e-04
4.710500000000006349e-04
7.262999999999991685e-04
5.257499999999984408e-04
4.346000000000002639e-04
4.375999999999963253e-04
4.923000000000010701e-04
5.713500000000051871e-04
6.199499999999941169e-04
6.169000000000035566e-04
5.774500000000001854e-04
5.895500000000011842e-04
6.139000000000005564e-04
6.138499999999991186e-04
5.318500000000003780e-04
5.531000000000008132e-04
5.773999999999987476e-04
5.227000000000009416e-04
5.439999999999958757e-04
5.773999999999987476e-04
6.138500000000060575e-04
6.503499999999939885e-04
6.807500000000007989e-04
6.959500000000007347e-04
7.050499999999987333e-04
6.078000000000055580e-04
4.375999999999963253e-04
4.284999999999983267e-04
3.343000000000026506e-04
3.616499999999980841e-04
4.011500000000028932e-04
4.527999999999962610e-04
4.801500000000055723e-04
5.196999999999979414e-04
5.471499999999962505e-04
5.775000000000016231e-04
5.985000000000018083e-04
6.110000000000004317e-04
5.254999999999981908e-04
4.344999999999973883e-04
4.710000000000061360e-04
4.954999999999959437e-04
5.380000000000037530e-04
5.589999999999969993e-04
5.804999999999976845e-04
