-7.407685188809409738e-05
5.888163286726921797e-06
5.983129813103005290e-05
2.735145244514569640e-05
7.008809188846498728e-05
4.216683009872213006e-05
6.078099249862134457e-05
5.337331094779074192e-05
4.311653901822865009e-05
6.438986747525632381e-05
6.040112930350005627e-05
7.160761742852628231e-05
6.989814573898911476e-05
3.684847615659236908e-05
6.306031718850135803e-05
8.186441846191883087e-05
5.945138400420546532e-05
4.976446507498621941e-05
6.799877155572175980e-05
6.856850814074277878e-05
1.177634112536907196e-05
5.660229362547397614e-05
3.969762474298477173e-05
3.039045259356498718e-05
6.514973938465118408e-05
3.874779213219881058e-05
4.786509089171886444e-05
6.401003338396549225e-05
5.717203021049499512e-05
6.761890836060047150e-05
6.818876136094331741e-05
5.109398625791072845e-05
7.122778333723545074e-05
6.268033757805824280e-05
6.211060099303722382e-05
5.470286123454570770e-05
6.628932897001504898e-05
6.875849794596433640e-05
5.983142182230949402e-05
4.273653030395507812e-05
5.375314503908157349e-05
2.355268225073814392e-05
6.780889816582202911e-05
2.944073639810085297e-05
6.116088479757308960e-05
6.894837133586406708e-05
5.356338806450366974e-05
6.552948616445064545e-05
2.412241883575916290e-05
5.565257743000984192e-05
2.051354385912418365e-05
6.533972918987274170e-05
3.608874976634979248e-05
4.691514186561107635e-05
6.685918197035789490e-05
3.096042200922966003e-05
5.204370245337486267e-05
4.767510108649730682e-05
6.514950655400753021e-05
6.211060099303722382e-05
7.350719533860683441e-05
6.989808753132820129e-05
6.154063157737255096e-05
5.147396586835384369e-05
6.268057040870189667e-05
5.280342884361743927e-05
5.717203021049499512e-05
5.185394547879695892e-05
6.135064177215099335e-05
4.748534411191940308e-05
7.141754031181335449e-05
6.002117879688739777e-05
6.666919216513633728e-05
4.615564830601215363e-05
6.780866533517837524e-05
-4.729488864541053772e-05
6.040092557668685913e-05
6.495974957942962646e-05
7.673585787415504456e-05
7.141800597310066223e-05
5.299318581819534302e-05
7.616635411977767944e-05
3.931764513254165649e-05
7.521640509366989136e-05
4.102708771824836731e-05
5.622254684567451477e-05
5.869148299098014832e-05
8.243462070822715759e-05
6.230035796761512756e-05
6.856862455606460571e-05
7.046805694699287415e-05
4.444597288966178894e-05
8.338410407304763794e-05
5.679205060005187988e-05
7.673585787415504456e-05
7.350696250796318054e-05
3.665871918201446533e-05
5.090422928333282471e-05
8.281413465738296509e-05
4.121707752346992493e-05
5.603255704045295715e-05
7.578637450933456421e-05
5.356315523386001587e-05
8.585304021835327148e-05
7.692584767937660217e-05
6.514973938465118408e-05
8.300412446260452271e-05
8.927192538976669312e-05
7.711583748459815979e-05
4.805531352758407593e-05
8.832244202494621277e-05
-1.842435449361801147e-05
3.969762474298477173e-05
7.464643567800521851e-05
7.578637450933456421e-05
5.660252645611763000e-05
6.438978016376495361e-05
7.445691153407096863e-05
7.654586806893348694e-05
8.623301982879638672e-05
8.509354665875434875e-05
7.673585787415504456e-05
1.747440546751022339e-05
8.547352626919746399e-05
6.742868572473526001e-05
8.053518831729888916e-05
9.003188461065292358e-05
7.673585787415504456e-05
8.281413465738296509e-05
7.502641528844833374e-05
5.736202001571655273e-05
8.851243183016777039e-05
6.989808753132820129e-05
6.856862455606460571e-05
2.222321927547454834e-05
4.520546644926071167e-05
6.970856338739395142e-05
4.672538489103317261e-05
5.698204040527343750e-05
7.958523929119110107e-05
3.380980342626571655e-05
7.369648665189743042e-05
8.357409387826919556e-05
7.236748933792114258e-05
6.457976996898651123e-05
3.152992576360702515e-05
4.824530333280563354e-05
8.186418563127517700e-05
6.590969860553741455e-05
8.300319314002990723e-05
3.741867840290069580e-05
8.262414485216140747e-05
8.547306060791015625e-05
8.851289749145507812e-05
6.135087460279464722e-05
8.243415504693984985e-05
7.426645606756210327e-05
5.812197923660278320e-05
9.288080036640167236e-05
8.528307080268859863e-05
9.497068822383880615e-05
7.692631334066390991e-05
5.033425986766815186e-05
9.212084114551544189e-05
8.205417543649673462e-05
8.699297904968261719e-05
4.957430064678192139e-05
9.421072900295257568e-05
8.224416524171829224e-05
1.709535717964172363e-05
8.794199675321578979e-05
6.647966802120208740e-05
4.577543586492538452e-05
7.958523929119110107e-05
4.026759415864944458e-05
8.851196616888046265e-05
6.628967821598052979e-05
8.889194577932357788e-05
5.299318581819534302e-05
7.369741797447204590e-05
1.728441566228866577e-05
4.938431084156036377e-05
8.243415504693984985e-05
8.376408368349075317e-05
6.875861436128616333e-05
6.116088479757308960e-05
7.996521890163421631e-05
5.299318581819534302e-05
7.787533104419708252e-05
7.369741797447204590e-05
5.831103771924972534e-05
6.344076246023178101e-05
4.482548683881759644e-05
8.357409387826919556e-05
8.528307080268859863e-05
6.420072168111801147e-05
4.216656088829040527e-05
8.376408368349075317e-05
8.490309119224548340e-05
8.794292807579040527e-05
