-3.456919512245804071e-05
-1.139644155045971274e-06
5.052420601714402437e-05
5.736207094741985202e-05
5.318337935023009777e-05
6.116088479757308960e-05
5.166385381016880274e-05
6.116087024565786123e-05
5.090411286801099777e-05
7.977505447342991829e-05
5.888158921152353287e-05
8.205435005947947502e-05
7.939519127830862999e-05
8.433364564552903175e-05
6.192066939547657967e-05
9.421055437996983528e-05
9.800930274650454521e-05
8.167454507201910019e-05
8.775258902460336685e-05
6.078102160245180130e-05
8.205429185181856155e-05
9.041174780577421188e-05
9.345076978206634521e-05
8.471356704831123352e-05
8.053483907133340836e-05
8.965190500020980835e-05
1.033277949318289757e-04
9.079161100089550018e-05
8.547317702323198318e-05
8.319411426782608032e-05
9.914906695485115051e-05
8.243415504693984985e-05
1.048471312969923019e-04
1.025679521262645721e-04
8.509354665875434875e-05
9.269104339182376862e-05
9.079161100089550018e-05
7.521640509366989136e-05
9.193131700158119202e-05
8.851219899952411652e-05
7.635634392499923706e-05
9.041163139045238495e-05
8.585327304899692535e-05
7.407669909298419952e-05
8.965213783085346222e-05
5.014427006244659424e-05
9.421049617230892181e-05
8.585327304899692535e-05
9.079161100089550018e-05
9.952881373465061188e-05
9.610992856323719025e-05
9.003188461065292358e-05
9.117135778069496155e-05
8.965237066149711609e-05
6.040092557668685913e-05
7.559638470411300659e-05
8.053472265601158142e-05
9.383074939250946045e-05
7.787579670548439026e-05
9.193131700158119202e-05
9.231083095073699951e-05
8.015520870685577393e-05
8.889194577932357788e-05
8.395407348871231079e-05
9.079137817025184631e-05
9.686965495347976685e-05
9.649014100432395935e-05
9.345076978206634521e-05
1.033274456858634949e-04
9.155133739113807678e-05
6.495974957942962646e-05
8.927239105105400085e-05
7.293699309229850769e-05
9.914906695485115051e-05
9.724963456392288208e-05
1.086457632482051849e-04
1.139645464718341827e-04
1.097857020795345306e-04
1.029479317367076874e-04
1.097857020795345306e-04
1.116851344704627991e-04
1.177629455924034119e-04
1.170034520328044891e-04
1.143445260822772980e-04
8.927192538976669312e-05
1.124450936913490295e-04
9.800912812352180481e-05
1.109251752495765686e-04
1.025679521262645721e-04
1.025679521262645721e-04
1.086462289094924927e-04
1.173829659819602966e-04
1.025684177875518799e-04
1.124450936913490295e-04
9.155087172985076904e-05
1.132050529122352600e-04
1.143440604209899902e-04
1.105451956391334534e-04
1.059873029589653015e-04
1.056063920259475708e-04
1.082662492990493774e-04
1.097861677408218384e-04
1.006685197353363037e-04
1.052273437380790710e-04
1.090252771973609924e-04
1.170039176940917969e-04
1.101652160286903381e-04
1.128250733017921448e-04
8.737202733755111694e-05
9.762961417436599731e-05
9.611062705516815186e-05
1.162430271506309509e-04
1.097861677408218384e-04
1.086462289094924927e-04
1.135841012001037598e-04
1.143440604209899902e-04
1.173838973045349121e-04
1.154830679297447205e-04
1.063672825694084167e-04
1.234617084264755249e-04
1.181429252028465271e-04
1.147240400314331055e-04
1.253606751561164856e-04
1.211818307638168335e-04
1.325784251093864441e-04
1.314394176006317139e-04
1.044673845171928406e-04
1.268805935978889465e-04
1.432150602340698242e-04
1.424551010131835938e-04
1.523327082395553589e-04
1.397961750626564026e-04
1.428350806236267090e-04
1.500537618994712830e-04
1.302985474467277527e-04
1.511927694082260132e-04
1.584105193614959717e-04
1.584105193614959717e-04
1.515727490186691284e-04
1.610694453120231628e-04
1.610703766345977783e-04
1.576505601406097412e-04
1.523317769169807434e-04
1.527126878499984741e-04
1.694271340966224670e-04
1.610694453120231628e-04
1.739859580993652344e-04
1.774039119482040405e-04
1.637293025851249695e-04
1.831026747822761536e-04
1.948792487382888794e-04
1.994380727410316467e-04
1.314375549554824829e-04
1.888014376163482666e-04
1.827236264944076538e-04
1.925993710756301880e-04
1.800637692213058472e-04
1.956392079591751099e-04
1.956392079591751099e-04
2.104528248310089111e-04
2.077966928482055664e-04
1.808218657970428467e-04
2.062767744064331055e-04
2.013370394706726074e-04
2.051349729299545288e-04
1.375172287225723267e-04
2.085547894239425659e-04
2.058967947959899902e-04
1.937393099069595337e-04
1.633483916521072388e-04
2.032369375228881836e-04
2.138726413249969482e-04
2.028569579124450684e-04
2.024769783020019531e-04
2.199504524469375610e-04
2.115946263074874878e-04
2.119727432727813721e-04
2.229902893304824829e-04
2.252701669931411743e-04
2.427436411380767822e-04
2.362858504056930542e-04
2.077948302030563354e-04
2.461634576320648193e-04
2.507213503122329712e-04
2.431254833936691284e-04
2.822503447532653809e-04
2.795923501253128052e-04
2.826321870088577271e-04
2.689566463232040405e-04
2.997256815433502197e-04
3.061853349208831787e-04
3.415122628211975098e-04
3.031454980373382568e-04
3.054253756999969482e-04
2.370458096265792847e-04
3.677252680063247681e-04
3.236588090658187866e-04
2.913679927587509155e-04
3.593675792217254639e-04
3.388542681932449341e-04
