4.710527718998491764e-05
-6.655519828200340271e-04
-4.102720413357019424e-05
6.230053259059786797e-05
-3.494904376566410065e-05
8.509337203577160835e-05
1.519525249022990465e-04
1.124448608607053757e-04
1.352377294097095728e-04
1.185229557449929416e-04
6.533957639476284385e-05
-4.862480273004621267e-05
1.246010506292805076e-04
-1.504329848103225231e-04
-1.701868168311193585e-04
2.446435391902923584e-04
1.565110869705677032e-04
2.036163496086373925e-04
1.337182184215635061e-04
1.944992109201848507e-04
1.975382328964769840e-04
1.276401453651487827e-04
1.914601307362318039e-04
2.096944954246282578e-04
2.036163350567221642e-04
1.914601307362318039e-04
2.036164514720439911e-04
9.117135778069496155e-05
2.385654952377080917e-04
1.838626340031623840e-04
2.264091745018959045e-04
1.960187219083309174e-04
2.400849480181932449e-04
2.233702689409255981e-04
7.445667870342731476e-05
1.732257660478353500e-04
1.975384075194597244e-04
2.279286272823810577e-04
2.233702689409255981e-04
2.583190798759460449e-04
1.185233704745769501e-04
-3.570886328816413879e-04
1.200423575937747955e-04
1.747454516589641571e-04
1.686671748757362366e-04
2.355263568460941315e-04
2.218508161604404449e-04
2.704756334424018860e-04
2.704751677811145782e-04
8.661299943923950195e-05
2.172919921576976776e-04
2.446435391902923584e-04
1.139645464718341827e-04
2.567996270954608917e-04
2.613584510982036591e-04
3.130221739411354065e-04
1.656282693147659302e-04
1.762649044394493103e-04
2.264096401631832123e-04
2.689557150006294250e-04
1.732259988784790039e-04
2.659168094396591187e-04
2.947878092527389526e-04
3.099832683801651001e-04
2.643968909978866577e-04
2.932688221335411072e-04
2.704747021198272705e-04
2.461634576320648193e-04
-3.722831606864929199e-04
2.522403374314308167e-04
3.130221739411354065e-04
2.887099981307983398e-04
3.023855388164520264e-04
3.145420923829078674e-04
2.051359042525291443e-04
3.115022554993629456e-04
3.510098904371261597e-04
2.583200111985206604e-04
3.555687144398689270e-04
3.540487959980964661e-04
3.130221739411354065e-04
2.492023631930351257e-04
2.947878092527389526e-04
1.960191875696182251e-04
1.869015395641326904e-04
1.200418919324874878e-04
3.130221739411354065e-04
1.853825524449348450e-04
1.276396214962005615e-04
2.355268225073814392e-04
3.525298088788986206e-04
3.099832683801651001e-04
3.358144313097000122e-04
3.206208348274230957e-04
2.765525132417678833e-04
2.735145390033721924e-04
3.403741866350173950e-04
4.011541604995727539e-04
3.540497273206710815e-04
3.282167017459869385e-04
3.373343497514724731e-04
3.175809979438781738e-04
3.206208348274230957e-04
3.388542681932449341e-04
3.662053495645523071e-04
3.798808902502059937e-04
4.512984305620193481e-04
4.026740789413452148e-04
3.601275384426116943e-04
2.993475645780563354e-04
2.765525132417678833e-04
3.570895642042160034e-04
3.677234053611755371e-04
-7.141754031181335449e-05
4.057139158248901367e-04
4.133116453886032104e-04
3.950763493776321411e-04
4.026740789413452148e-04
3.798808902502059937e-04
4.041939973831176758e-04
4.209075123071670532e-04
3.631673753261566162e-04
2.036150544881820679e-04
2.993475645780563354e-04
3.160610795021057129e-04
3.251787275075912476e-04
2.719946205615997314e-04
4.011541604995727539e-04
4.117917269468307495e-04
4.558581858873367310e-04
3.859587013721466064e-04
4.133116453886032104e-04
3.905165940523147583e-04
3.373343497514724731e-04
-6.077997386455535889e-05
4.740916192531585693e-04
3.783609718084335327e-04
3.889985382556915283e-04
4.209093749523162842e-04
4.193894565105438232e-04
3.069415688514709473e-04
4.300288856029510498e-04
4.011541604995727539e-04
3.722831606864929199e-04
3.327764570713043213e-04
3.950744867324829102e-04
3.798827528953552246e-04
3.631673753261566162e-04
3.859587013721466064e-04
2.279281616210937500e-04
2.765543758869171143e-04
4.057139158248901367e-04
3.221370279788970947e-04
3.266967833042144775e-04
4.133135080337524414e-04
2.613589167594909668e-04
3.783591091632843018e-04
3.920383751392364502e-04
3.859587013721466064e-04
4.102736711502075195e-04
3.783591091632843018e-04
4.117935895919799805e-04
4.148297011852264404e-04
3.601275384426116943e-04
3.920383751392364502e-04
4.148297011852264404e-04
2.841502428054809570e-04
3.555677831172943115e-04
4.072338342666625977e-04
3.115013241767883301e-04
3.601275384426116943e-04
4.224292933940887451e-04
4.634559154510498047e-04
4.254654049873352051e-04
4.148297011852264404e-04
1.777857542037963867e-04
4.117935895919799805e-04
3.813989460468292236e-04
3.905184566974639893e-04
3.175809979438781738e-04
4.178695380687713623e-04
3.768429160118103027e-04
4.345811903476715088e-04
4.285089671611785889e-04
4.209056496620178223e-04
1.914612948894500732e-04
4.315450787544250488e-04
5.166232585906982422e-05
4.163533449172973633e-04
3.084614872932434082e-04
4.376247525215148926e-04
4.437007009983062744e-04
3.662034869194030762e-04
7.749721407890319824e-05
4.224292933940887451e-04
3.388524055480957031e-04
4.406645894050598145e-04
3.935545682907104492e-04
4.178695380687713623e-04
4.315450787544250488e-04
