0.000000000000000000e+00
1.215620068251155317e-05
-1.519525085313944146e-05
1.215620068251155317e-05
3.646860204753465950e-05
6.078100705053657293e-05
-6.078102160245180130e-06
3.039049624931067228e-05
2.127335756085813046e-05
3.950764948967844248e-05
1.823430648073554039e-05
3.950763493776321411e-05
5.166386836208403111e-05
5.166383925825357437e-05
3.646861296147108078e-05
6.685909465886652470e-05
4.558573709800839424e-05
3.950769314542412758e-05
5.166383925825357437e-05
2.127332845702767372e-05
6.382004357874393463e-05
6.685912376269698143e-05
6.685912376269698143e-05
4.862481728196144104e-05
6.685906555503606796e-05
4.254671512171626091e-05
7.901532808318734169e-05
3.342947456985712051e-05
4.558579530566930771e-05
9.117147419601678848e-05
6.382004357874393463e-05
5.166395567357540131e-05
5.774188321083784103e-05
9.724963456392288208e-05
6.989808753132820129e-05
7.901538629084825516e-05
6.989808753132820129e-05
8.205440826714038849e-05
9.117147419601678848e-05
6.989808753132820129e-05
7.901550270617008209e-05
9.117135778069496155e-05
8.205440826714038849e-05
6.685918197035789490e-05
8.205417543649673462e-05
8.205440826714038849e-05
4.862481728196144104e-05
7.901526987552642822e-05
9.724963456392288208e-05
9.724963456392288208e-05
6.382004357874393463e-05
6.989808753132820129e-05
1.276400871574878693e-04
6.078113801777362823e-05
9.724963456392288208e-05
7.901526987552642822e-05
1.154837664216756821e-04
8.509354665875434875e-05
1.033276785165071487e-04
1.002885401248931885e-04
1.246011815965175629e-04
1.094057224690914154e-04
1.246011815965175629e-04
1.185229048132896423e-04
9.117135778069496155e-05
9.117182344198226929e-05
1.306789927184581757e-04
9.421072900295257568e-05
1.154835335910320282e-04
1.124450936913490295e-04
1.215618103742599487e-04
1.215622760355472565e-04
9.117135778069496155e-05
1.124450936913490295e-04
1.549911685287952423e-04
1.154839992523193359e-04
9.421072900295257568e-05
1.610694453120231628e-04
1.428355462849140167e-04
1.580305397510528564e-04
1.215618103742599487e-04
1.549916341900825500e-04
1.276400871574878693e-04
1.367572695016860962e-04
1.246011815965175629e-04
1.246011815965175629e-04
1.337178982794284821e-04
1.215622760355472565e-04
1.823427155613899231e-04
1.397966407239437103e-04
1.489133574068546295e-04
1.367572695016860962e-04
1.610699109733104706e-04
1.671472564339637756e-04
1.732259988784790039e-04
1.337183639407157898e-04
1.580305397510528564e-04
1.944992691278457642e-04
1.793038100004196167e-04
1.793038100004196167e-04
1.884214580059051514e-04
1.519527286291122437e-04
1.063663512468338013e-04
1.519527286291122437e-04
1.610694453120231628e-04
2.066558226943016052e-04
1.853816211223602295e-04
2.157725393772125244e-04
1.458749175071716309e-04
1.944992691278457642e-04
1.367563381791114807e-04
1.975391060113906860e-04
1.914594322443008423e-04
2.005780115723609924e-04
1.944992691278457642e-04
2.370458096265792847e-04
2.188114449381828308e-04
2.218503504991531372e-04
2.370458096265792847e-04
1.397961750626564026e-04
2.066558226943016052e-04
1.701870933175086975e-04
2.157725393772125244e-04
2.005770802497863770e-04
1.762649044394493103e-04
2.157725393772125244e-04
2.340069040656089783e-04
1.914603635668754578e-04
1.944992691278457642e-04
1.701861619949340820e-04
2.917489036917686462e-04
2.096947282552719116e-04
1.671481877565383911e-04
2.279281616210937500e-04
2.400847151875495911e-04
1.732259988784790039e-04
1.762658357620239258e-04
2.188105136156082153e-04
2.400856465101242065e-04
2.431236207485198975e-04
2.643968909978866577e-04
2.613589167594909668e-04
2.066548913717269897e-04
2.431254833936691284e-04
2.522394061088562012e-04
2.583209425210952759e-04
2.765525132417678833e-04
1.944992691278457642e-04
2.674367278814315796e-04
2.947878092527389526e-04
3.069434314966201782e-04
2.583190798759460449e-04
2.826321870088577271e-04
2.795923501253128052e-04
3.160610795021057129e-04
1.580305397510528564e-04
3.191009163856506348e-04
2.887099981307983398e-04
2.704747021198272705e-04
2.492032945156097412e-04
2.552792429924011230e-04
3.099832683801651001e-04
3.099832683801651001e-04
2.826321870088577271e-04
3.282167017459869385e-04
2.947878092527389526e-04
3.403741866350173950e-04
3.373343497514724731e-04
3.191009163856506348e-04
4.193875938653945923e-04
3.525298088788986206e-04
3.586094826459884644e-04
3.555677831172943115e-04
4.133116453886032104e-04
3.403723239898681641e-04
3.707651048898696899e-04
3.342945128679275513e-04
3.525298088788986206e-04
4.315450787544250488e-04
3.160610795021057129e-04
3.829207271337509155e-04
3.707651048898696899e-04
3.342945128679275513e-04
3.768429160118103027e-04
3.950763493776321411e-04
3.981161862611770630e-04
3.707651048898696899e-04
4.072301089763641357e-04
2.856701612472534180e-04
3.525316715240478516e-04
3.525279462337493896e-04
3.646872937679290771e-04
3.373362123966217041e-04
4.163496196269989014e-04
4.285052418708801270e-04
3.221407532691955566e-04
3.798790276050567627e-04
2.583190798759460449e-04
4.224292933940887451e-04
3.586076200008392334e-04
