1.139624999999999910e-06
4.938381249999999552e-06
4.938368750000000371e-06
9.496874999999998753e-06
1.215606250000000115e-05
1.709437500000000182e-05
2.811068749999999749e-05
3.380874999999999712e-05
4.254624999999999943e-05
5.660125000000001310e-05
6.078062499999996662e-05
5.318250000000004181e-05
5.166312499999995778e-05
4.596437500000002865e-05
4.672500000000001088e-05
5.736124999999999904e-05
6.039999999999995026e-05
6.458000000000006270e-05
6.913749999999999323e-05
7.711250000000001090e-05
7.863749999999995310e-05
7.863124999999999021e-05
7.255625000000007294e-05
7.863749999999984468e-05
8.508750000000013698e-05
9.496875000000000108e-05
1.010499999999998812e-04
1.132000000000001495e-04
1.359999999999998363e-04
1.272562500000001557e-04
1.211812500000000216e-04
1.230812500000000136e-04
1.314312499999998642e-04
1.447374999999999877e-04
1.481500000000001045e-04
1.443500000000001206e-04
1.519499999999996548e-04
1.420750000000001873e-04
1.443500000000001206e-04
1.591687499999999353e-04
1.766437499999998044e-04
1.853812499999999558e-04
1.846187500000001473e-04
2.218437500000002525e-04
2.666750000000000717e-04
2.776874999999992891e-04
2.997250000000006853e-04
2.856624999999996320e-04
2.792124999999997734e-04
2.841437500000001948e-04
2.871875000000001163e-04
2.989625000000004432e-04
2.970812499999992556e-04
2.966875000000000762e-04
2.818750000000000075e-04
2.761250000000003285e-04
2.981874999999998416e-04
2.925624999999994202e-04
3.240000000000013702e-04
3.217499999999991200e-04
3.138124999999998554e-04
3.285625000000007290e-04
3.593750000000003192e-04
3.449374999999997582e-04
3.171874999999997613e-04
3.061874999999991687e-04
3.285625000000007290e-04
3.206249999999997297e-04
3.244375000000000731e-04
3.243750000000000105e-04
3.096250000000008717e-04
2.833749999999989055e-04
2.837500000000010153e-04
2.902499999999988423e-04
3.115000000000010122e-04
3.058124999999987936e-04
2.928749999999997328e-04
2.951250000000002482e-04
3.385000000000002590e-04
3.023750000000005600e-04
2.856874999999994835e-04
2.685624999999997042e-04
2.678125000000006889e-04
2.613124999999993925e-04
2.777500000000002189e-04
2.867499999999988114e-04
3.065625000000030131e-04
2.974374999999973568e-04
3.088750000000001217e-04
3.566875000000011009e-04
3.498749999999994920e-04
3.426249999999991802e-04
3.513750000000009921e-04
3.426875000000009774e-04
3.513749999999975226e-04
3.734375000000005052e-04
3.726250000000014273e-04
3.586250000000013038e-04
3.661875000000001934e-04
3.878749999999993314e-04
3.927499999999972680e-04
3.677500000000000213e-04
3.954375000000016904e-04
3.973749999999984239e-04
3.536250000000032423e-04
3.567499999999994287e-04
3.578124999999987566e-04
3.563125000000007259e-04
4.547500000000002929e-04
4.478750000000003562e-04
3.691874999999997242e-04
3.304999999999974625e-04
3.320000000000024321e-04
3.464999999999995861e-04
3.775625000000011611e-04
3.646874999999986933e-04
3.445624999999993832e-04
3.460625000000008833e-04
4.577499999999998237e-04
3.418749999999984301e-04
3.327499999999997127e-04
3.286250000000025262e-04
3.510000000000006171e-04
3.266874999999988538e-04
3.270624999999992288e-04
3.319999999999989626e-04
3.308750000000013070e-04
3.175624999999966669e-04
3.172500000000050280e-04
3.228750000000002451e-04
3.646874999999952238e-04
3.863124999999995035e-04
2.955625000000058900e-04
3.114999999999992775e-04
3.213749999999987450e-04
3.301250000000005569e-04
3.403749999999969300e-04
3.775625000000046305e-04
3.471874999999985389e-04
3.719374999999955356e-04
3.597500000000058984e-04
3.365624999999983213e-04
3.335000000000004627e-04
3.270624999999957594e-04
3.882499999999997065e-04
3.297500000000036513e-04
3.327499999999997127e-04
3.460625000000008833e-04
3.711249999999999272e-04
3.992499999999968296e-04
3.814375000000050364e-04
3.536249999999963034e-04
3.730625000000001301e-04
4.053124999999976885e-04
4.197500000000034537e-04
6.120000000000014317e-04
4.204999999999972649e-04
3.681250000000038658e-04
3.445624999999993832e-04
3.551874999999996008e-04
3.468124999999946945e-04
3.483125000000031335e-04
3.514375000000027893e-04
3.729999999999983329e-04
3.658124999999998184e-04
3.608749999999966152e-04
3.787500000000040834e-04
4.326875000000007798e-04
5.230624999999974878e-04
3.803125000000004419e-04
3.532499999999993978e-04
3.396250000000031188e-04
3.631249999999988654e-04
3.456874999999970388e-04
3.229375000000020424e-04
3.293124999999980096e-04
3.377499999999977742e-04
3.494375000000007891e-04
3.005000000000021543e-04
3.076875000000006688e-04
3.221249999999994951e-04
3.415625000000033218e-04
3.148749999999991833e-04
3.270624999999957594e-04
4.167500000000004534e-04
3.426249999999991802e-04
3.275000000000014011e-04
3.471874999999985389e-04
4.102500000000008917e-04
3.434375000000017275e-04
3.004375000000003570e-04
3.054374999999984186e-04
3.107499999999985274e-04
2.943749999999994982e-04
2.880000000000035310e-04
2.905625000000008895e-04
3.107499999999985274e-04
3.373124999999990714e-04
3.229375000000020424e-04
3.650624999999990683e-04
