7.977507266332395375e-06
2.013370612985454500e-05
1.899406379379797727e-05
2.583192326710559428e-05
2.887097798520699143e-05
3.304966958239674568e-05
2.469228638801723719e-05
3.532895061653107405e-05
3.304968413431197405e-05
3.988752723671495914e-05
3.836801624856889248e-05
3.988752723671495914e-05
4.444611840881407261e-05
4.482598160393536091e-05
4.520587390288710594e-05
4.938457277603447437e-05
4.824489587917923927e-05
5.356327164918184280e-05
5.660229362547397614e-05
5.394313484430313110e-05
6.078102160245180130e-05
3.798812394961714745e-05
5.698221502825617790e-05
5.812180461362004280e-05
5.850178422406315804e-05
4.938454367220401764e-05
6.951822433620691299e-05
5.584256723523139954e-05
6.078102160245180130e-05
8.357386104762554169e-05
4.748511128127574921e-05
8.053483907133340836e-05
8.205440826714038849e-05
9.041174780577421188e-05
8.167442865669727325e-05
7.027806714177131653e-05
7.787568029016256332e-05
8.471345063298940659e-05
6.913836114108562469e-05
7.103779353201389313e-05
8.433382026851177216e-05
9.990856051445007324e-05
8.851243183016777039e-05
1.059868372976779938e-04
1.234614755958318710e-04
1.078862696886062622e-04
1.128248404711484909e-04
1.177631784230470657e-04
1.143440604209899902e-04
1.329586375504732132e-04
9.497022256255149841e-05
8.965190500020980835e-05
1.280200667679309845e-04
1.363772898912429810e-04
1.010484993457794189e-04
9.003188461065292358e-05
1.363772898912429810e-04
1.185229048132896423e-04
1.063668169081211090e-04
1.382767222821712494e-04
9.497022256255149841e-05
1.284000463783740997e-04
1.120651140809059143e-04
1.420755870640277863e-04
1.454944722354412079e-04
1.238412223756313324e-04
1.458744518458843231e-04
1.656282693147659302e-04
1.477738842368125916e-04
1.470139250159263611e-04
1.405561342835426331e-04
8.395360782742500305e-05
9.762961417436599731e-05
1.284000463783740997e-04
1.462539657950401306e-04
1.116851344704627991e-04
1.557515934109687805e-04
9.421026334166526794e-05
1.401761546730995178e-04
1.378972083330154419e-04
1.435950398445129395e-04
1.310589723289012909e-04
6.116088479757308960e-05
1.367572695016860962e-04
6.875861436128616333e-05
1.291595399379730225e-04
1.109251752495765686e-04
1.321989111602306366e-04
1.147240400314331055e-04
9.307079017162322998e-05
1.283995807170867920e-04
1.356182619929313660e-04
1.500528305768966675e-04
1.340983435511589050e-04
1.443549990653991699e-04
1.132041215896606445e-04
1.318193972110748291e-04
1.170029863715171814e-04
1.413160935044288635e-04
1.261206343770027161e-04
1.447340473532676697e-04
1.375172287225723267e-04
1.044673845171928406e-04
1.257406547665596008e-04
1.306794583797454834e-04
1.276396214962005615e-04
1.018084585666656494e-04
1.340983435511589050e-04
1.348573714494705200e-04
1.021884381771087646e-04
1.257406547665596008e-04
1.227017492055892944e-04
1.086462289094924927e-04
1.075062900781631470e-04
1.356173306703567505e-04
1.200428232550621033e-04
9.610969573259353638e-05
1.196628436446189880e-04
1.348573714494705200e-04
1.230817288160324097e-04
1.268805935978889465e-04
1.177629455924034119e-04
1.113051548600196838e-04
1.310594379901885986e-04
1.223217695951461792e-04
1.310585066676139832e-04
1.135850325226783752e-04
1.382762566208839417e-04
1.185229048132896423e-04
1.314394176006317139e-04
1.314384862780570984e-04
1.071272417902946472e-04
1.238407567143440247e-04
1.181429252028465271e-04
1.139650121331214905e-04
1.314384862780570984e-04
1.329584047198295593e-04
1.166239380836486816e-04
1.040874049067497253e-04
1.283995807170867920e-04
1.139640808105468750e-04
1.390371471643447876e-04
1.363772898912429810e-04
1.409361138939857483e-04
3.038998693227767944e-05
1.394161954522132874e-04
1.359982416033744812e-04
2.887099981307983398e-05
6.571877747774124146e-05
1.295395195484161377e-04
1.105461269617080688e-04
1.052264124155044556e-04
1.208027824759483337e-04
1.139640808105468750e-04
1.238416880369186401e-04
1.283995807170867920e-04
1.299194991588592529e-04
9.573064744472503662e-05
1.196619123220443726e-04
1.219417899847030640e-04
6.951764225959777832e-05
1.208037137985229492e-04
1.025665551424026489e-04
1.261215656995773315e-04
1.291595399379730225e-04
1.249816268682479858e-04
8.775107562541961670e-05
9.725056588649749756e-05
1.219417899847030640e-04
1.276396214962005615e-04
9.497068822383880615e-05
1.261197030544281006e-04
1.219417899847030640e-04
1.284014433622360229e-04
1.747347414493560791e-05
7.673539221286773682e-05
9.193271398544311523e-05
1.132041215896606445e-04
1.306794583797454834e-04
6.837770342826843262e-05
1.158639788627624512e-04
1.113060861825942993e-04
1.283995807170867920e-04
1.302994787693023682e-04
9.155087172985076904e-05
1.268796622753143311e-04
1.154839992523193359e-04
1.162439584732055664e-04
1.192837953567504883e-04
1.223217695951461792e-04
9.610876441001892090e-05
1.291595399379730225e-04
9.459070861339569092e-05
1.238416880369186401e-04
1.283995807170867920e-04
1.246016472578048706e-04
1.204218715429306030e-04
1.151040196418762207e-04
1.128241419792175293e-04
1.128260046243667603e-04
