-3.798756249999999960e-07
-2.279255625000000213e-06
-3.039000000000000041e-06
-4.178618749999999726e-06
-4.558500000000000486e-06
-4.558500000000000486e-06
-2.279250000000000243e-06
-4.178687500000000300e-06
-1.899374999999999073e-06
0.000000000000000000e+00
2.279250000000000243e-06
1.519562499999998887e-06
1.139625000000000121e-06
3.798750000000011698e-07
-1.139625000000000121e-06
-1.139687500000001105e-06
-1.519499999999997903e-06
-1.899375000000002461e-06
-1.899374999999999073e-06
-1.519500000000001291e-06
-1.899374999999995685e-06
-1.139625000000000121e-06
-2.279250000000000243e-06
-1.899375000000002461e-06
-1.899375000000002461e-06
-1.519499999999997903e-06
-1.139625000000000121e-06
-1.519499999999997903e-06
-3.798749999999977817e-07
-1.899375000000002461e-06
-7.597500000000023397e-07
-2.659124999999998025e-06
3.798749999999977817e-07
-7.597499999999955634e-07
-7.597500000000023397e-07
-7.597500000000023397e-07
0.000000000000000000e+00
3.798750000000045580e-07
1.139625000000000121e-06
1.519499999999997903e-06
1.899375000000002461e-06
3.038999999999995806e-06
3.798749999999998146e-06
4.178625000000002704e-06
4.938374999999998267e-06
5.318250000000002825e-06
6.457937500000000543e-06
6.837749999999999034e-06
7.597493749999999243e-06
8.737137500000000676e-06
9.116993750000000534e-06
1.063650000000000057e-05
1.139631249999999881e-05
1.253587500000000134e-05
1.405537499999999924e-05
1.595456250000000552e-05
1.747437499999999479e-05
1.937375000000000403e-05
2.165312499999999269e-05
2.469187499999999811e-05
1.405500000000001366e-05
6.838124999999993080e-06
7.217499999999989766e-06
1.063625000000001527e-05
7.597499999999982739e-06
6.078125000000007133e-06
1.443562500000000292e-05
1.253562500000001095e-05
1.405562499999998285e-05
1.063624999999998816e-05
2.279375000000015764e-06
6.078125000000007133e-06
2.658749999999985344e-06
7.218125000000013159e-06
8.736874999999992477e-06
4.938125000000001107e-06
1.367562499999998987e-05
1.823437500000002140e-05
2.507187500000001819e-05
2.849062499999998948e-05
3.152937499999999491e-05
1.975374999999999701e-05
1.443499999999997953e-05
6.078125000000007133e-06
1.329562500000002400e-05
1.405562499999995574e-05
1.785375000000005924e-05
1.709437499999996116e-05
1.595500000000000564e-05
2.051312500000004087e-05
2.355249999999998838e-05
2.469187499999994390e-05
2.165312499999999269e-05
2.810875000000003475e-05
2.393125000000001588e-05
2.355624999999996610e-05
1.975000000000001928e-05
2.773124999999999982e-05
1.215625000000001427e-05
1.101874999999993918e-05
1.595624999999999821e-05
2.051250000000004459e-05
1.709374999999996488e-05
1.595624999999999821e-05
1.253125000000006404e-05
1.178124999999996449e-05
1.329374999999998093e-05
1.329374999999998093e-05
1.709375000000007330e-05
1.937499999999996950e-05
1.595624999999999821e-05
1.557499999999998556e-05
1.215625000000001427e-05
1.519374999999997290e-05
1.519374999999997290e-05
1.557500000000009398e-05
1.671250000000006064e-05
2.051875000000000747e-05
1.443124999999994759e-05
8.737499999999934555e-06
1.253749999999991850e-05
1.481250000000006867e-05
1.557500000000009398e-05
1.329999999999994381e-05
1.481250000000006867e-05
1.709374999999996488e-05
1.405625000000000624e-05
1.025625000000002229e-05
9.118749999999838790e-06
4.937500000000167449e-06
6.837499999999942582e-06
6.837499999999942582e-06
1.025625000000002229e-05
6.081250000000096995e-06
6.456249999999821507e-06
6.075000000000134112e-06
4.937499999999950609e-06
4.943749999999913491e-06
1.177500000000011003e-05
5.693750000000013037e-06
1.143749999999929545e-06
5.699999999999975919e-06
5.693750000000013037e-06
5.318750000000071684e-06
6.837499999999942582e-06
4.937499999999950609e-06
6.837500000000159422e-06
4.943749999999913491e-06
9.875000000000118058e-06
6.074999999999917272e-06
4.937499999999950609e-06
7.218750000000063657e-06
4.937499999999950609e-06
2.281250000000113048e-06
5.699999999999975919e-06
8.356250000000030320e-06
3.799999999999983946e-06
4.556249999999829534e-06
4.556250000000046374e-06
1.178125000000007291e-05
4.556250000000046374e-06
-4.556250000000046374e-06
5.318750000000071684e-06
8.356249999999813480e-06
4.937500000000167449e-06
3.037499999999958636e-06
5.699999999999975919e-06
6.456250000000038347e-06
4.556250000000046374e-06
2.662499999999800443e-06
2.656250000000054401e-06
7.218750000000063657e-06
3.799999999999983946e-06
5.318750000000071684e-06
4.174999999999925299e-06
4.943749999999913491e-06
3.037500000000175476e-06
5.699999999999975919e-06
3.793750000000021064e-06
9.881249999999864100e-06
5.693750000000013037e-06
4.181250000000105022e-06
-2.662500000000017283e-06
2.662500000000017283e-06
4.556249999999829534e-06
4.181250000000105022e-06
1.518750000000087738e-06
6.074999999999917272e-06
5.699999999999975919e-06
4.181250000000105022e-06
3.037499999999958636e-06
4.181249999999888181e-06
5.312500000000108802e-06
3.799999999999983946e-06
5.318750000000071684e-06
1.899999999999991973e-06
2.662499999999800443e-06
4.175000000000142139e-06
2.281249999999896208e-06
1.215625000000001427e-05
