-1.048472331603989005e-04
-5.075213848613202572e-04
-1.063669333234429359e-05
2.598388236947357655e-04
1.170034229289740324e-04
2.142530283890664577e-04
3.707641153596341610e-04
1.321987074334174395e-04
3.479712177067995071e-04
4.953652387484908104e-04
4.497793270274996758e-04
1.565110869705677032e-04
5.120800342410802841e-04
1.580305397510528564e-04
1.990578602999448776e-04
4.908065311610698700e-04
3.874788526445627213e-04
5.850172601640224457e-04
5.196775309741497040e-04
5.834978073835372925e-04
5.561457946896553040e-04
5.531073547899723053e-04
5.105603486299514771e-04
5.971733480691909790e-04
6.214859895408153534e-04
6.002122536301612854e-04
6.655519828200340271e-04
5.060015246272087097e-04
7.855948060750961304e-04
6.837863475084304810e-04
6.974618881940841675e-04
6.412398070096969604e-04
4.041939973831176758e-04
7.779961451888084412e-04
5.637444555759429932e-04
2.871900796890258789e-04
7.080985233187675476e-04
7.871137931942939758e-04
6.989818066358566284e-04
8.007902652025222778e-04
5.622226744890213013e-04
1.519545912742614746e-05
6.473176181316375732e-04
6.533972918987274170e-04
7.582418620586395264e-04
6.883461028337478638e-04
6.989799439907073975e-04
8.099079132080078125e-04
8.752457797527313232e-04
5.941353738307952881e-04
8.099060505628585815e-04
5.819778889417648315e-04
7.202550768852233887e-04
7.597636431455612183e-04
8.798036724328994751e-04
8.570123463869094849e-04
7.582437247037887573e-04
7.901526987552642822e-04
8.326992392539978027e-04
9.481851011514663696e-04
7.992684841156005859e-04
8.509345352649688721e-04
8.342191576957702637e-04
8.175037801265716553e-04
9.117163717746734619e-04
8.326992392539978027e-04
8.585304021835327148e-04
9.041205048561096191e-04
1.793019473552703857e-04
7.688812911510467529e-04
9.360276162624359131e-04
9.785741567611694336e-04
8.843615651130676270e-04
9.223520755767822266e-04
8.205436170101165771e-04
1.024160534143447876e-03
9.542629122734069824e-04
7.141754031181335449e-04
1.001365482807159424e-03
9.831339120864868164e-04
8.950009942054748535e-04
8.752457797527313232e-04
9.770542383193969727e-04
7.931925356388092041e-04
6.366819143295288086e-04
7.871128618717193604e-04
1.042395830154418945e-03
8.782856166362762451e-04
8.372552692890167236e-04
8.919611573219299316e-04
8.691698312759399414e-04
9.922496974468231201e-04
9.998492896556854248e-04
9.512230753898620605e-04
8.843615651130676270e-04
9.117163717746734619e-04
1.018077135086059570e-03
1.025684177875518799e-03
1.013524830341339111e-03
1.071259379386901855e-03
1.002892851829528809e-03
1.043908298015594482e-03
7.779970765113830566e-04
1.053035259246826172e-03
1.060627400875091553e-03
1.065187156200408936e-03
1.185230910778045654e-03
1.063667237758636475e-03
1.007445156574249268e-03
9.421035647392272949e-04
8.919611573219299316e-04
1.101657748222351074e-03
8.706822991371154785e-04
6.230100989341735840e-04
1.063667237758636475e-03
1.124449074268341064e-03
1.031756401062011719e-03
9.998455643653869629e-04
1.030236482620239258e-03
1.094058156013488770e-03
1.142688095569610596e-03
1.057587563991546631e-03
6.306022405624389648e-04
6.746724247932434082e-04
9.983256459236145020e-04
1.045435667037963867e-03
9.299442172050476074e-04
9.284317493438720703e-04
1.170031726360321045e-03
1.069746911525726318e-03
1.100137829780578613e-03
1.168511807918548584e-03
1.043915748596191406e-03
9.831339120864868164e-04
5.029588937759399414e-04
1.194350421428680420e-03
9.983256459236145020e-04
9.983330965042114258e-04
1.062147319316864014e-03
1.135081052780151367e-03
1.010484993457794189e-03
7.931962609291076660e-04
1.141160726547241211e-03
1.075826585292816162e-03
1.025676727294921875e-03
9.664148092269897461e-04
1.056075096130371094e-03
1.107729971408843994e-03
1.083418726921081543e-03
9.892135858535766602e-04
7.643252611160278320e-04
8.965134620666503906e-04
1.024164259433746338e-03
1.053027808666229248e-03
1.066707074642181396e-03
9.664222598075866699e-04
1.049987971782684326e-03
1.056075096130371094e-03
1.024156808853149414e-03
1.138120889663696289e-03
9.679347276687622070e-04
9.679496288299560547e-04
1.115322113037109375e-03
1.037836074829101562e-03
1.028716564178466797e-03
1.059114933013916016e-03
8.433312177658081055e-04
1.019597053527832031e-03
1.097097992897033691e-03
1.012012362480163574e-03
9.512156248092651367e-04
1.086458563804626465e-03
1.173079013824462891e-03
1.101657748222351074e-03
1.115337014198303223e-03
7.308870553970336914e-04
1.081898808479309082e-03
1.042395830154418945e-03
1.045435667037963867e-03
1.037836074829101562e-03
1.119881868362426758e-03
1.095578074455261230e-03
1.043915748596191406e-03
1.097097992897033691e-03
8.722096681594848633e-04
8.889138698577880859e-04
1.118376851081848145e-03
5.713403224945068359e-04
1.097097992897033691e-03
9.846538305282592773e-04
1.119896769523620605e-03
1.125961542129516602e-03
1.016557216644287109e-03
7.992684841156005859e-04
1.142695546150207520e-03
1.060619950294494629e-03
1.159399747848510742e-03
1.024156808853149414e-03
1.119896769523620605e-03
1.148760318756103516e-03
