-3.437925261096097529e-05
5.128396878717467189e-05
5.052420601714402437e-05
5.793190211988985538e-05
5.432301259133964777e-05
6.457982817664742470e-05
6.400997517630457878e-05
5.774197052232921124e-05
4.805496428161859512e-05
7.502656080760061741e-05
5.223369225859642029e-05
7.806561188772320747e-05
6.571941776201128960e-05
7.274729432538151741e-05
6.211054278537631035e-05
6.875855615362524986e-05
7.578631630167365074e-05
7.692596409469842911e-05
8.756259921938180923e-05
8.566328324377536774e-05
6.211048457771539688e-05
7.388694211840629578e-05
6.837863475084304810e-05
6.097101140767335892e-05
8.661288302391767502e-05
7.616623770445585251e-05
6.628921255469322205e-05
5.907157901674509048e-05
7.027806714177131653e-05
6.989808753132820129e-05
7.198750972747802734e-05
4.919455386698246002e-05
8.300412446260452271e-05
7.616612128913402557e-05
6.458000279963016510e-05
7.920502685010433197e-05
6.287056021392345428e-05
7.730582728981971741e-05
7.369695231318473816e-05
6.154063157737255096e-05
7.939524948596954346e-05
7.977499626576900482e-05
6.799888797104358673e-05
7.103779353201389313e-05
7.331697270274162292e-05
7.787579670548439026e-05
8.053472265601158142e-05
7.160753011703491211e-05
8.034496568143367767e-05
6.514973938465118408e-05
7.255724631249904633e-05
6.420002318918704987e-05
8.129444904625415802e-05
7.388694211840629578e-05
7.483665831387042999e-05
7.730582728981971741e-05
7.426668889820575714e-05
6.401003338396549225e-05
7.103802636265754700e-05
7.692584767937660217e-05
8.604303002357482910e-05
7.464690133929252625e-05
7.312698289752006531e-05
8.186418563127517700e-05
7.768580690026283264e-05
8.281413465738296509e-05
7.255747914314270020e-05
7.312698289752006531e-05
8.718296885490417480e-05
8.471356704831123352e-05
8.718250319361686707e-05
8.433358743786811829e-05
8.585350587964057922e-05
8.737249299883842468e-05
9.212130680680274963e-05
9.136134758591651917e-05
9.971857070922851562e-05
9.819958359003067017e-05
1.029479317367076874e-04
9.535020217299461365e-05
8.927192538976669312e-05
1.057968474924564362e-04
1.052273437380790710e-04
1.019979827105998993e-04
1.088362187147140503e-04
1.111151650547981262e-04
1.103552058339118958e-04
1.128250733017921448e-04
1.090257428586483002e-04
1.012384891510009766e-04
1.158635132014751434e-04
1.152940094470977783e-04
1.190928742289543152e-04
1.217518001794815063e-04
1.257411204278469086e-04
1.099752262234687805e-04
1.206123270094394684e-04
1.263106241822242737e-04
1.225117594003677368e-04
1.384671777486801147e-04
1.344773918390274048e-04
1.200428232550621033e-04
1.118751242756843567e-04
1.152940094470977783e-04
1.489128917455673218e-04
1.589804887771606445e-04
1.441650092601776123e-04
1.456839963793754578e-04
1.321993768215179443e-04
1.686671748757362366e-04
1.610694453120231628e-04
1.654382795095443726e-04
1.454949378967285156e-04
1.506227999925613403e-04
1.842426136136054993e-04
1.779738813638687134e-04
1.470139250159263611e-04
1.635393127799034119e-04
1.392262056469917297e-04
1.888014376163482666e-04
1.870915293693542480e-04
1.888005062937736511e-04
1.760749146342277527e-04
1.758849248290061951e-04
1.933602616190910339e-04
1.736050471663475037e-04
1.506227999925613403e-04
2.254601567983627319e-04
1.901304349303245544e-04
1.944992691278457642e-04
2.275491133332252502e-04
2.317270264029502869e-04
2.015270292758941650e-04
2.191914245486259460e-04
1.555616036057472229e-04
1.944992691278457642e-04
1.453049480915069580e-04
2.047559246420860291e-04
1.950683072209358215e-04
1.694271340966224670e-04
2.106446772813796997e-04
2.174815163016319275e-04
1.810137182474136353e-04
1.709470525383949280e-04
1.888014376163482666e-04
1.899395138025283813e-04
7.711537182331085205e-05
2.697296440601348877e-05
1.722760498523712158e-04
1.736059784889221191e-04
1.646783202886581421e-04
1.679062843322753906e-04
1.472048461437225342e-04
1.827217638492584229e-04
7.654726505279541016e-05
1.466330140829086304e-04
1.865234225988388062e-04
1.532807946205139160e-04
1.680981367826461792e-04
1.823436468839645386e-04
1.276396214962005615e-04
1.741759479045867920e-04
1.656282693147659302e-04
1.701861619949340820e-04
1.637283712625503540e-04
1.179538667201995850e-04
1.498628407716751099e-04
1.278296113014221191e-04
1.603104174137115479e-04
1.557506620883941650e-04
1.162439584732055664e-04
1.555606722831726074e-04
1.424569636583328247e-04
1.291595399379730225e-04
1.500528305768966675e-04
1.329928636550903320e-06
8.737295866012573242e-05
1.498628407716751099e-04
1.198519021272659302e-04
1.403670758008956909e-04
1.354273408651351929e-04
1.430250704288482666e-04
1.276396214962005615e-04
1.422651112079620361e-04
1.008585095405578613e-04
8.357502520084381104e-05
1.403652131557464600e-04
8.281506597995758057e-05
1.354273408651351929e-04
3.456883132457733154e-05
1.302994787693023682e-04
1.335274428129196167e-04
9.307079017162322998e-05
1.416970044374465942e-04
4.805438220500946045e-05
7.673539221286773682e-05
1.111160963773727417e-04
1.266896724700927734e-04
1.340992748737335205e-04
1.299194991588592529e-04
