6.078009999999999935e-06
6.077979999999999531e-06
2.431200999999999764e-05
3.646809000000000340e-05
6.078010000000005865e-06
-6.078000000000005165e-06
5.470199999999999228e-05
1.823389999999999495e-05
-3.038999999999998517e-05
5.470200000000003293e-05
6.077999999999997034e-05
6.078099999999944398e-06
-9.999999995278542608e-11
4.254599999999999550e-05
-1.033259999999999658e-04
1.094039999999999303e-04
9.117000000000000971e-05
-6.077000000000057182e-06
5.470200000000006004e-05
4.862399999999993290e-05
3.646800000000005810e-05
7.293699999999991510e-05
-3.646899999999991121e-05
9.116999999999990129e-05
4.862400000000004132e-05
7.901400000000008070e-05
5.470200000000000583e-05
6.077999999999964507e-06
1.033259999999999387e-04
3.646800000000000389e-05
4.254599999999996839e-05
7.901400000000008070e-05
1.519500000000000885e-04
-1.215599999999992901e-05
6.685499999999999603e-05
1.033269999999998461e-04
1.762680000000000410e-04
4.862199999999990141e-05
1.094019999999999802e-04
9.724800000000029948e-05
1.215590000000002502e-04
1.033339999999991973e-04
1.033170000000003391e-04
1.033300000000000017e-04
1.337279999999996249e-04
1.093900000000004417e-04
1.337199999999994990e-04
3.040000000000073893e-05
1.823329999999998008e-04
1.762500000000006249e-04
9.724999999999881309e-05
1.762700000000009398e-04
1.397899999999990123e-04
1.701800000000006780e-04
2.066499999999991954e-04
1.945000000000010956e-04
3.160499999999991441e-04
1.580300000000008434e-04
3.646999999999938485e-05
1.033300000000004354e-04
1.215700000000005318e-04
9.722999999999936555e-05
1.519600000000004628e-04
2.370499999999999344e-04
1.397899999999998796e-04
1.640999999999994893e-04
1.033400000000003760e-04
1.580299999999999760e-04
1.640999999999994893e-04
1.823400000000004531e-04
1.884199999999999070e-04
2.491999999999997689e-04
2.066399999999992548e-04
2.431300000000011230e-04
2.066500000000009302e-04
2.552699999999992822e-04
1.944999999999993609e-04
3.525300000000019390e-04
3.099799999999961614e-04
2.370400000000025958e-04
1.458599999999993929e-04
2.370399999999991264e-04
2.856799999999999617e-04
2.613500000000022055e-04
2.431299999999993883e-04
2.491899999999980936e-04
4.558500000000006991e-04
1.884099999999999664e-04
1.641200000000002379e-04
2.856599999999983458e-04
2.431200000000011824e-04
3.221300000000003327e-04
2.856700000000000211e-04
4.862500000000023054e-04
1.640899999999986814e-04
3.160599999999999521e-04
3.342999999999991811e-04
4.497699999999986431e-04
2.127300000000029861e-04
3.464500000000016178e-04
2.552800000000000902e-04
5.287699999999995876e-04
2.613599999999969420e-04
3.039100000000027196e-04
2.552999999999999714e-04
3.221399999999950692e-04
5.043900000000038630e-04
3.829300000000000759e-04
4.072600000000030362e-04
4.679799999999997850e-04
3.525599999999948220e-04
4.375999999999963253e-04
3.403400000000049441e-04
7.415999999999985104e-04
4.679700000000050486e-04
3.828999999999950499e-04
6.867800000000014171e-04
7.840700000000012937e-04
6.686099999999965682e-04
8.691699999999989712e-04
9.663800000000027923e-04
7.172200000000045206e-04
6.442499999999920512e-04
5.774400000000019795e-04
6.320599999999967911e-04
6.747200000000036502e-04
5.226600000000046486e-04
6.077999999999986191e-04
6.504100000000005710e-04
6.989700000000001467e-04
5.834799999999938647e-04
6.502900000000012837e-04
8.630800000000021788e-04
6.747099999999950359e-04
6.625500000000048018e-04
8.568899999999990413e-04
7.962200000000002609e-04
7.719500000000004136e-04
8.934199999999989372e-04
5.591699999999977244e-04
7.841000000000028503e-04
4.922899999999993947e-04
4.194500000000017659e-04
6.441500000000030535e-04
4.741799999999976589e-04
6.260699999999994048e-04
5.469700000000007889e-04
5.227000000000009416e-04
7.597200000000053910e-04
5.956699999999925943e-04
6.200200000000058442e-04
7.597800000000015652e-04
4.739399999999852064e-04
6.200000000000024936e-04
6.018400000000062589e-04
8.386100000000035193e-04
5.715199999999989733e-04
6.684799999999990749e-04
7.172800000000076337e-04
1.021009999999981932e-03
1.014999999999995073e-03
7.415400000000127445e-04
5.773199999999992227e-04
8.449299999999937416e-04
6.078299999999967063e-04
6.078100000000072334e-04
7.293400000000019312e-04
8.386800000000013688e-04
7.537900000000111178e-04
8.205399999999946070e-04
7.476099999999888390e-04
8.143100000000055849e-04
8.023799999999914334e-04
8.023100000000074616e-04
7.597100000000037157e-04
7.840799999999925607e-04
7.293400000000088701e-04
8.631100000000002659e-04
8.995900000000056629e-04
1.118299999999988747e-03
6.990500000000066105e-04
7.900899999999932977e-04
7.901000000000019119e-04
8.570099999999913898e-04
9.118300000000023608e-04
8.569400000000004791e-04
8.813599999999977008e-04
1.045280000000009535e-03
1.203419999999996715e-03
9.178999999999853943e-04
9.541600000000233228e-04
9.420799999999840413e-04
1.021040000000000836e-03
1.221760000000016166e-03
1.434359999999981761e-03
1.179160000000012420e-03
1.051440000000000707e-03
1.039499999999984881e-03
8.082900000000031726e-04
1.325099999999995726e-03
