5.394313848228193820e-05
8.053483179537579417e-05
7.445672235917299986e-05
9.497032442595809698e-05
9.686971316114068031e-05
1.120649976655840874e-04
1.025678939186036587e-04
1.048472477123141289e-04
1.246011233888566494e-04
1.276400289498269558e-04
1.230814959853887558e-04
1.321986783295869827e-04
1.466342946514487267e-04
1.527122221887111664e-04
1.435950398445129395e-04
1.595502253621816635e-04
1.523323589935898781e-04
1.717063132673501968e-04
1.633490901440382004e-04
1.739852596074342728e-04
1.675279345363378525e-04
1.595499925315380096e-04
1.785443164408206940e-04
1.671477220952510834e-04
1.511927694082260132e-04
1.641088165342807770e-04
1.709463540464639664e-04
1.743654720485210419e-04
1.793040428310632706e-04
2.184314653277397156e-04
1.470143906772136688e-04
2.188114449381828308e-04
2.153930254280567169e-04
2.001975663006305695e-04
2.172919921576976776e-04
2.028560265898704529e-04
2.313479781150817871e-04
2.256496809422969818e-04
2.188109792768955231e-04
2.119746059179306030e-04
2.226103097200393677e-04
2.579391002655029297e-04
2.442640252411365509e-04
2.518608234822750092e-04
2.659168094396591187e-04
2.617379650473594666e-04
2.431245520710945129e-04
2.621179446578025818e-04
2.632578834891319275e-04
2.852901816368103027e-04
2.503413707017898560e-04
2.438845112919807434e-04
2.765534445643424988e-04
2.837711945176124573e-04
2.503423020243644714e-04
2.408446744084358215e-04
3.103623166680335999e-04
2.822522073984146118e-04
2.617388963699340820e-04
2.966858446598052979e-04
2.393256872892379761e-04
2.799732610583305359e-04
2.807313576340675354e-04
3.039054572582244873e-04
2.837711945176124573e-04
2.754144370555877686e-04
3.023846074938774109e-04
3.312574699521064758e-04
3.126421943306922913e-04
3.084633499383926392e-04
2.913689240813255310e-04
2.423636615276336670e-04
2.765534445643424988e-04
2.936488017439842224e-04
3.213798627257347107e-04
2.738945186138153076e-04
3.134030848741531372e-04
2.548992633819580078e-04
3.031454980373382568e-04
3.054235130548477173e-04
2.970676869153976440e-04
3.145430237054824829e-04
2.302061766386032104e-04
3.069452941417694092e-04
2.541393041610717773e-04
3.023855388164520264e-04
2.909880131483078003e-04
3.012455999851226807e-04
3.050472587347030640e-04
2.552792429924011230e-04
2.788323909044265747e-04
3.001075237989425659e-04
3.475900739431381226e-04
3.008674830198287964e-04
3.346763551235198975e-04
2.704747021198272705e-04
3.175809979438781738e-04
3.077033907175064087e-04
3.198590129613876343e-04
3.084652125835418701e-04
3.468301147222518921e-04
3.202389925718307495e-04
2.890899777412414551e-04
2.849102020263671875e-04
3.126431256532669067e-04
3.073215484619140625e-04
2.936515957117080688e-04
3.274567425251007080e-04
3.335345536470413208e-04
2.902317792177200317e-04
2.818703651428222656e-04
3.008674830198287964e-04
2.913679927587509155e-04
2.970676869153976440e-04
3.335345536470413208e-04
3.016274422407150269e-04
2.807304263114929199e-04
2.814922481775283813e-04
3.198590129613876343e-04
2.890899777412414551e-04
2.989694476127624512e-04
3.023855388164520264e-04
2.940259873867034912e-04
3.092251718044281006e-04
3.054235130548477173e-04
3.080833703279495239e-04
3.073252737522125244e-04
3.156810998916625977e-04
3.050453960895538330e-04
2.792142331600189209e-04
3.247931599617004395e-04
2.814941108226776123e-04
2.955496311187744141e-04
2.985857427120208740e-04
3.077052533626556396e-04
3.111176192760467529e-04
3.251805901527404785e-04
3.058016300201416016e-04
2.917498350143432617e-04
2.940297126770019531e-04
2.921260893344879150e-04
3.251805901527404785e-04
3.179572522640228271e-04
3.267042338848114014e-04
2.013333141803741455e-04
3.308802843093872070e-04
3.236569464206695557e-04
1.800619065761566162e-04
2.423673868179321289e-04
3.156810998916625977e-04
2.997219562530517578e-04
2.735182642936706543e-04
2.750344574451446533e-04
2.666749060153961182e-04
3.001093864440917969e-04
3.130212426185607910e-04
3.035254776477813721e-04
2.769306302070617676e-04
3.088451921939849854e-04
2.583190798759460449e-04
2.651587128639221191e-04
2.765506505966186523e-04
2.955496311187744141e-04
2.921260893344879150e-04
3.046654164791107178e-04
3.160648047924041748e-04
2.605952322483062744e-04
2.655349671840667725e-04
2.966895699501037598e-04
3.020055592060089111e-04
2.795904874801635742e-04
3.240406513214111328e-04
2.902261912822723389e-04
3.213845193386077881e-04
1.804381608963012695e-04
2.469234168529510498e-04
2.795979380607604980e-04
2.868063747882843018e-04
3.179609775543212891e-04
2.469271421432495117e-04
2.849064767360687256e-04
3.046691417694091797e-04
3.244169056415557861e-04
2.674348652362823486e-04
2.602189779281616211e-04
3.118813037872314453e-04
2.871900796890258789e-04
3.251805901527404785e-04
2.970658242702484131e-04
3.244243562221527100e-04
2.172850072383880615e-04
2.769343554973602295e-04
2.723783254623413086e-04
3.004856407642364502e-04
3.016255795955657959e-04
3.137812018394470215e-04
3.096014261245727539e-04
2.875737845897674561e-04
3.179572522640228271e-04
2.723746001720428467e-04
