3.950764948967844248e-05
3.646860568551346660e-05
1.246010651811957359e-04
8.205435005947947502e-05
1.580305979587137699e-04
1.397962914779782295e-04
1.458744518458843231e-04
1.489134156145155430e-04
5.774199962615966797e-05
1.124448608607053757e-04
1.762649044394493103e-04
-6.078160367906093597e-06
1.519524957984685898e-04
2.674364950507879257e-04
1.367572695016860962e-04
1.762647880241274834e-04
6.382004357874393463e-05
1.489135902374982834e-04
1.853820867836475372e-04
8.205417543649673462e-05
6.685918197035789490e-05
1.580305397510528564e-04
1.549916341900825500e-04
3.950763493776321411e-05
1.701868604868650436e-04
1.944992691278457642e-04
1.975381746888160706e-04
1.306792255491018295e-04
2.492021303623914719e-04
2.248897217214107513e-04
1.762649044394493103e-04
1.367572695016860962e-04
1.397961750626564026e-04
2.279286272823810577e-04
2.917489036917686462e-04
1.549916341900825500e-04
2.127336338162422180e-04
2.522412687540054321e-04
2.795923501253128052e-04
2.674362622201442719e-04
1.944992691278457642e-04
2.522412687540054321e-04
2.309679985046386719e-04
2.461629919707775116e-04
2.309675328433513641e-04
2.036164514720439911e-04
1.914603635668754578e-04
1.975381746888160706e-04
2.522412687540054321e-04
1.975381746888160706e-04
2.066558226943016052e-04
2.461625263094902039e-04
2.340069040656089783e-04
2.492023631930351257e-04
3.950763493776321411e-04
1.610694453120231628e-04
2.583190798759460449e-04
2.127336338162422180e-04
2.583200111985206604e-04
2.461625263094902039e-04
1.489138230681419373e-04
2.400847151875495911e-04
2.188114449381828308e-04
2.127336338162422180e-04
2.492023631930351257e-04
2.522412687540054321e-04
2.157725393772125244e-04
2.552801743149757385e-04
2.188114449381828308e-04
2.613579854369163513e-04
2.674367278814315796e-04
2.735145390033721924e-04
2.370458096265792847e-04
3.130221739411354065e-04
2.795923501253128052e-04
-3.373343497514724731e-04
2.613579854369163513e-04
2.704756334424018860e-04
2.887099981307983398e-04
2.188114449381828308e-04
2.917489036917686462e-04
2.188123762607574463e-04
2.826303243637084961e-04
1.732259988784790039e-04
2.400856465101242065e-04
2.735145390033721924e-04
2.947878092527389526e-04
2.552792429924011230e-04
2.856720238924026489e-04
2.765525132417678833e-04
2.461634576320648193e-04
2.066548913717269897e-04
1.489147543907165527e-04
2.643968909978866577e-04
2.309679985046386719e-04
2.248901873826980591e-04
2.826303243637084961e-04
2.795923501253128052e-04
3.160610795021057129e-04
3.099832683801651001e-04
2.978276461362838745e-04
2.826321870088577271e-04
2.735145390033721924e-04
2.552792429924011230e-04
8.509308099746704102e-05
3.221407532691955566e-04
2.522412687540054321e-04
3.039035946130752563e-04
2.309679985046386719e-04
2.583190798759460449e-04
2.461634576320648193e-04
2.674367278814315796e-04
2.947878092527389526e-04
3.008656203746795654e-04
3.160610795021057129e-04
2.643987536430358887e-04
2.978257834911346436e-04
3.008656203746795654e-04
3.039054572582244873e-04
2.492014318704605103e-04
3.434140235185623169e-04
2.461634576320648193e-04
2.431236207485198975e-04
2.704747021198272705e-04
2.917498350143432617e-04
2.856701612472534180e-04
2.400856465101242065e-04
3.008656203746795654e-04
3.646854311227798462e-04
3.738030791282653809e-04
2.887099981307983398e-04
3.282167017459869385e-04
1.367572695016860962e-04
3.039054572582244873e-04
2.947878092527389526e-04
2.917498350143432617e-04
2.370458096265792847e-04
2.583190798759460449e-04
3.037974238395690918e-06
2.157725393772125244e-04
2.218503504991531372e-04
2.492014318704605103e-04
3.069452941417694092e-04
3.039054572582244873e-04
3.008656203746795654e-04
3.008656203746795654e-04
2.431236207485198975e-04
2.583190798759460449e-04
2.431236207485198975e-04
1.914612948894500732e-04
3.099851310253143311e-04
2.522394061088562012e-04
3.039054572582244873e-04
1.458749175071716309e-04
2.279281616210937500e-04
2.947859466075897217e-04
2.096965909004211426e-04
2.370439469814300537e-04
2.735145390033721924e-04
2.978295087814331055e-04
3.039054572582244873e-04
2.643950283527374268e-04
2.917498350143432617e-04
2.735145390033721924e-04
3.039054572582244873e-04
2.096928656101226807e-04
1.458749175071716309e-04
3.008656203746795654e-04
2.978295087814331055e-04
2.248883247375488281e-04
2.795904874801635742e-04
3.191009163856506348e-04
3.130249679088592529e-04
2.795904874801635742e-04
2.887099981307983398e-04
2.856701612472534180e-04
2.643987536430358887e-04
3.039054572582244873e-04
2.795904874801635742e-04
3.008656203746795654e-04
2.795942127704620361e-04
3.069452941417694092e-04
2.491995692253112793e-04
2.947896718978881836e-04
3.099814057350158691e-04
2.492032945156097412e-04
3.008656203746795654e-04
2.917498350143432617e-04
3.191009163856506348e-04
2.765506505966186523e-04
3.099851310253143311e-04
3.099814057350158691e-04
1.701861619949340820e-04
2.674385905265808105e-04
2.522394061088562012e-04
3.069452941417694092e-04
2.643987536430358887e-04
2.643950283527374268e-04
2.552829682826995850e-04
2.218484878540039062e-04
