0.000000000000000000e+00
-3.039004999999999968e-06
-3.038995000000000115e-06
-3.038999999999999194e-06
-9.116999999999999277e-06
-9.117050000000001081e-06
-6.077999999999998389e-06
-9.117000000000000971e-06
-1.519495000000000264e-05
-1.215599999999999678e-05
-9.117000000000000971e-06
-1.519500000000000614e-05
-1.519499999999999258e-05
-1.519500000000000614e-05
-1.823400000000000194e-05
-1.823400000000000194e-05
-1.519499999999999258e-05
-2.127300000000001130e-05
-2.127349999999999207e-05
-1.823400000000000194e-05
-2.127300000000001130e-05
-1.823400000000000194e-05
-2.127299999999998420e-05
-2.127299999999998420e-05
-6.078000000000018718e-06
-3.950699999999998614e-05
-2.127299999999998420e-05
-2.431200000000002066e-05
-2.127299999999998420e-05
-2.431200000000002066e-05
-2.431200000000002066e-05
-2.127250000000003053e-05
-2.431499999999990527e-05
-2.126999999999999117e-05
-2.735000000000009559e-05
-2.431499999999990527e-05
-2.431000000000004338e-05
-2.431500000000001369e-05
-2.431000000000004338e-05
-2.430999999999993496e-05
-2.431500000000001369e-05
-2.126999999999999117e-05
-2.431500000000001369e-05
-2.431000000000004338e-05
-2.431499999999990527e-05
-2.431000000000004338e-05
-2.127499999999996148e-05
-2.431000000000004338e-05
-2.127499999999996148e-05
-2.126999999999999117e-05
-2.127500000000006990e-05
-2.430999999999993496e-05
-2.127500000000006990e-05
-2.126999999999988275e-05
-2.431500000000001369e-05
-2.127000000000009959e-05
-9.120000000000048207e-06
-3.342999999999987475e-05
-1.823000000000015580e-05
-1.823499999999990927e-05
-1.823499999999990927e-05
-2.127500000000006990e-05
-1.823499999999990927e-05
3.039999999999943789e-06
-3.950500000000000886e-05
-1.519499999999996548e-05
-1.519499999999996548e-05
-2.127500000000006990e-05
-1.215500000000002169e-05
-2.127500000000006990e-05
-6.381499999999983540e-05
-9.120000000000048207e-06
-9.115000000000077901e-06
-6.079999999999887578e-06
-9.115000000000077901e-06
-6.080000000000104418e-06
-1.215499999999980485e-05
-3.040000000000160629e-06
1.215500000000002169e-05
-2.734999999999998717e-05
-9.115000000000077901e-06
-1.215499999999980485e-05
-1.215999999999999200e-05
-6.075000000000134112e-06
-1.215500000000002169e-05
-6.382000000000002254e-05
1.519500000000018232e-05
-2.431500000000001369e-05
-6.075000000000134112e-06
-9.120000000000048207e-06
0.000000000000000000e+00
0.000000000000000000e+00
-6.074999999999917272e-06
1.823499999999990927e-05
-9.119999999999831367e-06
-8.509000000000012214e-05
-3.039999999999943789e-06
4.862500000000005707e-05
-5.470500000000016148e-05
0.000000000000000000e+00
-3.034999999999973483e-06
1.519499999999996548e-05
-6.079999999999887578e-06
-2.431000000000004338e-05
0.000000000000000000e+00
-6.079999999999887578e-06
-6.078000000000007876e-05
-3.039999999999943789e-06
0.000000000000000000e+00
1.519499999999996548e-05
-3.039999999999943789e-06
-1.823000000000015580e-05
0.000000000000000000e+00
-3.039999999999943789e-06
0.000000000000000000e+00
-5.773999999999991813e-05
1.822999999999993896e-05
4.558499999999989644e-05
-6.685499999999999603e-05
-3.039999999999943789e-06
0.000000000000000000e+00
3.039999999999943789e-06
3.040000000000160629e-06
-1.215999999999999200e-05
-3.034999999999973483e-06
-1.215999999999999200e-05
0.000000000000000000e+00
0.000000000000000000e+00
-1.823000000000015580e-05
0.000000000000000000e+00
-4.254999999999992295e-05
3.039999999999943789e-06
2.734999999999998717e-05
0.000000000000000000e+00
0.000000000000000000e+00
-9.114999999999861061e-06
-5.774000000000013497e-05
1.215500000000002169e-05
4.862500000000005707e-05
-5.166500000000000085e-05
2.734999999999998717e-05
-1.215500000000002169e-05
-5.166499999999978401e-05
1.519499999999996548e-05
-1.823000000000015580e-05
6.074999999999917272e-06
0.000000000000000000e+00
0.000000000000000000e+00
1.519499999999996548e-05
-3.646499999999984823e-05
3.034999999999756642e-06
1.823500000000012611e-05
-3.646499999999984823e-05
0.000000000000000000e+00
0.000000000000000000e+00
9.115000000000077901e-06
-3.647000000000025222e-05
3.040000000000160629e-06
9.120000000000048207e-06
-2.735500000000017432e-05
0.000000000000000000e+00
-3.034999999999756642e-06
-6.080000000000321259e-06
1.823500000000012611e-05
0.000000000000000000e+00
-6.079999999999887578e-06
9.120000000000048207e-06
-3.950999999999997916e-05
-3.040000000000160629e-06
-1.519499999999996548e-05
-6.074999999999917272e-06
1.823499999999969243e-05
-3.039999999999726948e-06
3.039999999999726948e-06
-3.039999999999726948e-06
-9.120000000000048207e-06
-2.431000000000004338e-05
-3.040000000000160629e-06
1.519499999999996548e-05
3.343000000000009159e-05
2.127500000000028674e-05
-2.127500000000028674e-05
-5.166499999999978401e-05
-6.074999999999917272e-06
-3.040000000000160629e-06
-2.127499999999985306e-05
0.000000000000000000e+00
1.823499999999969243e-05
-3.039999999999726948e-06
-9.115000000000077901e-06
-3.040000000000160629e-06
-3.039999999999726948e-06
-3.035000000000190323e-06
-1.823500000000012611e-05
1.823500000000012611e-05
6.074999999999917272e-06
-9.115000000000077901e-06
-9.120000000000048207e-06
-3.034999999999756642e-06
5.165999999999981371e-05
