-9.724960546009242535e-05
-5.166385381016880274e-05
-6.685910921078175306e-05
-1.367571530863642693e-05
7.901529897935688496e-05
9.117153240367770195e-06
1.367572258459404111e-05
-1.641087292227894068e-04
1.018081966321915388e-04
1.063667514245025814e-04
1.321986783295869827e-04
-1.975382474483922124e-05
1.352377294097095728e-04
1.048472331603989005e-04
1.094058097805827856e-04
7.749578799121081829e-05
-1.321986783295869827e-04
1.261205761693418026e-04
1.094057806767523289e-04
7.293722592294216156e-05
1.337181893177330494e-04
1.078862696886062622e-04
7.597630610689520836e-05
1.397962332703173161e-04
9.876920375972986221e-05
1.033276785165071487e-04
1.200424740090966225e-04
8.357386104762554169e-05
1.473940210416913033e-04
1.717063132673501968e-04
1.610695617273449898e-04
1.033276785165071487e-04
1.215620432049036026e-04
1.625891309231519699e-04
1.246011815965175629e-04
-2.309677656739950180e-04
1.473939046263694763e-04
1.701868604868650436e-04
1.078862696886062622e-04
1.656282693147659302e-04
1.732257660478353500e-04
-2.279295586049556732e-05
1.230814959853887558e-04
8.813245221972465515e-05
1.762649044394493103e-04
6.685918197035789490e-05
1.124448608607053757e-04
1.428353134542703629e-04
1.717063132673501968e-04
1.641088165342807770e-04
1.929798163473606110e-04
-8.661299943923950195e-05
2.020965330302715302e-04
1.671481877565383911e-04
1.595499925315380096e-04
1.732259988784790039e-04
1.200423575937747955e-04
1.899404451251029968e-04
1.519527286291122437e-04
1.793038100004196167e-04
1.641088165342807770e-04
1.777843572199344635e-04
1.823431812226772308e-04
4.862481728196144104e-05
1.960187219083309174e-04
1.869015395641326904e-04
2.036164514720439911e-04
1.747449859976768494e-04
1.808237284421920776e-04
1.610694453120231628e-04
1.853820867836475372e-04
2.005775459110736847e-04
9.876908734440803528e-05
1.458744518458843231e-04
2.020969986915588379e-04
2.157725393772125244e-04
1.899404451251029968e-04
2.066558226943016052e-04
1.838617026805877686e-04
1.914603635668754578e-04
1.838626340031623840e-04
1.641083508729934692e-04
2.020969986915588379e-04
1.595504581928253174e-04
1.519545912742614746e-05
2.005770802497863770e-04
2.096947282552719116e-04
1.580305397510528564e-04
1.914603635668754578e-04
2.172915264964103699e-04
1.777848228812217712e-04
1.641083508729934692e-04
1.808237284421920776e-04
1.261206343770027161e-04
2.172915264964103699e-04
2.020969986915588379e-04
2.112146466970443726e-04
1.352373510599136353e-04
1.656282693147659302e-04
2.096947282552719116e-04
1.397961750626564026e-04
2.036159858107566833e-04
1.504328101873397827e-04
2.112146466970443726e-04
1.777838915586471558e-04
2.096947282552719116e-04
2.051359042525291443e-04
1.549916341900825500e-04
1.595495268702507019e-04
1.063672825694084167e-04
1.975381746888160706e-04
2.036159858107566833e-04
1.884214580059051514e-04
2.081748098134994507e-04
1.929802820086479187e-04
2.005770802497863770e-04
1.625893637537956238e-04
1.185229048132896423e-04
2.005770802497863770e-04
1.884214580059051514e-04
1.944992691278457642e-04
1.747440546751022339e-04
-2.583116292953491211e-05
-1.534726470708847046e-04
1.975391060113906860e-04
2.005770802497863770e-04
1.428350806236267090e-04
1.944992691278457642e-04
1.975391060113906860e-04
8.813105523586273193e-05
1.990590244531631470e-04
1.306794583797454834e-04
1.990571618080139160e-04
1.869015395641326904e-04
9.269081056118011475e-05
1.793038100004196167e-04
2.005770802497863770e-04
1.717060804367065430e-04
1.504346728324890137e-04
1.990571618080139160e-04
2.036169171333312988e-04
1.595485955476760864e-04
2.036169171333312988e-04
1.641083508729934692e-04
2.036169171333312988e-04
1.519527286291122437e-04
1.990571618080139160e-04
2.081748098134994507e-04
1.990590244531631470e-04
1.245997846126556396e-04
1.869015395641326904e-04
-3.798678517341613770e-05
1.838617026805877686e-04
2.051368355751037598e-04
1.823417842388153076e-04
2.036169171333312988e-04
1.975372433662414551e-04
1.944992691278457642e-04
1.261215656995773315e-04
2.264082431793212891e-04
1.929812133312225342e-04
7.749535143375396729e-05
2.051349729299545288e-04
1.869015395641326904e-04
1.853834837675094604e-04
1.975372433662414551e-04
2.051368355751037598e-04
1.382753252983093262e-04
2.081748098134994507e-04
1.914612948894500732e-04
1.261197030544281006e-04
1.762658357620239258e-04
1.808237284421920776e-04
1.489128917455673218e-04
1.473948359489440918e-04
1.215618103742599487e-04
1.990571618080139160e-04
1.337174326181411743e-04
2.005770802497863770e-04
1.929812133312225342e-04
1.641083508729934692e-04
1.960191875696182251e-04
1.929793506860733032e-04
1.610685139894485474e-04
1.489147543907165527e-04
1.701861619949340820e-04
1.960191875696182251e-04
1.884214580059051514e-04
1.443549990653991699e-04
1.701861619949340820e-04
1.914594322443008423e-04
1.869015395641326904e-04
1.793038100004196167e-04
1.884214580059051514e-04
1.914612948894500732e-04
1.808218657970428467e-04
1.944992691278457642e-04
1.929812133312225342e-04
1.808237284421920776e-04
2.294480800628662109e-04
