1.671477548370603472e-05
1.424554648110643029e-05
1.728459756122902036e-05
1.823429920477792621e-05
1.728459756122902036e-05
1.956388587132096291e-05
2.184318145737051964e-05
2.013369521591812372e-05
2.317276084795594215e-05
2.678163582459092140e-05
2.602186577860265970e-05
2.545205643400549889e-05
2.754139131866395473e-05
2.944079460576176643e-05
2.545202733017504215e-05
2.773135202005505562e-05
2.260293695144355297e-05
2.260293695144355297e-05
2.146328915841877460e-05
2.944079460576176643e-05
2.241297625005245209e-05
2.716152812354266644e-05
2.773135202005505562e-05
2.830114681273698807e-05
-5.128385964781045914e-06
2.944079460576176643e-05
3.703840775415301323e-05
2.317276084795594215e-05
2.260290784761309624e-05
2.678163582459092140e-05
2.887099981307983398e-05
3.418931737542152405e-05
2.412241883575916290e-05
3.134022699669003487e-05
2.146331826224923134e-05
2.260290784761309624e-05
1.937395427376031876e-05
3.247987478971481323e-05
2.412241883575916290e-05
3.285973798483610153e-05
2.811121521517634392e-05
2.887099981307983398e-05
2.640171442180871964e-05
3.589875996112823486e-05
2.222310286015272141e-05
3.096030559390783310e-05
3.532890696078538895e-05
2.165324985980987549e-05
1.918408088386058807e-05
3.380933776497840881e-05
2.431240864098072052e-05
3.210001159459352493e-05
2.868101000785827637e-05
2.602185122668743134e-05
2.754142042249441147e-05
2.621184103190898895e-05
2.849113661795854568e-05
2.868101000785827637e-05
2.507213503122329712e-05
3.001058939844369888e-05
3.191002178937196732e-05
2.013379707932472229e-05
3.058044239878654480e-05
2.944073639810085297e-05
3.172014839947223663e-05
2.070353366434574127e-05
1.785438507795333862e-05
2.678157761693000793e-05
3.608874976634979248e-05
3.247987478971481323e-05
2.868101000785827637e-05
2.716155722737312317e-05
1.937395427376031876e-05
2.659158781170845032e-05
3.475917037576436996e-05
3.039045259356498718e-05
2.469238825142383575e-05
3.570877015590667725e-05
2.982071600854396820e-05
3.931764513254165649e-05
2.602185122668743134e-05
3.153015859425067902e-05
3.210012800991535187e-05
3.190990537405014038e-05
2.906098961830139160e-05
3.209989517927169800e-05
2.127327024936676025e-05
3.096042200922966003e-05
2.773129381239414215e-05
2.944073639810085297e-05
2.887099981307983398e-05
2.678181044757366180e-05
2.697156742215156555e-05
3.077019937336444855e-05
3.115041181445121765e-05
2.754130400717258453e-05
2.678157761693000793e-05
2.868101000785827637e-05
1.880433410406112671e-05
3.077019937336444855e-05
2.203322947025299072e-05
2.868101000785827637e-05
2.754130400717258453e-05
2.906098961830139160e-05
2.545211464166641235e-05
3.058044239878654480e-05
3.020046278834342957e-05
3.228988498449325562e-05
2.906098961830139160e-05
2.792128361761569977e-05
2.811127342283725739e-05
3.115017898380756378e-05
1.804437488317489624e-05
2.868101000785827637e-05
3.285962156951427460e-05
2.830126322805881500e-05
3.020046278834342957e-05
3.039068542420864105e-05
2.317270264029502869e-05
2.222298644483089447e-05
2.868101000785827637e-05
3.020069561898708344e-05
2.146326005458831787e-05
2.830103039741516113e-05
3.153015859425067902e-05
2.849125303328037262e-05
3.153015859425067902e-05
2.659158781170845032e-05
2.355268225073814392e-05
3.134016878902912140e-05
3.513903357088565826e-05
3.153015859425067902e-05
2.735131420195102692e-05
2.811127342283725739e-05
2.146326005458831787e-05
3.551901318132877350e-05
3.115017898380756378e-05
2.716155722737312317e-05
3.172014839947223663e-05
3.228988498449325562e-05
3.532902337610721588e-05
3.399932757019996643e-05
1.975381746888160706e-05
3.456929698586463928e-05
3.608874976634979248e-05
3.228988498449325562e-05
2.963049337267875671e-05
3.380933776497840881e-05
2.716155722737312317e-05
2.146326005458831787e-05
2.108374610543251038e-05
2.545211464166641235e-05
3.456883132457733154e-05
3.096042200922966003e-05
3.456929698586463928e-05
3.494881093502044678e-05
3.380980342626571655e-05
3.304937854409217834e-05
3.418931737542152405e-05
3.304984420537948608e-05
3.399932757019996643e-05
3.342935815453529358e-05
3.285985440015792847e-05
3.456929698586463928e-05
2.887099981307983398e-05
3.931764513254165649e-05
2.887099981307983398e-05
3.798818215727806091e-05
3.779819235205650330e-05
4.007760435342788696e-05
3.589875996112823486e-05
3.608874976634979248e-05
4.140706732869148254e-05
3.532879054546356201e-05
3.684824332594871521e-05
3.608874976634979248e-05
4.501594230532646179e-05
3.285985440015792847e-05
3.456929698586463928e-05
4.349648952484130859e-05
3.361934795975685120e-05
4.216702654957771301e-05
4.444597288966178894e-05
4.520593211054801941e-05
4.235655069351196289e-05
4.330649971961975098e-05
4.083709791302680969e-05
5.109421908855438232e-05
3.020046278834342957e-05
4.786532372236251831e-05
4.653539508581161499e-05
3.855768591165542603e-05
3.532925620675086975e-05
5.014427006244659424e-05
4.691537469625473022e-05
3.722822293639183044e-05
4.843482747673988342e-05
5.109421908855438232e-05
5.071377381682395935e-05
4.995474591851234436e-05
