1.367572531307814643e-05
2.184317236242350191e-05
2.146329279639758170e-05
2.526210664655081928e-05
2.811121521517634392e-05
3.153013676637783647e-05
2.944080915767699480e-05
3.266979183536022902e-05
3.646859840955585241e-05
3.912777174264192581e-05
3.931770334020256996e-05
3.969759563915431499e-05
4.539580550044775009e-05
4.159699892625212669e-05
4.463607911020517349e-05
4.349637310951948166e-05
4.805496428161859512e-05
3.760826075449585915e-05
4.805496428161859512e-05
5.033431807532906532e-05
4.520587390288710594e-05
5.375320324674248695e-05
5.774194141849875450e-05
6.382004357874393463e-05
5.451292963698506355e-05
4.596565850079059601e-05
6.609933916479349136e-05
3.684847615659236908e-05
6.173073779791593552e-05
8.015497587621212006e-05
6.628921255469322205e-05
7.825554348528385162e-05
8.851231541484594345e-05
6.761890836060047150e-05
8.281413465738296509e-05
8.547329343855381012e-05
7.825554348528385162e-05
8.604303002357482910e-05
6.306031718850135803e-05
7.369695231318473816e-05
8.604326285421848297e-05
8.984189480543136597e-05
8.718273602426052094e-05
7.825554348528385162e-05
5.660229362547397614e-05
1.014282461255788803e-04
8.414359763264656067e-05
7.464666850864887238e-05
4.691537469625473022e-05
9.174132719635963440e-05
9.098160080611705780e-05
6.476975977420806885e-05
8.528330363333225250e-05
7.027806714177131653e-05
7.730582728981971741e-05
7.958523929119110107e-05
8.490332402288913727e-05
8.091470226645469666e-05
8.490355685353279114e-05
3.096042200922966003e-05
5.527259781956672668e-05
9.193131700158119202e-05
7.445667870342731476e-05
2.716155722737312317e-05
8.509354665875434875e-05
8.091470226645469666e-05
6.552925333380699158e-05
8.015520870685577393e-05
9.174132719635963440e-05
7.521640509366989136e-05
5.242368206381797791e-05
8.072471246123313904e-05
7.692584767937660217e-05
5.793198943138122559e-05
7.578637450933456421e-05
6.514973938465118408e-05
4.083709791302680969e-05
8.224416524171829224e-05
6.875861436128616333e-05
8.148467168211936951e-05
7.559638470411300659e-05
7.464643567800521851e-05
8.091470226645469666e-05
6.685918197035789490e-05
7.825531065464019775e-05
7.046805694699287415e-05
5.033425986766815186e-05
5.584256723523139954e-05
7.939524948596954346e-05
7.426692172884941101e-05
8.262414485216140747e-05
7.407693192362785339e-05
7.882528007030487061e-05
8.091470226645469666e-05
8.053472265601158142e-05
7.027806714177131653e-05
6.116088479757308960e-05
7.217749953269958496e-05
8.091470226645469666e-05
6.894860416650772095e-05
7.502641528844833374e-05
6.913812831044197083e-05
6.685918197035789490e-05
6.306031718850135803e-05
7.920525968074798584e-05
7.768580690026283264e-05
6.590923294425010681e-05
5.622254684567451477e-05
7.711583748459815979e-05
7.179751992225646973e-05
7.863575592637062073e-05
7.977476343512535095e-05
8.699297904968261719e-05
8.471356704831123352e-05
8.699251338839530945e-05
7.901573553681373596e-05
9.060138836503028870e-05
7.407693192362785339e-05
6.381981074810028076e-05
8.528400212526321411e-05
8.243415504693984985e-05
8.832197636365890503e-05
8.528307080268859863e-05
7.654633373022079468e-05
6.970856338739395142e-05
7.616635411977767944e-05
7.616542279720306396e-05
6.628967821598052979e-05
7.502641528844833374e-05
7.711630314588546753e-05
7.786788046360015869e-06
7.483735680580139160e-05
7.502641528844833374e-05
7.939524948596954346e-05
7.464643567800521851e-05
6.913859397172927856e-05
7.540639489889144897e-05
6.723869591951370239e-05
6.837863475084304810e-05
7.483642548322677612e-05
7.369741797447204590e-05
7.065758109092712402e-05
3.684870898723602295e-05
6.571970880031585693e-05
3.836769610643386841e-05
5.964096635580062866e-05
6.040185689926147461e-05
7.388647645711898804e-05
5.888193845748901367e-05
7.502641528844833374e-05
7.445644587278366089e-05
6.628967821598052979e-05
7.521640509366989136e-05
4.786532372236251831e-05
4.311650991439819336e-05
6.970763206481933594e-05
3.437977284193038940e-05
7.426645606756210327e-05
7.274746894836425781e-05
6.628874689340591431e-05
6.401073187589645386e-05
5.432218313217163086e-05
7.521733641624450684e-05
5.831103771924972534e-05
7.179751992225646973e-05
7.027853280305862427e-05
-3.532879054546356201e-05
5.470309406518936157e-05
7.046759128570556641e-05
6.742868572473526001e-05
6.970856338739395142e-05
6.951764225959777832e-05
6.799958646297454834e-05
6.723869591951370239e-05
6.951857358217239380e-05
7.217656821012496948e-05
7.103849202394485474e-05
6.913859397172927856e-05
6.818864494562149048e-05
6.894767284393310547e-05
6.571970880031585693e-05
6.287079304456710815e-05
6.533972918987274170e-05
6.362982094287872314e-05
3.798771649599075317e-05
6.799865514039993286e-05
5.888193845748901367e-05
7.046759128570556641e-05
6.723962724208831787e-05
7.046759128570556641e-05
6.040092557668685913e-05
5.470309406518936157e-05
5.755200982093811035e-05
5.888193845748901367e-05
6.685871630907058716e-05
5.223415791988372803e-05
6.552878767251968384e-05
6.420072168111801147e-05
6.533879786729812622e-05
6.401073187589645386e-05
