6.078009999999999935e-06
1.823399000000000124e-05
2.431210000000000055e-05
3.039000000000000550e-05
2.431190000000000011e-05
6.077999999999991613e-06
4.254600000000000905e-05
2.431199999999999356e-05
-6.077999999999991613e-06
4.862399999999998711e-05
4.862400000000001422e-05
1.823400000000000194e-05
1.215599999999998323e-05
3.646800000000000389e-05
-7.901400000000002649e-05
1.215600000000000491e-04
6.685900000000000480e-05
3.038999999999998517e-05
6.078000000000002455e-05
6.077999999999997034e-05
3.039000000000003938e-05
6.685799999999993484e-05
-2.431199999999996645e-05
1.033259999999999387e-04
7.293600000000000777e-05
7.901400000000008070e-05
5.470199999999989741e-05
1.823400000000000194e-05
1.094069999999999505e-04
4.862000000000008676e-05
6.685999999999996633e-05
9.725000000000011413e-05
1.337099999999999921e-04
-6.069999999999946966e-06
7.900999999999980088e-05
1.337200000000001495e-04
1.823400000000000194e-04
6.685000000000002572e-05
1.033300000000000017e-04
1.033300000000000017e-04
1.397899999999998796e-04
1.094099999999998893e-04
1.154800000000002699e-04
1.215599999999997238e-04
1.397900000000003133e-04
1.215599999999997238e-04
1.337199999999999327e-04
6.686000000000018317e-05
1.823400000000000194e-04
1.884099999999999664e-04
1.033300000000000017e-04
1.580299999999999760e-04
1.701799999999998106e-04
1.944999999999997946e-04
2.188100000000007053e-04
2.248799999999993512e-04
3.039000000000001769e-04
1.094099999999998893e-04
1.154800000000002699e-04
1.033300000000004354e-04
1.337099999999995584e-04
1.094099999999998893e-04
1.641000000000003567e-04
2.005799999999996822e-04
1.823400000000004531e-04
1.884199999999999070e-04
1.093999999999999487e-04
1.093999999999999487e-04
2.188099999999998380e-04
2.309699999999996131e-04
2.066500000000000628e-04
2.856700000000000211e-04
2.248800000000002186e-04
2.248900000000001592e-04
2.370399999999991264e-04
2.613500000000004708e-04
2.431200000000011824e-04
3.525299999999984696e-04
2.978200000000007230e-04
2.248900000000001592e-04
2.917400000000004018e-04
2.309699999999987458e-04
3.038900000000011037e-04
2.918000000000000455e-04
2.855999999999987021e-04
2.918000000000000455e-04
4.254000000000011245e-04
2.918000000000000455e-04
3.099000000000001059e-04
2.370999999999987701e-04
3.343000000000009159e-04
3.342999999999991811e-04
3.221000000000005109e-04
4.133000000000001256e-04
2.795999999999996405e-04
3.282000000000007134e-04
3.342999999999991811e-04
4.802000000000000712e-04
3.402999999999999775e-04
2.856999999999998430e-04
3.464000000000001800e-04
4.194000000000003281e-04
3.950999999999989243e-04
4.133000000000018603e-04
3.950999999999989243e-04
3.646999999999990527e-04
3.586000000000005850e-04
4.133000000000018603e-04
4.071999999999999231e-04
4.253999999999993897e-04
3.950999999999989243e-04
3.950999999999989243e-04
3.829000000000019888e-04
4.012000000000008615e-04
6.380999999999990846e-04
6.443000000000004279e-04
5.165999999999990044e-04
5.957000000000010898e-04
7.780000000000009130e-04
7.596999999999985709e-04
8.084000000000007846e-04
1.027199999999998947e-03
8.266000000000002512e-04
6.624999999999998945e-04
6.321000000000000230e-04
6.321000000000000230e-04
6.564000000000014268e-04
6.989999999999982339e-04
7.050999999999967016e-04
7.293000000000021688e-04
7.718999999999989758e-04
6.929000000000032355e-04
7.901999999999978486e-04
7.172000000000011699e-04
7.476000000000010415e-04
7.172000000000011699e-04
1.039299999999999946e-03
9.359999999999993325e-04
9.055999999999994610e-04
7.658999999999999142e-04
6.320999999999965535e-04
6.564000000000014268e-04
6.443000000000004279e-04
6.685999999999983623e-04
6.442000000000044913e-04
6.685999999999983623e-04
6.685999999999983623e-04
6.381999999999984907e-04
7.110999999999992327e-04
6.929000000000032355e-04
7.718999999999989758e-04
7.537000000000029787e-04
6.928999999999962967e-04
6.806999999999993611e-04
7.355000000000000426e-04
7.901000000000019119e-04
7.476000000000010415e-04
7.537000000000029787e-04
7.778999999999980375e-04
9.117000000000013982e-04
8.873999999999965249e-04
1.081900000000003692e-03
9.724999999999942024e-04
8.813000000000015266e-04
7.962000000000038491e-04
7.597999999999979770e-04
8.326999999999987190e-04
8.630000000000026539e-04
8.630999999999916517e-04
8.813000000000015266e-04
8.813000000000015266e-04
9.908000000000000140e-04
9.298999999999973953e-04
9.056000000000063999e-04
8.873999999999965249e-04
8.509000000000016550e-04
9.117000000000013982e-04
9.300000000000002709e-04
9.360000000000062714e-04
1.027199999999992008e-03
9.723999999999982657e-04
1.045500000000004759e-03
9.846000000000021402e-04
9.967999999999921368e-04
1.045400000000001883e-03
1.088000000000005629e-03
1.282400000000002982e-03
1.185199999999997367e-03
1.112299999999996625e-03
1.039399999999995883e-03
1.264200000000006985e-03
1.422199999999998465e-03
1.191299999999992365e-03
1.118400000000005501e-03
1.203400000000007242e-03
1.185199999999997367e-03
1.215599999999997238e-03
1.094100000000000628e-03
1.063599999999997880e-03
1.227800000000001113e-03
