1.215620068251155317e-05
-6.078100341255776584e-06
0.000000000000000000e+00
3.646859840955585241e-05
3.039050352526828647e-05
2.431240136502310634e-05
3.646859840955585241e-05
4.254670056980103254e-05
0.000000000000000000e+00
8.509340113960206509e-05
4.862481728196144104e-05
0.000000000000000000e+00
7.901529897935688496e-05
3.646861296147108078e-05
5.470289033837616444e-05
1.823427737690508366e-05
3.039051080122590065e-05
5.470291944220662117e-05
5.470291944220662117e-05
3.039051080122590065e-05
4.254665691405534744e-05
6.078102160245180130e-05
8.509343024343252182e-05
9.117147419601678848e-05
6.078096339479088783e-05
4.254677332937717438e-05
4.254665691405534744e-05
4.862481728196144104e-05
7.901526987552642822e-05
4.254677332937717438e-05
5.470286123454570770e-05
7.293722592294216156e-05
9.117147419601678848e-05
7.901526987552642822e-05
4.254677332937717438e-05
7.901526987552642822e-05
5.470297764986753464e-05
5.470286123454570770e-05
9.117147419601678848e-05
7.293722592294216156e-05
1.397964078933000565e-04
3.646849654614925385e-05
7.293722592294216156e-05
6.685918197035789490e-05
9.724940173327922821e-05
1.276403199881315231e-04
7.901526987552642822e-05
1.094057224690914154e-04
1.154839992523193359e-04
1.154837664216756821e-04
6.078113801777362823e-05
1.397961750626564026e-04
1.215620432049036026e-04
6.078113801777362823e-05
1.458742190152406693e-04
5.470309406518936157e-05
1.337181311100721359e-04
6.078090518712997437e-05
1.397964078933000565e-04
1.154839992523193359e-04
1.458744518458843231e-04
7.901526987552642822e-05
2.431217581033706665e-05
1.215622760355472565e-04
1.154835335910320282e-04
1.337183639407157898e-04
8.509354665875434875e-05
9.724963456392288208e-05
9.117135778069496155e-05
1.337183639407157898e-04
1.154835335910320282e-04
1.397966407239437103e-04
9.724963456392288208e-05
6.078090518712997437e-05
2.127336338162422180e-04
1.094057224690914154e-04
9.724963456392288208e-05
1.458744518458843231e-04
9.724963456392288208e-05
1.823427155613899231e-04
8.509354665875434875e-05
1.154839992523193359e-04
1.944992691278457642e-04
1.154835335910320282e-04
2.370462752878665924e-04
1.094057224690914154e-04
9.724963456392288208e-05
1.154839992523193359e-04
1.094057224690914154e-04
1.094057224690914154e-04
1.033274456858634949e-04
1.337183639407157898e-04
1.823431812226772308e-04
6.685871630907058716e-05
1.519527286291122437e-04
1.580305397510528564e-04
9.724963456392288208e-05
1.276405528187751770e-04
1.094052568078041077e-04
1.762649044394493103e-04
1.701870933175086975e-04
1.154839992523193359e-04
1.154839992523193359e-04
1.154839992523193359e-04
1.641083508729934692e-04
-6.077811121940612793e-06
1.154839992523193359e-04
1.823427155613899231e-04
1.580305397510528564e-04
1.337183639407157898e-04
1.215618103742599487e-04
1.276405528187751770e-04
1.276396214962005615e-04
1.823427155613899231e-04
1.519527286291122437e-04
1.580305397510528564e-04
1.337183639407157898e-04
1.701870933175086975e-04
9.117089211940765381e-05
2.613589167594909668e-04
2.127336338162422180e-04
7.293652743101119995e-05
1.033283770084381104e-04
2.492014318704605103e-04
9.117182344198226929e-05
1.215618103742599487e-04
2.735145390033721924e-04
1.641092821955680847e-04
3.646779805421829224e-05
1.701870933175086975e-04
1.458749175071716309e-04
1.397961750626564026e-04
1.397961750626564026e-04
2.370458096265792847e-04
1.276405528187751770e-04
1.458739861845970154e-04
1.641083508729934692e-04
1.580305397510528564e-04
1.641092821955680847e-04
1.641083508729934692e-04
1.215618103742599487e-04
2.127336338162422180e-04
1.458749175071716309e-04
2.127336338162422180e-04
2.005770802497863770e-04
1.580296084284782410e-04
2.005789428949356079e-04
1.884195953607559204e-04
1.762658357620239258e-04
1.397952437400817871e-04
2.188123762607574463e-04
1.944992691278457642e-04
1.944992691278457642e-04
2.066548913717269897e-04
1.762658357620239258e-04
2.431236207485198975e-04
1.519527286291122437e-04
1.641083508729934692e-04
1.823436468839645386e-04
1.154839992523193359e-04
2.127327024936676025e-04
1.458749175071716309e-04
1.823436468839645386e-04
1.519508659839630127e-04
2.005789428949356079e-04
1.762639731168746948e-04
1.397971063852310181e-04
2.431236207485198975e-04
1.094061881303787231e-04
1.884195953607559204e-04
1.458749175071716309e-04
2.248901873826980591e-04
1.215618103742599487e-04
1.701861619949340820e-04
1.337192952632904053e-04
1.884214580059051514e-04
2.309661358594894409e-04
1.154839992523193359e-04
1.154839992523193359e-04
2.248901873826980591e-04
1.033283770084381104e-04
2.431236207485198975e-04
1.823436468839645386e-04
2.005770802497863770e-04
2.248883247375488281e-04
1.641102135181427002e-04
2.674367278814315796e-04
2.005770802497863770e-04
1.641083508729934692e-04
2.188105136156082153e-04
1.519527286291122437e-04
1.641083508729934692e-04
2.370476722717285156e-04
2.613570541143417358e-04
1.276396214962005615e-04
1.823436468839645386e-04
1.580305397510528564e-04
2.370458096265792847e-04
2.005770802497863770e-04
1.397971063852310181e-04
