3.342955096741206944e-05
5.774195233243517578e-05
-1.215619704453274608e-05
8.509340841555967927e-05
1.094057952286675572e-04
1.063667587004601955e-04
8.205435005947947502e-05
8.509343024343252182e-05
1.094057806767523289e-04
1.367572695016860962e-04
1.033276785165071487e-04
1.489135320298373699e-04
1.549915177747607231e-04
2.005773130804300308e-04
1.641087001189589500e-04
1.732258824631571770e-04
1.793039264157414436e-04
2.066554734483361244e-04
1.641085837036371231e-04
1.519524957984685898e-04
1.823431812226772308e-04
1.367572695016860962e-04
2.218505833297967911e-04
1.884209923446178436e-04
6.382004357874393463e-05
1.823431812226772308e-04
3.069438971579074860e-04
1.944995019584894180e-04
2.674362622201442719e-04
2.522412687540054321e-04
2.370458096265792847e-04
2.400847151875495911e-04
2.127336338162422180e-04
2.370458096265792847e-04
2.735145390033721924e-04
2.248897217214107513e-04
3.069443628191947937e-04
2.765534445643424988e-04
2.887095324695110321e-04
2.552806399762630463e-04
3.130221739411354065e-04
2.856706269085407257e-04
3.008656203746795654e-04
2.887099981307983398e-04
2.917489036917686462e-04
3.190999850630760193e-04
2.583190798759460449e-04
2.735145390033721924e-04
3.039054572582244873e-04
3.130221739411354065e-04
2.674367278814315796e-04
2.674357965588569641e-04
3.464519977569580078e-04
3.130221739411354065e-04
3.464519977569580078e-04
2.309670671820640564e-04
3.859596326947212219e-04
3.434130921959877014e-04
3.586076200008392334e-04
3.464519977569580078e-04
3.798808902502059937e-04
3.160610795021057129e-04
3.646863624453544617e-04
3.829197958111763000e-04
3.282176330685615540e-04
3.981161862611770630e-04
3.920374438166618347e-04
2.795923501253128052e-04
3.768429160118103027e-04
3.525298088788986206e-04
4.102718085050582886e-04
3.950763493776321411e-04
3.950763493776321411e-04
3.738030791282653809e-04
4.862472414970397949e-04
3.677252680063247681e-04
3.677252680063247681e-04
4.588961601257324219e-04
4.285071045160293579e-04
5.166381597518920898e-04
4.528183490037918091e-04
4.285052418708801270e-04
4.315450787544250488e-04
3.950782120227813721e-04
4.740916192531585693e-04
4.680138081312179565e-04
4.467386752367019653e-04
4.163514822721481323e-04
4.528183490037918091e-04
4.588961601257324219e-04
4.193894565105438232e-04
4.437007009983062744e-04
5.014427006244659424e-04
4.497803747653961182e-04
4.771295934915542603e-04
4.649758338928222656e-04
4.224274307489395142e-04
5.196779966354370117e-04
5.470290780067443848e-04
5.044825375080108643e-04
5.804579704999923706e-04
4.832092672586441040e-04
4.406608641147613525e-04
5.227178335189819336e-04
5.044825375080108643e-04
5.652643740177154541e-04
4.680119454860687256e-04
5.439892411231994629e-04
5.439929664134979248e-04
5.379095673561096191e-04
4.953667521476745605e-04
5.713403224945068359e-04
5.591847002506256104e-04
5.743801593780517578e-04
5.956552922725677490e-04
5.683004856109619141e-04
6.078109145164489746e-04
5.743801593780517578e-04
6.382018327713012695e-04
5.500689148902893066e-04
6.716288626194000244e-04
5.257539451122283936e-04
5.926154553890228271e-04
6.138905882835388184e-04
5.956515669822692871e-04
5.622245371341705322e-04
6.017312407493591309e-04
6.685927510261535645e-04
5.895756185054779053e-04
5.986914038658142090e-04
6.533972918987274170e-04
6.746686995029449463e-04
5.470290780067443848e-04
7.020197808742523193e-04
6.260462105274200439e-04
6.412379443645477295e-04
6.078109145164489746e-04
6.503574550151824951e-04
6.442777812480926514e-04
6.807483732700347900e-04
7.384866476058959961e-04
6.533972918987274170e-04
5.926154553890228271e-04
6.564334034919738770e-04
6.807483732700347900e-04
6.047710776329040527e-04
7.476061582565307617e-04
6.503574550151824951e-04
6.777085363864898682e-04
7.050596177577972412e-04
7.445663213729858398e-04
7.476061582565307617e-04
7.324106991291046143e-04
7.476061582565307617e-04
6.959438323974609375e-04
6.351619958877563477e-04
7.506459951400756836e-04
7.688775658607482910e-04
7.324144244194030762e-04
6.685853004455566406e-04
6.898641586303710938e-04
7.658451795578002930e-04
7.354468107223510742e-04
7.324144244194030762e-04
7.992684841156005859e-04
7.901564240455627441e-04
7.536783814430236816e-04
8.266270160675048828e-04
7.384866476058959961e-04
8.387789130210876465e-04
8.478909730911254883e-04
8.114278316497802734e-04
7.658451795578002930e-04
8.722022175788879395e-04
8.114278316497802734e-04
8.600503206253051758e-04
7.202550768852233887e-04
7.992684841156005859e-04
8.995607495307922363e-04
8.175075054168701172e-04
8.114278316497802734e-04
8.023083209991455078e-04
7.719174027442932129e-04
8.874014019966125488e-04
8.114278316497802734e-04
8.418187499046325684e-04
8.478909730911254883e-04
9.177923202514648438e-04
7.719174027442932129e-04
9.056404232978820801e-04
6.716325879096984863e-04
8.387714624404907227e-04
8.782893419265747070e-04
8.235797286033630371e-04
9.208321571350097656e-04
7.506459951400756836e-04
8.691698312759399414e-04
6.290823221206665039e-04
9.633824229240417480e-04
8.023083209991455078e-04
