1.785441963875200599e-05
8.357386832358315587e-06
1.519524994364473969e-05
2.507216777303256094e-05
9.117145964410156012e-06
9.876916010398417711e-06
2.963074075523763895e-05
1.785442145774140954e-05
2.013370976783335209e-05
2.773132291622459888e-05
1.709465868771076202e-05
1.823430648073554039e-05
3.760823165066540241e-05
2.051360206678509712e-05
2.431240864098072052e-05
3.039048169739544392e-05
2.127335756085813046e-05
1.747455098666250706e-05
2.545202733017504215e-05
1.785444328561425209e-05
2.545202733017504215e-05
1.063669333234429359e-05
3.001061850227415562e-05
2.621181192807853222e-05
2.431240864098072052e-05
3.191002178937196732e-05
2.393248723819851875e-05
2.773135202005505562e-05
1.975381746888160706e-05
1.823430648073554039e-05
1.899403287097811699e-05
-9.876908734440803528e-06
1.785444328561425209e-05
2.393254544585943222e-05
2.089346526190638542e-05
1.443544169887900352e-05
2.203311305493116379e-05
1.671479549258947372e-05
3.342953277751803398e-05
1.823430648073554039e-05
1.481536310166120529e-05
2.241303445771336555e-05
2.279283944517374039e-05
2.393254544585943222e-05
1.671479549258947372e-05
2.431240864098072052e-05
6.078102160245180130e-06
2.089340705424547195e-05
1.709465868771076202e-05
1.975381746888160706e-05
2.279295586049556732e-05
2.393242903053760529e-05
2.355268225073814392e-05
2.051354385912418365e-05
2.165324985980987549e-05
2.089352346956729889e-05
2.773129381239414215e-05
2.279295586049556732e-05
2.279283944517374039e-05
2.013368066400289536e-05
2.811127342283725739e-05
1.253606751561164856e-05
1.785438507795333862e-05
1.633493229746818542e-05
1.747452188283205032e-05
2.013368066400289536e-05
1.899409107863903046e-05
1.937395427376031876e-05
1.671479549258947372e-05
2.013368066400289536e-05
1.823424827307462692e-05
1.557520590722560883e-05
2.013368066400289536e-05
2.051354385912418365e-05
2.051366027444601059e-05
2.355256583541631699e-05
2.241297625005245209e-05
2.127338666468858719e-05
1.899409107863903046e-05
1.937395427376031876e-05
1.633481588214635849e-05
2.013379707932472229e-05
1.747452188283205032e-05
1.709465868771076202e-05
1.215620432049036026e-05
1.367565710097551346e-05
2.051366027444601059e-05
2.241297625005245209e-05
1.861411146819591522e-05
1.861422788351774216e-05
2.013368066400289536e-05
1.823436468839645386e-05
1.785438507795333862e-05
1.899409107863903046e-05
1.709465868771076202e-05
1.861411146819591522e-05
1.253618393093347549e-05
1.937383785843849182e-05
1.785450149327516556e-05
2.089352346956729889e-05
2.051354385912418365e-05
2.165324985980987549e-05
1.253606751561164856e-05
2.051354385912418365e-05
2.051354385912418365e-05
2.089352346956729889e-05
2.051354385912418365e-05
1.937407068908214569e-05
2.545188181102275848e-05
1.975381746888160706e-05
2.051377668976783752e-05
2.127327024936676025e-05
1.481524668633937836e-05
1.139659434556961060e-05
2.127327024936676025e-05
2.887099981307983398e-05
1.975381746888160706e-05
2.089352346956729889e-05
1.823436468839645386e-05
1.937383785843849182e-05
1.937383785843849182e-05
1.253630034625530243e-05
1.975381746888160706e-05
2.013356424868106842e-05
1.709465868771076202e-05
1.861411146819591522e-05
1.861434429883956909e-05
2.013356424868106842e-05
1.443549990653991699e-05
1.975381746888160706e-05
1.709465868771076202e-05
2.013379707932472229e-05
1.595495268702507019e-05
2.013379707932472229e-05
1.975381746888160706e-05
1.443549990653991699e-05
1.937383785843849182e-05
1.975381746888160706e-05
1.899409107863903046e-05
1.975381746888160706e-05
1.747463829815387726e-05
1.823436468839645386e-05
1.975381746888160706e-05
1.785438507795333862e-05
2.013356424868106842e-05
6.838003173470497131e-06
1.823436468839645386e-05
1.747440546751022339e-05
2.089352346956729889e-05
2.089352346956729889e-05
1.671467907726764679e-05
2.203322947025299072e-05
1.823413185775279999e-05
2.165324985980987549e-05
2.127350308001041412e-05
2.051354385912418365e-05
1.899409107863903046e-05
2.051354385912418365e-05
1.481524668633937836e-05
1.975381746888160706e-05
2.165324985980987549e-05
1.937407068908214569e-05
1.975381746888160706e-05
1.595495268702507019e-05
2.051354385912418365e-05
1.937407068908214569e-05
2.089329063892364502e-05
1.975405029952526093e-05
1.823413185775279999e-05
7.217749953269958496e-06
2.013379707932472229e-05
1.975381746888160706e-05
1.899409107863903046e-05
1.823413185775279999e-05
1.367577351629734039e-05
1.899409107863903046e-05
3.798864781856536865e-06
1.557520590722560883e-05
1.937383785843849182e-05
1.861411146819591522e-05
1.633493229746818542e-05
1.861434429883956909e-05
2.013356424868106842e-05
2.051354385912418365e-05
1.937407068908214569e-05
2.013356424868106842e-05
1.709465868771076202e-05
2.013379707932472229e-05
1.177634112536907196e-05
1.937383785843849182e-05
2.013379707932472229e-05
1.899409107863903046e-05
1.975381746888160706e-05
1.671467907726764679e-05
1.861434429883956909e-05
1.899409107863903046e-05
1.823413185775279999e-05
1.595495268702507019e-05
1.595518551766872406e-05
1.633493229746818542e-05
