3.039000000000000041e-06
7.597525000000000582e-06
6.077999999999998389e-06
1.063647500000000051e-05
7.597499999999999680e-06
7.597500000000003068e-06
2.583149999999999146e-05
1.215600000000001033e-05
1.215599999999999678e-05
2.735124999999999330e-05
2.279250000000001598e-05
2.127299999999998420e-05
1.975349999999999307e-05
2.583150000000001179e-05
1.367550000000000146e-05
3.494825000000000882e-05
4.558500000000000486e-05
3.798749999999996791e-05
4.102750000000002012e-05
4.558500000000000486e-05
4.254500000000000686e-05
5.774250000000001170e-05
5.014249999999993539e-05
6.989750000000003339e-05
5.622250000000003980e-05
6.533750000000000929e-05
6.381999999999991412e-05
5.318250000000009602e-05
7.901249999999989445e-05
6.837749999999995307e-05
7.749500000000012455e-05
8.813250000000005108e-05
1.002849999999998708e-04
8.813250000000005108e-05
9.269000000000009003e-05
8.964999999999992940e-05
1.215599999999999407e-04
1.002875000000000728e-04
8.053249999999986634e-05
7.293750000000008560e-05
8.660999999999998561e-05
8.053500000000006834e-05
1.109225000000000141e-04
1.200425000000000623e-04
1.397924999999998648e-04
1.428399999999999809e-04
1.732249999999999415e-04
1.671250000000001727e-04
1.808249999999999094e-04
1.458750000000001712e-04
1.321999999999998524e-04
1.169999999999999166e-04
1.200500000000000178e-04
1.245999999999998845e-04
1.397999999999998202e-04
1.413000000000004530e-04
1.686750000000000749e-04
1.443499999999996869e-04
1.473749999999999366e-04
1.337250000000003367e-04
1.473999999999997881e-04
1.504250000000000378e-04
1.625749999999998724e-04
1.899500000000003616e-04
1.990500000000000949e-04
2.081749999999996797e-04
2.187999999999998973e-04
2.355250000000003174e-04
2.567999999999997368e-04
2.689500000000004387e-04
2.750249999999999223e-04
3.038999999999993096e-04
3.008750000000007946e-04
3.054249999999997939e-04
3.023750000000005600e-04
2.294499999999990991e-04
1.945000000000002283e-04
2.218250000000001471e-04
2.249000000000000998e-04
2.476749999999992846e-04
2.613500000000004708e-04
2.719999999999996726e-04
2.765500000000004066e-04
2.810999999999994059e-04
2.841500000000003745e-04
2.902249999999998581e-04
3.251750000000004637e-04
2.765500000000004066e-04
3.160500000000000115e-04
2.294499999999990991e-04
2.187999999999998973e-04
2.188250000000006162e-04
2.187999999999998973e-04
2.461500000000005350e-04
2.339999999999998331e-04
2.355250000000003174e-04
2.385749999999995513e-04
2.750249999999999223e-04
2.552749999999992525e-04
2.355250000000003174e-04
2.218500000000008660e-04
2.370499999999990670e-04
2.142500000000008981e-04
2.248749999999993809e-04
2.431250000000002853e-04
2.431250000000002853e-04
2.552749999999992525e-04
2.886999999999993738e-04
3.251750000000004637e-04
2.886999999999993738e-04
2.734999999999994380e-04
2.750500000000023759e-04
2.841249999999996556e-04
2.871999999999978737e-04
3.008500000000018104e-04
3.175750000000004958e-04
3.251750000000004637e-04
3.403750000000003995e-04
3.585999999999971155e-04
3.160500000000017462e-04
3.054249999999980592e-04
3.069500000000002782e-04
3.358000000000006813e-04
3.038999999999993096e-04
2.780750000000026256e-04
2.856749999999991241e-04
2.795750000000006563e-04
2.780749999999991562e-04
2.795750000000006563e-04
2.841500000000003745e-04
2.947999999999978415e-04
2.856500000000018746e-04
3.008749999999990599e-04
2.810999999999994059e-04
2.355250000000003174e-04
2.431250000000002853e-04
2.795750000000006563e-04
3.192249999999993704e-04
3.599999999999992095e-04
3.480000000000010862e-04
3.235000000000008702e-04
2.857499999999978113e-04
2.765000000000024383e-04
2.827499999999982805e-04
2.857500000000012808e-04
2.854999999999975613e-04
2.857500000000012808e-04
2.887500000000008116e-04
3.052499999999999658e-04
2.917500000000003424e-04
3.267499999999971816e-04
3.207500000000015894e-04
3.007499999999989349e-04
2.992500000000009042e-04
3.009999999999991849e-04
3.189999999999998392e-04
2.947499999999998732e-04
2.750000000000044076e-04
2.704999999999999072e-04
2.947499999999964038e-04
2.614999999999978453e-04
2.582500000000015339e-04
2.629999999999993454e-04
2.735000000000029075e-04
2.597499999999960951e-04
2.597500000000030340e-04
2.735000000000029075e-04
2.797499999999952802e-04
3.145000000000022777e-04
3.205000000000013394e-04
3.677500000000000213e-04
3.784999999999968945e-04
4.087499999999993916e-04
4.434999999999994502e-04
4.467500000000027005e-04
4.194999999999962648e-04
3.707500000000030216e-04
3.584999999999977094e-04
3.525000000000055866e-04
3.587499999999979594e-04
3.432499999999963358e-04
3.495000000000025864e-04
3.297499999999967124e-04
3.282500000000021512e-04
3.375000000000044631e-04
3.342499999999942739e-04
3.495000000000025864e-04
2.855000000000010307e-04
3.267500000000006510e-04
3.602499999999994595e-04
3.812499999999996447e-04
4.027500000000003300e-04
4.102500000000008917e-04
4.087499999999993916e-04
5.742499999999983729e-04
5.000000000000004441e-04
5.150000000000015676e-04
4.664999999999946967e-04
4.635000000000055742e-04
4.922499999999996323e-04
