1.154838973889127374e-04
-3.008659696206450462e-04
1.337182038696482778e-04
8.509340113960206509e-05
1.519525176263414323e-05
5.166385744814760983e-05
-2.461630501784384251e-04
1.154839046648703516e-04
7.293720409506931901e-05
-1.944992109201848507e-04
7.293720409506931901e-05
8.813245221972465515e-05
1.246010506292805076e-04
1.397963060298934579e-04
1.215620141010731459e-04
1.367572403978556395e-04
1.428353716619312763e-04
7.597624789923429489e-05
1.458743936382234097e-04
2.036163350567221642e-04
1.124448608607053757e-04
1.063668169081211090e-04
-2.431240864098072052e-05
1.671477220952510834e-04
3.039056900888681412e-05
-5.470297764986753464e-05
1.641087001189589500e-04
7.293722592294216156e-05
1.793039264157414436e-04
1.884211087599396706e-04
1.002887729555368423e-04
9.117135778069496155e-05
1.732259988784790039e-04
1.944992691278457642e-04
1.246009487658739090e-04
1.458744518458843231e-04
1.610696781426668167e-04
1.337181311100721359e-04
2.096944954246282578e-04
1.215620432049036026e-04
2.036162186414003372e-04
3.039068542420864105e-05
2.218505833297967911e-04
1.428355462849140167e-04
1.002885401248931885e-04
2.005770802497863770e-04
1.914603635668754578e-04
2.005770802497863770e-04
1.853820867836475372e-04
2.279290929436683655e-04
2.674362622201442719e-04
2.157725393772125244e-04
3.160610795021057129e-04
2.036164514720439911e-04
2.279286272823810577e-04
2.066553570330142975e-04
1.549916341900825500e-04
2.552801743149757385e-04
1.063668169081211090e-04
2.248897217214107513e-04
2.431240864098072052e-04
1.732259988784790039e-04
1.884214580059051514e-04
1.914594322443008423e-04
1.823436468839645386e-04
2.248892560601234436e-04
2.340069040656089783e-04
-3.008656203746795654e-04
2.340069040656089783e-04
1.732259988784790039e-04
2.431236207485198975e-04
2.370458096265792847e-04
1.914603635668754578e-04
2.674357965588569641e-04
2.765543758869171143e-04
-1.762649044394493103e-04
2.218503504991531372e-04
2.309679985046386719e-04
2.887090668082237244e-04
2.340069040656089783e-04
2.674367278814315796e-04
2.735145390033721924e-04
2.613579854369163513e-04
5.470309406518936157e-05
-2.279281616210937500e-04
2.461625263094902039e-04
1.762649044394493103e-04
1.246016472578048706e-04
1.823427155613899231e-04
3.130221739411354065e-04
2.370458096265792847e-04
2.643968909978866577e-04
2.674367278814315796e-04
2.248901873826980591e-04
2.826312556862831116e-04
2.248901873826980591e-04
2.340069040656089783e-04
2.735136076807975769e-04
1.914603635668754578e-04
2.704756334424018860e-04
2.674367278814315796e-04
2.279281616210937500e-04
2.157734706997871399e-04
2.765525132417678833e-04
2.309679985046386719e-04
2.704765647649765015e-04
2.370458096265792847e-04
2.795923501253128052e-04
1.337174326181411743e-04
2.795923501253128052e-04
1.671481877565383911e-04
2.856701612472534180e-04
2.765543758869171143e-04
2.856701612472534180e-04
2.613589167594909668e-04
2.431236207485198975e-04
2.765543758869171143e-04
1.154839992523193359e-04
2.279281616210937500e-04
2.613589167594909668e-04
2.917479723691940308e-04
2.735145390033721924e-04
2.674367278814315796e-04
2.340059727430343628e-04
2.917498350143432617e-04
2.978257834911346436e-04
2.947896718978881836e-04
2.704747021198272705e-04
2.795923501253128052e-04
2.947878092527389526e-04
2.704765647649765015e-04
4.315450787544250488e-04
2.765525132417678833e-04
3.008656203746795654e-04
3.099832683801651001e-04
-3.950763493776321411e-04
3.099832683801651001e-04
3.069434314966201782e-04
2.795942127704620361e-04
2.583190798759460449e-04
2.735145390033721924e-04
2.340059727430343628e-04
2.279281616210937500e-04
2.674367278814315796e-04
3.039054572582244873e-04
2.309679985046386719e-04
2.978276461362838745e-04
2.005770802497863770e-04
1.823343336582183838e-05
3.039054572582244873e-04
2.674367278814315796e-04
1.762639731168746948e-04
2.887099981307983398e-04
3.069434314966201782e-04
3.069452941417694092e-04
2.248883247375488281e-04
2.887099981307983398e-04
2.947878092527389526e-04
3.130231052637100220e-04
3.525298088788986206e-04
2.643968909978866577e-04
5.166418850421905518e-05
2.279281616210937500e-04
3.039054572582244873e-04
2.522431313991546631e-04
3.069415688514709473e-04
2.218522131443023682e-04
2.795904874801635742e-04
2.613589167594909668e-04
3.039054572582244873e-04
3.099851310253143311e-04
3.039017319679260254e-04
2.492032945156097412e-04
2.765543758869171143e-04
2.522394061088562012e-04
3.069452941417694092e-04
2.309679985046386719e-04
3.039054572582244873e-04
2.947859466075897217e-04
2.917498350143432617e-04
2.978257834911346436e-04
2.674385905265808105e-04
2.765543758869171143e-04
2.795904874801635742e-04
2.826340496540069580e-04
2.856701612472534180e-04
2.856701612472534180e-04
3.160610795021057129e-04
2.340078353881835938e-04
1.215562224388122559e-05
1.884214580059051514e-04
2.583190798759460449e-04
3.069415688514709473e-04
3.008656203746795654e-04
1.519545912742614746e-04
9.420886635780334473e-05
2.492032945156097412e-04
3.069452941417694092e-04
3.069415688514709473e-04
-1.793019473552703857e-04
