1.519524994364473969e-05
2.507216595404315740e-05
1.291596345254220068e-05
6.837857654318213463e-06
-2.887097434722818434e-05
3.115026265732012689e-05
3.646860568551346660e-05
3.266979183536022902e-05
2.051358751486986876e-05
3.494907286949455738e-05
-1.215620432049036026e-05
2.963074075523763895e-05
5.318339390214532614e-05
2.735143061727285385e-05
5.318346666172146797e-06
2.811121521517634392e-05
2.887097070924937725e-05
2.811121521517634392e-05
2.279295586049556732e-06
2.583191962912678719e-05
2.963075530715286732e-05
3.191002178937196732e-05
2.355265314690768719e-05
2.507213503122329712e-05
2.811121521517634392e-05
4.102720413357019424e-05
3.798806574195623398e-06
3.494904376566410065e-05
7.597671356052160263e-06
3.039045259356498718e-05
2.507219323888421059e-05
3.494904376566410065e-05
2.355268225073814392e-05
2.431240864098072052e-05
2.735143061727285385e-05
2.355262404307723045e-05
3.266980638727545738e-05
2.431240864098072052e-05
5.014432827010750771e-05
1.671473728492856026e-05
3.418937558308243752e-05
3.722833935171365738e-05
2.659170422703027725e-05
3.115017898380756378e-05
2.963084261864423752e-05
3.342947456985712051e-05
3.039056900888681412e-05
3.646861296147108078e-05
3.722833935171365738e-05
3.266974817961454391e-05
3.342959098517894745e-05
3.418931737542152405e-05
3.494904376566410065e-05
2.583197783678770065e-05
3.722833935171365738e-05
-6.837886758148670197e-06
4.178693052381277084e-05
3.874790854752063751e-05
3.722833935171365738e-05
3.342959098517894745e-05
-9.117182344198226929e-06
2.355268225073814392e-05
2.963072620332241058e-05
2.887099981307983398e-05
3.039045259356498718e-05
3.646861296147108078e-05
2.811127342283725739e-05
3.798806574195623398e-05
3.950763493776321411e-05
2.431240864098072052e-05
3.570888657122850418e-05
3.570877015590667725e-05
3.646872937679290771e-05
3.342935815453529358e-05
3.646872937679290771e-05
3.722822293639183044e-05
3.418931737542152405e-05
3.874790854752063751e-05
2.279295586049556732e-05
3.115017898380756378e-05
2.355268225073814392e-05
3.342959098517894745e-05
3.570877015590667725e-05
3.039068542420864105e-05
1.747440546751022339e-05
3.266986459493637085e-05
2.203299663960933685e-05
3.950763493776321411e-05
3.646872937679290771e-05
2.887099981307983398e-05
3.342959098517894745e-05
3.494904376566410065e-05
3.494904376566410065e-05
2.659158781170845032e-05
3.494904376566410065e-05
3.342959098517894745e-05
3.191013820469379425e-05
3.342959098517894745e-05
3.570877015590667725e-05
3.646849654614925385e-05
3.418931737542152405e-05
3.798818215727806091e-05
-3.038905560970306396e-06
3.646849654614925385e-05
3.494904376566410065e-05
3.266986459493637085e-05
3.494904376566410065e-05
3.190990537405014038e-05
4.406622610986232758e-05
3.418931737542152405e-05
3.115041181445121765e-05
3.494904376566410065e-05
3.570877015590667725e-05
1.291604712605476379e-05
3.646849654614925385e-05
5.318340845406055450e-05
3.494904376566410065e-05
3.950763493776321411e-05
3.418931737542152405e-05
2.507236786186695099e-05
3.570877015590667725e-05
2.127327024936676025e-05
3.494904376566410065e-05
3.266986459493637085e-05
3.494904376566410065e-05
3.494904376566410065e-05
3.115041181445121765e-05
2.355244942009449005e-05
3.418931737542152405e-05
3.039068542420864105e-05
2.887099981307983398e-05
3.266963176429271698e-05
2.735154703259468079e-05
3.266986459493637085e-05
3.418931737542152405e-05
2.811104059219360352e-05
3.342982381582260132e-05
3.266939893364906311e-05
2.963095903396606445e-05
3.039045259356498718e-05
3.342935815453529358e-05
3.191037103533744812e-05
3.342935815453529358e-05
2.963095903396606445e-05
3.039045259356498718e-05
1.367554068565368652e-05
3.342982381582260132e-05
2.735108137130737305e-05
2.811150625348091125e-05
3.114994615316390991e-05
3.266986459493637085e-05
3.191037103533744812e-05
2.355221658945083618e-05
3.418931737542152405e-05
2.963095903396606445e-05
3.418931737542152405e-05
3.115041181445121765e-05
3.190990537405014038e-05
2.355268225073814392e-05
3.190990537405014038e-05
3.494927659630775452e-05
3.190990537405014038e-05
3.115041181445121765e-05
2.583162859082221985e-05
3.039045259356498718e-05
3.115041181445121765e-05
3.722822293639183044e-05
3.191037103533744812e-05
3.114994615316390991e-05
2.963095903396606445e-05
1.595495268702507019e-05
3.342935815453529358e-05
3.115041181445121765e-05
2.811104059219360352e-05
3.191037103533744812e-05
3.039045259356498718e-05
3.114994615316390991e-05
2.355268225073814392e-05
3.266986459493637085e-05
3.418931737542152405e-05
3.115041181445121765e-05
2.963049337267875671e-05
2.127373591065406799e-05
3.114994615316390991e-05
3.342982381582260132e-05
3.798818215727806091e-05
3.266939893364906311e-05
2.887099981307983398e-05
3.342982381582260132e-05
3.418931737542152405e-05
3.494881093502044678e-05
3.342982381582260132e-05
3.342935815453529358e-05
3.266986459493637085e-05
3.266986459493637085e-05
3.190990537405014038e-05
3.039045259356498718e-05
2.811150625348091125e-05
3.342935815453529358e-05
3.342935815453529358e-05
