4.330646333983168006e-05
7.749578071525320411e-05
6.306028808467090130e-05
9.269101428799331188e-05
9.269104339182376862e-05
1.078862987924367189e-04
9.573006536811590195e-05
1.154838828369975090e-04
1.223218278028070927e-04
1.375169958919286728e-04
1.367572112940251827e-04
1.428354298695921898e-04
1.511927694082260132e-04
1.770247472450137138e-04
1.610695617273449898e-04
1.724660396575927734e-04
1.686674077063798904e-04
1.982979010790586472e-04
1.785440836101770401e-04
1.785440836101770401e-04
1.884212251752614975e-04
1.952589955180883408e-04
1.998175866901874542e-04
1.815832220017910004e-04
1.223220024257898331e-04
1.724660396575927734e-04
2.172919921576976776e-04
2.286883536726236343e-04
2.264091745018959045e-04
2.324874512851238251e-04
2.119741402566432953e-04
2.218508161604404449e-04
2.051354385912418365e-04
2.362863160669803619e-04
2.264091745018959045e-04
2.172924578189849854e-04
2.757930196821689606e-04
2.302089706063270569e-04
2.552797086536884308e-04
2.355263568460941315e-04
2.674362622201442719e-04
2.780733630061149597e-04
2.689561806619167328e-04
2.765529789030551910e-04
2.826321870088577271e-04
2.978257834911346436e-04
2.735154703259468079e-04
2.636378630995750427e-04
3.039054572582244873e-04
2.985857427120208740e-04
2.605980262160301208e-04
3.191009163856506348e-04
3.077033907175064087e-04
3.191009163856506348e-04
2.841511741280555725e-04
2.719946205615997314e-04
3.586076200008392334e-04
3.411332145333290100e-04
3.259396180510520935e-04
3.251777961850166321e-04
3.494899719953536987e-04
3.768429160118103027e-04
3.570886328816413879e-04
3.836797550320625305e-04
3.449330106377601624e-04
3.889976069331169128e-04
3.988752141594886780e-04
3.358153626322746277e-04
4.102718085050582886e-04
4.262272268533706665e-04
4.079919308423995972e-04
3.753229975700378418e-04
4.079919308423995972e-04
3.168210387229919434e-04
3.882404416799545288e-04
3.897566348314285278e-04
4.300270229578018188e-04
4.376228898763656616e-04
3.927983343601226807e-04
4.573725163936614990e-04
3.783628344535827637e-04
4.079937934875488281e-04
3.874786198139190674e-04
4.011560231447219849e-04
4.459805786609649658e-04
3.418922424316406250e-04
3.821607679128646851e-04
4.550982266664505005e-04
4.247073084115982056e-04
4.482585936784744263e-04
4.072338342666625977e-04
3.935545682907104492e-04
4.885289818048477173e-04
4.444606602191925049e-04
4.406608641147613525e-04
4.763733595609664917e-04
4.315450787544250488e-04
4.984047263860702515e-04
4.125498235225677490e-04
3.373343497514724731e-04
4.429426044225692749e-04
4.429388791322708130e-04
4.740934818983078003e-04
4.626959562301635742e-04
4.718154668807983398e-04
4.535764455795288086e-04
5.067624151706695557e-04
4.892833530902862549e-04
5.265213549137115479e-04
3.927908837795257568e-04
4.163533449172973633e-04
3.532879054546356201e-04
4.193894565105438232e-04
4.657357931137084961e-04
5.371496081352233887e-04
5.067586898803710938e-04
3.479719161987304688e-04
3.920383751392364502e-04
4.778914153575897217e-04
4.148297011852264404e-04
4.505403339862823486e-04
4.634559154510498047e-04
4.710517823696136475e-04
5.052424967288970947e-04
4.801712930202484131e-04
4.513002932071685791e-04
4.391409456729888916e-04
4.832074046134948730e-04
4.725717008113861084e-04
4.421807825565338135e-04
4.596598446369171143e-04
4.794113337993621826e-04
4.877634346485137939e-04
4.330687224864959717e-04
4.733316600322723389e-04
4.748515784740447998e-04
4.535764455795288086e-04
4.809275269508361816e-04
4.801712930202484131e-04
4.558600485324859619e-04
4.892870783805847168e-04
4.482604563236236572e-04
4.444606602191925049e-04
5.037225782871246338e-04
4.832036793231964111e-04
4.391483962535858154e-04
4.619359970092773438e-04
5.029626190662384033e-04
4.718117415904998779e-04
4.847273230552673340e-04
4.976466298103332520e-04
4.885271191596984863e-04
5.052424967288970947e-04
4.991628229618072510e-04
4.391446709632873535e-04
4.383772611618041992e-04
4.581362009048461914e-04
5.341134965419769287e-04
5.166381597518920898e-04
4.634596407413482666e-04
4.930868744850158691e-04
4.588924348354339600e-04
4.892870783805847168e-04
4.976466298103332520e-04
5.189180374145507812e-04
5.280338227748870850e-04
4.520602524280548096e-04
5.310736596584320068e-04
4.573762416839599609e-04
4.991628229618072510e-04
3.852024674415588379e-04
4.277415573596954346e-04
4.740953445434570312e-04
5.394369363784790039e-04
4.528090357780456543e-04
3.821626305580139160e-04
5.386769771575927734e-04
3.958344459533691406e-04
5.257502198219299316e-04
3.191083669662475586e-04
4.596561193466186523e-04
5.485489964485168457e-04
5.044788122177124023e-04
5.265176296234130859e-04
4.581362009048461914e-04
5.135983228683471680e-04
4.892870783805847168e-04
5.120784044265747070e-04
4.285052418708801270e-04
5.090385675430297852e-04
4.117935895919799805e-04
4.513040184974670410e-04
4.528239369392395020e-04
5.166307091712951660e-04
3.707632422447204590e-04
4.528164863586425781e-04
4.520565271377563477e-04
5.029663443565368652e-04
5.105510354042053223e-04
4.224330186843872070e-04
