-2.153926761820912361e-04
3.988752723671495914e-05
6.419994315365329385e-05
-1.671478094067424536e-05
2.431240136502310634e-05
1.287797495024278760e-04
1.367572549497708678e-04
1.413158315699547529e-04
-1.215620432049036026e-05
1.401762128807604313e-04
8.053480996750295162e-05
-3.039051080122590065e-05
1.090259174816310406e-04
1.002886565402150154e-04
4.900468047708272934e-05
1.549915759824216366e-04
1.473939046263694763e-04
1.473940210416913033e-04
1.549915177747607231e-04
1.192827476188540459e-04
1.302992459386587143e-04
1.511927694082260132e-04
1.766447676345705986e-04
1.154839992523193359e-04
1.492933370172977448e-04
1.477736514061689377e-04
1.485336106270551682e-04
1.246011815965175629e-04
1.500530634075403214e-04
1.736057456582784653e-04
1.044673845171928406e-04
1.819629687815904617e-04
1.542319077998399734e-04
1.644885633140802383e-04
1.713263336569070816e-04
6.875861436128616333e-05
1.329579390585422516e-05
1.367575023323297501e-04
1.891804859042167664e-04
1.990580931305885315e-04
1.971581950783729553e-04
1.846225932240486145e-04
1.056068576872348785e-04
1.458744518458843231e-04
1.986776478588581085e-04
1.409361138939857483e-04
1.876614987850189209e-04
2.089343033730983734e-04
2.077952958643436432e-04
1.337183639407157898e-04
1.899404451251029968e-04
1.910803839564323425e-04
1.675277017056941986e-04
1.272601075470447540e-04
1.944992691278457642e-04
1.618294045329093933e-04
1.747454516589641571e-04
7.749581709504127502e-05
9.041139855980873108e-05
1.648687757551670074e-04
1.948787830770015717e-04
1.234612427651882172e-04
1.967791467905044556e-04
1.614494249224662781e-04
2.347668632864952087e-04
1.865215599536895752e-04
1.975381746888160706e-04
1.869015395641326904e-04
1.895604655146598816e-04
-2.849102020263671875e-05
1.542316749691963196e-04
1.648683100938796997e-04
1.986781135201454163e-04
1.496737822890281677e-04
1.952582970261573792e-04
1.378972083330154419e-04
2.028569579124450684e-04
1.796837896108627319e-04
1.766439527273178101e-04
2.093147486448287964e-04
1.736059784889221191e-04
-2.469215542078018188e-05
1.808237284421920776e-04
1.755049452185630798e-04
1.838626340031623840e-04
1.956382766366004944e-04
2.001980319619178772e-04
1.462539657950401306e-04
1.603104174137115479e-04
1.705661416053771973e-04
1.857616007328033447e-04
1.344783231616020203e-04
1.937393099069595337e-04
1.736059784889221191e-04
1.937393099069595337e-04
1.208027824759483337e-04
1.340974122285842896e-04
1.128250733017921448e-04
1.948792487382888794e-04
1.907004043459892273e-04
1.922193914651870728e-04
1.793038100004196167e-04
1.941202208399772644e-04
8.737202733755111694e-05
1.979181542992591858e-04
1.033283770084381104e-04
2.389447763562202454e-04
1.276405528187751770e-04
2.195714041590690613e-04
2.248901873826980591e-04
5.318224430084228516e-05
2.051368355751037598e-04
2.176705747842788696e-04
1.682881265878677368e-04
1.253616064786911011e-04
1.812018454074859619e-04
2.112146466970443726e-04
1.394171267747879028e-04
9.041093289852142334e-05
7.141754031181335449e-05
1.850016415119171143e-04
1.815836876630783081e-04
-1.078862696886062622e-04
1.925993710756301880e-04
2.028569579124450684e-04
7.711723446846008301e-05
1.511927694082260132e-04
1.356173306703567505e-04
1.796837896108627319e-04
1.922193914651870728e-04
1.815836876630783081e-04
1.534707844257354736e-04
1.257415860891342163e-04
1.994371414184570312e-04
2.089329063892364502e-05
1.755058765411376953e-04
1.701861619949340820e-04
1.584105193614959717e-04
1.394171267747879028e-04
1.641083508729934692e-04
1.401770859956741333e-04
1.827217638492584229e-04
1.747459173202514648e-04
1.500528305768966675e-04
1.800637692213058472e-04
1.105461269617080688e-04
1.067463308572769165e-04
1.633483916521072388e-04
1.413170248270034790e-04
1.812018454074859619e-04
1.603104174137115479e-04
1.869015395641326904e-04
1.785438507795333862e-04
1.732259988784790039e-04
1.872815191745758057e-04
1.227017492055892944e-04
1.713261008262634277e-04
1.819636672735214233e-04
1.827236264944076538e-04
1.808218657970428467e-04
1.846235245466232300e-04
1.884214580059051514e-04
1.610685139894485474e-04
1.363772898912429810e-04
1.793038100004196167e-04
1.724660396575927734e-04
1.781657338142395020e-04
1.257397234439849854e-04
1.458749175071716309e-04
1.462548971176147461e-04
1.880396157503128052e-04
1.785457134246826172e-04
1.170020550489425659e-04
1.542326062917709351e-04
1.717060804367065430e-04
1.758858561515808105e-04
1.268796622753143311e-04
1.808237284421920776e-04
1.542307436466217041e-04
1.857634633779525757e-04
1.606885343790054321e-04
1.549925655126571655e-04
1.610685139894485474e-04
1.975391060113906860e-04
1.511927694082260132e-04
1.865215599536895752e-04
1.428350806236267090e-04
1.800637692213058472e-04
2.013370394706726074e-04
1.865215599536895752e-04
1.823436468839645386e-04
1.310594379901885986e-04
1.906994730234146118e-04
2.925097942352294922e-05
1.880414783954620361e-04
1.565106213092803955e-04
1.963991671800613403e-04
1.724660396575927734e-04
1.971572637557983398e-04
1.230817288160324097e-04
