0.000000000000000000e+00
3.039004999999999968e-06
6.077994999999999733e-06
9.116999999999999277e-06
6.078050000000001887e-06
1.215600000000000017e-05
1.823394999999999844e-05
2.127300000000000453e-05
2.127299999999999775e-05
2.735100000000000291e-05
3.342899999999999453e-05
3.646850000000001176e-05
3.950699999999998614e-05
4.558500000000000486e-05
4.862399999999998711e-05
5.166300000000002357e-05
6.077999999999997034e-05
6.077950000000007088e-05
6.381999999999991412e-05
7.293499999999999202e-05
7.597500000000004423e-05
8.812999999999995750e-05
8.205500000000004023e-05
9.117000000000000971e-05
9.725000000000000571e-05
1.033250000000000314e-04
1.094049999999999190e-04
1.185199999999999969e-04
1.154800000000000531e-04
7.901499999999998802e-05
8.205499999999993181e-05
8.509000000000012214e-05
8.812999999999984908e-05
1.063649999999999752e-04
1.185249999999999672e-04
1.306750000000002354e-04
1.489099999999999278e-04
1.610700000000001367e-04
1.701849999999997809e-04
1.823400000000000194e-04
1.914550000000000973e-04
2.096899999999997898e-04
2.188100000000002716e-04
2.309650000000000765e-04
2.431199999999994477e-04
2.552750000000001199e-04
2.674349999999998950e-04
2.765500000000004066e-04
3.616399999999998782e-04
4.133000000000001256e-04
3.099999999999995121e-04
3.373000000000004467e-04
3.981000000000001898e-04
4.498000000000001997e-04
4.922999999999993354e-04
6.229999999999994223e-04
5.136000000000012083e-04
4.467499999999992311e-04
4.223999999999998589e-04
4.346000000000002639e-04
4.710500000000006349e-04
4.983999999999995378e-04
5.074999999999992711e-04
5.196499999999999730e-04
5.379000000000008774e-04
5.439999999999993452e-04
5.105500000000002397e-04
5.196499999999999730e-04
5.409500000000001113e-04
6.260499999999995235e-04
6.534000000000001612e-04
5.926000000000021528e-04
5.834499999999992470e-04
5.895999999999991525e-04
5.743500000000012484e-04
5.834999999999972153e-04
5.440000000000028146e-04
6.533500000000004582e-04
7.840999999999993808e-04
7.141500000000002013e-04
6.138999999999970869e-04
5.804500000000031856e-04
5.743499999999977790e-04
5.683000000000007490e-04
5.713000000000002798e-04
5.653000000000012182e-04
6.017000000000001514e-04
7.840499999999979430e-04
6.472999999999999587e-04
5.804499999999997162e-04
5.622500000000002496e-04
5.743500000000012484e-04
5.865499999999981839e-04
5.895500000000011842e-04
5.713499999999982482e-04
6.199500000000010558e-04
6.382000000000019602e-04
6.624999999999964251e-04
6.898499999999987975e-04
7.141500000000036708e-04
7.324000000000011057e-04
8.326999999999987190e-04
7.657999999999970386e-04
8.448500000000011556e-04
8.448500000000011556e-04
8.539499999999991542e-04
8.509500000000030928e-04
6.290499999999990544e-04
6.381999999999984907e-04
7.141500000000036708e-04
7.202499999999986691e-04
7.962499999999983480e-04
8.326499999999972812e-04
8.631000000000055294e-04
8.934499999999970243e-04
9.178000000000033354e-04
9.359999999999993325e-04
8.174999999999987832e-04
7.628000000000009773e-04
8.326999999999987190e-04
8.751499999999981516e-04
9.149999999999991473e-04
9.540000000000034563e-04
9.419999999999983942e-04
8.755000000000012772e-04
9.754999999999972027e-04
9.694999999999981410e-04
9.540000000000034563e-04
9.725000000000011413e-04
1.005999999999999950e-03
1.036499999999995758e-03
1.018000000000005012e-03
1.075500000000000067e-03
1.003000000000003888e-03
1.081999999999999629e-03
9.784999999999932641e-04
9.480000000000043947e-04
9.300000000000002709e-04
9.054999999999896465e-04
8.995000000000114015e-04
8.904999999999885230e-04
8.450000000000124079e-04
8.599999999999996536e-04
8.569999999999966533e-04
8.235000000000047837e-04
8.114999999999927827e-04
7.869999999999960361e-04
7.810000000000039133e-04
7.994999999999946594e-04
7.595000000000101670e-04
7.874999999999965361e-04
8.110000000000061604e-04
7.904999999999995364e-04
7.899999999999990363e-04
8.114999999999927827e-04
8.174999999999987832e-04
7.594999999999962892e-04
7.935000000000025366e-04
8.050000000000001599e-04
8.024999999999976596e-04
8.115000000000066604e-04
8.205000000000017835e-04
8.324999999999999067e-04
8.599999999999996536e-04
8.144999999999957829e-04
9.025000000000005240e-04
8.599999999999996536e-04
8.270000000000082840e-04
7.684999999999914122e-04
7.204999999999989191e-04
7.749999999999979128e-04
7.960000000000050369e-04
7.535000000000041664e-04
7.935000000000025366e-04
7.809999999999900355e-04
7.624999999999992895e-04
7.235000000000019194e-04
7.110000000000032960e-04
7.385000000000030429e-04
7.144999999999929186e-04
7.780000000000009130e-04
7.415000000000060432e-04
7.414999999999921654e-04
7.715000000000082903e-04
7.144999999999929186e-04
7.199999999999984190e-04
7.295000000000079199e-04
7.474999999999981659e-04
6.929999999999991722e-04
6.744999999999945484e-04
7.080000000000002958e-04
7.265000000000049196e-04
7.930000000000020366e-04
8.510000000000045306e-04
8.509999999999906528e-04
7.660000000000027898e-04
7.385000000000030429e-04
7.655000000000022897e-04
7.749999999999979128e-04
8.330000000000004068e-04
