-2.431240136502310634e-05
3.646860204753465950e-05
-6.078100341255776584e-06
2.431240136502310634e-05
7.293720409506931901e-05
4.254670056980103254e-05
-6.078100705053657293e-05
2.431240864098072052e-05
2.431239408906549215e-05
1.033277076203376055e-04
6.078102160245180130e-06
2.431239408906549215e-05
4.862481728196144104e-05
7.293719681911170483e-05
2.431240864098072052e-05
4.254668601788580418e-05
3.039051080122590065e-05
5.470289033837616444e-05
3.646861296147108078e-05
4.254671512171626091e-05
4.862481728196144104e-05
7.293716771528124809e-05
7.901532808318734169e-05
5.470291944220662117e-05
5.470286123454570770e-05
-1.823430648073554039e-05
7.293716771528124809e-05
6.685918197035789490e-05
6.078043952584266663e-06
9.724963456392288208e-05
5.470286123454570770e-05
8.509343024343252182e-05
2.431240864098072052e-05
1.276400871574878693e-04
3.039056900888681412e-05
6.685906555503606796e-05
7.293722592294216156e-05
6.685906555503606796e-05
1.033276785165071487e-04
4.862481728196144104e-05
8.509343024343252182e-05
9.117147419601678848e-05
4.862481728196144104e-05
7.293722592294216156e-05
7.901526987552642822e-05
1.215620432049036026e-04
1.823436468839645386e-05
7.901526987552642822e-05
1.154837664216756821e-04
1.033279113471508026e-04
8.509331382811069489e-05
8.509331382811069489e-05
1.033276785165071487e-04
6.685918197035789490e-05
9.724963456392288208e-05
6.078090518712997437e-05
5.470309406518936157e-05
7.293722592294216156e-05
1.033276785165071487e-04
1.033276785165071487e-04
8.509331382811069489e-05
1.519524957984685898e-04
8.509354665875434875e-05
1.094057224690914154e-04
1.033279113471508026e-04
9.724916890263557434e-05
8.509354665875434875e-05
1.154839992523193359e-04
1.033279113471508026e-04
1.458739861845970154e-04
1.337183639407157898e-04
1.337183639407157898e-04
1.154839992523193359e-04
7.901526987552642822e-05
1.094057224690914154e-04
1.094057224690914154e-04
1.580305397510528564e-04
1.337183639407157898e-04
1.397961750626564026e-04
1.154839992523193359e-04
1.397961750626564026e-04
1.397961750626564026e-04
1.641088165342807770e-04
1.337183639407157898e-04
9.724963456392288208e-05
1.154839992523193359e-04
1.215618103742599487e-04
1.762649044394493103e-04
1.337183639407157898e-04
1.397961750626564026e-04
1.337183639407157898e-04
1.094057224690914154e-04
1.762649044394493103e-04
1.823431812226772308e-04
1.641088165342807770e-04
1.276396214962005615e-04
1.519527286291122437e-04
1.641083508729934692e-04
1.580305397510528564e-04
1.884214580059051514e-04
1.033274456858634949e-04
1.094061881303787231e-04
1.337183639407157898e-04
1.519517973065376282e-04
1.215627416968345642e-04
2.127336338162422180e-04
2.005770802497863770e-04
1.397961750626564026e-04
1.701870933175086975e-04
1.944992691278457642e-04
2.431217581033706665e-05
1.944992691278457642e-04
1.033274456858634949e-04
1.641083508729934692e-04
2.066558226943016052e-04
2.248892560601234436e-04
2.431245520710945129e-04
1.580305397510528564e-04
1.762649044394493103e-04
1.580305397510528564e-04
1.397961750626564026e-04
1.701870933175086975e-04
2.795923501253128052e-04
1.884214580059051514e-04
1.762649044394493103e-04
2.188114449381828308e-04
1.641083508729934692e-04
1.823436468839645386e-04
1.823427155613899231e-04
1.701870933175086975e-04
2.978267148137092590e-04
1.154839992523193359e-04
2.856701612472534180e-04
1.823436468839645386e-04
1.641083508729934692e-04
2.127336338162422180e-04
1.641083508729934692e-04
1.094061881303787231e-04
9.117182344198226929e-05
2.248892560601234436e-04
1.276396214962005615e-04
2.188123762607574463e-04
2.066548913717269897e-04
2.127345651388168335e-04
3.160610795021057129e-04
2.005770802497863770e-04
2.188105136156082153e-04
2.552811056375503540e-04
1.823436468839645386e-04
3.099832683801651001e-04
2.127327024936676025e-04
3.099832683801651001e-04
1.154839992523193359e-04
2.492014318704605103e-04
2.492032945156097412e-04
2.674348652362823486e-04
2.248901873826980591e-04
2.431236207485198975e-04
2.795923501253128052e-04
1.944992691278457642e-04
2.370458096265792847e-04
2.309679985046386719e-04
3.282185643911361694e-04
2.735145390033721924e-04
2.552792429924011230e-04
3.160610795021057129e-04
2.674367278814315796e-04
1.641083508729934692e-04
1.701880246400833130e-04
4.862472414970397949e-04
2.309679985046386719e-04
2.005770802497863770e-04
3.342963755130767822e-04
3.403723239898681641e-04
2.066567540168762207e-04
3.586076200008392334e-04
2.552792429924011230e-04
2.856720238924026489e-04
2.795923501253128052e-04
2.188105136156082153e-04
2.735145390033721924e-04
2.856720238924026489e-04
3.646854311227798462e-04
2.674367278814315796e-04
2.492014318704605103e-04
3.768429160118103027e-04
2.735145390033721924e-04
3.707632422447204590e-04
2.188123762607574463e-04
3.768429160118103027e-04
3.342945128679275513e-04
2.370458096265792847e-04
2.735145390033721924e-04
3.039054572582244873e-04
3.707632422447204590e-04
3.099832683801651001e-04
3.160610795021057129e-04
2.552811056375503540e-04
2.552792429924011230e-04
3.099851310253143311e-04
