0.000000000000000000e+00
-6.078009999999999935e-06
0.000000000000000000e+00
-6.077990000000000230e-06
-6.077999999999998389e-06
-1.215600000000000017e-05
-6.077999999999998389e-06
-6.078100000000005384e-06
-1.823399999999999517e-05
-1.215600000000000355e-05
-6.078000000000005165e-06
-1.823399999999998839e-05
-1.823390000000000850e-05
-1.215599999999998323e-05
-2.431200000000002066e-05
-1.823400000000000194e-05
-1.215599999999998323e-05
-2.431200000000002066e-05
-2.431199999999999356e-05
-1.823400000000000194e-05
-1.823400000000000194e-05
-2.431199999999996645e-05
-1.823400000000000194e-05
-2.431200000000002066e-05
-3.038999999999998517e-05
-1.823400000000000194e-05
-2.431300000000003641e-05
-2.431199999999996645e-05
-1.823400000000000194e-05
-3.646800000000000389e-05
-3.039000000000003938e-05
-4.254599999999996839e-05
0.000000000000000000e+00
-3.039000000000003938e-05
-3.038999999999993096e-05
-3.039000000000003938e-05
-3.039000000000003938e-05
-3.038999999999993096e-05
-2.431199999999996645e-05
-2.431200000000007487e-05
-3.038999999999993096e-05
-3.039000000000003938e-05
-3.039000000000003938e-05
-3.038999999999993096e-05
-2.431200000000007487e-05
-3.038999999999993096e-05
-3.039000000000003938e-05
-3.038999999999993096e-05
-3.038699999999999214e-05
-2.431999999999998399e-05
-3.039000000000014780e-05
-3.038999999999993096e-05
-3.038999999999993096e-05
-3.039000000000014780e-05
-3.038999999999993096e-05
-3.038999999999993096e-05
-3.039000000000014780e-05
-3.038999999999993096e-05
-3.038999999999993096e-05
-3.039000000000014780e-05
-2.430999999999982654e-05
-3.647000000000003538e-05
-3.039000000000014780e-05
1.824000000000009641e-05
-7.294000000000007075e-05
-3.038999999999993096e-05
-2.431000000000004338e-05
-3.647000000000003538e-05
-5.469999999999997434e-05
0.000000000000000000e+00
-3.647000000000003538e-05
-3.038999999999993096e-05
-3.038999999999993096e-05
-2.431000000000004338e-05
-3.038999999999993096e-05
-2.431000000000004338e-05
-4.254999999999992295e-05
-2.431000000000004338e-05
1.215999999999999200e-05
-7.294000000000007075e-05
-2.430999999999982654e-05
-3.039000000000036464e-05
-2.430999999999960970e-05
-2.431999999999998399e-05
-3.039000000000036464e-05
-3.038999999999993096e-05
1.216000000000020884e-05
-6.686000000000018317e-05
-1.337099999999999921e-04
-1.824000000000009641e-05
-1.822999999999972212e-05
-1.216000000000020884e-05
-1.822999999999972212e-05
3.038999999999993096e-05
-6.078000000000029560e-05
-1.823999999999966273e-05
-1.823000000000015580e-05
8.508999999999990529e-05
-1.276400000000000451e-04
-2.431000000000004338e-05
-2.430999999999960970e-05
1.214999999999983454e-05
-2.431000000000004338e-05
-7.293000000000013014e-05
-1.154899999999997769e-04
-3.645999999999987792e-05
6.069999999999946966e-06
-1.215000000000026822e-05
-1.215999999999977516e-05
3.038999999999993096e-05
-2.431000000000004338e-05
-4.255000000000013979e-05
-1.214999999999983454e-05
-2.431000000000004338e-05
-1.824000000000009641e-05
-2.431000000000004338e-05
1.216000000000020884e-05
-1.216000000000020884e-05
-1.215599999999997238e-04
-1.216000000000020884e-05
-6.069999999999946966e-06
-6.079999999999887578e-06
-6.079999999999887578e-06
-4.255000000000013979e-05
-1.823000000000015580e-05
-7.294000000000007075e-05
-1.214999999999983454e-05
-4.863000000000002737e-05
-1.214999999999983454e-05
0.000000000000000000e+00
-1.824000000000009641e-05
-6.069999999999946966e-06
4.253999999999976550e-05
-1.214999999999983454e-05
-6.077999999999986191e-05
-1.276400000000000451e-04
-1.216000000000020884e-05
6.079999999999887578e-06
8.509000000000033898e-05
-1.093999999999999487e-04
4.861999999999965308e-05
-3.038999999999993096e-05
-7.292999999999969646e-05
1.822999999999972212e-05
-1.215999999999977516e-05
-6.069999999999946966e-06
-1.824000000000009641e-05
-7.293000000000013014e-05
3.645999999999987792e-05
-1.822999999999972212e-05
-4.255000000000013979e-05
3.038999999999993096e-05
-1.458699999999997672e-04
-6.080000000000321259e-06
-1.822999999999972212e-05
4.862000000000008676e-05
-6.070000000000380647e-06
-6.079999999999887578e-06
-2.431000000000004338e-05
-1.215999999999977516e-05
-6.080000000000321259e-06
-1.214999999999983454e-05
-1.215699999999996644e-04
3.646999999999981854e-05
6.079999999999887578e-06
0.000000000000000000e+00
-6.077999999999986191e-05
2.430999999999960970e-05
-6.069999999999513285e-06
6.069999999999513285e-06
-1.823000000000015580e-05
-7.293999999999963707e-05
0.000000000000000000e+00
6.080000000000321259e-06
-4.255000000000057347e-05
-6.069999999999513285e-06
0.000000000000000000e+00
6.069999999999513285e-06
1.824000000000009641e-05
9.725000000000011413e-05
-1.215599999999997238e-04
-1.824000000000009641e-05
-4.253999999999976550e-05
6.069999999999513285e-06
6.080000000000321259e-06
-6.080000000000321259e-06
-6.077999999999986191e-05
4.254999999999970611e-05
0.000000000000000000e+00
6.080000000000321259e-06
-6.686000000000018317e-05
1.823000000000015580e-05
-6.077999999999986191e-05
1.824000000000009641e-05
4.253999999999976550e-05
1.824000000000009641e-05
-2.431000000000047706e-05
0.000000000000000000e+00
-1.033299999999995680e-04
1.093999999999999487e-04
