-2.807322598528116941e-04
1.189028407679870725e-04
2.157725539291277528e-04
2.195713750552386045e-04
2.533808001317083836e-04
3.719037631526589394e-04
3.327760496176779270e-04
3.513901028782129288e-04
2.735144225880503654e-04
4.604160785675048828e-04
3.327759914100170135e-04
2.666767686605453491e-04
4.714326933026313782e-04
4.482599906623363495e-04
3.513903357088565826e-04
5.018226802349090576e-04
4.000151529908180237e-04
4.904270172119140625e-04
5.082809366285800934e-04
4.501594230532646179e-04
4.672533832490444183e-04
5.018240772187709808e-04
5.485485307872295380e-04
4.778904840350151062e-04
4.581371322274208069e-04
4.794094711542129517e-04
5.614645779132843018e-04
4.873881116509437561e-04
5.504470318555831909e-04
5.318345502018928528e-04
4.976447671651840210e-04
5.375314503908157349e-04
4.934659227728843689e-04
5.455091595649719238e-04
5.550067871809005737e-04
4.531983286142349243e-04
4.091318696737289429e-04
4.623159766197204590e-04
5.740020424127578735e-04
4.011541604995727539e-04
5.694422870874404907e-04
5.276538431644439697e-04
4.756115376949310303e-04
5.139783024787902832e-04
5.462691187858581543e-04
4.516802728176116943e-04
5.671624094247817993e-04
5.603246390819549561e-04
5.189180374145507812e-04
4.984047263860702515e-04
5.941353738307952881e-04
5.664024502038955688e-04
5.903337150812149048e-04
5.291756242513656616e-04
5.542468279600143433e-04
5.063805729150772095e-04
5.071423947811126709e-04
4.250872880220413208e-04
4.482585936784744263e-04
5.648862570524215698e-04
5.265120416879653931e-04
5.037244409322738647e-04
5.474090576171875000e-04
5.436092615127563477e-04
6.484575569629669189e-04
5.325935781002044678e-04
5.755200982093811035e-04
6.157886236906051636e-04
5.789361894130706787e-04
2.803541719913482666e-04
5.553849041461944580e-04
4.847273230552673340e-04
5.872994661331176758e-04
5.926117300987243652e-04
5.941390991210937500e-04
5.629807710647583008e-04
6.138905882835388184e-04
5.538649857044219971e-04
6.256662309169769287e-04
6.005913019180297852e-04
5.899593234062194824e-04
4.068464040756225586e-04
6.161704659461975098e-04
6.059110164642333984e-04
4.725717008113861084e-04
5.690604448318481445e-04
5.645044147968292236e-04
5.827359855175018311e-04
4.816912114620208740e-04
5.994513630867004395e-04
5.633644759654998779e-04
5.287975072860717773e-04
6.268024444580078125e-04
5.185380578041076660e-04
5.493089556694030762e-04
5.022063851356506348e-04
4.991590976715087891e-04
4.702918231487274170e-04
6.070546805858612061e-04
6.355382502079010010e-04
6.188265979290008545e-04
5.747601389884948730e-04
5.914755165576934814e-04
4.847273230552673340e-04
5.808398127555847168e-04
5.170181393623352051e-04
6.799846887588500977e-04
4.349686205387115479e-04
6.089508533477783203e-04
6.070472300052642822e-04
4.136897623538970947e-04
6.450414657592773438e-04
6.154067814350128174e-04
5.664043128490447998e-04
5.379132926464080811e-04
5.990713834762573242e-04
6.233826279640197754e-04
5.413331091403961182e-04
4.547126591205596924e-04
5.170218646526336670e-04
5.861558020114898682e-04
5.766600370407104492e-04
3.153011202812194824e-04
6.287097930908203125e-04
6.214827299118041992e-04
5.363896489143371582e-04
5.257576704025268555e-04
5.576685070991516113e-04
6.245225667953491211e-04
6.385818123817443848e-04
6.184503436088562012e-04
6.123632192611694336e-04
5.021989345550537109e-04
6.439015269279479980e-04
4.231855273246765137e-04
6.294623017311096191e-04
6.408616900444030762e-04
6.306096911430358887e-04
5.888119339942932129e-04
5.971714854240417480e-04
5.117058753967285156e-04
5.485415458679199219e-04
6.465539336204528809e-04
6.347894668579101562e-04
5.162581801414489746e-04
5.941316485404968262e-04
5.865395069122314453e-04
6.492212414741516113e-04
3.707632422447204590e-04
6.754249334335327148e-04
6.647929549217224121e-04
6.739124655723571777e-04
5.793049931526184082e-04
6.648004055023193359e-04
6.826519966125488281e-04
6.161630153656005859e-04
6.275624036788940430e-04
6.894916296005249023e-04
7.039159536361694336e-04
7.088556885719299316e-04
7.031634449958801270e-04
6.214827299118041992e-04
6.522536277770996094e-04
6.477013230323791504e-04
6.389543414115905762e-04
5.721077322959899902e-04
6.742924451828002930e-04
5.948916077613830566e-04
5.846321582794189453e-04
5.880668759346008301e-04
6.438866257667541504e-04
6.317496299743652344e-04
6.237626075744628906e-04
6.856769323348999023e-04
6.120055913925170898e-04
7.008686661720275879e-04
5.884394049644470215e-04
6.629005074501037598e-04
6.966963410377502441e-04
7.369667291641235352e-04
6.921440362930297852e-04
6.780922412872314453e-04
7.305070757865905762e-04
7.415264844894409180e-04
6.473213434219360352e-04
7.977485656738281250e-04
6.986111402511596680e-04
7.741972804069519043e-04
7.020160555839538574e-04
8.015483617782592773e-04
7.988885045051574707e-04
7.950887084007263184e-04
7.723048329353332520e-04
6.021037697792053223e-04
7.187426090240478516e-04
8.213073015213012695e-04
8.566305041313171387e-04
7.772371172904968262e-04
8.490309119224548340e-04
7.696449756622314453e-04
