1.519500000000000021e-06
6.078012499999999263e-06
4.558499999999999639e-06
8.357237499999999451e-06
9.117000000000000971e-06
1.139624999999999783e-05
2.203287500000000206e-05
1.671449999999999726e-05
1.975350000000000662e-05
2.811137499999999477e-05
2.127250000000000343e-05
2.735125000000000685e-05
3.798749999999999501e-05
4.406500000000000586e-05
5.318249999999998760e-05
7.217624999999999865e-05
6.989749999999997918e-05
7.521500000000005829e-05
7.901499999999998802e-05
8.813124999999995008e-05
7.141625000000001271e-05
6.457875000000007013e-05
6.077999999999997034e-05
7.673499999999997597e-05
8.433250000000006713e-05
9.192999999999983303e-05
1.025662500000002007e-04
9.649124999999984971e-05
1.055999999999999647e-04
1.086500000000000660e-04
9.799999999999999684e-05
8.890000000000004669e-05
9.572500000000006351e-05
8.737499999999999607e-05
9.345000000000013018e-05
9.952499999999961378e-05
1.033250000000000314e-04
9.496250000000025504e-05
9.953749999999997322e-05
1.131999999999999326e-04
1.215625000000001427e-04
1.147124999999996238e-04
1.261250000000003688e-04
1.314375000000000439e-04
1.420749999999997536e-04
1.466250000000000539e-04
1.587874999999998142e-04
1.625875000000002318e-04
1.762625000000001170e-04
2.058999999999997464e-04
1.838500000000001591e-04
1.755124999999998006e-04
1.755000000000003085e-04
1.853749999999997761e-04
1.922249999999998613e-04
1.944874999999998688e-04
2.081750000000005471e-04
1.937374999999999861e-04
1.960124999999994858e-04
2.370375000000004423e-04
2.286874999999997243e-04
2.097000000000001640e-04
2.203250000000003817e-04
2.385624999999991919e-04
2.613500000000004708e-04
2.385625000000000592e-04
2.233625000000001234e-04
2.309750000000004508e-04
2.438749999999993007e-04
2.529999999999997529e-04
2.514750000000010033e-04
2.484374999999986594e-04
2.453999999999997850e-04
2.575500000000004869e-04
2.233749999999996155e-04
2.157625000000010229e-04
2.248874999999997404e-04
2.507250000000002532e-04
2.438749999999993007e-04
2.446375000000004102e-04
2.446375000000004102e-04
2.507250000000002532e-04
2.575499999999987522e-04
2.704750000000009230e-04
2.742749999999991722e-04
2.902249999999998581e-04
3.129625000000014340e-04
3.358749999999993685e-04
3.722499999999993175e-04
3.737500000000008177e-04
3.457499999999988360e-04
3.228750000000002451e-04
3.206249999999997297e-04
3.297500000000001819e-04
3.282500000000004164e-04
3.357500000000009782e-04
3.441250000000006803e-04
3.738749999999992080e-04
3.722500000000010523e-04
3.951249999999996432e-04
3.836249999999985505e-04
4.186249999999988591e-04
4.665000000000016356e-04
5.158749999999989733e-04
4.709999999999991971e-04
4.467500000000027005e-04
4.817499999999995397e-04
4.489999999999980118e-04
4.383750000000012637e-04
4.329999999999993576e-04
4.292499999999990767e-04
4.361250000000024829e-04
4.482500000000007312e-04
4.353749999999982634e-04
4.292499999999990767e-04
3.730000000000018023e-04
3.487499999999983669e-04
3.776249999999994889e-04
4.018750000000029243e-04
4.057499999999998608e-04
4.078749999999985165e-04
4.133750000000005476e-04
4.314999999999978575e-04
4.702500000000019165e-04
4.566249999999986986e-04
4.498750000000023563e-04
4.383749999999977942e-04
4.322500000000020770e-04
4.527499999999982927e-04
4.573749999999994487e-04
4.840000000000017899e-04
4.847499999999990705e-04
4.870000000000013207e-04
4.626250000000012297e-04
4.786249999999964144e-04
5.402499999999990643e-04
3.905000000000019567e-04
4.216250000000018594e-04
4.467499999999957616e-04
4.490000000000049507e-04
4.650000000000001354e-04
4.634999999999986353e-04
4.359999999999988884e-04
4.824999999999968203e-04
4.193750000000065481e-04
4.679999999999961968e-04
4.680000000000031357e-04
4.452499999999942615e-04
4.566250000000021680e-04
5.553750000000037823e-04
4.641249999999957909e-04
4.498750000000023563e-04
4.626250000000012297e-04
4.726249999999973528e-04
4.596249999999982294e-04
4.482500000000042006e-04
4.223749999999956706e-04
4.307500000000005769e-04
4.467500000000027005e-04
4.665000000000016356e-04
5.014999999999950053e-04
4.596250000000051683e-04
5.006249999999975997e-04
5.106250000000006617e-04
5.416249999999969700e-04
5.205000000000001292e-04
5.432500000000020646e-04
5.188750000000019735e-04
4.968750000000007883e-04
5.021249999999990998e-04
4.984999999999989440e-04
6.388749999999970841e-04
5.015000000000019442e-04
4.998749999999968496e-04
5.173750000000004734e-04
5.371249999999994085e-04
5.227500000000023794e-04
5.287500000000014411e-04
5.363749999999986584e-04
5.546250000000030322e-04
5.577499999999957492e-04
8.182499999999995333e-04
6.358750000000010227e-04
5.440000000000028146e-04
5.173750000000004734e-04
4.914999999999988822e-04
4.916250000000024767e-04
4.998749999999968496e-04
4.938749999999977880e-04
4.885000000000028209e-04
4.998749999999968496e-04
4.771250000000018532e-04
4.346250000000009828e-04
4.436249999999961058e-04
4.650000000000001354e-04
4.976250000000015383e-04
5.493750000000047207e-04
4.914999999999919433e-04
4.528750000000053566e-04
4.786249999999964144e-04
