1.154838973889127374e-04
9.724960546009242535e-05
-1.094058025046251714e-04
-1.215619704453274608e-05
9.724960546009242535e-05
1.094058097805827856e-04
-1.458744081901386380e-04
-5.470290197990834713e-04
2.856707142200320959e-04
1.033277076203376055e-04
7.293720409506931901e-05
-1.215620432049036026e-05
6.078099977457895875e-05
1.641087146708741784e-04
-4.862480273004621267e-05
4.923261003568768501e-04
2.552802325226366520e-04
2.248897217214107513e-04
3.039049915969371796e-04
-1.397962914779782295e-04
7.293722592294216156e-05
2.735145390033721924e-04
1.641087001189589500e-04
-1.215620432049036026e-05
-3.039056900888681412e-05
2.370459260419011116e-04
-1.276400871574878693e-04
-7.901526987552642822e-05
-4.254677332937717438e-05
2.066553570330142975e-04
1.944992691278457642e-04
2.309677656739950180e-04
1.641088165342807770e-04
2.188116777688264847e-04
-1.762649160809814930e-03
2.431239699944853783e-04
-7.293720263987779617e-04
2.370459260419011116e-04
1.884211087599396706e-04
2.492021303623914719e-04
1.944991527125239372e-04
2.431240864098072052e-04
2.188115613535046577e-04
2.370458096265792847e-04
1.944992691278457642e-04
2.735145390033721924e-04
2.492021303623914719e-04
2.856706269085407257e-04
1.458744518458843231e-04
3.646861296147108078e-04
2.552799414843320847e-04
2.735145390033721924e-04
1.215655356645584106e-05
9.724963456392288208e-05
3.221393562853336334e-04
-1.118370797485113144e-03
2.431240864098072052e-05
2.492021303623914719e-04
1.823431812226772308e-04
2.005770802497863770e-04
2.552801743149757385e-04
2.735145390033721924e-04
2.431240864098072052e-04
3.829202614724636078e-04
2.978271804749965668e-04
3.282171674072742462e-04
1.154839992523193359e-04
3.099832683801651001e-04
7.901526987552642822e-05
1.094057224690914154e-04
3.464515320956707001e-04
5.348729901015758514e-04
0.000000000000000000e+00
3.342954441905021667e-04
2.856710925698280334e-04
3.586076200008392334e-04
3.707641735672950745e-04
4.072329029440879822e-04
3.160610795021057129e-04
3.221388906240463257e-04
3.403741866350173950e-04
4.254672676324844360e-04
2.188114449381828308e-04
2.370458096265792847e-04
1.276396214962005615e-04
2.978276461362838745e-04
3.099823370575904846e-04
3.282176330685615540e-04
3.707641735672950745e-04
4.072329029440879822e-04
3.586076200008392334e-04
2.188114449381828308e-04
4.011550918221473694e-04
2.795923501253128052e-04
3.099832683801651001e-04
3.829207271337509155e-04
3.282167017459869385e-04
4.680138081312179565e-04
3.282185643911361694e-04
3.646854311227798462e-04
2.795923501253128052e-04
3.039054572582244873e-04
4.072319716215133667e-04
-1.215562224388122559e-05
3.342945128679275513e-04
4.011560231447219849e-04
1.033276319503784180e-03
4.011541604995727539e-04
3.586076200008392334e-04
3.950782120227813721e-04
3.950763493776321411e-04
4.133097827434539795e-04
2.431236207485198975e-04
4.680138081312179565e-04
2.856720238924026489e-04
4.011541604995727539e-04
3.950763493776321411e-04
4.133116453886032104e-04
3.889966756105422974e-04
1.094061881303787231e-04
4.133116453886032104e-04
3.646854311227798462e-04
4.133116453886032104e-04
4.011541604995727539e-04
2.735145390033721924e-04
3.403741866350173950e-04
2.127327024936676025e-04
3.586076200008392334e-04
3.525298088788986206e-04
3.829207271337509155e-04
3.707632422447204590e-04
2.856720238924026489e-04
-2.005772665143013000e-03
-3.282185643911361694e-04
2.188123762607574463e-04
3.221388906240463257e-04
4.497785121202468872e-04
4.193894565105438232e-04
4.376228898763656616e-04
4.072338342666625977e-04
4.497785121202468872e-04
4.254672676324844360e-04
3.768429160118103027e-04
3.889985382556915283e-04
4.497785121202468872e-04
4.801694303750991821e-04
3.646872937679290771e-04
4.072319716215133667e-04
4.619341343641281128e-04
3.829225897789001465e-04
4.133097827434539795e-04
4.376247525215148926e-04
4.497766494750976562e-04
3.889985382556915283e-04
4.376247525215148926e-04
4.740916192531585693e-04
4.437007009983062744e-04
4.619359970092773438e-04
4.376247525215148926e-04
5.105584859848022461e-04
4.619359970092773438e-04
4.984065890312194824e-04
2.978257834911346436e-04
4.740916192531585693e-04
4.740916192531585693e-04
4.619359970092773438e-04
4.984028637409210205e-04
4.497803747653961182e-04
4.072338342666625977e-04
3.525279462337493896e-04
5.105622112751007080e-04
5.470290780067443848e-04
6.503574550151824951e-04
4.376210272312164307e-04
5.105622112751007080e-04
1.641064882278442383e-04
4.740916192531585693e-04
5.044825375080108643e-04
5.044825375080108643e-04
4.801712930202484131e-04
4.984028637409210205e-04
5.287937819957733154e-04
3.889985382556915283e-04
4.680156707763671875e-04
4.315450787544250488e-04
5.166381597518920898e-04
5.470290780067443848e-04
4.680119454860687256e-04
5.348734557628631592e-04
5.470290780067443848e-04
5.591847002506256104e-04
2.431236207485198975e-04
6.017349660396575928e-04
5.348734557628631592e-04
-3.950782120227813721e-04
5.591847002506256104e-04
4.680156707763671875e-04
5.348697304725646973e-04
5.591884255409240723e-04
5.470290780067443848e-04
