5.318338025972479954e-06
9.497030987404286861e-06
7.977507266332395375e-06
8.357386832358315587e-06
7.977509085321798921e-06
9.876912372419610620e-06
7.977505447342991829e-06
7.217742677312344313e-06
1.025679375743493438e-05
6.078102160245180130e-06
9.117153240367770195e-06
8.357383194379508495e-06
9.117153240367770195e-06
9.117153240367770195e-06
6.837857654318213463e-06
1.215620432049036026e-05
8.357383194379508495e-06
7.977505447342991829e-06
9.117153240367770195e-06
1.139643427450209856e-05
1.025680103339254856e-05
1.253608206752687693e-05
1.063667878042906523e-05
3.039051080122590065e-06
1.025678648147732019e-05
6.837872206233441830e-06
9.876908734440803528e-06
9.117153240367770195e-06
9.117153240367770195e-06
1.101655652746558189e-05
6.078102160245180130e-06
7.977505447342991829e-06
9.497016435489058495e-06
4.178698873147368431e-06
8.737260941416025162e-06
6.457994459196925163e-06
1.139644882641732693e-05
4.178669769316911697e-06
4.178698873147368431e-06
6.837857654318213463e-06
1.253609661944210529e-05
4.178698873147368431e-06
1.025680103339254856e-05
9.117124136537313461e-06
3.418943379074335098e-06
5.318346666172146797e-06
1.025677192956209183e-05
2.659187885001301765e-06
8.737260941416025162e-06
7.977505447342991829e-06
5.698209861293435097e-06
8.357397746294736862e-06
0.000000000000000000e+00
6.837857654318213463e-06
4.938454367220401764e-06
7.597642252221703529e-06
6.457965355366468430e-06
4.558591172099113464e-06
7.977505447342991829e-06
4.938454367220401764e-06
9.876908734440803528e-06
3.039051080122590065e-06
1.101658563129603863e-05
1.063663512468338013e-05
4.938454367220401764e-06
4.178727976977825165e-06
8.737260941416025162e-06
2.659158781170845032e-06
1.139641972258687019e-05
5.318375770002603531e-06
1.177628291770815849e-05
8.737260941416025162e-06
3.798864781856536865e-06
2.659158781170845032e-06
1.291593071073293686e-05
5.698238965123891830e-06
7.977476343512535095e-06
6.458023563027381897e-06
7.597613148391246796e-06
1.139641972258687019e-05
1.899432390928268433e-06
7.597613148391246796e-06
1.025677192956209183e-05
9.876908734440803528e-06
5.318375770002603531e-06
7.217749953269958496e-06
5.318317562341690063e-06
7.597613148391246796e-06
1.101655652746558189e-05
1.519569195806980133e-06
4.938454367220401764e-06
7.217691745609045029e-06
6.458023563027381897e-06
8.737260941416025162e-06
9.497045539319515228e-06
5.698180757462978363e-06
7.977534551173448563e-06
7.977476343512535095e-06
5.318375770002603531e-06
7.597613148391246796e-06
1.481536310166120529e-05
4.558591172099113464e-06
5.318317562341690063e-06
6.837886758148670197e-06
1.025677192956209183e-05
4.558591172099113464e-06
1.215620432049036026e-05
9.497045539319515228e-06
7.597613148391246796e-06
5.318317562341690063e-06
3.798806574195623398e-06
9.497045539319515228e-06
1.063669333234429359e-05
1.139641972258687019e-05
3.798806574195623398e-06
1.519510988146066666e-06
1.177634112536907196e-05
8.357397746294736862e-06
4.938454367220401764e-06
4.178669769316911697e-06
1.405563671141862869e-05
2.279295586049556732e-06
6.078102160245180130e-06
7.217691745609045029e-06
1.063669333234429359e-05
3.798806574195623398e-06
8.737260941416025162e-06
7.597671356052160263e-06
6.457965355366468430e-06
4.938396159559488297e-06
1.063675154000520706e-05
7.597263902425765991e-07
5.318317562341690063e-06
7.217749953269958496e-06
8.357455953955650330e-06
3.039021976292133331e-06
6.837886758148670197e-06
7.217749953269958496e-06
6.078043952584266663e-06
3.419001586735248566e-06
9.876908734440803528e-06
6.457907147705554962e-06
4.558591172099113464e-06
7.217749953269958496e-06
8.737319149076938629e-06
7.977476343512535095e-06
2.279295586049556732e-06
7.977476343512535095e-06
4.558591172099113464e-06
9.497045539319515228e-06
7.597613148391246796e-06
8.357339538633823395e-06
7.977592758834362030e-06
4.178611561655998230e-06
9.876908734440803528e-06
6.078160367906093597e-06
5.698180757462978363e-06
3.039021976292133331e-06
7.597613148391246796e-06
0.000000000000000000e+00
1.215620432049036026e-05
2.659275196492671967e-06
1.139636151492595673e-05
-1.139589585363864899e-06
1.101649831980466843e-05
9.117182344198226929e-06
3.798631951212882996e-07
6.458023563027381897e-06
4.178611561655998230e-06
7.977592758834362030e-06
1.253606751561164856e-05
8.357339538633823395e-06
-1.139589585363864899e-06
1.101649831980466843e-05
2.659158781170845032e-06
9.876908734440803528e-06
9.497045539319515228e-06
3.419001586735248566e-06
7.977476343512535095e-06
4.178727976977825165e-06
5.318317562341690063e-06
7.977476343512535095e-06
1.063663512468338013e-05
7.597729563713073730e-06
3.798631951212882996e-07
7.597613148391246796e-06
3.418885171413421631e-06
1.405563671141862869e-05
3.039021976292133331e-06
1.101661473512649536e-05
-4.938454367220401764e-06
4.938454367220401764e-06
0.000000000000000000e+00
1.595495268702507019e-05
4.558591172099113464e-06
6.078160367906093597e-06
6.837770342826843262e-06
7.597613148391246796e-06
7.597729563713073730e-06
2.659158781170845032e-06
