6.268041033763438463e-06
8.737268217373639345e-06
9.307092113886028528e-06
7.217742677312344313e-06
8.357390470337122679e-06
9.117149602388963103e-06
8.737268217373639345e-06
8.927210728870704770e-06
6.837864930275827646e-06
7.027803803794085979e-06
7.977505447342991829e-06
6.268041033763438463e-06
7.597627700306475163e-06
6.837857654318213463e-06
5.888163286726921797e-06
7.597627700306475163e-06
6.268033757805824280e-06
4.748522769659757614e-06
5.888156010769307613e-06
5.318332114256918430e-06
4.748522769659757614e-06
6.078102160245180130e-06
1.329579390585422516e-06
2.469227183610200882e-06
4.938454367220401764e-06
5.318346666172146797e-06
4.368630470708012581e-06
6.078102160245180130e-06
3.418928827159106731e-06
6.647926056757569313e-06
3.039051080122590065e-06
4.938454367220401764e-06
3.228982677683234215e-06
3.988767275586724281e-06
4.938454367220401764e-06
3.608860424719750881e-06
5.318346666172146797e-06
4.748508217744529247e-06
3.418943379074335098e-06
4.938454367220401764e-06
3.798806574195623398e-06
4.748522769659757614e-06
5.318332114256918430e-06
4.748522769659757614e-06
4.368630470708012581e-06
3.228982677683234215e-06
5.128415068611502647e-06
3.228982677683234215e-06
1.709471689537167549e-06
4.178669769316911697e-06
3.418943379074335098e-06
4.938454367220401764e-06
4.558591172099113464e-06
2.659158781170845032e-06
3.228982677683234215e-06
3.988767275586724281e-06
6.457965355366468430e-06
2.089363988488912582e-06
3.228982677683234215e-06
5.128385964781045914e-06
3.608874976634979248e-06
3.418943379074335098e-06
5.318346666172146797e-06
6.647896952927112579e-06
3.229011781513690948e-06
4.178698873147368431e-06
3.988738171756267548e-06
1.899403287097811699e-06
6.078102160245180130e-06
1.139647793024778366e-06
7.027789251878857613e-06
4.558591172099113464e-06
9.496870916336774826e-07
3.418943379074335098e-06
6.268033757805824280e-06
4.558591172099113464e-06
3.228982677683234215e-06
3.418943379074335098e-06
4.938454367220401764e-06
4.368630470708012581e-06
3.608874976634979248e-06
3.798806574195623398e-06
5.698209861293435097e-06
3.608874976634979248e-06
3.418943379074335098e-06
4.558562068268656731e-06
3.798806574195623398e-06
4.368659574538469315e-06
3.418914275243878365e-06
5.508278263732790947e-06
3.418943379074335098e-06
3.988738171756267548e-06
4.938454367220401764e-06
2.469227183610200882e-06
3.798835678026080132e-06
5.128385964781045914e-06
5.128385964781045914e-06
3.229011781513690948e-06
4.368630470708012581e-06
6.268033757805824280e-06
3.418943379074335098e-06
3.798806574195623398e-06
3.039051080122590065e-06
2.279295586049556732e-06
3.418943379074335098e-06
5.698180757462978363e-06
3.988738171756267548e-06
2.469285391271114349e-06
4.748464561998844147e-06
3.608874976634979248e-06
1.899432390928268433e-06
6.078102160245180130e-06
3.418943379074335098e-06
5.318317562341690063e-06
5.508307367563247681e-06
4.938454367220401764e-06
3.418885171413421631e-06
3.418943379074335098e-06
5.508307367563247681e-06
3.228953573852777481e-06
5.698238965123891830e-06
1.329579390585422516e-06
4.178669769316911697e-06
5.698238965123891830e-06
5.318317562341690063e-06
3.229011781513690948e-06
2.659158781170845032e-06
7.597613148391246796e-06
1.139647793024778366e-06
4.368659574538469315e-06
3.798631951212882996e-07
4.938454367220401764e-06
3.418943379074335098e-06
5.128385964781045914e-06
3.988796379417181015e-06
4.178669769316911697e-06
4.178669769316911697e-06
9.497161954641342163e-07
3.229011781513690948e-06
5.318317562341690063e-06
4.178727976977825165e-06
5.888112355023622513e-06
1.709500793367624283e-06
3.988738171756267548e-06
6.268033757805824280e-06
2.659158781170845032e-06
4.558591172099113464e-06
3.039080183953046799e-06
3.608874976634979248e-06
4.938454367220401764e-06
4.558532964438199997e-06
5.128385964781045914e-06
4.748522769659757614e-06
3.229011781513690948e-06
2.849090378731489182e-06
4.178727976977825165e-06
5.318317562341690063e-06
3.039080183953046799e-06
4.558532964438199997e-06
1.519569195806980133e-06
4.938454367220401764e-06
3.608874976634979248e-06
5.128385964781045914e-06
2.849090378731489182e-06
2.089363988488912582e-06
4.938454367220401764e-06
3.418943379074335098e-06
5.698180757462978363e-06
3.798806574195623398e-06
3.418943379074335098e-06
5.128385964781045914e-06
3.608874976634979248e-06
2.089363988488912582e-06
5.508249159902334213e-06
2.469285391271114349e-06
4.748464561998844147e-06
3.798864781856536865e-06
3.039021976292133331e-06
3.798806574195623398e-06
4.748522769659757614e-06
3.229011781513690948e-06
3.988738171756267548e-06
4.938454367220401764e-06
3.418943379074335098e-06
3.418943379074335098e-06
5.698180757462978363e-06
3.039080183953046799e-06
4.558532964438199997e-06
3.039080183953046799e-06
5.888170562684535980e-06
7.597263902425765991e-07
3.988796379417181015e-06
1.899315975606441498e-07
5.888170562684535980e-06
5.698180757462978363e-06
2.659158781170845032e-06
5.318375770002603531e-06
2.279295586049556732e-06
6.647896952927112579e-06
3.608874976634979248e-06
