0.000000000000000000e+00
-1.519500000000000021e-06
-3.038999999999999618e-06
-3.039012500000000069e-06
-4.558499999999999639e-06
-4.558487500000001305e-06
-2.279250000000000243e-06
-1.519499999999997903e-06
0.000000000000000000e+00
3.798749999999998146e-06
9.116987500000000097e-06
1.367552499999999982e-05
1.899373750000000002e-05
1.747425000000000299e-05
1.975362500000000181e-05
2.735099999999998936e-05
3.646812500000000585e-05
4.710500000000000386e-05
6.229875000000000386e-05
7.369624999999997055e-05
8.585125000000004645e-05
9.496999999999993945e-05
1.048450000000000033e-04
1.109237500000000067e-04
1.162412499999999774e-04
1.086450000000000957e-04
7.901374999999999545e-05
8.205374999999993924e-05
1.048450000000001117e-04
1.230799999999998041e-04
1.276375000000000599e-04
1.306750000000000186e-04
1.306750000000000186e-04
1.360000000000000531e-04
1.390375000000000118e-04
1.481500000000001045e-04
1.413124999999999451e-04
1.291624999999996769e-04
1.192750000000002836e-04
1.131999999999999326e-04
1.124500000000000499e-04
1.223125000000000254e-04
1.276375000000000599e-04
1.314375000000000439e-04
1.344749999999997857e-04
1.200500000000000178e-04
1.223125000000000254e-04
1.291625000000001106e-04
1.375124999999999612e-04
1.390375000000000118e-04
1.451124999999999290e-04
1.671375000000000985e-04
1.770249999999999255e-04
1.473999999999997881e-04
1.397875000000003282e-04
1.382750000000002033e-04
1.375124999999999612e-04
1.367625000000000784e-04
1.352374999999995941e-04
1.337124999999999772e-04
1.314374999999996102e-04
1.291500000000006185e-04
1.268874999999997435e-04
1.253499999999997672e-04
1.238500000000000018e-04
1.223125000000000254e-04
1.230875000000006270e-04
1.215499999999997832e-04
1.207999999999999005e-04
1.185249999999995335e-04
1.170000000000007839e-04
1.162500000000000339e-04
1.139624999999993074e-04
1.116750000000003157e-04
1.086500000000000660e-04
1.071249999999995817e-04
1.040875000000007072e-04
1.033249999999995977e-04
1.025625000000002229e-04
1.002874999999998559e-04
9.952499999999961378e-05
9.801249999999948892e-05
9.800000000000086420e-05
9.725000000000011413e-05
9.648749999999900462e-05
9.573749999999998928e-05
9.648750000000073934e-05
9.572499999999962983e-05
9.572499999999962983e-05
9.573750000000172400e-05
9.496249999999852032e-05
9.497500000000061449e-05
9.496250000000025504e-05
1.010500000000000981e-04
9.041249999999952103e-05
9.572499999999962983e-05
9.572500000000136455e-05
9.421249999999950497e-05
9.421249999999950497e-05
1.025625000000002229e-04
8.508749999999905278e-05
8.282500000000164730e-05
7.064999999999849178e-05
7.293750000000008560e-05
7.293750000000008560e-05
7.141250000000133602e-05
7.293749999999835087e-05
7.141250000000133602e-05
6.913750000000010165e-05
6.686249999999886728e-05
6.533750000000011771e-05
6.457500000000074292e-05
6.382499999999999285e-05
6.381249999999963340e-05
6.458749999999936764e-05
6.305000000000025862e-05
6.306250000000061806e-05
6.306250000000061806e-05
6.457499999999900819e-05
6.229999999999950855e-05
6.306250000000061806e-05
6.306250000000061806e-05
6.229999999999950855e-05
6.229999999999950855e-05
6.001249999999964946e-05
6.306250000000061806e-05
6.229999999999950855e-05
6.153750000000013376e-05
6.230000000000124327e-05
6.153750000000013376e-05
5.926249999999889939e-05
5.546250000000065017e-05
6.229999999999950855e-05
4.862500000000005707e-05
5.318749999999941580e-05
5.241250000000141629e-05
5.318749999999941580e-05
5.242500000000004101e-05
5.242500000000004101e-05
5.242500000000004101e-05
5.013750000000018192e-05
5.013750000000018192e-05
4.558749999999944791e-05
5.242500000000004101e-05
4.862500000000005707e-05
4.786249999999894755e-05
4.787500000000104172e-05
4.787499999999930700e-05
4.637500000000127631e-05
4.624999999999941658e-05
4.637499999999954159e-05
4.637499999999954159e-05
4.562500000000052625e-05
4.550000000000040123e-05
4.562500000000052625e-05
4.637499999999954159e-05
4.474999999999965117e-05
4.412500000000076084e-05
3.187499999999891809e-05
5.625000000000074385e-05
4.324999999999988576e-05
4.337500000000001077e-05
4.324999999999988576e-05
4.787499999999930700e-05
3.875000000000058953e-05
4.099999999999937028e-05
4.337500000000001077e-05
4.175000000000012035e-05
4.250000000000087041e-05
4.187500000000024536e-05
4.099999999999937028e-05
4.175000000000012035e-05
3.949999999999960487e-05
4.187500000000024536e-05
4.025000000000035494e-05
4.025000000000035494e-05
4.024999999999862021e-05
4.175000000000012035e-05
4.025000000000035494e-05
3.500000000000030864e-05
4.400000000000063582e-05
3.962499999999972988e-05
3.787499999999971445e-05
3.875000000000058953e-05
3.874999999999885480e-05
3.650000000000007405e-05
3.949999999999960487e-05
4.262500000000099543e-05
4.175000000000012035e-05
3.874999999999885480e-05
3.725000000000082412e-05
3.412499999999943356e-05
3.500000000000030864e-05
3.875000000000058953e-05
3.637499999999994904e-05
3.874999999999885480e-05
3.425000000000129330e-05
3.650000000000007405e-05
3.799999999999983946e-05
3.637499999999994904e-05
