5.698218956240452826e-06
9.876912372419610620e-06
1.329584483755752444e-05
1.519524994364473969e-05
1.709465868771076202e-05
1.823429920477792621e-05
1.937394699780270457e-05
1.937394699780270457e-05
1.937394699780270457e-05
1.671476638875901699e-05
2.051358751486986876e-05
2.241300535388290882e-05
2.279286854900419712e-05
2.583191962912678719e-05
2.697156742215156555e-05
2.393254544585943222e-05
2.621178282424807549e-05
3.266980638727545738e-05
2.697156742215156555e-05
3.039051080122590065e-05
2.621178282424807549e-05
2.887099981307983398e-05
3.001058939844369888e-05
2.089346526190638542e-05
2.013373887166380882e-05
2.773135202005505562e-05
2.279283944517374039e-05
2.203311305493116379e-05
3.077037399634718895e-05
2.051360206678509712e-05
2.697156742215156555e-05
3.228994319215416908e-05
2.431235043331980705e-05
3.153015859425067902e-05
2.393254544585943222e-05
3.077037399634718895e-05
3.039051080122590065e-05
2.583191962912678719e-05
3.001058939844369888e-05
2.469233004376292229e-05
3.039045259356498718e-05
3.191007999703288078e-05
2.735143061727285385e-05
3.228988498449325562e-05
2.431240864098072052e-05
3.115029539912939072e-05
2.849102020263671875e-05
2.659170422703027725e-05
2.963072620332241058e-05
2.583197783678770065e-05
3.001058939844369888e-05
2.621184103190898895e-05
3.001058939844369888e-05
2.811127342283725739e-05
2.545199822634458542e-05
3.115029539912939072e-05
3.266974817961454391e-05
3.266986459493637085e-05
3.115017898380756378e-05
2.887099981307983398e-05
3.266974817961454391e-05
3.456929698586463928e-05
3.153015859425067902e-05
3.418920096009969711e-05
3.191013820469379425e-05
3.266974817961454391e-05
3.191002178937196732e-05
3.115029539912939072e-05
2.925086300820112228e-05
3.532890696078538895e-05
1.747452188283205032e-05
3.153015859425067902e-05
3.874790854752063751e-05
3.532890696078538895e-05
3.570877015590667725e-05
3.722845576703548431e-05
3.077043220400810242e-05
2.811127342283725739e-05
3.380933776497840881e-05
3.153015859425067902e-05
3.608874976634979248e-05
3.380933776497840881e-05
3.646872937679290771e-05
3.760820254683494568e-05
3.760820254683494568e-05
3.722845576703548431e-05
3.684847615659236908e-05
2.621184103190898895e-05
3.760820254683494568e-05
3.001047298312187195e-05
2.849125303328037262e-05
3.380933776497840881e-05
3.988761454820632935e-05
3.304961137473583221e-05
3.722845576703548431e-05
3.190990537405014038e-05
3.646872937679290771e-05
3.760820254683494568e-05
4.140706732869148254e-05
3.608874976634979248e-05
3.722822293639183044e-05
3.304984420537948608e-05
3.494904376566410065e-05
3.608874976634979248e-05
2.355244942009449005e-05
2.963072620332241058e-05
3.760843537747859955e-05
3.684847615659236908e-05
3.684847615659236908e-05
3.380933776497840881e-05
3.418931737542152405e-05
3.380933776497840881e-05
3.304984420537948608e-05
3.342959098517894745e-05
3.494904376566410065e-05
3.570877015590667725e-05
3.456929698586463928e-05
3.494904376566410065e-05
3.115017898380756378e-05
3.380933776497840881e-05
3.494927659630775452e-05
3.342935815453529358e-05
3.153015859425067902e-05
3.532902337610721588e-05
3.342959098517894745e-05
3.494904376566410065e-05
3.418931737542152405e-05
3.342959098517894745e-05
3.494904376566410065e-05
2.963072620332241058e-05
3.456906415522098541e-05
3.380980342626571655e-05
3.380933776497840881e-05
3.039045259356498718e-05
3.190990537405014038e-05
3.456929698586463928e-05
3.684824332594871521e-05
3.228988498449325562e-05
3.532925620675086975e-05
3.456929698586463928e-05
3.228988498449325562e-05
2.925051376223564148e-05
3.228988498449325562e-05
3.570923581719398499e-05
3.304937854409217834e-05
3.532925620675086975e-05
3.076996654272079468e-05
3.342982381582260132e-05
2.887099981307983398e-05
3.418931737542152405e-05
3.418931737542152405e-05
2.393266186118125916e-05
3.114994615316390991e-05
3.380933776497840881e-05
3.266986459493637085e-05
3.153039142489433289e-05
3.304937854409217834e-05
3.228988498449325562e-05
3.077043220400810242e-05
2.773152664303779602e-05
3.266986459493637085e-05
3.266986459493637085e-05
3.304937854409217834e-05
3.190990537405014038e-05
3.153039142489433289e-05
3.304984420537948608e-05
3.304937854409217834e-05
3.039045259356498718e-05
2.659158781170845032e-05
2.431264147162437439e-05
2.849102020263671875e-05
3.494927659630775452e-05
3.077043220400810242e-05
3.228988498449325562e-05
2.963049337267875671e-05
3.494927659630775452e-05
3.228988498449325562e-05
2.963049337267875671e-05
3.115041181445121765e-05
3.342935815453529358e-05
3.001093864440917969e-05
2.925051376223564148e-05
2.887099981307983398e-05
2.925097942352294922e-05
3.001047298312187195e-05
3.342982381582260132e-05
2.887099981307983398e-05
3.570877015590667725e-05
3.228988498449325562e-05
3.456929698586463928e-05
2.431217581033706665e-05
3.608874976634979248e-05
2.735154703259468079e-05
3.532879054546356201e-05
2.431264147162437439e-05
3.115041181445121765e-05
3.456883132457733154e-05
2.925097942352294922e-05
4.064710810780525208e-05
2.811150625348091125e-05
