2.735145098995417356e-04
1.701868022792041302e-04
3.525298379827290773e-04
-1.884211087599396706e-04
1.215619849972426891e-04
3.403736045584082603e-04
-4.862479981966316700e-04
-2.066554152406752110e-04
1.033276785165071487e-04
2.674364368431270123e-04
4.740917938761413097e-04
4.740918520838022232e-04
5.348728736862540245e-04
5.591851659119129181e-04
2.856708597391843796e-04
6.321223918348550797e-04
4.984040278941392899e-04
5.895760841667652130e-04
8.570118807256221771e-04
3.829202614724636078e-04
3.525298088788986206e-04
6.929035298526287079e-04
5.531073547899723053e-04
4.862477071583271027e-04
-3.039045259356498718e-04
1.057589426636695862e-03
6.260443478822708130e-04
2.309670671820640564e-04
7.293727248907089233e-04
7.232939824461936951e-04
4.558572545647621155e-04
5.591856315732002258e-04
7.050596177577972412e-04
9.724954143166542053e-04
-1.173073425889015198e-03
5.713412538170814514e-04
2.431310713291168213e-05
8.205436170101165771e-04
8.083870634436607361e-04
7.293727248907089233e-04
7.536839693784713745e-04
4.437007009983062744e-04
3.464519977569580078e-04
8.448567241430282593e-04
6.746686995029449463e-04
8.874032646417617798e-04
7.840748876333236694e-04
1.008963212370872498e-03
4.801712930202484131e-04
6.868243217468261719e-04
1.015042886137962341e-03
7.415283471345901489e-04
8.874032646417617798e-04
8.630901575088500977e-04
1.239931210875511169e-03
-4.984028637409210205e-04
6.321221590042114258e-04
8.205436170101165771e-04
7.597617805004119873e-04
1.015042886137962341e-03
1.033278182148933411e-03
9.542591869831085205e-04
5.956552922725677490e-04
9.360276162624359131e-04
7.232949137687683105e-04
5.227141082286834717e-04
9.056404232978820801e-04
8.023083209991455078e-04
7.476061582565307617e-04
3.707632422447204590e-04
1.087978482246398926e-03
1.233857125043869019e-03
6.868243217468261719e-04
1.203462481498718262e-03
1.045435667037963867e-03
9.603388607501983643e-04
1.233853399753570557e-03
1.100137829780578613e-03
1.136604696512222290e-03
1.081902533769607544e-03
9.481832385063171387e-04
1.185227185487747192e-03
1.039355993270874023e-03
7.597617805004119873e-04
7.232949137687683105e-04
1.100137829780578613e-03
1.227773725986480713e-03
1.227777451276779175e-03
1.118369400501251221e-03
1.173075288534164429e-03
1.118369400501251221e-03
9.603388607501983643e-04
1.154839992523193359e-03
1.094058156013488770e-03
1.185230910778045654e-03
1.166991889476776123e-03
9.664222598075866699e-04
1.209542155265808105e-03
9.785741567611694336e-04
1.081898808479309082e-03
1.239933073520660400e-03
1.233853399753570557e-03
1.276403665542602539e-03
8.691698312759399414e-04
1.075819134712219238e-03
1.349337399005889893e-03
1.847743988037109375e-03
1.385807991027832031e-03
1.136608421802520752e-03
1.246005296707153320e-03
1.197390258312225342e-03
1.385800540447235107e-03
1.118376851081848145e-03
1.252084970474243164e-03
1.233853399753570557e-03
1.288555562496185303e-03
1.209542155265808105e-03
1.489140093326568604e-03
1.100130379199981689e-03
1.015044748783111572e-03
1.349337399005889893e-03
1.300714910030364990e-03
1.276403665542602539e-03
1.203462481498718262e-03
1.221701502799987793e-03
1.258164644241333008e-03
9.846538305282592773e-04
1.294635236263275146e-03
1.209542155265808105e-03
1.562066376209259033e-03
1.391887664794921875e-03
6.078109145164489746e-04
-1.100137829780578613e-03
6.929039955139160156e-04
1.148760318756103516e-03
1.258164644241333008e-03
1.312874257564544678e-03
1.239933073520660400e-03
1.416191458702087402e-03
1.227781176567077637e-03
1.185230910778045654e-03
9.724944829940795898e-04
1.343257725238800049e-03
1.337185502052307129e-03
1.331098377704620361e-03
1.294635236263275146e-03
1.452662050724029541e-03
1.215621829032897949e-03
1.239940524101257324e-03
1.209542155265808105e-03
1.325026154518127441e-03
1.653239130973815918e-03
1.373648643493652344e-03
1.367568969726562500e-03
1.337185502052307129e-03
1.367568969726562500e-03
1.422286033630371094e-03
1.282468438148498535e-03
1.288563013076782227e-03
1.537755131721496582e-03
1.373663544654846191e-03
8.266121149063110352e-04
1.252084970474243164e-03
1.306802034378051758e-03
1.428350806236267090e-03
1.179143786430358887e-03
1.197397708892822266e-03
9.603351354598999023e-04
1.416191458702087402e-03
1.239940524101257324e-03
1.446589827537536621e-03
1.604616641998291016e-03
1.580297946929931641e-03
9.968131780624389648e-04
1.391887664794921875e-03
1.100137829780578613e-03
1.288548111915588379e-03
1.489132642745971680e-03
1.470908522605895996e-03
1.555994153022766113e-03
1.416191458702087402e-03
1.343265175819396973e-03
1.458749175071716309e-03
1.483052968978881836e-03
1.489132642745971680e-03
1.470893621444702148e-03
1.592472195625305176e-03
1.489132642745971680e-03
1.264244318008422852e-03
1.489132642745971680e-03
1.695796847343444824e-03
1.233845949172973633e-03
1.568153500556945801e-03
1.446589827537536621e-03
7.354468107223510742e-04
1.495212316513061523e-03
1.549914479255676270e-03
1.422271132469177246e-03
1.641094684600830078e-03
1.470893621444702148e-03
