0.000000000000000000e+00
-1.519502499999999984e-06
-1.519497500000000058e-06
-4.558499999999999639e-06
-6.078025000000000138e-06
-7.597499999999999680e-06
-7.597475000000001319e-06
-7.597499999999996292e-06
-1.063650000000000565e-05
-9.116999999999994195e-06
-9.117000000000000971e-06
-1.063650000000000565e-05
-9.117000000000000971e-06
-7.597499999999996292e-06
-9.117250000000004908e-06
-9.117000000000000971e-06
-4.558499999999986933e-06
-6.078000000000005165e-06
-3.039000000000009359e-06
0.000000000000000000e+00
3.039000000000009359e-06
6.078000000000005165e-06
7.597499999999996292e-06
-3.039000000000009359e-06
0.000000000000000000e+00
6.078000000000005165e-06
9.117250000000004908e-06
1.215599999999999678e-05
1.823400000000000194e-05
2.279249999999999565e-05
2.735097500000000116e-05
3.342904999999999802e-05
3.798747500000000004e-05
4.254600000000000905e-05
4.862425000000000460e-05
5.318249999999998760e-05
6.533824999999999399e-05
7.293750000000003139e-05
8.660999999999998561e-05
9.420999999999995350e-05
1.002875000000000728e-04
1.033249999999999230e-04
1.094050000000000274e-04
1.124424999999999860e-04
1.185224999999999820e-04
1.154800000000000531e-04
1.109249999999999993e-04
1.124425000000000945e-04
1.078849999999998387e-04
1.078850000000000555e-04
1.200400000000000772e-04
1.306775000000000037e-04
1.337149999999999624e-04
1.413149999999999303e-04
1.367550000000001230e-04
1.109225000000000141e-04
1.154799999999998363e-04
1.382750000000002033e-04
1.610749999999996733e-04
1.717000000000003246e-04
1.534749999999997054e-04
1.458750000000001712e-04
1.534499999999998539e-04
1.626000000000001576e-04
1.701749999999998403e-04
1.762750000000004764e-04
1.838499999999992918e-04
1.884250000000007447e-04
1.990499999999992276e-04
2.324750000000002162e-04
1.945000000000002283e-04
1.382750000000002033e-04
1.352499999999999536e-04
1.686499999999993560e-04
1.671500000000004579e-04
1.686750000000000749e-04
1.686500000000002233e-04
1.701999999999996918e-04
1.701749999999998403e-04
1.686750000000000749e-04
1.671249999999997390e-04
1.626000000000005913e-04
1.261249999999995014e-04
1.245999999999998845e-04
1.549750000000007719e-04
1.458749999999993038e-04
1.382750000000002033e-04
1.413250000000003045e-04
1.397749999999999687e-04
1.428499999999999215e-04
1.397749999999999687e-04
1.443750000000004058e-04
1.443499999999996869e-04
1.565000000000003888e-04
1.367499999999997190e-04
1.504249999999991705e-04
1.565250000000011077e-04
1.610499999999993881e-04
1.671499999999995906e-04
1.686750000000000749e-04
1.732250000000008089e-04
1.899249999999987754e-04
1.732250000000008089e-04
1.002999999999993480e-04
8.052500000000142877e-05
8.662499999999989653e-05
1.048249999999993631e-04
1.170000000000007839e-04
1.154999999999992838e-04
1.534499999999994202e-04
1.261250000000012361e-04
1.382749999999984686e-04
1.276499999999999857e-04
1.185250000000012682e-04
1.184999999999988146e-04
1.246000000000007518e-04
1.337249999999994693e-04
1.413250000000011719e-04
1.063499999999998474e-04
1.306750000000002354e-04
1.337249999999994693e-04
1.367499999999997190e-04
1.367499999999997190e-04
1.413249999999994372e-04
1.428250000000009373e-04
1.504249999999991705e-04
1.519500000000013895e-04
1.549999999999988887e-04
1.550000000000006234e-04
1.519499999999996548e-04
1.565000000000003888e-04
1.519499999999996548e-04
1.717000000000003246e-04
1.519499999999996548e-04
1.671499999999995906e-04
1.732250000000008089e-04
1.777749999999998082e-04
1.793000000000002925e-04
1.853749999999997761e-04
1.884250000000007447e-04
1.929749999999997440e-04
1.960249999999989778e-04
1.959999999999999937e-04
1.382750000000002033e-04
1.185250000000012682e-04
1.261249999999977667e-04
1.428250000000026720e-04
1.610750000000001070e-04
1.716999999999968551e-04
1.823500000000012611e-04
1.914499999999992597e-04
1.960250000000024473e-04
1.929749999999980092e-04
1.367500000000014537e-04
1.200500000000000178e-04
1.337000000000004851e-04
1.397999999999989529e-04
1.443499999999979522e-04
1.565000000000003888e-04
1.610750000000001070e-04
1.565000000000003888e-04
1.215750000000022368e-04
1.230750000000002675e-04
1.443499999999979522e-04
1.397999999999989529e-04
1.580250000000026078e-04
1.701749999999981056e-04
1.762750000000000428e-04
1.793000000000002925e-04
1.853750000000015108e-04
1.352499999999999536e-04
5.469999999999780593e-05
4.405000000000033888e-05
9.422499999999986442e-05
1.276249999999992668e-04
1.489250000000011398e-04
1.656249999999991063e-04
1.291500000000014858e-04
5.470000000000127538e-05
3.949999999999787015e-05
6.230000000000124327e-05
7.294999999999871032e-05
8.357500000000239737e-05
9.114999999999817692e-05
9.877499999999886371e-05
1.003000000000010827e-04
1.048249999999993631e-04
1.063750000000023010e-04
1.078999999999975812e-04
1.094000000000025508e-04
1.078749999999968623e-04
1.003000000000010827e-04
1.033250000000013324e-04
1.033249999999978630e-04
1.002750000000003638e-04
1.033250000000013324e-04
9.419999999999914553e-05
1.003000000000010827e-04
9.725000000000011413e-05
1.200500000000000178e-04
