-1.671477730269543827e-05
-2.051358751486986876e-05
2.507216413505375385e-05
3.874789035762660205e-05
2.355264041398186237e-05
6.533957639476284385e-05
5.850171874044463038e-05
6.685909465886652470e-05
1.899407652672380209e-05
4.482598160393536091e-05
3.342956188134849072e-05
8.509340113960206509e-05
1.002886274363845587e-04
7.749581709504127502e-05
8.281407644972205162e-05
1.116851344704627991e-04
1.063667587004601955e-04
7.445667870342731476e-05
9.345076978206634521e-05
7.521652150899171829e-05
1.010484993457794189e-04
8.889217860996723175e-05
9.269104339182376862e-05
9.497033897787332535e-05
9.041174780577421188e-05
1.154838828369975090e-04
1.094057224690914154e-04
8.813245221972465515e-05
1.170034520328044891e-04
8.813245221972465515e-05
1.208023168146610260e-04
1.078862696886062622e-04
1.109254080802202225e-04
1.185229048132896423e-04
1.101654488593339920e-04
5.546282045543193817e-05
1.268803607672452927e-04
1.154837664216756821e-04
1.162437256425619125e-04
1.002885401248931885e-04
1.284000463783740997e-04
1.230814959853887558e-04
9.724963456392288208e-05
1.413158606737852097e-04
1.230814959853887558e-04
1.496733166277408600e-04
1.314389519393444061e-04
1.329584047198295593e-04
1.451144926249980927e-04
1.390366815030574799e-04
1.276400871574878693e-04
1.116851344704627991e-04
1.147240400314331055e-04
1.200423575937747955e-04
1.284000463783740997e-04
1.268801279366016388e-04
1.109256409108638763e-04
1.063663512468338013e-04
1.284000463783740997e-04
1.489133574068546295e-04
7.521640509366989136e-05
1.223217695951461792e-04
1.139645464718341827e-04
1.284000463783740997e-04
1.268801279366016388e-04
9.649014100432395935e-05
1.139640808105468750e-04
1.337183639407157898e-04
1.192828640341758728e-04
1.458739861845970154e-04
1.284000463783740997e-04
1.299194991588592529e-04
1.086457632482051849e-04
8.053518831729888916e-05
9.724963456392288208e-05
1.124446280300617218e-04
1.329584047198295593e-04
1.018079929053783417e-04
1.367572695016860962e-04
1.154839992523193359e-04
1.268805935978889465e-04
1.390362158417701721e-04
1.344783231616020203e-04
1.352373510599136353e-04
1.170039176940917969e-04
1.420751214027404785e-04
1.367572695016860962e-04
1.367572695016860962e-04
1.078862696886062622e-04
1.109251752495765686e-04
1.185238361358642578e-04
1.359973102807998657e-04
1.033274456858634949e-04
1.101652160286903381e-04
1.375172287225723267e-04
9.041186422109603882e-05
1.283995807170867920e-04
1.230817288160324097e-04
1.314394176006317139e-04
1.268796622753143311e-04
1.314394176006317139e-04
1.238407567143440247e-04
1.192828640341758728e-04
1.185229048132896423e-04
1.253606751561164856e-04
1.306794583797454834e-04
1.139640808105468750e-04
1.299194991588592529e-04
1.063672825694084167e-04
8.737202733755111694e-05
1.048473641276359558e-04
1.177638769149780273e-04
1.261206343770027161e-04
9.800866246223449707e-05
1.215618103742599487e-04
9.497068822383880615e-05
1.299194991588592529e-04
1.170029863715171814e-04
1.268805935978889465e-04
1.124450936913490295e-04
1.261206343770027161e-04
1.139640808105468750e-04
1.056073233485221863e-04
1.314384862780570984e-04
1.284005120396614075e-04
1.223217695951461792e-04
1.078862696886062622e-04
1.124441623687744141e-04
1.124450936913490295e-04
1.246007159352302551e-04
1.154839992523193359e-04
1.177638769149780273e-04
1.056063920259475708e-04
1.238416880369186401e-04
7.749535143375396729e-05
1.124450936913490295e-04
1.246007159352302551e-04
1.185229048132896423e-04
9.345170110464096069e-05
1.230807974934577942e-04
9.269174188375473022e-05
1.124441623687744141e-04
7.217749953269958496e-05
9.648967534303665161e-05
1.056073233485221863e-04
9.800866246223449707e-05
1.208037137985229492e-04
1.223217695951461792e-04
9.648874402046203613e-05
1.109261065721511841e-04
1.192819327116012573e-04
9.117275476455688477e-05
1.116842031478881836e-04
1.154839992523193359e-04
1.086462289094924927e-04
1.101661473512649536e-04
1.200418919324874878e-04
9.876862168312072754e-05
1.025684177875518799e-04
1.291595399379730225e-04
1.170039176940917969e-04
1.192819327116012573e-04
1.154839992523193359e-04
1.101661473512649536e-04
1.170020550489425659e-04
1.018084585666656494e-04
1.101661473512649536e-04
1.018084585666656494e-04
1.170039176940917969e-04
1.078862696886062622e-04
1.071263104677200317e-04
9.724870324134826660e-05
1.078862696886062622e-04
1.154839992523193359e-04
1.025684177875518799e-04
1.078862696886062622e-04
1.086462289094924927e-04
1.162439584732055664e-04
9.193085134029388428e-05
1.170039176940917969e-04
1.071263104677200317e-04
1.116842031478881836e-04
1.094061881303787231e-04
1.109261065721511841e-04
1.124441623687744141e-04
1.063663512468338013e-04
1.147240400314331055e-04
9.952858090400695801e-05
7.825717329978942871e-05
9.952858090400695801e-05
1.147240400314331055e-04
9.572878479957580566e-05
1.223217695951461792e-04
1.124460250139236450e-04
9.573064744472503662e-05
1.208018511533737183e-04
1.071263104677200317e-04
1.078862696886062622e-04
1.238416880369186401e-04
1.170020550489425659e-04
