-1.078862769645638764e-04
-5.075213848613202572e-04
-6.078102160245180130e-06
2.567997435107827187e-04
1.139644009526818991e-04
2.567997726146131754e-04
3.251783200539648533e-04
1.458743354305624962e-04
3.403737209737300873e-04
4.999237135052680969e-04
4.528185818344354630e-04
1.078861532732844353e-04
5.591851659119129181e-04
1.534721814095973969e-04
1.793038100004196167e-04
5.895756185054779053e-04
3.115027211606502533e-04
5.819781217724084854e-04
4.968848079442977905e-04
5.956538952887058258e-04
5.607046186923980713e-04
4.832088015973567963e-04
5.774199962615966797e-04
6.047710776329040527e-04
6.321216933429241180e-04
6.138887256383895874e-04
6.169276311993598938e-04
5.211951211094856262e-04
7.931943982839584351e-04
7.172143086791038513e-04
6.731497123837471008e-04
6.260452792048454285e-04
4.041930660605430603e-04
7.855948060750961304e-04
5.531068891286849976e-04
2.795932814478874207e-04
7.111383602023124695e-04
7.688775658607482910e-04
7.020216435194015503e-04
7.643215358257293701e-04
6.002131849527359009e-04
1.367367804050445557e-05
6.488375365734100342e-04
6.640329957008361816e-04
7.536858320236206055e-04
7.111355662345886230e-04
6.853062659502029419e-04
7.886346429586410522e-04
8.630882948637008667e-04
5.834996700286865234e-04
8.114241063594818115e-04
5.667824298143386841e-04
7.354523986577987671e-04
7.567238062620162964e-04
8.661299943923950195e-04
8.433349430561065674e-04
7.810350507497787476e-04
7.779970765113830566e-04
8.220653980970382690e-04
9.405836462974548340e-04
8.129477500915527344e-04
8.159838616847991943e-04
8.478946983814239502e-04
8.509345352649688721e-04
9.208284318447113037e-04
8.311830461025238037e-04
8.737258613109588623e-04
8.934810757637023926e-04
1.701898872852325439e-04
7.840730249881744385e-04
9.132325649261474609e-04
9.755380451679229736e-04
8.737258613109588623e-04
9.451434016227722168e-04
8.251070976257324219e-04
1.024156808853149414e-03
9.451471269130706787e-04
6.746686995029449463e-04
9.831301867961883545e-04
9.816065430641174316e-04
8.858926594257354736e-04
8.767656981945037842e-04
9.876899421215057373e-04
7.916688919067382812e-04
6.093308329582214355e-04
7.734410464763641357e-04
1.025676727294921875e-03
8.858852088451385498e-04
8.235797286033630371e-04
9.056404232978820801e-04
8.585341274738311768e-04
9.952820837497711182e-04
1.016564667224884033e-03
9.497068822383880615e-04
8.904375135898590088e-04
8.950009942054748535e-04
1.092538237571716309e-03
1.021124422550201416e-03
9.952858090400695801e-04
1.069746911525726318e-03
9.876862168312072754e-04
1.045435667037963867e-03
8.828416466712951660e-04
9.664297103881835938e-04
1.057580113410949707e-03
1.072786748409271240e-03
1.182191073894500732e-03
1.066707074642181396e-03
9.740144014358520508e-04
9.177997708320617676e-04
9.132251143455505371e-04
1.103177666664123535e-03
9.223520755767822266e-04
5.622208118438720703e-04
1.074299216270446777e-03
1.162447035312652588e-03
1.036316156387329102e-03
9.724870324134826660e-04
1.071274280548095703e-03
1.095570623874664307e-03
1.139648258686065674e-03
1.053027808666229248e-03
6.397292017936706543e-04
6.776973605155944824e-04
9.937807917594909668e-04
1.062139868736267090e-03
9.162798523902893066e-04
1.077339053153991699e-03
1.163952052593231201e-03
1.069754362106323242e-03
1.095570623874664307e-03
1.060634851455688477e-03
1.034788787364959717e-03
1.030251383781433105e-03
4.923194646835327148e-04
1.195862889289855957e-03
9.983256459236145020e-04
1.008965075016021729e-03
1.078866422176361084e-03
1.160919666290283203e-03
1.013524830341339111e-03
7.855892181396484375e-04
1.145727932453155518e-03
1.068219542503356934e-03
1.022644340991973877e-03
1.008957624435424805e-03
1.080378890037536621e-03
1.097112894058227539e-03
1.086458563804626465e-03
8.494108915328979492e-04
9.041130542755126953e-04
8.934810757637023926e-04
1.030243933200836182e-03
1.056067645549774170e-03
1.084938645362854004e-03
9.770542383193969727e-04
1.059107482433319092e-03
1.034796237945556641e-03
1.037836074829101562e-03
1.162439584732055664e-03
1.021116971969604492e-03
9.679496288299560547e-04
1.113802194595336914e-03
1.043915748596191406e-03
1.030236482620239258e-03
1.046970486640930176e-03
8.615553379058837891e-04
1.021116971969604492e-03
1.103177666664123535e-03
1.007452607154846191e-03
9.512156248092651367e-04
1.097083091735839844e-03
1.154839992523193359e-03
1.098632812500000000e-03
1.112282276153564453e-03
7.293820381164550781e-04
1.098603010177612305e-03
1.042410731315612793e-03
1.054555177688598633e-03
1.037821173667907715e-03
1.089498400688171387e-03
1.086458563804626465e-03
1.045435667037963867e-03
1.106217503547668457e-03
8.737295866012573242e-04
8.828490972518920898e-04
1.124441623687744141e-03
5.683004856109619141e-04
1.059100031852722168e-03
9.345263242721557617e-04
1.129001379013061523e-03
1.086443662643432617e-03
1.075834035873413086e-03
8.023232221603393555e-04
1.154825091361999512e-03
1.065194606781005859e-03
1.176103949546813965e-03
1.022651791572570801e-03
1.103162765502929688e-03
1.144215464591979980e-03
