-1.772146206349134445e-04
1.745554473018273711e-04
2.514813968446105719e-04
2.896594523917883635e-04
3.806410240940749645e-04
3.099831519648432732e-04
3.014358226209878922e-04
3.373344661667943001e-04
3.209996502846479416e-04
4.013446159660816193e-04
3.582281060516834259e-04
3.990652039647102356e-04
3.846297040581703186e-04
3.456922713667154312e-04
3.563282079994678497e-04
3.973562270402908325e-04
3.758925013244152069e-04
4.102718085050582886e-04
4.114112816751003265e-04
3.500604070723056793e-04
2.748440019786357880e-04
3.325864672660827637e-04
3.795013763010501862e-04
3.711436875164508820e-04
4.104622639715671539e-04
3.745621070265769958e-04
4.199594259262084961e-04
3.158710896968841553e-04
4.378128796815872192e-04
4.262272268533706665e-04
3.851996734738349915e-04
3.527197986841201782e-04
3.802608698606491089e-04
3.888085484504699707e-04
3.889985382556915283e-04
3.975452855229377747e-04
3.606975078582763672e-04
3.542397171258926392e-04
3.984952345490455627e-04
3.869086503982543945e-04
3.527197986841201782e-04
3.984952345490455627e-04
3.597475588321685791e-04
4.066629335284233093e-04
3.692442551255226135e-04
4.416126757860183716e-04
4.165396094322204590e-04
4.381928592920303345e-04
2.281181514263153076e-04
4.159715026617050171e-04
3.105532377958297729e-04
4.150196909904479980e-04
4.106517881155014038e-04
3.151111304759979248e-04
4.076119512319564819e-04
3.050453960895538330e-04
4.117917269468307495e-04
3.698132932186126709e-04
4.059039056301116943e-04
4.243273288011550903e-04
4.296451807022094727e-04
4.191994667053222656e-04
4.243273288011550903e-04
4.378128796815872192e-04
4.013441503047943115e-04
3.502517938613891602e-04
4.209075123071670532e-04
3.927983343601226807e-04
3.663953393697738647e-04
3.969743847846984863e-04
4.030540585517883301e-04
4.334449768066406250e-04
4.319250583648681641e-04
3.922283649444580078e-04
3.969762474298477173e-04
3.367643803358078003e-04
3.935564309358596802e-04
4.471205174922943115e-04
4.632659256458282471e-04
4.655439406633377075e-04
3.967862576246261597e-04
4.701018333435058594e-04
3.137830644845962524e-04
4.247073084115982056e-04
3.943145275115966797e-04
4.617460072040557861e-04
4.537701606750488281e-04
4.212893545627593994e-04
4.098899662494659424e-04
3.124512732028961182e-04
4.623159766197204590e-04
3.758929669857025146e-04
3.910884261131286621e-04
4.383809864521026611e-04
4.870109260082244873e-04
4.683919250965118408e-04
4.456005990505218506e-04
4.596561193466186523e-04
4.488304257392883301e-04
4.702918231487274170e-04
4.416145384311676025e-04
4.078000783920288086e-04
3.912784159183502197e-04
4.833973944187164307e-04
4.740953445434570312e-04
4.326812922954559326e-04
4.678256809711456299e-04
5.166381597518920898e-04
3.608874976634979248e-04
5.073323845863342285e-04
5.255639553070068359e-04
4.040040075778961182e-04
4.695355892181396484e-04
4.725717008113861084e-04
5.139783024787902832e-04
4.940368235111236572e-04
4.965029656887054443e-04
5.183480679988861084e-04
4.216693341732025146e-04
5.502589046955108643e-04
5.453191697597503662e-04
5.610845983028411865e-04
3.983043134212493896e-04
5.447492003440856934e-04
5.303137004375457764e-04
5.192980170249938965e-04
5.291737616062164307e-04
5.698241293430328369e-04
5.348734557628631592e-04
5.016326904296875000e-04
5.808360874652862549e-04
5.635544657707214355e-04
5.164481699466705322e-04
5.538687109947204590e-04
4.237554967403411865e-04
4.706755280494689941e-04
5.041025578975677490e-04
5.422793328762054443e-04
5.373433232307434082e-04
4.900470376014709473e-04
5.265139043331146240e-04
5.741901695728302002e-04
5.325935781002044678e-04
5.158782005310058594e-04
5.417130887508392334e-04
4.269853234291076660e-04
3.443621098995208740e-04
3.624074161052703857e-04
5.012527108192443848e-04
5.437992513179779053e-04
4.461705684661865234e-04
5.181580781936645508e-04
5.259439349174499512e-04
5.464628338813781738e-04
4.131197929382324219e-04
5.016326904296875000e-04
5.850195884704589844e-04
3.295466303825378418e-04
5.455091595649719238e-04
5.230978131294250488e-04
4.938468337059020996e-04
4.486367106437683105e-04
3.922283649444580078e-04
4.524365067481994629e-04
5.244240164756774902e-04
5.147382616996765137e-04
4.381984472274780273e-04
3.979206085205078125e-04
4.733353853225708008e-04
4.150196909904479980e-04
4.839673638343811035e-04
4.138797521591186523e-04
4.480704665184020996e-04
4.712417721748352051e-04
3.468319773674011230e-04
3.622174263000488281e-04
4.260390996932983398e-04
4.393309354782104492e-04
3.494918346405029297e-04
4.250854253768920898e-04
4.129335284233093262e-04
4.210993647575378418e-04
4.152059555053710938e-04
4.570037126541137695e-04
3.314465284347534180e-04
3.870949149131774902e-04
4.826411604881286621e-04
3.413185477256774902e-04
4.777014255523681641e-04
3.441721200942993164e-04
4.302188754081726074e-04
4.155933856964111328e-04
4.309713840484619141e-04
3.451257944107055664e-04
3.825351595878601074e-04
3.918483853340148926e-04
3.960281610488891602e-04
4.146397113800048828e-04
4.588961601257324219e-04
4.560500383377075195e-04
