3.039050170627888292e-06
1.823430102376732975e-05
4.558576620183885098e-06
2.279287582496181130e-05
3.342955460539087653e-05
3.646859840955585241e-05
1.823429920477792621e-05
2.431240864098072052e-05
2.887097070924937725e-05
4.862480273004621267e-05
3.191003634128719568e-05
3.342953277751803398e-05
5.318337935023009777e-05
4.254671512171626091e-05
4.406622610986232758e-05
4.558573709800839424e-05
5.014432827010750771e-05
5.774194141849875450e-05
5.774199962615966797e-05
4.254665691405534744e-05
4.710530629381537437e-05
5.774194141849875450e-05
5.926151061430573463e-05
6.230047438293695450e-05
6.382004357874393463e-05
2.887099981307983398e-05
6.837863475084304810e-05
6.382004357874393463e-05
6.230059079825878143e-05
7.597624789923429489e-05
5.470286123454570770e-05
6.078102160245180130e-05
7.749581709504127502e-05
8.661288302391767502e-05
6.685906555503606796e-05
7.901538629084825516e-05
6.685906555503606796e-05
8.357386104762554169e-05
8.509343024343252182e-05
6.989820394665002823e-05
7.749581709504127502e-05
6.230035796761512756e-05
7.141777314245700836e-05
6.078090518712997437e-05
9.421072900295257568e-05
7.901526987552642822e-05
7.445667870342731476e-05
9.876908734440803528e-05
1.002887729555368423e-04
1.048471312969923019e-04
8.965190500020980835e-05
6.837863475084304810e-05
9.117159061133861542e-05
8.813245221972465515e-05
9.269104339182376862e-05
1.109254080802202225e-04
1.124448608607053757e-04
1.124448608607053757e-04
1.200423575937747955e-04
1.094057224690914154e-04
1.170034520328044891e-04
9.573018178343772888e-05
1.124446280300617218e-04
1.352378167212009430e-04
1.124450936913490295e-04
1.094057224690914154e-04
1.139645464718341827e-04
1.291595399379730225e-04
1.413156278431415558e-04
1.458744518458843231e-04
1.246011815965175629e-04
1.078862696886062622e-04
1.443549990653991699e-04
1.382767222821712494e-04
1.656282693147659302e-04
1.610694453120231628e-04
1.170034520328044891e-04
1.443549990653991699e-04
1.261206343770027161e-04
1.610694453120231628e-04
1.610699109733104706e-04
1.382767222821712494e-04
1.458744518458843231e-04
1.337178982794284821e-04
1.899409107863903046e-04
1.884209923446178436e-04
1.869015395641326904e-04
1.717065460979938507e-04
2.066548913717269897e-04
1.838626340031623840e-04
1.458749175071716309e-04
1.580305397510528564e-04
1.078862696886062622e-04
1.732259988784790039e-04
1.823427155613899231e-04
1.884214580059051514e-04
1.641083508729934692e-04
1.975381746888160706e-04
1.701870933175086975e-04
1.869015395641326904e-04
1.504328101873397827e-04
2.279290929436683655e-04
2.142526209354400635e-04
2.203313633799552917e-04
1.990580931305885315e-04
2.324869856238365173e-04
2.416046336293220520e-04
1.899404451251029968e-04
1.777848228812217712e-04
2.248892560601234436e-04
2.172924578189849854e-04
1.808227971196174622e-04
1.443549990653991699e-04
2.066558226943016052e-04
2.431236207485198975e-04
2.795932814478874207e-04
2.795923501253128052e-04
2.856701612472534180e-04
2.689566463232040405e-04
1.990571618080139160e-04
2.188123762607574463e-04
1.869015395641326904e-04
2.248892560601234436e-04
2.841511741280555725e-04
2.795923501253128052e-04
2.719955518841743469e-04
2.066548913717269897e-04
2.795923501253128052e-04
2.568010240793228149e-04
2.856701612472534180e-04
2.567991614341735840e-04
2.476833760738372803e-04
3.525298088788986206e-04
3.434121608734130859e-04
4.756115376949310303e-04
3.327764570713043213e-04
2.112127840518951416e-04
2.218522131443023682e-04
3.206189721822738647e-04
2.932678908109664917e-04
3.008656203746795654e-04
2.826321870088577271e-04
3.084633499383926392e-04
3.479719161987304688e-04
3.342945128679275513e-04
3.191083669662475586e-05
3.266986459493637085e-04
3.494899719953536987e-04
3.206189721822738647e-04
2.461634576320648193e-04
1.899413764476776123e-04
3.130212426185607910e-04
3.282185643911361694e-04
8.661299943923950195e-05
1.990571618080139160e-04
2.917479723691940308e-04
3.084652125835418701e-04
3.236588090658187866e-04
3.434121608734130859e-04
3.206189721822738647e-04
2.279300242662429810e-04
3.115013241767883301e-04
3.069452941417694092e-04
2.112127840518951416e-04
3.039054572582244873e-04
3.251787275075912476e-04
3.206189721822738647e-04
2.522412687540054321e-04
2.537611871957778931e-04
3.646854311227798462e-04
3.023855388164520264e-04
2.780742943286895752e-04
2.978257834911346436e-04
3.327764570713043213e-04
3.039054572582244873e-04
3.175809979438781738e-04
3.160610795021057129e-04
2.172924578189849854e-04
3.221388906240463257e-04
1.641083508729934692e-04
2.476833760738372803e-04
3.160610795021057129e-04
3.206208348274230957e-04
3.221370279788970947e-04
2.978257834911346436e-04
3.160610795021057129e-04
2.871938049793243408e-04
3.130212426185607910e-04
3.008656203746795654e-04
3.388524055480957031e-04
2.188123762607574463e-04
3.297366201877593994e-04
2.476833760738372803e-04
3.206208348274230957e-04
2.887099981307983398e-04
2.917461097240447998e-04
2.324879169464111328e-04
3.130212426185607910e-04
2.370476722717285156e-04
3.008656203746795654e-04
