0.000000000000000000e+00
-3.039000000000000041e-06
-3.039000000000000041e-06
-4.558525000000000540e-06
-7.597499999999999680e-06
-7.597475000000001319e-06
-7.597499999999999680e-06
-9.117000000000000971e-06
-1.215599999999999678e-05
-1.063649999999999887e-05
-1.063650000000000565e-05
-1.367550000000000146e-05
-1.367574999999999184e-05
-1.367550000000000146e-05
-1.519499999999999258e-05
-1.519500000000001969e-05
-1.367550000000000146e-05
-1.671449999999998371e-05
-1.519499999999999258e-05
-1.519500000000001969e-05
-1.519499999999999258e-05
-1.215600000000001033e-05
-1.823475000000001375e-05
-1.519499999999996548e-05
-4.557499999999984740e-06
-2.279250000000000243e-05
-1.367500000000004779e-05
-1.215749999999995263e-05
-9.117500000000008844e-06
-1.215500000000002169e-05
-1.063749999999998074e-05
-7.597500000000036949e-06
-9.114999999999969481e-06
-9.117500000000008844e-06
-7.597499999999982739e-06
-6.077500000000010845e-06
-1.063749999999998074e-05
-7.597500000000036949e-06
-6.077500000000010845e-06
-6.077499999999956635e-06
-6.079999999999995998e-06
-6.077500000000010845e-06
-4.557499999999984740e-06
-4.560000000000024103e-06
-4.557499999999984740e-06
-3.039999999999997999e-06
-3.037500000000012846e-06
-4.560000000000024103e-06
-3.037499999999958636e-06
-3.039999999999997999e-06
-1.520000000000026105e-06
0.000000000000000000e+00
-1.517499999999986741e-06
1.517499999999986741e-06
-1.517499999999986741e-06
1.517499999999986741e-06
1.520000000000026105e-06
1.519999999999971894e-06
1.520000000000026105e-06
3.037499999999958636e-06
1.520000000000026105e-06
1.519999999999971894e-06
1.520000000000026105e-06
1.215499999999996748e-05
-7.597499999999982739e-06
1.520000000000026105e-06
1.519999999999971894e-06
-1.519499999999996548e-05
4.557499999999984740e-06
3.039999999999997999e-06
4.557499999999984740e-06
1.367499999999999358e-05
-7.597499999999982739e-06
1.519999999999971894e-06
-1.519999999999971894e-06
-2.430999999999998917e-05
-1.520000000000026105e-06
4.557500000000038951e-06
9.117499999999954634e-06
-1.215499999999996748e-05
0.000000000000000000e+00
-4.560000000000024103e-06
-1.519999999999971894e-06
-3.037500000000012846e-06
-6.077500000000010845e-06
-6.079999999999995998e-06
3.039999999999997999e-06
-2.279250000000000243e-05
-1.215500000000002169e-05
-6.079999999999995998e-06
-3.037499999999958636e-06
-3.040000000000052209e-06
-7.597499999999982739e-06
-1.519499999999996548e-05
-6.077500000000010845e-06
-1.519499999999996548e-05
-6.077500000000010845e-06
1.975250000000000443e-05
-3.342999999999998317e-05
-2.279250000000005664e-05
-6.077500000000010845e-06
4.560000000000024103e-06
-4.560000000000024103e-06
-9.117499999999954634e-06
-1.519500000000007390e-05
-3.190749999999991770e-05
1.517499999999986741e-06
-6.077500000000010845e-06
-3.037499999999958636e-06
3.037499999999958636e-06
-6.077500000000010845e-06
-2.279249999999994822e-05
-1.367500000000010200e-05
-4.559999999999915683e-06
-3.037500000000067056e-06
-3.039999999999943789e-06
0.000000000000000000e+00
1.671499999999993737e-05
-3.038999999999993096e-05
-3.342999999999998317e-05
-1.517500000000095162e-06
-1.519999999999971894e-06
0.000000000000000000e+00
-9.117499999999954634e-06
-4.557500000000038951e-06
7.597499999999982739e-06
-1.975499999999998958e-05
-1.519999999999971894e-06
-1.215500000000002169e-05
0.000000000000000000e+00
-7.597499999999982739e-06
-3.040000000000052209e-06
9.117500000000063054e-06
-4.557500000000038951e-06
-4.560000000000024103e-06
-1.975250000000000443e-05
-1.063749999999992653e-05
3.039999999999943789e-06
1.975250000000000443e-05
-3.037499999999958636e-06
-1.215750000000000684e-05
-7.597499999999982739e-06
-6.077500000000010845e-06
1.519999999999971894e-06
-1.215500000000002169e-05
0.000000000000000000e+00
-1.519999999999971894e-06
-1.519999999999971894e-06
7.597499999999982739e-06
-4.557500000000038951e-06
-1.519999999999971894e-06
6.077500000000010845e-06
-9.117499999999954634e-06
-1.367499999999999358e-05
0.000000000000000000e+00
6.077499999999902425e-06
-3.037499999999958636e-06
-3.039999999999943789e-06
1.519999999999971894e-06
2.127249999999997632e-05
-4.102749999999996591e-05
-1.517499999999986741e-06
0.000000000000000000e+00
6.077499999999902425e-06
0.000000000000000000e+00
-3.039999999999943789e-06
-9.117499999999954634e-06
1.519999999999971894e-06
-6.077500000000010845e-06
-7.597499999999982739e-06
-7.597499999999982739e-06
1.063749999999992653e-05
-3.039999999999943789e-06
1.519999999999971894e-06
-1.519999999999971894e-06
-1.520000000000080315e-06
-3.037499999999958636e-06
-1.367749999999997874e-05
9.117499999999954634e-06
2.279250000000005664e-05
4.560000000000024103e-06
1.367499999999999358e-05
-4.862500000000005707e-05
-1.519999999999971894e-06
-4.557500000000038951e-06
-9.117499999999954634e-06
4.557499999999930530e-06
1.063750000000003495e-05
0.000000000000000000e+00
1.519999999999971894e-06
-1.519999999999971894e-06
-1.519999999999971894e-06
6.079999999999995998e-06
-3.040000000000052209e-06
0.000000000000000000e+00
4.557500000000038951e-06
0.000000000000000000e+00
-4.557500000000038951e-06
-3.039999999999943789e-06
2.583250000000000043e-05
