9.496874999999999600e-07
4.748437499999999376e-06
7.787468749999999063e-06
1.633462499999999948e-05
2.887040624999999934e-05
3.855750000000000480e-05
3.513843749999998793e-05
3.285937500000001097e-05
3.304906249999999576e-05
3.703781249999999717e-05
3.912718750000003000e-05
4.368687500000000175e-05
5.166249999999996149e-05
5.603125000000003719e-05
6.837812499999994936e-05
7.958437500000007606e-05
9.648749999999998040e-05
1.107343749999999388e-04
9.952500000000004746e-05
1.048468749999998837e-04
1.312468750000002002e-04
1.519499999999998716e-04
1.567000000000000684e-04
1.692343749999998970e-04
1.821500000000000636e-04
1.846187499999999305e-04
1.984843749999998762e-04
2.096937499999999843e-04
1.897468750000001585e-04
1.705625000000001411e-04
1.960156250000000093e-04
2.011374999999998407e-04
1.990625000000000207e-04
2.161562500000002024e-04
2.461562499999998474e-04
2.427499999999999103e-04
2.108125000000000623e-04
1.996250000000001495e-04
2.264062500000000450e-04
2.281250000000000291e-04
2.203125000000000222e-04
2.326874999999993879e-04
2.248750000000002483e-04
2.100625000000001796e-04
2.087499999999997344e-04
2.321250000000005601e-04
2.632499999999995954e-04
2.674375000000003139e-04
2.573437499999997602e-04
2.809374999999999373e-04
2.510937500000004485e-04
2.121562499999996715e-04
2.457812500000003397e-04
2.917500000000003424e-04
3.063437499999984576e-04
2.433125000000004728e-04
3.261250000000000260e-04
2.765625000000007661e-04
2.951562499999994121e-04
2.644062499999998844e-04
2.970625000000004512e-04
3.327499999999997127e-04
3.479687500000001876e-04
2.913749999999999674e-04
3.073125000000002938e-04
3.018124999999999974e-04
3.958437499999994946e-04
3.485312500000007502e-04
2.791874999999999218e-04
2.556562499999998073e-04
2.494062500000004956e-04
2.489999999999992220e-04
2.471249999999990815e-04
2.288750000000016466e-04
2.626874999999990329e-04
2.527812500000004015e-04
2.573749999999989241e-04
2.940312500000000218e-04
2.883125000000003740e-04
2.699062500000001807e-04
3.008749999999990599e-04
3.369375000000021658e-04
3.084687499999988480e-04
3.162500000000005584e-04
2.742500000000001881e-04
2.718124999999994851e-04
2.815000000000004998e-04
2.626562499999998690e-04
2.739062500000007117e-04
3.965937500000002447e-04
3.054062499999975200e-04
2.706562500000009308e-04
2.858750000000014058e-04
2.926874999999995453e-04
2.801562500000000233e-04
3.128124999999988554e-04
2.703125000000014544e-04
2.550625000000000808e-04
2.583124999999998617e-04
2.666874999999978291e-04
2.243125000000005531e-04
2.231874999999994280e-04
2.326562500000010913e-04
2.366562500000016223e-04
2.414374999999968630e-04
2.545000000000012530e-04
2.581250000000014089e-04
2.412187499999975115e-04
2.632500000000030649e-04
2.889062499999983658e-04
2.761562499999994924e-04
3.177812499999994877e-04
3.274374999999996039e-04
2.976562500000001776e-04
3.033124999999997629e-04
2.440625000000029576e-04
2.454062499999999647e-04
2.482499999999984719e-04
2.478750000000015663e-04
2.355312499999970277e-04
2.389375000000013016e-04
2.520312499999996514e-04
2.112187500000022033e-04
2.057187499999967029e-04
2.170937500000011400e-04
2.260312500000014047e-04
2.305624999999998648e-04
2.292500000000002869e-04
2.304062499999988411e-04
2.494062500000004956e-04
2.615312499999987439e-04
2.275312499999994353e-04
2.100937500000010782e-04
1.961875000000001812e-04
2.057187500000001723e-04
2.186250000000000693e-04
2.467187499999995426e-04
2.338124999999996456e-04
2.579374999999994866e-04
2.359375000000017708e-04
2.234374999999996780e-04
2.181249999999995692e-04
2.084374999999985545e-04
2.115624999999982103e-04
2.206250000000020695e-04
2.246875000000009281e-04
2.081250000000034461e-04
2.046874999999948042e-04
2.115625000000051492e-04
2.543749999999941891e-04
2.006250000000028844e-04
1.903124999999977751e-04
1.887500000000014166e-04
1.859375000000038081e-04
1.837499999999964162e-04
1.818749999999980105e-04
1.809375000000057465e-04
2.103124999999969602e-04
1.900000000000026668e-04
1.875000000000001665e-04
1.868749999999960720e-04
1.909375000000018696e-04
1.978124999999983369e-04
2.100000000000018519e-04
2.162500000000011635e-04
2.687499999999981570e-04
2.300000000000010369e-04
2.031249999999984457e-04
1.928125000000002753e-04
1.799999999999996048e-04
1.812500000000008549e-04
1.837499999999964162e-04
1.825000000000021050e-04
1.853124999999997136e-04
1.859375000000038081e-04
1.943749999999966338e-04
2.140625000000007105e-04
1.896875000000006195e-04
1.806249999999967604e-04
1.796875000000044964e-04
1.787499999999983546e-04
1.796874999999975575e-04
1.812500000000008549e-04
1.896875000000006195e-04
1.990624999999995870e-04
1.903124999999977751e-04
1.668750000000038258e-04
1.696875000000014344e-04
1.896875000000006195e-04
1.696874999999944955e-04
1.521875000000047495e-04
1.481249999999989519e-04
1.449999999999992961e-04
1.428124999999988431e-04
1.449999999999992961e-04
1.471874999999997491e-04
1.503124999999994049e-04
1.518750000000027023e-04
1.634375000000021227e-04
1.471874999999997491e-04
