4.862481000600382686e-05
2.431240136502310634e-05
-1.823431011871434748e-05
1.458743936382234097e-04
8.509341569151729345e-05
1.033277076203376055e-04
3.646858385764062405e-05
7.901529897935688496e-05
6.685912376269698143e-05
2.127335756085813046e-04
1.458743936382234097e-04
7.901515346020460129e-05
1.519526122137904167e-04
2.309677656739950180e-04
9.724975097924470901e-05
1.458741025999188423e-04
1.215621596202254295e-04
1.641087001189589500e-04
1.337183639407157898e-04
1.823429483920335770e-04
2.492018975317478180e-04
2.613584510982036591e-04
2.856708597391843796e-04
1.701866276562213898e-04
-1.580305397510528564e-04
1.701866276562213898e-04
2.431243192404508591e-04
2.795925829559564590e-04
1.823429483920335770e-04
2.309679985046386719e-04
1.823427155613899231e-04
3.099832683801651001e-04
1.884214580059051514e-04
4.437007009983062744e-04
1.944997347891330719e-04
1.458744518458843231e-04
3.464510664343833923e-04
1.823431812226772308e-04
3.707641735672950745e-04
1.580310054123401642e-04
3.403727896511554718e-04
1.884219236671924591e-04
3.039049915969371796e-04
5.287942476570606232e-04
3.282176330685615540e-04
4.011541604995727539e-04
2.248901873826980591e-04
2.856701612472534180e-04
3.464519977569580078e-04
4.011550918221473694e-04
2.066558226943016052e-04
3.525298088788986206e-04
3.099823370575904846e-04
2.917498350143432617e-04
3.282167017459869385e-04
1.276405528187751770e-04
4.011550918221473694e-04
3.342945128679275513e-04
4.072329029440879822e-04
3.646863624453544617e-04
3.707632422447204590e-04
3.525298088788986206e-04
2.005770802497863770e-04
4.497803747653961182e-04
3.342945128679275513e-04
4.011541604995727539e-04
3.342973068356513977e-04
2.735136076807975769e-04
4.072338342666625977e-04
3.707632422447204590e-04
3.707651048898696899e-04
4.133116453886032104e-04
4.376210272312164307e-04
2.492032945156097412e-04
5.531068891286849976e-04
3.768429160118103027e-04
3.829188644886016846e-04
4.984047263860702515e-04
3.160610795021057129e-04
5.287937819957733154e-04
4.011560231447219849e-04
3.586057573556900024e-04
5.591865628957748413e-04
3.768429160118103027e-04
4.619359970092773438e-04
3.829188644886016846e-04
3.768429160118103027e-04
4.558581858873367310e-04
2.978257834911346436e-04
4.558581858873367310e-04
2.917479723691940308e-04
4.072338342666625977e-04
5.956515669822692871e-04
3.039073199033737183e-04
5.105622112751007080e-04
4.680100828409194946e-04
2.492032945156097412e-04
4.619359970092773438e-04
5.409512668848037720e-04
5.105603486299514771e-04
4.801694303750991821e-04
3.889985382556915283e-04
4.315450787544250488e-04
4.315450787544250488e-04
3.829207271337509155e-04
3.829188644886016846e-04
5.044825375080108643e-04
5.591847002506256104e-04
5.044825375080108643e-04
4.862509667873382568e-04
3.221370279788970947e-04
5.409494042396545410e-04
3.829225897789001465e-04
5.531087517738342285e-04
5.652606487274169922e-04
5.713403224945068359e-04
5.713440477848052979e-04
4.558600485324859619e-04
4.254654049873352051e-04
6.442777812480926514e-04
6.442777812480926514e-04
4.376247525215148926e-04
5.956552922725677490e-04
8.083805441856384277e-04
4.619397222995758057e-04
5.044825375080108643e-04
6.989799439907073975e-04
5.713403224945068359e-04
3.950782120227813721e-04
5.227141082286834717e-04
6.564408540725708008e-04
4.315413534641265869e-04
5.956552922725677490e-04
6.503574550151824951e-04
5.105584859848022461e-04
6.078109145164489746e-04
5.166344344615936279e-04
4.740916192531585693e-04
4.133172333240509033e-04
6.199628114700317383e-04
5.287937819957733154e-04
7.111355662345886230e-04
5.105659365653991699e-04
6.564371287822723389e-04
7.658414542675018311e-04
5.409494042396545410e-04
7.415264844894409180e-04
6.746649742126464844e-04
6.017349660396575928e-04
6.138905882835388184e-04
7.293708622455596924e-04
7.719174027442932129e-04
4.862509667873382568e-04
6.381943821907043457e-04
7.536895573139190674e-04
8.023083209991455078e-04
6.017312407493591309e-04
6.017275154590606689e-04
7.111392915248870850e-04
5.652718245983123779e-04
7.050484418869018555e-04
5.713477730751037598e-04
7.719174027442932129e-04
6.442815065383911133e-04
7.475987076759338379e-04
8.023157715797424316e-04
6.260499358177185059e-04
7.536783814430236816e-04
5.652680993080139160e-04
8.873939514160156250e-04
6.503611803054809570e-04
7.779970765113830566e-04
6.928965449333190918e-04
7.658451795578002930e-04
5.774274468421936035e-04
7.719174027442932129e-04
8.083805441856384277e-04
7.232949137687683105e-04
6.503537297248840332e-04
7.415264844894409180e-04
6.685927510261535645e-04
8.509382605552673340e-04
9.056404232978820801e-04
7.962286472320556641e-04
7.415190339088439941e-04
8.509382605552673340e-04
8.813291788101196289e-04
8.874014019966125488e-04
6.564334034919738770e-04
1.063667237758636475e-03
7.597580552101135254e-04
6.321296095848083496e-04
9.421035647392272949e-04
7.050558924674987793e-04
8.083879947662353516e-04
8.874088525772094727e-04
7.658377289772033691e-04
8.144602179527282715e-04
1.130528748035430908e-03
5.713477730751037598e-04
