-1.082661619875580072e-04
-2.013370976783335209e-05
-8.357390470337122679e-06
4.748516221297904849e-05
4.368634836282581091e-05
9.155138832284137607e-05
-2.621180829009972513e-05
7.749577343929558992e-05
7.977506174938753247e-05
7.521649240516126156e-05
4.862481728196144104e-05
6.609933916479349136e-05
9.686971316114068031e-05
8.813245221972465515e-05
7.901532808318734169e-05
7.825554348528385162e-05
-1.139647793024778366e-05
6.685912376269698143e-05
8.395378245040774345e-05
7.863540668040513992e-05
9.497033897787332535e-05
8.927204180508852005e-05
6.685918197035789490e-05
9.990867692977190018e-05
9.497033897787332535e-05
4.102720413357019424e-05
9.497033897787332535e-05
1.021880889311432838e-04
9.914895053952932358e-05
6.609933916479349136e-05
9.193131700158119202e-05
8.053483907133340836e-05
4.368624649941921234e-05
7.825554348528385162e-05
1.040876377373933792e-04
1.033276785165071487e-04
9.724963456392288208e-05
6.116088479757308960e-05
6.268033757805824280e-05
4.178611561655998230e-06
9.383074939250946045e-05
4.368624649941921234e-05
7.179751992225646973e-05
9.724963456392288208e-05
3.418931737542152405e-05
8.205440826714038849e-05
9.193131700158119202e-05
5.014427006244659424e-05
3.304961137473583221e-05
8.091470226645469666e-05
1.002887729555368423e-04
9.610992856323719025e-05
9.193131700158119202e-05
9.383074939250946045e-05
6.495951674878597260e-05
9.952904656529426575e-05
9.155133739113807678e-05
8.851243183016777039e-05
8.395360782742500305e-05
8.433358743786811829e-05
9.876908734440803528e-05
9.269127622246742249e-05
7.331697270274162292e-05
8.775247260928153992e-05
9.155133739113807678e-05
2.621207386255264282e-05
5.622208118438720703e-05
9.573018178343772888e-05
7.407693192362785339e-05
7.863529026508331299e-05
8.319411426782608032e-05
6.685918197035789490e-05
7.255747914314270020e-05
9.610969573259353638e-05
8.623301982879638672e-05
9.155133739113807678e-05
8.737295866012573242e-05
4.786485806107521057e-05
9.762961417436599731e-05
8.357362821698188782e-05
9.155180305242538452e-05
8.129421621561050415e-05
7.521687075495719910e-05
9.117135778069496155e-05
-4.368647933006286621e-05
8.357409387826919556e-05
7.635587826371192932e-05
8.775247260928153992e-05
8.281413465738296509e-05
8.547352626919746399e-05
8.927192538976669312e-05
9.079184383153915405e-05
9.307079017162322998e-05
9.117182344198226929e-06
5.508260801434516907e-05
5.660252645611763000e-05
7.597636431455612183e-05
7.597263902425765991e-06
8.471356704831123352e-05
9.345076978206634521e-05
8.775293827056884766e-05
6.306031718850135803e-05
7.369695231318473816e-05
6.723869591951370239e-05
4.482595250010490417e-05
7.787579670548439026e-05
9.041186422109603882e-05
3.039045259356498718e-05
6.230035796761512756e-05
7.863529026508331299e-05
5.394313484430313110e-05
9.345076978206634521e-05
7.673632353544235229e-05
9.193085134029388428e-05
8.927285671234130859e-05
8.699204772710800171e-05
8.737295866012573242e-05
9.497068822383880615e-05
9.686965495347976685e-05
9.383074939250946045e-05
7.863529026508331299e-05
8.167419582605361938e-05
9.762961417436599731e-05
9.838957339525222778e-05
9.876862168312072754e-05
1.018084585666656494e-04
6.989762187004089355e-05
9.117182344198226929e-05
9.497068822383880615e-05
9.876862168312072754e-05
1.029483973979949951e-04
8.965190500020980835e-05
8.471310138702392578e-05
7.331743836402893066e-05
7.407646626234054565e-05
9.686965495347976685e-05
9.914953261613845825e-05
9.231083095073699951e-05
8.357409387826919556e-05
9.534973651170730591e-05
1.097861677408218384e-04
-3.418885171413421631e-06
9.800959378480911255e-05
1.124441623687744141e-04
6.533972918987274170e-05
1.147240400314331055e-04
1.124450936913490295e-04
8.889194577932357788e-05
-1.321984454989433289e-04
9.914860129356384277e-05
1.075072214007377625e-04
1.120641827583312988e-04
1.044673845171928406e-04
8.851289749145507812e-05
9.648967534303665161e-05
9.231083095073699951e-05
6.609968841075897217e-05
9.762961417436599731e-05
1.143440604209899902e-04
1.010484993457794189e-04
1.101652160286903381e-04
7.369741797447204590e-05
4.900433123111724854e-05
1.021884381771087646e-04
1.067463308572769165e-04
5.470309406518936157e-05
9.800959378480911255e-05
1.192828640341758728e-04
4.102662205696105957e-05
1.029483973979949951e-04
7.787533104419708252e-05
6.343983113765716553e-05
1.101661473512649536e-04
1.196619123220443726e-04
9.117182344198226929e-05
1.143440604209899902e-04
6.951857358217239380e-05
1.109251752495765686e-04
1.113051548600196838e-04
1.158639788627624512e-04
1.113051548600196838e-04
1.170029863715171814e-04
1.177638769149780273e-04
1.010484993457794189e-04
5.052424967288970947e-05
1.177629455924034119e-04
1.151040196418762207e-04
1.033274456858634949e-04
6.685964763164520264e-05
1.090252771973609924e-04
1.208027824759483337e-04
1.154839992523193359e-04
7.445644587278366089e-05
1.143440604209899902e-04
8.775293827056884766e-05
9.572971612215042114e-05
1.283995807170867920e-04
1.265015453100204468e-04
9.269081056118011475e-05
1.025665551424026489e-04
