5.470290489029139280e-05
1.215619704453274608e-05
-1.823429920477792621e-05
1.458744081901386380e-04
7.293719681911170483e-05
1.154839119408279657e-04
3.646861296147108078e-05
7.901526987552642822e-05
7.293722592294216156e-05
2.005773130804300308e-04
1.337181893177330494e-04
8.509343024343252182e-05
1.641087001189589500e-04
2.248897217214107513e-04
9.724963456392288208e-05
1.458743354305624962e-04
1.276402035728096962e-04
1.701867440715432167e-04
1.215619267895817757e-04
1.762649044394493103e-04
2.674364950507879257e-04
2.552801743149757385e-04
2.674364950507879257e-04
1.641085837036371231e-04
-1.458742190152406693e-04
1.823429483920335770e-04
2.492021303623914719e-04
2.795925829559564590e-04
1.641085837036371231e-04
2.370460424572229385e-04
2.005770802497863770e-04
2.917489036917686462e-04
1.884214580059051514e-04
2.856706269085407257e-04
2.248897217214107513e-04
1.215618103742599487e-04
4.984042607247829437e-04
1.762649044394493103e-04
3.646858967840671539e-04
1.944992691278457642e-04
3.160615451633930206e-04
1.823427155613899231e-04
3.160610795021057129e-04
5.348734557628631592e-04
3.464510664343833923e-04
3.829207271337509155e-04
2.188114449381828308e-04
2.735145390033721924e-04
3.403732553124427795e-04
4.072329029440879822e-04
2.370458096265792847e-04
3.342954441905021667e-04
3.342954441905021667e-04
2.856710925698280334e-04
3.160610795021057129e-04
1.458749175071716309e-04
3.707641735672950745e-04
3.221388906240463257e-04
3.768419846892356873e-04
3.768429160118103027e-04
3.646854311227798462e-04
3.646863624453544617e-04
2.735145390033721924e-04
4.072329029440879822e-04
3.160610795021057129e-04
4.072329029440879822e-04
3.099823370575904846e-04
3.221388906240463257e-04
3.707651048898696899e-04
4.740916192531585693e-04
3.586076200008392334e-04
3.950763493776321411e-04
3.768429160118103027e-04
3.707632422447204590e-04
5.105603486299514771e-04
3.525298088788986206e-04
4.315450787544250488e-04
4.193894565105438232e-04
3.464519977569580078e-04
4.376228898763656616e-04
4.315450787544250488e-04
4.011541604995727539e-04
4.862491041421890259e-04
4.072319716215133667e-04
4.923269152641296387e-04
3.768410533666610718e-04
3.768429160118103027e-04
4.315450787544250488e-04
3.282185643911361694e-04
4.133097827434539795e-04
3.646854311227798462e-04
4.072338342666625977e-04
4.984047263860702515e-04
4.437007009983062744e-04
5.227159708738327026e-04
3.829207271337509155e-04
2.552811056375503540e-04
4.619341343641281128e-04
4.923269152641296387e-04
5.409512668848037720e-04
4.497785121202468872e-04
3.829207271337509155e-04
4.376228898763656616e-04
4.193894565105438232e-04
4.497785121202468872e-04
3.829225897789001465e-04
5.227141082286834717e-04
5.531087517738342285e-04
4.923269152641296387e-04
4.740916192531585693e-04
2.795904874801635742e-04
5.774199962615966797e-04
3.768429160118103027e-04
5.287937819957733154e-04
5.652643740177154541e-04
5.713403224945068359e-04
5.470290780067443848e-04
5.287937819957733154e-04
4.923269152641296387e-04
5.287937819957733154e-04
6.382018327713012695e-04
5.166381597518920898e-04
6.199665367603302002e-04
6.685927510261535645e-04
5.287937819957733154e-04
5.166381597518920898e-04
6.138868629932403564e-04
5.834996700286865234e-04
4.315450787544250488e-04
5.409494042396545410e-04
6.564371287822723389e-04
4.376210272312164307e-04
5.713440477848052979e-04
6.442777812480926514e-04
5.105584859848022461e-04
6.321221590042114258e-04
4.862509667873382568e-04
4.740916192531585693e-04
4.437007009983062744e-04
6.078109145164489746e-04
5.591847002506256104e-04
6.199665367603302002e-04
5.895756185054779053e-04
6.078071892261505127e-04
7.962323725223541260e-04
5.895756185054779053e-04
7.536858320236206055e-04
6.503574550151824951e-04
5.774162709712982178e-04
6.807483732700347900e-04
6.382018327713012695e-04
7.293708622455596924e-04
5.591847002506256104e-04
6.746686995029449463e-04
6.625130772590637207e-04
8.509345352649688721e-04
6.017312407493591309e-04
5.348734557628631592e-04
7.840767502784729004e-04
5.348697304725646973e-04
6.625130772590637207e-04
6.868243217468261719e-04
7.840767502784729004e-04
6.260424852371215820e-04
6.989836692810058594e-04
7.779970765113830566e-04
7.050633430480957031e-04
7.050558924674987793e-04
6.017312407493591309e-04
8.266195654869079590e-04
6.625130772590637207e-04
6.868317723274230957e-04
7.172152400016784668e-04
8.083879947662353516e-04
6.442740559577941895e-04
7.901564240455627441e-04
7.962286472320556641e-04
7.172152400016784668e-04
6.868243217468261719e-04
6.807520985603332520e-04
7.476061582565307617e-04
8.144602179527282715e-04
9.238719940185546875e-04
7.415264844894409180e-04
7.597655057907104492e-04
8.813217282295227051e-04
8.083879947662353516e-04
9.299516677856445312e-04
6.382018327713012695e-04
9.117126464843750000e-04
7.779970765113830566e-04
7.050633430480957031e-04
8.509308099746704102e-04
8.448585867881774902e-04
8.326992392539978027e-04
8.205398917198181152e-04
7.779970765113830566e-04
8.387789130210876465e-04
9.907335042953491211e-04
7.111355662345886230e-04
