3.039050170627888292e-05
1.337182038696482778e-04
6.685910921078175306e-05
8.509341569151729345e-05
2.066553861368447542e-04
1.276401453651487827e-04
1.580305979587137699e-04
9.117147419601678848e-05
6.078102160245180130e-05
7.293722592294216156e-05
1.337181311100721359e-04
1.094058388844132423e-04
2.431240864098072052e-05
1.276400871574878693e-04
2.248897217214107513e-04
9.117159061133861542e-05
0.000000000000000000e+00
1.397962914779782295e-04
1.094058388844132423e-04
1.580305397510528564e-04
-4.254677332937717438e-05
1.762649044394493103e-04
1.641088165342807770e-04
1.154837664216756821e-04
7.293722592294216156e-05
3.829204943031072617e-04
2.856706269085407257e-04
2.005773130804300308e-04
3.221393562853336334e-04
2.431240864098072052e-04
1.944992691278457642e-04
0.000000000000000000e+00
1.580305397510528564e-04
2.856706269085407257e-04
2.431240864098072052e-04
3.039045259356498718e-05
2.066553570330142975e-04
2.309679985046386719e-04
1.762649044394493103e-04
3.099828027188777924e-04
1.641088165342807770e-04
2.005775459110736847e-04
1.276400871574878693e-04
2.431236207485198975e-04
1.701870933175086975e-04
1.762649044394493103e-04
1.397961750626564026e-04
3.525298088788986206e-04
2.005775459110736847e-04
1.701870933175086975e-04
2.735145390033721924e-04
2.613579854369163513e-04
2.370458096265792847e-04
2.856710925698280334e-04
4.680128768086433411e-04
2.005780115723609924e-04
2.127336338162422180e-04
1.641083508729934692e-04
2.309679985046386719e-04
3.099832683801651001e-04
2.309670671820640564e-04
2.370467409491539001e-04
9.724963456392288208e-05
2.674357965588569641e-04
2.795923501253128052e-04
2.492023631930351257e-04
1.884214580059051514e-04
1.458739861845970154e-04
2.492023631930351257e-04
2.127336338162422180e-04
3.039045259356498718e-04
2.856710925698280334e-04
2.248892560601234436e-04
3.464519977569580078e-04
2.978267148137092590e-04
1.762649044394493103e-04
2.431245520710945129e-04
2.613579854369163513e-04
2.917489036917686462e-04
2.492023631930351257e-04
8.509308099746704102e-05
1.215618103742599487e-04
2.735145390033721924e-04
1.337192952632904053e-04
2.066548913717269897e-04
2.917479723691940308e-04
2.795923501253128052e-04
1.519527286291122437e-04
2.735145390033721924e-04
2.735145390033721924e-04
2.066567540168762207e-04
2.735145390033721924e-04
2.795923501253128052e-04
3.282167017459869385e-04
2.005770802497863770e-04
3.160610795021057129e-04
1.276414841413497925e-04
3.403723239898681641e-04
3.403741866350173950e-04
3.586076200008392334e-04
2.795923501253128052e-04
3.282185643911361694e-04
2.552792429924011230e-04
2.978276461362838745e-04
1.884214580059051514e-04
3.403723239898681641e-04
3.039054572582244873e-04
3.403741866350173950e-04
3.221388906240463257e-04
2.370458096265792847e-04
3.342963755130767822e-04
3.099814057350158691e-04
2.552811056375503540e-04
2.735145390033721924e-04
3.099832683801651001e-04
2.552792429924011230e-04
3.221407532691955566e-04
5.470290780067443848e-04
1.701861619949340820e-04
3.160610795021057129e-04
3.221388906240463257e-04
2.735145390033721924e-04
2.492032945156097412e-04
3.039035946130752563e-04
2.978276461362838745e-04
2.978276461362838745e-04
2.856701612472534180e-04
2.856701612472534180e-04
4.072338342666625977e-04
5.348715931177139282e-04
3.950763493776321411e-04
2.552811056375503540e-04
3.099832683801651001e-04
2.978257834911346436e-04
3.099832683801651001e-04
3.221388906240463257e-04
1.884214580059051514e-04
2.917498350143432617e-04
2.674348652362823486e-04
1.762658357620239258e-04
2.613589167594909668e-04
9.724870324134826660e-05
3.221407532691955566e-04
3.646835684776306152e-04
2.856738865375518799e-04
3.221370279788970947e-04
2.856701612472534180e-04
2.613589167594909668e-04
8.509308099746704102e-05
1.397989690303802490e-04
3.039017319679260254e-04
3.099851310253143311e-04
2.917498350143432617e-04
3.282167017459869385e-04
3.160610795021057129e-04
2.674348652362823486e-04
2.917498350143432617e-04
2.917498350143432617e-04
3.403723239898681641e-04
3.160610795021057129e-04
2.735145390033721924e-04
1.033283770084381104e-04
3.221407532691955566e-04
2.795904874801635742e-04
2.978257834911346436e-04
3.160610795021057129e-04
1.215934753417968750e-05
3.160610795021057129e-04
3.282167017459869385e-04
1.641064882278442383e-04
3.160610795021057129e-04
3.889985382556915283e-04
3.160610795021057129e-04
3.403760492801666260e-04
3.039054572582244873e-04
3.160610795021057129e-04
1.884214580059051514e-04
3.039054572582244873e-04
3.099814057350158691e-04
3.039054572582244873e-04
2.248883247375488281e-04
3.039054572582244873e-04
3.221407532691955566e-04
2.917461097240447998e-04
3.464519977569580078e-04
2.917498350143432617e-04
2.978257834911346436e-04
3.221407532691955566e-04
2.127327024936676025e-04
3.099851310253143311e-04
2.309679985046386719e-04
3.099814057350158691e-04
2.431236207485198975e-04
2.917498350143432617e-04
4.437007009983062744e-04
3.342963755130767822e-04
2.917498350143432617e-04
3.282167017459869385e-04
3.039054572582244873e-04
1.276396214962005615e-04
