1.747453825373668224e-05
1.671477548370603472e-05
2.051358751486986876e-05
2.203311669290997088e-05
9.117145964410156012e-06
2.355263859499245882e-05
2.355263859499245882e-05
1.595501089468598366e-05
2.431240864098072052e-05
2.735144516918808222e-05
2.507216413505375385e-05
2.735145972110331059e-05
2.583191962912678719e-05
4.026741953566670418e-05
2.659167512319982052e-05
3.191005089320242405e-05
2.963072620332241058e-05
2.811121521517634392e-05
3.266977728344500065e-05
3.418931737542152405e-05
3.266980638727545738e-05
4.254671512171626091e-05
3.266974817961454391e-05
2.811121521517634392e-05
-1.899403287097811699e-05
2.127332845702767372e-05
4.482601070776581764e-05
5.470291944220662117e-05
3.722833935171365738e-05
4.862481728196144104e-05
4.026741953566670418e-05
5.166383925825357437e-05
3.950763493776321411e-05
4.178698873147368431e-05
3.418931737542152405e-05
4.938454367220401764e-05
5.774188321083784103e-05
3.798818215727806091e-05
7.445667870342731476e-05
5.698227323591709137e-05
5.774188321083784103e-05
5.470297764986753464e-05
5.318329203873872757e-05
6.533961277455091476e-05
6.306031718850135803e-05
6.230047438293695450e-05
4.786509089171886444e-05
3.191002178937196732e-05
5.926145240664482117e-05
7.597624789923429489e-05
6.306031718850135803e-05
7.521652150899171829e-05
7.293722592294216156e-05
7.065781392157077789e-05
6.609945558011531830e-05
6.078090518712997437e-05
7.141777314245700836e-05
9.345076978206634521e-05
6.989808753132820129e-05
6.533949635922908783e-05
7.825554348528385162e-05
8.965213783085346222e-05
8.813245221972465515e-05
9.193131700158119202e-05
8.737249299883842468e-05
7.977522909641265869e-05
9.572994895279407501e-05
7.521663792431354523e-05
8.737272582948207855e-05
8.433358743786811829e-05
8.889217860996723175e-05
6.533949635922908783e-05
1.048473641276359558e-04
8.205440826714038849e-05
9.497022256255149841e-05
7.521663792431354523e-05
9.117135778069496155e-05
8.433358743786811829e-05
8.889241144061088562e-05
9.041139855980873108e-05
8.889241144061088562e-05
5.470309406518936157e-05
1.018079929053783417e-04
8.737249299883842468e-05
8.965237066149711609e-05
4.330603405833244324e-05
7.293745875358581543e-05
9.648967534303665161e-05
5.850195884704589844e-05
9.117135778069496155e-05
6.382027640938758850e-05
7.977476343512535095e-05
9.193131700158119202e-05
8.965190500020980835e-05
7.977522909641265869e-05
9.193131700158119202e-05
6.837863475084304810e-05
7.597636431455612183e-05
6.989808753132820129e-05
8.129468187689781189e-05
8.737249299883842468e-05
8.281413465738296509e-05
7.901526987552642822e-05
6.989808753132820129e-05
7.217749953269958496e-05
8.129468187689781189e-05
8.737249299883842468e-05
7.673632353544235229e-05
1.018079929053783417e-04
6.078090518712997437e-05
8.129468187689781189e-05
7.901526987552642822e-05
3.570877015590667725e-05
6.685918197035789490e-05
9.117135778069496155e-05
8.813245221972465515e-05
4.558591172099113464e-05
8.737295866012573242e-05
8.889194577932357788e-05
7.217749953269958496e-05
3.874767571687698364e-05
8.205464109778404236e-05
7.597636431455612183e-05
9.345076978206634521e-05
6.989808753132820129e-05
8.585350587964057922e-05
8.661206811666488647e-05
8.509401232004165649e-05
8.053425699472427368e-05
8.053518831729888916e-05
7.825531065464019775e-05
8.661299943923950195e-05
7.825531065464019775e-05
9.345076978206634521e-05
8.433405309915542603e-05
7.141754031181335449e-05
8.433405309915542603e-05
9.496975690126419067e-05
8.433405309915542603e-05
7.521640509366989136e-05
9.041186422109603882e-05
7.597636431455612183e-05
7.977522909641265869e-05
8.889194577932357788e-05
9.193085134029388428e-05
4.634540528059005737e-05
7.445737719535827637e-05
8.205417543649673462e-05
7.673632353544235229e-05
8.585304021835327148e-05
8.281413465738296509e-05
8.129421621561050415e-05
7.445644587278366089e-05
8.281413465738296509e-05
3.722868859767913818e-05
9.497068822383880615e-05
6.381981074810028076e-05
8.965190500020980835e-05
9.041186422109603882e-05
8.509308099746704102e-05
9.041186422109603882e-05
8.509308099746704102e-05
8.053518831729888916e-05
8.357409387826919556e-05
7.521640509366989136e-05
9.345076978206634521e-05
8.129421621561050415e-05
8.433405309915542603e-05
6.002094596624374390e-05
8.661299943923950195e-05
7.825531065464019775e-05
6.002187728881835938e-05
8.585304021835327148e-05
9.269081056118011475e-05
8.129421621561050415e-05
5.318783223628997803e-06
8.433405309915542603e-05
8.129421621561050415e-05
9.876955300569534302e-05
7.977429777383804321e-05
8.433405309915542603e-05
9.193085134029388428e-05
8.205510675907135010e-05
9.420979768037796021e-05
7.673632353544235229e-05
8.509308099746704102e-05
9.193178266286849976e-05
9.193085134029388428e-05
5.546305328607559204e-05
1.025674864649772644e-04
4.786532372236251831e-05
4.178658127784729004e-05
7.977522909641265869e-05
8.889287710189819336e-05
7.901526987552642822e-05
8.433312177658081055e-05
9.876675903797149658e-06
8.737295866012573242e-05
1.109251752495765686e-04
8.281413465738296509e-05
