9.519350529676711011e-06
1.574392232298978047e-05
-2.060809564882561443e-05
-3.884036197101411688e-05
-3.204744153937559136e-06
1.929470580268029343e-05
1.458559853617018114e-05
4.364428760497381706e-05
1.136626483625303823e-05
1.423937325846925516e-05
2.086370855664541109e-05
6.885024419867481066e-06
1.016798998480284745e-06
4.878845979428014529e-05
-1.044871764700175312e-05
-5.475471264023367389e-06
-8.531321083033957010e-06
2.526958429414200534e-05
-2.005920984788625225e-05
8.580820541724413011e-06
5.256909952826749506e-05
3.860367420469739720e-05
-2.208609671544635271e-05
4.015935969792759110e-05
-4.564786908903013113e-05
1.856776480967103904e-05
-1.473754892133169285e-05
3.681601663821517344e-05
1.213724239671181565e-05
-4.892648267098642992e-05
-9.757696340980531735e-07
6.330913327140096775e-05
1.029018608156946277e-05
1.294763841646826008e-05
4.197310362785309709e-05
-3.143561597833671034e-05
3.933444799803821612e-05
1.018416574993449841e-06
2.786732247830794179e-06
2.652277251309750547e-05
-2.909333708071273547e-05
8.514155955714275761e-05
-7.014367337081824777e-06
1.126991618322732355e-05
-9.132468773943077517e-06
1.687777294476396073e-05
-2.383464099560677479e-05
7.869042453854425967e-06
-2.539384508966520404e-05
6.403967881749104279e-05
-2.960833506479706653e-05
1.690579423390412353e-05
2.131240564838370044e-05
-3.142421862351507320e-05
7.244735656673599589e-06
-6.027390930782132450e-06
-9.928644806797559674e-06
4.397185031295965454e-05
-7.154532394971092196e-06
-1.036199438999652403e-05
7.056934103967906283e-05
3.203961348383511237e-06
5.317675875434954569e-06
3.070295821862344468e-05
4.777824746979861606e-05
2.004303100668677201e-05
2.137774378309018064e-06
7.970816711494813078e-06
-3.945189914371372009e-05
2.172346355042674426e-06
-2.818412143716555324e-05
2.617049774515135818e-05
-1.995921486935576389e-05
-2.042196325288767739e-05
-2.218914214208340951e-05
2.097773178441619812e-05
-1.245111509475069905e-05
-2.024803089148950741e-05
4.765920368159700521e-05
6.110482922456594163e-05
-2.519956041898384347e-05
6.725862312343192095e-05
-3.580200572216116900e-05
4.852555642174613548e-05
2.268574676161927428e-05
-1.152371127651277694e-05
2.596138960218267316e-05
-3.066270839991672853e-05
1.854665802807423103e-05
-2.418503080862076382e-05
5.371240999823157641e-05
1.601445971914899208e-05
2.261874082879356679e-05
2.031471813876677829e-05
1.369645637584997883e-05
-1.346042087753580863e-05
1.924278932417811117e-05
-2.110063704089532033e-05
1.239196041221291705e-05
-1.901878328494123471e-05
1.941684339646330970e-05
-2.786037406692521562e-05
2.666490093827106334e-05
3.632874016689692509e-06
4.047414251074927388e-05
-5.290141823531286508e-05
-5.786044182194000074e-05
1.669424009925410402e-05
-1.887426127300442097e-05
3.340210940397988354e-05
5.591004164961881073e-06
3.958691351008472581e-05
-2.980255868565827998e-05
5.378401636645449568e-05
3.209356882846042813e-05
1.054709217745281036e-05
4.325224595473978195e-05
3.316683253848980856e-05
2.802846608977727083e-05
4.403454153603138244e-05
9.773449586043120307e-05
-2.168777771790510178e-05
4.652611853799351604e-06
5.916715589137939296e-05
-1.819218536559894656e-05
2.170225840892464619e-05
2.443147335780618268e-05
-1.092291011829150948e-05
1.257628899828736047e-05
-2.013931251395630062e-05
-3.551119175131123296e-05
-1.973140767283672325e-05
3.386450783420848210e-05
5.923092486520911693e-05
1.466304176977323293e-05
-1.667947091881817612e-05
5.875378039369924532e-05
1.440837177806020275e-05
2.170328146869349162e-05
-1.035648931793295424e-05
1.420012159115621730e-05
-9.708289080298526663e-06
2.611707670030494199e-05
4.736853276440973481e-05
3.566682618745542488e-05
1.728862020558552537e-06
-1.273597504172427342e-06
-1.085630317977301362e-05
4.933279426999094552e-05
-3.705883903655678158e-05
-1.233978570690762167e-05
-2.816302391635792934e-05
6.223666049922672860e-05
-7.612169926490830463e-05
9.781956229649654833e-06
3.744195047115234098e-05
4.195959771624568901e-05
-3.547812723098467402e-06
-3.406409944139293655e-05
1.414215538231636260e-05
-1.110643196225620521e-05
-7.027646126388231718e-06
1.861506325189291045e-05
-1.568821667073672099e-05
-4.085896005993384927e-05
-9.170199170517936982e-06
7.813115340989107427e-07
1.377381621494970509e-05
-2.981298608402925543e-05
1.623478748104430214e-05
3.580224429110268058e-05
1.980985699074136464e-05
2.753362890011226694e-05
5.863679915155996236e-05
2.253049571345616675e-05
-6.658273394175191762e-05
4.871057735971427716e-05
2.693864426217204566e-05
-1.174948391135730019e-05
1.919219214501118043e-05
-1.642397029527273289e-05
-1.486276188411225774e-05
7.418613285825256809e-06
-2.260061165682350492e-06
3.314552237922152589e-05
7.907262120143004891e-06
5.963071798087936359e-05
-3.098632965106359882e-05
7.622528099696448955e-06
6.028500316131342462e-05
1.571281149930978116e-05
3.941996037468836755e-05
2.824488401105378077e-05
-2.528281541972800250e-05
5.928548869575320235e-06
-1.276710874954442576e-05
7.389210073335469864e-06
-4.740349418751003963e-05
4.309335789317442211e-05
