4.211297407398381870e-06
1.062497327639964450e-05
1.752802455769024437e-05
2.616396250017564377e-05
3.214486334014287489e-05
3.787071179576031489e-05
4.022507752272463759e-05
4.031344578516804847e-05
4.426039810573410144e-05
4.657070929373367460e-05
4.645399582591620488e-05
4.805374019851114953e-05
4.928099321475096564e-05
5.070955541274868930e-05
5.104084801904953950e-05
5.162207106678296659e-05
5.362265475879549048e-05
5.461824037682411551e-05
5.469550321152063382e-05
5.415308231617550414e-05
5.421851809543892092e-05
5.656727007056529255e-05
5.651328060143814142e-05
5.740091062626968832e-05
5.698807305717663169e-05
5.830772999701385600e-05
6.186974630181286960e-05
6.533068887120546675e-05
6.762098842693405748e-05
6.799781896957551169e-05
7.173275766659756303e-05
7.501384678774720288e-05
7.448814034100980502e-05
7.501388529824494500e-05
7.599540131377098551e-05
7.357818937940314302e-05
7.223191261096408716e-05
7.345111248620393024e-05
7.552291914610532314e-05
7.737503373288039110e-05
7.872480088048569580e-05
8.055229127372325049e-05
7.873353794520150661e-05
8.072159264641519394e-05
8.199248196135919264e-05
8.301413869456555905e-05
8.399350567727358052e-05
8.521823374718975885e-05
8.409766276921103179e-05
8.408501925507953778e-05
8.241488696279254678e-05
8.300141938767310879e-05
8.387192899123215029e-05
8.483587598361042037e-05
8.483321516923603145e-05
8.421381255611058714e-05
8.511327241004541799e-05
8.678939683029289476e-05
8.794923295339998615e-05
8.646542126159416364e-05
8.590545641555882850e-05
8.611557079769155409e-05
8.535476538375393052e-05
8.481812641123603891e-05
8.140007625710883599e-05
8.168845671893687488e-05
7.947781327479266911e-05
7.959329297804393355e-05
7.901182130566446193e-05
7.883024574856754840e-05
7.975352857532078121e-05
7.958148938938709727e-05
7.955042685978824801e-05
8.137079306299102588e-05
8.212608787341521555e-05
8.161560864567395102e-05
8.057495272035392064e-05
8.149417371805176002e-05
8.286804214114457112e-05
8.343717771946632111e-05
8.356985579938136510e-05
8.366388070719585346e-05
8.569867728498020698e-05
8.606855551540268379e-05
8.619835844972736916e-05
8.728040111381091259e-05
9.109891922287269295e-05
9.188846563734642814e-05
9.219487109606711028e-05
9.379614938223590492e-05
9.182678952672149175e-05
8.964498627626882321e-05
8.970993911596239490e-05
8.897122076893804188e-05
8.879697774437714242e-05
9.112635947274017045e-05
9.218077314826142454e-05
9.210570644468951684e-05
9.253693881864505366e-05
9.085537564968576563e-05
8.875345276133927985e-05
8.809264698748930922e-05
8.693391873552253069e-05
8.523597756322082164e-05
8.886753784310974513e-05
9.139414140665186315e-05
9.388931104287526197e-05
9.483931724123262352e-05
9.362971954297513721e-05
9.230298123902302976e-05
9.261388379512222602e-05
9.339664767651217891e-05
9.382239663779587402e-05
9.435512727367853514e-05
9.838476106853455416e-05
1.009421808348884286e-04
1.050690808076723548e-04
1.056869240782104535e-04
1.044627504768469439e-04
1.033104728568115527e-04
1.020401429159822904e-04
9.921121431844329153e-05
9.840364490128553077e-05
9.782943943184227442e-05
9.588678536291347920e-05
9.642469607812689802e-05
9.719236051502697094e-05
9.582943708200467037e-05
9.719104704309158849e-05
9.871360535608150744e-05
9.978808356279553204e-05
9.882097913008550116e-05
9.812310844248620101e-05
9.691750432944817861e-05
9.794083932634922718e-05
9.659609567235979966e-05
9.516064200707982645e-05
9.246085660123692929e-05
9.039465050966061233e-05
8.811789550894691403e-05
8.664191859303685406e-05
8.423268275778786340e-05
8.348514654445138294e-05
8.336809379623152938e-05
8.790396835516717244e-05
8.957792787881932450e-05
8.943571078194254009e-05
9.047919310828031469e-05
8.877584618607534117e-05
9.071446180666103976e-05
8.837885014129076566e-05
8.951788487616268997e-05
9.002972412581328188e-05
8.999721576757185870e-05
9.011862168106093973e-05
9.043248600218434241e-05
8.994170855475269732e-05
9.118222625455890684e-05
9.043801600909506799e-05
9.328579256483865434e-05
9.301137512328361279e-05
9.255099775063585499e-05
9.298679628097494820e-05
9.232820490194526553e-05
9.042070789539585762e-05
8.995862709068602747e-05
9.003475953044820512e-05
8.938223549798118839e-05
9.139111365507462947e-05
9.157415539459007325e-05
8.967654423433502053e-05
8.964814139413024296e-05
8.786132859350814783e-05
8.839245380772020599e-05
8.776074856531312918e-05
8.799597394722191712e-05
8.645896387252105519e-05
8.603144258739758854e-05
8.795727827868443649e-05
8.791239884691631756e-05
8.657545235951635831e-05
8.631240212439439397e-05
8.658199604343747025e-05
8.523294132464082073e-05
8.403011785691749669e-05
8.565109278672877746e-05
8.480254747705168183e-05
8.518547003421444996e-05
8.402272650682995891e-05
8.389111327421899800e-05
8.445325663435782060e-05
8.344636585359832548e-05
8.429907287766519319e-05
8.313103662868637223e-05
8.306286883802416199e-05
8.362330337000067892e-05
8.321928186113408676e-05
8.310811939085671618e-05
8.320355598143147624e-05
8.271695119800581697e-05
