5.055264380390719859e-06
1.278753658850786414e-05
1.839793535823337897e-05
2.199690150387755439e-05
2.572790871837183756e-05
2.940418430523125161e-05
3.214127777957436968e-05
3.567733408937250397e-05
3.986059290739881085e-05
4.382670417415156228e-05
4.741474395854967591e-05
5.037927347126313141e-05
5.314761641396405917e-05
5.677151781980933204e-05
6.216739312978275880e-05
6.650553986521775748e-05
6.950917065765569239e-05
7.295744593877008174e-05
7.524319808498158846e-05
7.843419301119996037e-05
8.163391092600238985e-05
8.521439902961502888e-05
8.772725124966268551e-05
9.222998652758888222e-05
9.633895706357992889e-05
1.000635044989331424e-04
1.031308718298070207e-04
1.071210930569882827e-04
1.110355316305648710e-04
1.139396158686386065e-04
1.157477393444912572e-04
1.198897434878396298e-04
1.240969389032795314e-04
1.280084946495754078e-04
1.364044984802203347e-04
1.391877184893667782e-04
1.418256885109053442e-04
1.447055322895572302e-04
1.483830678162692887e-04
1.506536563584091881e-04
1.552581043979019138e-04
1.588175711744726354e-04
1.602069337971120944e-04
1.652148639833435351e-04
1.662244704298126985e-04
1.718800012074674088e-04
1.698413851771371497e-04
1.835874440399495877e-04
1.824387223528685376e-04
1.842931933596688582e-04
1.883256763436820524e-04
1.879796875361387093e-04
1.909512399212338896e-04
1.900941557032263807e-04
1.864350344339595761e-04
1.843944189842752768e-04
1.805395869585914997e-04
1.798070528850649608e-04
1.813388697411225103e-04
1.777194301359977940e-04
1.752250916542373582e-04
1.751554436074768961e-04
1.772794166185805848e-04
1.763654358087306251e-04
1.741677736444135344e-04
1.793044567462466488e-04
1.839241445206682424e-04
1.881618643305923988e-04
1.868416622292489587e-04
1.813009394151122305e-04
1.806749130320341179e-04
1.750832353140264336e-04
1.708714155738109974e-04
1.700308136533476566e-04
1.683894380606169860e-04
1.702818659990289890e-04
1.669059578581003067e-04
1.654076711136362454e-04
1.618412924729792368e-04
1.610621855876979980e-04
1.602168416938165585e-04
1.592747575239854274e-04
1.595580307989230562e-04
1.604091689299362578e-04
1.612496942916784304e-04
1.602472090968289076e-04
1.610661447307114302e-04
1.577039843505927130e-04
1.547847287468595567e-04
1.533560995627368528e-04
1.521064741210158278e-04
1.504896087775771385e-04
1.535054868844858145e-04
1.541423432351515799e-04
1.576744260577793433e-04
1.607348853248542764e-04
1.669115116489754136e-04
1.691863158863639305e-04
1.680434381288800627e-04
1.666973696636091240e-04
1.646360694624558751e-04
1.636275744451992642e-04
1.624906804676314043e-04
1.603742488073510442e-04
1.671143397325713931e-04
1.683228232304025129e-04
1.683245539122954493e-04
1.661277842281254358e-04
1.687618188525204233e-04
1.626830901097914284e-04
1.638381244571281148e-04
1.718614899748338587e-04
1.735119155492695353e-04
1.768261880682846232e-04
1.816776533959674200e-04
1.865160190353820635e-04
1.883240446864872797e-04
1.907006224049628829e-04
1.858661789852986135e-04
1.843893516147998568e-04
1.872919605589024039e-04
1.868640672637970901e-04
1.821503239605413993e-04
1.819856250859473723e-04
1.868261277414122457e-04
1.876321339530119536e-04
1.868201858985195363e-04
1.895043626072949461e-04
1.928507265413874350e-04
1.963402143990954085e-04
1.958238894639481587e-04
2.003750803202218600e-04
2.022275401084884516e-04
2.007101435054156613e-04
2.049507202746894685e-04
2.035717149768516421e-04
2.024938257553128562e-04
2.013350762582327702e-04
2.007135718876465469e-04
1.975158190225083377e-04
1.929684397662147222e-04
1.946126025597454123e-04
1.953636228045133039e-04
1.985233249237709774e-04
1.946253951279341976e-04
1.925218089900808394e-04
1.922844911786576738e-04
1.942545563751417459e-04
1.929095152105562982e-04
1.974829105512374006e-04
1.948311347848910580e-04
1.889186559223404727e-04
1.888068478925336580e-04
1.871419555827605330e-04
1.888997967514211007e-04
1.907347392253386231e-04
1.910083889650540656e-04
1.933607023319461327e-04
1.916919693134150338e-04
1.945927549367315601e-04
1.926239185242387131e-04
1.917279573077773636e-04
1.903713494045763954e-04
1.943546803079010399e-04
1.930177863665449856e-04
1.924989658889306177e-04
1.937189339774880725e-04
1.920705727024296650e-04
1.906152188680884652e-04
1.910662681518099371e-04
1.907168147691137849e-04
1.926100288008880668e-04
1.856219755133614591e-04
1.870498843127496591e-04
1.859014536901987258e-04
1.856850582179631060e-04
1.838074165832967455e-04
1.805457609734342772e-04
1.818010252947824257e-04
1.812724839317450543e-04
1.820650022801226231e-04
1.809276626723102521e-04
1.833307482053750381e-04
1.825629570402914625e-04
1.812317140445149355e-04
1.773003688362168040e-04
1.782806172474296624e-04
1.759801595744708846e-04
1.741200563862010942e-04
1.727344738363736920e-04
1.723518903493578835e-04
1.719926128075019434e-04
1.704810477041532324e-04
1.685132418824258904e-04
1.678108879448539370e-04
1.666557757810591123e-04
1.640089171437084103e-04
1.646767644790242402e-04
1.630884472725649403e-04
1.637885496080584979e-04
