6.985004491258644393e-06
1.650750514621161314e-05
2.401366533055006866e-05
2.949359503872143150e-05
3.466018471467004290e-05
3.990553377426482411e-05
4.378042293836444283e-05
4.695067748234174089e-05
4.964674396642685360e-05
5.406439741513979422e-05
5.510943112698590829e-05
5.979467193219017637e-05
6.320948343251434065e-05
6.502513321916900818e-05
6.463067073802933674e-05
6.482012635465389180e-05
6.436692732255050800e-05
6.743402455004461962e-05
6.845917197838193718e-05
7.071817175363518185e-05
7.076750143778301472e-05
7.284868821627772661e-05
7.184023433565688010e-05
7.310202752587331015e-05
8.034526254721997135e-05
7.938335015653368715e-05
8.032273753419503365e-05
8.196408842698829633e-05
8.156409851344317841e-05
8.294235472107534118e-05
8.313192693144670631e-05
8.276094888409139122e-05
8.153951397257396677e-05
8.307567632329440621e-05
8.447048493250008949e-05
8.385571586759597157e-05
8.458621195471440618e-05
8.620924138507801010e-05
8.868492649342137740e-05
8.730955257210508413e-05
8.781228593631243418e-05
8.891884409457234684e-05
8.815857653175079856e-05
9.013866437943170162e-05
8.778383205493463237e-05
8.898348890069678052e-05
8.945053389090157347e-05
8.987208510711358622e-05
9.067389292325735151e-05
9.020759189887379847e-05
9.138332881260778640e-05
9.044804063233595481e-05
2.154685988445068784e-04
8.979859767573386553e-05
9.143448161467657154e-05
9.292212779784397858e-05
9.211260536743336169e-05
9.359410317744468188e-05
9.407056652503686944e-05
9.413072118268951682e-05
9.497465198362795014e-05
9.427428623674100061e-05
9.483882758633439825e-05
9.631006206899800359e-05
9.467726534710153852e-05
9.591714023891168006e-05
9.688244566471646002e-05
9.712680730105879845e-05
9.774983801665547423e-05
9.624335451137965014e-05
9.852997176125130596e-05
1.120787026947702575e-04
9.696841180428447671e-05
9.777798429354972454e-05
9.839153211228107709e-05
9.809738525083828986e-05
9.760007091597772133e-05
9.830804799477316225e-05
9.822917522012836189e-05
9.795357552363007092e-05
9.668165891045174543e-05
9.641732253068066583e-05
9.717413268119090564e-05
9.631291160362709380e-05
9.503716821889982014e-05
9.539129117312750150e-05
9.489287449108985140e-05
9.346898162979067060e-05
9.549833742776916989e-05
9.522034383350336251e-05
9.420319540549490500e-05
9.108524309676263586e-05
8.816488710561981579e-05
8.652195911431140307e-05
8.546828130243100397e-05
8.620040604070608459e-05
8.755312411805327155e-05
9.072572562624989234e-05
9.363931549026538459e-05
1.543365080882500018e-04
9.074672243163106611e-05
8.872051412022949335e-05
8.468408079739114802e-05
8.096731587098685012e-05
8.386997303466009468e-05
8.421292475530722799e-05
9.019898253365479790e-05
9.253193750335605983e-05
9.098581364636731950e-05
8.834764982813825274e-05
8.733557410054229586e-05
8.379689906336945660e-05
8.337157505646647371e-05
8.280676131914785354e-05
8.641858831986287681e-05
8.796424617314030359e-05
9.040877755885079470e-05
9.036541792886015889e-05
8.980834042963264929e-05
8.861183046555282106e-05
8.840239527003329600e-05
8.646623514456039383e-05
8.640850412048803331e-05
8.627609629270963087e-05
8.676101253535586921e-05
8.640002561203022347e-05
8.601917247128346156e-05
8.429169212678319645e-05
8.537964242638293455e-05
8.753377838310524850e-05
8.557164419143239997e-05
8.507838901647066243e-05
8.384689786112078935e-05
8.436406776502619609e-05
8.616086582023674278e-05
8.626475118099150019e-05
8.745923038051481302e-05
8.816131228194662439e-05
8.800283343860654250e-05
8.872252383142556487e-05
8.993897218735960597e-05
8.775600489155030437e-05
2.422774705019350994e-04
8.371834377565376406e-05
8.390753104580567223e-05
8.509854181701012599e-05
8.473397649722338998e-05
8.457080457006591057e-05
8.250631132332778006e-05
8.448579277112872044e-05
8.099640415451525577e-05
7.699219894467812519e-05
7.662704347852905551e-05
7.657329794365230757e-05
7.585719566129134339e-05
8.040510640869302783e-05
8.296471035208058398e-05
8.434318771446264185e-05
8.134686135760627046e-05
8.167166518172758183e-05
8.076510211484089208e-05
8.117260361268502367e-05
8.144118084989215856e-05
8.175314116420917543e-05
8.122102731224906114e-05
8.043275671862359921e-05
8.037019841108244966e-05
7.985853445595381128e-05
8.065214800953568464e-05
8.158508779326084648e-05
8.146942540891710660e-05
8.162313760717854194e-05
8.113323407254319219e-05
8.368593033818150229e-05
8.217226518507370070e-05
8.342252957919960021e-05
8.311837417712686360e-05
8.254351135392190564e-05
8.409456313088203849e-05
8.307055691553211219e-05
8.204967387410999624e-05
8.098784834352501516e-05
8.153306485042532969e-05
8.122935664124641963e-05
8.044210497934467519e-05
8.141335020097478781e-05
8.071601253640398044e-05
8.118586976791491994e-05
8.063809428431045756e-05
8.128680084002609663e-05
8.102409075080863055e-05
8.184289989746074134e-05
8.293933026939231956e-05
8.097037346532082180e-05
8.127371244068953837e-05
8.091825739181546240e-05
7.921329343933691813e-05
7.955333335547820628e-05
7.925315061559773389e-05
7.770977735214318338e-05
