3.543311606179745882e-06
7.967606032425388020e-06
1.111797627233299026e-05
1.342950801430761905e-05
1.525559159716843166e-05
1.695885052419737228e-05
1.872633862847221040e-05
2.051005580744704772e-05
2.106266408738650432e-05
2.275526529349090540e-05
2.432407432083599080e-05
2.643812232109264693e-05
2.816682209584413232e-05
2.931377274509533795e-05
3.069992914964386060e-05
3.212041163669961813e-05
3.391408492950170536e-05
3.515730587985103212e-05
3.811021194372737897e-05
3.881361776017369994e-05
4.020237413293083206e-05
4.276547863421402418e-05
4.310417492827279401e-05
4.555252365185877284e-05
4.669867248901539425e-05
4.669079930833854031e-05
4.852187774812173615e-05
4.994097358677895837e-05
5.083681965534561642e-05
5.157683529947564710e-05
5.092059645780706162e-05
5.277918993451275603e-05
5.429076040200896125e-05
5.430180707613127544e-05
5.478315103885599002e-05
5.578955538471531278e-05
5.504587485992157997e-05
5.555983276479391914e-05
5.525675821025245044e-05
5.478066031220155119e-05
5.429166629560000512e-05
5.493122164901970139e-05
5.336621878495283189e-05
5.423642778090015382e-05
5.388834578770596018e-05
5.518484895561739934e-05
5.528607441670878309e-05
5.640561883904840479e-05
5.589622860157142381e-05
5.777902547919600007e-05
5.739847474231160596e-05
5.696369284213971540e-05
5.894812409931726727e-05
5.959519985473428483e-05
6.128962635244990242e-05
6.232143933285021198e-05
6.280837182003756736e-05
6.267850917556980206e-05
6.353663457491463828e-05
6.373603519962099673e-05
6.319957674313578244e-05
6.167627867646047202e-05
6.274778283827699144e-05
6.424648630952781159e-05
6.161678267089902572e-05
6.514526135821888109e-05
6.464324547103203478e-05
6.508644456875573026e-05
6.621684732733591761e-05
6.776207614934449952e-05
6.661461419310912846e-05
6.862313455039369126e-05
6.985602876871319089e-05
7.086742771330797885e-05
7.218189121443660539e-05
7.140684514637431202e-05
7.153699767138005372e-05
7.228040627195453371e-05
7.219309844917753960e-05
7.367329744860373619e-05
7.394585549444845918e-05
7.514246821464093395e-05
7.669203733191160000e-05
7.685097242809968421e-05
7.602233968663843489e-05
7.717529944028037048e-05
7.860648857109173160e-05
7.857840223794709811e-05
8.041025389864814299e-05
8.139498560281316353e-05
8.529651104328614397e-05
8.685048761282801455e-05
8.797897435150817125e-05
9.059315453796915052e-05
9.293514898483026809e-05
9.464550276935823625e-05
9.530793428668554723e-05
9.365749795196484651e-05
9.030285590221065473e-05
8.919279460787438163e-05
9.102605949306077915e-05
8.850281988537211930e-05
8.848612909042805064e-05
8.679973644341865135e-05
8.854055888713255329e-05
8.646819312113987466e-05
8.790850587242493575e-05
9.157112236739609057e-05
8.989008251727992338e-05
9.203408525221279390e-05
9.314275375083350128e-05
9.386862481730248731e-05
9.355810705510836378e-05
9.261158231124375084e-05
9.340278741268304152e-05
9.437457122065187609e-05
9.653189593831351667e-05
9.782325251747256423e-05
9.984631514219771686e-05
1.008429393732149237e-04
1.023051623268780852e-04
1.025249813421426348e-04
1.027399005405042753e-04
1.041004958963302751e-04
1.027748459396272962e-04
1.044360387888500219e-04
1.072733876231642125e-04
1.046854096754291918e-04
1.049592331494493547e-04
1.059401481993439698e-04
1.080038796124720146e-04
1.081982871998683760e-04
1.091334733801137269e-04
1.098501955803105057e-04
1.105479300199316284e-04
1.123698219767828299e-04
1.123434957281642388e-04
1.134895255052725815e-04
1.149401135121450035e-04
1.115975248744231763e-04
1.135481492750521626e-04
1.150223862610051662e-04
1.150506961856978538e-04
1.157687231556521479e-04
1.171705508431417075e-04
1.165038815284895335e-04
1.159911051814600802e-04
1.181261657894026873e-04
1.188689426914156522e-04
1.218572709245427377e-04
1.214437118580852237e-04
1.199599182996405333e-04
1.188593888827652045e-04
1.183280445141571269e-04
1.192962577511863520e-04
1.226606499021148933e-04
1.259064568223319802e-04
1.298002923570892864e-04
1.315492896611786255e-04
1.373820026640618086e-04
1.381483210236289505e-04
1.408324953263567769e-04
1.389919403620085148e-04
1.416029723758441272e-04
1.425547646692545967e-04
1.477645889460879602e-04
1.571011023893814640e-04
1.571144322615736222e-04
1.598301491749429259e-04
1.606007794611244432e-04
1.575918414246785249e-04
1.599837788208782752e-04
1.584384216219425490e-04
1.593778602424419932e-04
1.583606498568174148e-04
1.596489682696225487e-04
1.598971603966325983e-04
1.566089225465555623e-04
1.568142313047235503e-04
1.573299360257546242e-04
1.556976957837949427e-04
1.576701451935849652e-04
1.561366215932849522e-04
1.594532176060203810e-04
1.584919922729688402e-04
1.601744397891555205e-04
1.607758188930663579e-04
1.617880163916896041e-04
1.643614530198594936e-04
1.665469905972744025e-04
1.759512794404297087e-04
1.881258340734118240e-04
1.945779528319188656e-04
1.967252932503077423e-04
1.910910429104226149e-04
1.871010161500138991e-04
1.848401046137190806e-04
1.853767050732785249e-04
1.843859408213049944e-04
1.838485121222963037e-04
