5.980333077341810585e-06
5.783959621166175980e-07
-6.430182618764849361e-05
-3.755785047059961813e-05
-6.184833759411440131e-05
-1.412907234070237073e-06
-1.486142998552084094e-05
-3.426633577673402712e-06
1.127365311522532561e-06
4.846257538060235988e-05
-2.742749952846086593e-05
-3.912726235146685161e-07
-6.114462174205590687e-05
2.975832473487154302e-05
-5.964603158455366195e-05
-2.043132120613461514e-06
-3.948972465308100456e-05
7.565434739016229510e-06
-5.467638112171863303e-05
8.076237922216306792e-06
-1.910413371848586773e-05
-1.829042280519538495e-06
-3.460908166156412800e-05
2.238099371284910707e-05
-1.485439163116902654e-05
2.003385085001373883e-05
-1.563780710314992446e-05
2.703090380594104850e-05
-3.362136466601283596e-05
1.395495579267769237e-05
-3.679245548101717049e-05
6.780603627853064308e-06
-2.372533014943366443e-05
2.282691211638577210e-05
-6.680091105498806719e-06
5.504411348836689422e-05
1.983118439483283826e-05
1.618602781566736912e-05
-1.618926492152634317e-06
6.747288307515971612e-06
-1.411117830757077640e-05
2.624710962069627673e-05
-7.432619340397902258e-06
4.936479396714559334e-05
1.366026615283195272e-05
2.279810082539412974e-05
-1.373086640594090718e-05
9.383155197706643386e-06
-4.321689739140641140e-05
2.090596501257233758e-05
-1.787475049447361311e-05
2.639832615985038961e-05
-1.652074307225727401e-05
2.619143791143981048e-05
4.049944045730804326e-06
-5.451588151381614109e-05
4.441772332252052341e-05
1.662189351367849427e-06
1.429379967466141640e-05
-7.864189885990399698e-06
3.292192968847766979e-05
2.388487983967946954e-05
3.360388469555086396e-05
-1.461898195269416625e-05
5.294225061983938441e-05
-1.434733007095933752e-05
-3.412224461149266502e-06
-5.606208135148019189e-06
-6.222002481651341121e-06
2.147058946087247039e-05
1.044007838046402681e-05
6.568322906796986160e-06
6.898155440392475524e-05
-2.368267440513906891e-05
-1.849622896717400405e-05
-2.015225678701250411e-05
-1.816054464741714836e-06
8.250851728018419873e-06
8.464603245012664035e-06
-1.607600726065156610e-05
5.396475074432097174e-05
1.793016473161049978e-05
9.365155819701653783e-06
-3.391400329640775757e-05
1.097487722307322749e-05
2.396775581734247873e-06
4.876156176023774963e-05
-1.263261485473857193e-05
1.316379611594406529e-05
2.288970978270299383e-05
4.642979743122409297e-05
7.300591523514213255e-06
1.637825260957306850e-06
4.835256864995762099e-05
1.189528624598052559e-05
-1.471395252716344720e-05
6.359700077485531261e-05
-2.687615588035322661e-05
2.452983742796347594e-05
-7.583420193989220959e-07
-2.979194641669277721e-06
2.548389465924314617e-05
1.629417553898875742e-05
7.019198603592374797e-06
4.080663109323062754e-05
7.883218382537075797e-06
1.459375677435783419e-05
-1.492356998087848718e-05
4.612214568471863230e-05
-2.511772928156554008e-06
1.750724097071033880e-05
4.208268680021276520e-06
-5.655810042386709424e-06
5.837434706554203018e-05
3.660918727554571261e-05
1.512337666487954119e-05
7.334805700524860139e-06
3.731595852909681127e-05
5.978651234564771877e-05
1.619236236226340164e-06
2.104580850480729237e-05
2.683024938903051659e-05
4.167840358632220188e-05
8.565005463084286730e-06
3.896057027408163925e-05
1.039488356504442157e-05
2.665404116106509513e-05
-2.557924070132472361e-05
-2.305021545045624065e-05
-2.659525860956163390e-05
-3.076116609006598890e-06
-1.656530446753241848e-05
5.469737163636516353e-05
2.464619029212203327e-05
2.600563249649349984e-05
-1.116631233822815150e-06
-4.517396273976195809e-05
5.503637985763976115e-05
5.832463798706791214e-05
2.415295090312311044e-05
6.019127164918341988e-05
1.480035586029319894e-05
4.228185701530759455e-05
1.346208975252886908e-05
8.808609601890053653e-05
4.865297661022470466e-05
9.553693659132556082e-06
4.444337461287362068e-06
-1.508635654515026736e-05
2.986520096896934373e-05
2.799444306908482893e-06
6.204695122051170908e-06
1.359824023395954373e-05
-1.083429444517086671e-06
4.522717483700089414e-05
1.109465805888311396e-05
1.605655887678726634e-05
3.452431266512921704e-05
1.692938246521114021e-05
-4.487151102829448068e-05
3.648596312478581682e-05
5.439841422658422965e-06
4.405799816208783026e-05
-2.041814119684882967e-05
5.594983858277224886e-06
2.153082293149255477e-07
3.813833508204030054e-05
-1.369402609508081625e-05
-1.883690643298893685e-06
3.294005889303668055e-05
2.949301791364995762e-05
7.341574537026579472e-06
1.705054672271333338e-05
7.223267861550079771e-05
3.998754602569688787e-05
-6.738678230228112298e-06
4.604011651970080221e-05
2.167698454401921493e-05
5.797180355479256142e-05
-1.632072258281325183e-05
-2.445457092528115217e-05
4.626588122724414887e-05
4.538332474202967648e-05
-1.521188023172366510e-05
4.120564195921744277e-05
2.920160331936795528e-05
6.610196027433123955e-05
7.219480379331080777e-06
6.797515925747489585e-05
4.237216772058453873e-05
1.764252321525411338e-05
-1.975278506327962647e-05
7.249422297874591470e-06
9.026128702846122898e-05
5.789019010748672200e-05
-2.020745598358721085e-05
-2.699578265393659526e-05
7.626489409654456375e-05
8.068004021940730630e-06
