2.046106985927363198e-05
4.955556034599265143e-05
7.339672492773170786e-05
9.396317789665744203e-05
1.111110020986958921e-04
1.277935721021531551e-04
1.388943991038414216e-04
1.477113798668801617e-04
1.593406276433355275e-04
1.720223787936528848e-04
1.783051220354248644e-04
1.898448153184037132e-04
1.991919019262316549e-04
2.073650340073361631e-04
2.141871135252649411e-04
2.207541377155070560e-04
2.275262867004424969e-04
2.356359334594708421e-04
2.425768043830484402e-04
2.478565428720561938e-04
2.529078738310493180e-04
2.638321331476694079e-04
2.650000532049305232e-04
2.743901862958288140e-04
2.868409953787681363e-04
2.907535999708841037e-04
3.004820268773097588e-04
3.111157616823012617e-04
3.180376708411137426e-04
3.239758222328067983e-04
3.286528608171298410e-04
3.377677139827957309e-04
3.425794293508638635e-04
3.474162420531879542e-04
3.598868623743891465e-04
3.603567749526723901e-04
3.618393281984363941e-04
3.675752496198076563e-04
3.761971349657399627e-04
3.781029590579545324e-04
3.847866829411149270e-04
3.917223115338878264e-04
3.884118428594002942e-04
3.993580996273157768e-04
3.987162552924212316e-04
4.079325961023512470e-04
4.071891322287770482e-04
4.232099147117932003e-04
4.197281813927058319e-04
4.249438779284683138e-04
4.280063874950133795e-04
4.249036921927223237e-04
5.575577745266062368e-04
4.317453408305901852e-04
4.324656629404195068e-04
4.309591480862740021e-04
4.285540313128353984e-04
4.318079586404788284e-04
4.345917948741472026e-04
4.297243291606564486e-04
4.273407263002092227e-04
4.233986040625727088e-04
4.275276258048216205e-04
4.291452766097200722e-04
4.181799496973462316e-04
4.301584955506247698e-04
4.316127847196343792e-04
4.371252747210722933e-04
4.381398103501972507e-04
4.303996391070048777e-04
4.328435308690418981e-04
4.416800578335745853e-04
4.236481529472715946e-04
4.279293242219969762e-04
4.288690576998571702e-04
4.276793781848031717e-04
4.236513200056961359e-04
4.245627634774686021e-04
4.228785108660627901e-04
4.240142799112091299e-04
4.223034018869635531e-04
4.202295558661216235e-04
4.262829621314544182e-04
4.263728752153007895e-04
4.205093003018176012e-04
4.286535316332072687e-04
4.360484148055038256e-04
4.307383917609083901e-04
4.324774118450031013e-04
4.322369239001984387e-04
4.286267341569102718e-04
4.203103488383957975e-04
4.202179361425806281e-04
4.207086494304179691e-04
4.258312184022283731e-04
4.369108943758429064e-04
4.494440941771524201e-04
4.532845527764617355e-04
4.532447711937531709e-04
5.069701474118420981e-04
4.370195845602095619e-04
4.284869178575387294e-04
4.211387563051657845e-04
4.132273986371393093e-04
4.332952425879291192e-04
4.367680807369211937e-04
4.493410335543179812e-04
4.550643656661898517e-04
4.523270544918786551e-04
4.376557064193070667e-04
4.369017243750702995e-04
4.428560453477101144e-04
4.447490622226796253e-04
4.492676068166695513e-04
4.673548223122006573e-04
4.770074068610255513e-04
4.890580901820429371e-04
4.930325083105507877e-04
4.863206474084100228e-04
4.828172278731127087e-04
4.857409296474476945e-04
4.793438865033083918e-04
4.736820883945239147e-04
4.751795450479434635e-04
4.770181469167106281e-04
4.787988906814893975e-04
4.826087557793581895e-04
4.795832302265726210e-04
4.860836607690627309e-04
4.951178017357643624e-04
4.962214833271957892e-04
4.972197796906038803e-04
4.968228423342449518e-04
4.950297683645604740e-04
5.039528160305853377e-04
5.039419028406433299e-04
5.048324858926700465e-04
5.019292051768736718e-04
5.005986335373108220e-04
4.930251280822056659e-04
4.898441715897872140e-04
4.866916745900479180e-04
6.374132267153304054e-04
4.831165280410887330e-04
4.859641262865005418e-04
4.874908156129176273e-04
4.860159708046304927e-04
4.911654839781717796e-04
4.863184235504233732e-04
4.949828535183928291e-04
4.814844814630819814e-04
4.717432050458519877e-04
4.709513151305577683e-04
4.682499388009159214e-04
4.729810603907452782e-04
4.862426545327799832e-04
4.908323505140102516e-04
5.021672873018051542e-04
4.981043716387884013e-04
5.076569508047495960e-04
5.024582662551818624e-04
5.033701398217682588e-04
4.999398456603382224e-04
5.092189451091772012e-04
5.073701326263196920e-04
5.125451176781065099e-04
5.232991808956644064e-04
5.201361567305495814e-04
5.254149406772740116e-04
5.284310522740975902e-04
5.222411444732594221e-04
5.264166828836402967e-04
5.145842923006127556e-04
5.209117862357975914e-04
5.157231312334920048e-04
5.190673325319999920e-04
5.155416873655338517e-04
5.080240169511723858e-04
5.127749725538921499e-04
5.121660423728913170e-04
5.080817294103451287e-04
5.084126835723651316e-04
5.108902368006623673e-04
5.116649229001124510e-04
5.069590469806151134e-04
5.095120011877340982e-04
5.077368740075277609e-04
5.081668546212808613e-04
5.075898069852868844e-04
5.090102803228108153e-04
5.160559613445886429e-04
5.292755974787566320e-04
5.367072416782026067e-04
5.322840491245595107e-04
5.261383465407498683e-04
5.219336290630816055e-04
5.152805272221061550e-04
5.163064371160458466e-04
5.132457490002600986e-04
5.106751063889969355e-04
