-6.815937122049861531e-04
-6.815937122049861531e-04
-3.656170799279779117e-04
2.458609873296400093e-04
-1.392931469462603804e-03
1.970879784288088500e-03
-1.176437938304709116e-03
4.486120139235457056e-03
1.542448218337950233e-03
-2.292830046786703893e-03
4.051690186670359878e-03
3.903027502825491199e-04
1.494932469252047841e-05
1.332773518947366620e-04
1.203529576675900666e-03
-5.110529067756238927e-04
1.787378135285319462e-03
1.595092134437672143e-03
-8.449565175235457248e-04
-6.680568995180054259e-04
1.774493919335181150e-03
-1.463071399623270055e-03
7.063554708199443199e-04
-6.913638279667580488e-04
2.715325688254848283e-03
2.117090578947211643e-05
-3.724898396011075419e-04
9.129150736288099005e-04
2.826366375844862472e-04
1.686828124260388029e-03
1.240767756736841851e-03
8.828154910470904781e-04
3.373712023157920958e-04
-5.270904210083124375e-04
-1.036674530027700131e-03
-8.687595550858715626e-04
-5.878074954736856039e-04
1.394628894653740167e-03
-1.117817599473684351e-03
4.019484412409977947e-04
-1.506165117922437721e-03
3.376939619185594099e-03
3.048570895567877248e-04
-1.682962227157892843e-03
5.463358479445984406e-04
-4.443730457008333856e-04
2.545080938332409948e-03
-7.696666361994460026e-04
-7.630277973019392035e-04
1.289519073141273675e-03
2.613495027108034968e-03
-3.347183503717453268e-03
-1.051355676177263831e-04
3.201815666814405992e-04
1.480043256936288548e-03
3.048874065595570670e-04
-6.567013629307505429e-04
3.675697411634551437e-05
2.447133360221606657e-03
-1.423314670193909226e-04
-8.056221582714677421e-04
7.110300337894726042e-04
-1.233881354903050565e-04
1.032359094941828759e-03
1.152745816842097593e-04
-2.062817920371190494e-03
1.985566413529087082e-03
9.353883813019367444e-04
6.941380866481994261e-04
-3.085772300720213135e-04
-7.320302552077558034e-04
1.395821217695290828e-03
-1.861346498398891436e-03
1.685095389900276297e-03
-1.427182810554015330e-03
1.910161401168973538e-03
7.641210221939059855e-04
-7.679229189418296242e-04
-6.180324998393341152e-04
-2.882464412781164664e-03
2.504835970753464119e-03
3.709607163157879750e-04
1.791509105152355730e-04
6.699978186703627048e-04
7.358739801661962066e-05
-2.573381174515235181e-04
-6.413425070858728982e-04
2.337503039606649013e-03
2.555741284099716237e-04
-1.002435494116344500e-03
3.953279592698061284e-03
-1.715418988360108837e-03
-2.881216729318559350e-03
2.466575887977839193e-03
-8.855140130249322672e-04
2.168589002864266396e-03
1.380451607894735838e-03
-8.441032613573408450e-04
9.136029519002768218e-04
-8.291582151523542443e-04
-5.054211058781142574e-04
-3.885442368421060388e-04
-1.330232543844876020e-03
2.333232303340721653e-03
-1.777366061102493566e-03
2.398181503157893052e-03
-8.383126231301940567e-04
-1.650654701961216247e-03
-1.444935275401668107e-04
2.142724464216066993e-03
-2.105535500260390797e-03
-3.718717319113572228e-04
-1.715125357340703538e-04
1.007804816742383092e-03
-9.698869877063712175e-04
1.607044159689749452e-03
-1.645627918559558478e-04
8.097791078559568589e-04
3.614968529030461453e-04
7.221932621108047290e-04
-1.787342274099722877e-03
-6.272163014459861130e-04
5.298527187479230849e-04
9.237924622216078796e-04
5.427294988310238377e-04
-8.180520980055408509e-04
1.643745887590052079e-04
-2.213290161196677236e-03
1.144493612969529200e-03
2.679837604520774602e-03
-2.500670131828253151e-03
9.899928714847648636e-04
5.280847939612143271e-05
1.635148765041539998e-04
1.336445059191136708e-03
-1.669998969961217911e-03
-2.810461825484764087e-05
-1.321625323058173845e-03
-5.243801873684207637e-04
-1.169546880720219451e-04
-2.316654481440451330e-04
-3.172008258227124178e-04
3.347486242598337464e-03
-8.844532113573555510e-05
-3.985370441274248277e-04
-5.409050424432133852e-04
-3.714114174016604208e-04
1.445109444116344372e-03
-1.136035165612187675e-03
7.857385999002763910e-04
9.491642853296407278e-04
-9.066126238282574967e-04
-6.503844051523530179e-04
3.863642916897488955e-04
-3.869190644598327622e-04
-1.038305421878115559e-03
2.396806022941826847e-03
-1.340475200188366578e-03
-2.160707879069249243e-03
1.980949199767313013e-03
6.922009482991688112e-04
-1.620686395966759036e-03
-1.049161564487532949e-04
-3.532498555124663486e-04
2.075887719534624809e-03
-3.095923587146803824e-04
-1.414971725019389254e-03
2.065666717324100149e-03
-4.964679530637151894e-04
1.535663379977840470e-03
6.134168609418302887e-04
2.026951047479179369e-04
-1.473596456675895644e-03
-1.095641731833796317e-03
2.041959157313019690e-03
4.694249204337950371e-03
-1.999949897124653209e-03
-1.056944624470916583e-03
-2.820170607412741948e-03
3.770559567700844383e-04
1.291683048576176135e-03
1.024979357717455131e-03
3.545697772576114626e-04
-1.377034950880880182e-03
-2.045561260736846604e-03
2.412650570393356370e-03
-1.550511080720268220e-04
1.444225991468144066e-03
1.699108344764554968e-04
-8.755819194570663155e-04
4.219262348587257683e-04
1.315072258559556173e-03
-1.360991870836561479e-03
-4.212404923047072258e-04
-1.178885860770084726e-03
1.714641544598334566e-04
5.511827889695293525e-04
1.618223067091410783e-03
-8.256297203878132374e-04
-1.044770676509668150e-04
