1.874999999999999836e-05
1.874999999999999836e-05
1.874999999999999836e-05
3.749999999999999671e-05
4.375000000000000633e-05
5.000000000000000917e-05
5.624999999999998491e-05
6.875000000000001769e-05
6.250000000000000130e-05
8.750000000000001266e-05
9.374999999999997485e-05
9.374999999999997485e-05
9.374999999999997485e-05
1.187500000000000404e-04
1.374999999999999270e-04
1.375000000000000354e-04
1.437499999999999976e-04
1.437499999999999976e-04
1.499999999999999598e-04
1.562500000000001388e-04
1.750000000000000253e-04
1.687499999999998463e-04
1.499999999999999598e-04
1.562500000000001388e-04
1.499999999999999598e-04
1.624999999999998841e-04
1.499999999999999598e-04
1.250000000000001110e-04
1.312499999999998564e-04
1.187500000000003657e-04
1.187499999999999320e-04
1.187499999999999320e-04
1.062500000000000076e-04
1.187499999999999320e-04
1.187499999999999320e-04
1.187499999999999320e-04
1.124999999999997530e-04
1.125000000000006203e-04
1.124999999999997530e-04
1.250000000000001110e-04
1.124999999999997530e-04
1.125000000000006203e-04
1.124999999999997530e-04
1.187499999999999320e-04
1.062499999999995740e-04
1.062500000000004413e-04
1.062499999999995740e-04
1.062500000000004413e-04
1.062499999999995740e-04
9.375000000000008327e-05
1.000000000000002623e-04
8.749999999999990424e-05
8.124999999999972522e-05
8.125000000000059258e-05
8.749999999999990424e-05
8.124999999999972522e-05
8.124999999999972522e-05
7.500000000000041356e-05
6.875000000000023453e-05
7.499999999999954620e-05
6.250000000000005551e-05
4.999999999999969746e-05
6.250000000000005551e-05
6.250000000000005551e-05
6.250000000000005551e-05
5.000000000000056483e-05
5.624999999999987649e-05
4.999999999999969746e-05
5.624999999999987649e-05
6.250000000000005551e-05
5.000000000000056483e-05
5.624999999999987649e-05
4.999999999999969746e-05
5.624999999999987649e-05
5.624999999999987649e-05
5.000000000000056483e-05
4.999999999999969746e-05
5.624999999999987649e-05
5.000000000000056483e-05
4.999999999999969746e-05
4.999999999999969746e-05
5.000000000000056483e-05
4.999999999999969746e-05
6.250000000000005551e-05
5.624999999999987649e-05
4.999999999999969746e-05
6.875000000000023453e-05
5.624999999999987649e-05
6.875000000000023453e-05
7.500000000000041356e-05
7.499999999999867883e-05
6.875000000000110190e-05
8.124999999999972522e-05
7.500000000000041356e-05
7.500000000000041356e-05
7.499999999999867883e-05
7.500000000000041356e-05
7.500000000000041356e-05
6.874999999999936717e-05
7.500000000000041356e-05
7.500000000000041356e-05
7.499999999999867883e-05
7.500000000000041356e-05
6.875000000000110190e-05
6.874999999999936717e-05
6.874999999999936717e-05
6.875000000000110190e-05
6.874999999999936717e-05
6.250000000000005551e-05
6.250000000000005551e-05
7.500000000000041356e-05
6.874999999999936717e-05
6.250000000000005551e-05
6.250000000000005551e-05
5.625000000000074385e-05
5.624999999999900913e-05
5.625000000000074385e-05
4.999999999999969746e-05
4.999999999999969746e-05
4.999999999999969746e-05
4.999999999999969746e-05
5.000000000000143219e-05
5.624999999999900913e-05
4.999999999999969746e-05
5.625000000000074385e-05
4.999999999999969746e-05
6.250000000000005551e-05
5.625000000000074385e-05
4.999999999999969746e-05
5.624999999999900913e-05
5.625000000000074385e-05
6.250000000000005551e-05
5.625000000000074385e-05
4.999999999999969746e-05
7.499999999999867883e-05
6.250000000000005551e-05
7.500000000000041356e-05
7.500000000000041356e-05
7.500000000000041356e-05
6.874999999999936717e-05
6.874999999999936717e-05
6.875000000000110190e-05
6.250000000000005551e-05
6.250000000000005551e-05
6.250000000000005551e-05
6.250000000000005551e-05
6.250000000000005551e-05
5.624999999999900913e-05
6.875000000000110190e-05
6.250000000000005551e-05
7.499999999999867883e-05
7.500000000000041356e-05
6.874999999999936717e-05
8.125000000000145994e-05
5.624999999999900913e-05
6.250000000000005551e-05
5.625000000000074385e-05
6.250000000000005551e-05
6.250000000000005551e-05
5.624999999999900913e-05
5.625000000000074385e-05
5.624999999999900913e-05
6.875000000000110190e-05
6.250000000000005551e-05
6.250000000000005551e-05
6.250000000000005551e-05
6.250000000000005551e-05
6.250000000000005551e-05
6.250000000000005551e-05
6.874999999999936717e-05
6.874999999999936717e-05
5.625000000000074385e-05
6.874999999999936717e-05
5.625000000000074385e-05
5.624999999999900913e-05
5.625000000000074385e-05
6.250000000000005551e-05
5.624999999999900913e-05
5.625000000000074385e-05
5.625000000000074385e-05
4.999999999999969746e-05
4.375000000000038580e-05
5.624999999999900913e-05
4.999999999999969746e-05
4.999999999999969746e-05
5.625000000000074385e-05
5.625000000000074385e-05
4.999999999999969746e-05
4.999999999999969746e-05
4.375000000000038580e-05
4.999999999999969746e-05
4.999999999999969746e-05
4.375000000000038580e-05
4.999999999999969746e-05
4.375000000000038580e-05
4.999999999999969746e-05
4.375000000000038580e-05
5.624999999999900913e-05
5.625000000000074385e-05
4.999999999999969746e-05
