4.817963124637003602e-05
4.817963124637003602e-05
9.697676686393208456e-05
1.106127708285775668e-04
1.092057359173281839e-04
1.382001625662709898e-04
1.621202710371250078e-04
1.981726865469823906e-04
1.916624182558557266e-04
1.957161003343088623e-04
1.724262976470214426e-04
1.823146760577820658e-04
1.805822324989492245e-04
2.443834954237722457e-04
2.573370550398301759e-04
2.550709742208390196e-04
1.650749157002806555e-04
2.351901620367691237e-04
3.414221035376030500e-04
4.146238851165939820e-04
4.713899687285305617e-04
2.074175370334607749e-04
2.425003292376715081e-04
3.220219782154032373e-04
2.890369111518964473e-04
3.001519795660101408e-04
2.963192184650687011e-04
3.693594262399457762e-04
3.445724853028409029e-04
3.898704740548097902e-04
4.718587297052323493e-04
4.126747551578269224e-04
3.023934407635486821e-04
4.117618444823278878e-04
2.599865711236937216e-04
2.986943990950230443e-04
3.144536880435033765e-04
4.260142982306369674e-04
3.486739591229692792e-04
3.639412002627295806e-04
3.439289499609365919e-04
2.167229998879527386e-04
2.052344033387498712e-04
2.840001252639723361e-04
3.010271492565053109e-04
3.848168262243767401e-04
3.655521188976607050e-04
4.175261004393249209e-04
4.553399049727069325e-04
2.355638060405063072e-04
1.760880211483240032e-04
3.344306733881197147e-04
3.236217536666252670e-04
4.073995690245801882e-04
4.114673588775374924e-04
1.821680950637727392e-04
1.081294457918602347e-04
2.502803048178847689e-04
3.980358023554231295e-04
4.030277462225839713e-04
4.419159386661597466e-04
4.723543976208333106e-04
5.233302026850239486e-04
6.697372011719160412e-04
6.253740036084032283e-04
6.905764174018891310e-04
6.483259290877008141e-04
6.008037769409391160e-04
6.408665392139134553e-04
5.282872123655302232e-04
5.605293968242719416e-04
4.894318405823661067e-04
4.344854773674633464e-04
4.435807017610926550e-04
4.836260311509299470e-04
4.853559592765677166e-04
6.247612862293472347e-04
5.402347324126033357e-04
5.431087176557269913e-04
5.633287158248734272e-04
6.144410638002639757e-04
4.944500932611006760e-04
5.560395924892880259e-04
5.146165558107540505e-04
4.268815063581676839e-04
3.795455337143316399e-04
4.527746243483399269e-04
4.435928423114354757e-04
3.637604192592291952e-04
3.914400417972530022e-04
3.816510228791258896e-04
3.958984960505951278e-04
3.634378141090799375e-04
4.311878535143698343e-04
5.216536839416363591e-04
4.261147327087044800e-04
2.701664487707589046e-04
3.200902168116748214e-04
2.669393407219722292e-04
3.006505328322361947e-04
4.227959959823834879e-04
3.419320317044061142e-04
4.986719576223208605e-04
4.524521855135965609e-04
4.953673679430892207e-04
3.959297125470939704e-04
3.669359637505920091e-04
4.468004243105561102e-04
5.806632476654804975e-04
5.041370530407540684e-04
4.582796619958529050e-04
4.036799881457220351e-04
4.695210666714189074e-04
3.455975853881021465e-04
3.713122275335045686e-04
2.804864976715393254e-04
4.135847602260156464e-04
3.943917191326917759e-04
2.712307156871318625e-04
3.646637540404285005e-04
2.780448378283395527e-04
3.610539758027719870e-04
4.023939791886199657e-04
4.315108527199740251e-04
4.339590609974131041e-04
3.740699779997136432e-04
3.445796703198666933e-04
3.517128044778772278e-04
3.577867741140217106e-04
4.500185337938944485e-04
4.304853966550226119e-04
4.944188371056590370e-04
5.282268090378572367e-04
4.602501614936471697e-04
3.597912445725270913e-04
3.978960863650904400e-04
4.113883844540922041e-04
3.105232504903021606e-04
4.141703686069142520e-04
3.125737762577074363e-04
3.665716379597228070e-04
4.234778799174776509e-04
3.027350740931744610e-04
3.212268156875808245e-04
2.694857347544932225e-04
4.126981248768757382e-04
4.646250756348280220e-04
5.340987414554909662e-04
4.135399843421261323e-04
3.798589936736540551e-04
3.510714863286246157e-04
4.515745708202345554e-04
3.791630067344620159e-04
3.954065949351992515e-04
4.387070148639260481e-04
3.911940259260227037e-04
3.810439826286149412e-04
3.167604399498813450e-04
3.668503081373231112e-04
2.812246699459564070e-04
1.207266020624153668e-04
1.764065679701332101e-04
3.286733696046262310e-04
3.189040803985854211e-04
4.149787874836441404e-04
2.880441540700218184e-04
2.839636689699887029e-04
1.457151674659762364e-04
3.008602595659937151e-04
3.035628534822087943e-04
2.566188355093146356e-04
2.800901094484053999e-04
3.591205353741244721e-04
3.158357807957479224e-04
1.253536800085441882e-04
2.204739936759736452e-04
2.524457264612145480e-04
2.932785731997178402e-04
4.045364624025715727e-04
4.689857735402647165e-04
3.973924452997934509e-04
2.085408866459026456e-04
3.234501908440101658e-04
3.910066456418448411e-04
3.668503376497156410e-04
4.091434452799802557e-04
3.661171726716538899e-04
4.231975383395258916e-04
4.304838378050845904e-04
3.860124694110567134e-04
4.765696756980908333e-04
2.613374392104184096e-04
2.769085706377794054e-04
3.095625610254337801e-04
3.983762657857603529e-04
3.878731066384588644e-04
3.968341636388927895e-04
4.140810199708688799e-04
4.142766203742986875e-04
4.972280494475178614e-04
