-5.042307459127424226e-04
-5.042307459127424226e-04
2.189324676343490741e-04
5.405459060263158441e-04
1.335472053712603684e-03
-1.219281513375346151e-03
3.618349952790858234e-04
1.681362100415528804e-06
2.826644966412742918e-04
9.959923042922437606e-04
-6.817697956662050526e-04
-1.589712220948751985e-04
1.244269377099030491e-03
1.558947002674514887e-03
2.749724066689746005e-05
7.294791547264546303e-04
7.968464195761771132e-04
7.020395674750693274e-04
8.607753814979229173e-04
2.153470163414120120e-04
9.024397948054017210e-04
1.098207539675207650e-03
1.082801336443214857e-03
1.367207420339324603e-04
1.241753765763157699e-03
6.248504785969534459e-04
5.059803447486146966e-04
4.757924342749311752e-04
7.356721053441810099e-04
2.448651373047096291e-04
1.224310560369805401e-03
7.483744649632965984e-04
9.579398958455657975e-04
-1.740973813850396623e-04
7.842077928982005286e-04
8.517461199819970075e-04
4.210040895207718681e-04
5.138018714342107440e-04
1.104584362237537309e-03
1.370910815837941832e-04
9.867536440595556235e-04
5.828102700893324217e-04
2.246456445644043343e-04
8.480438045360173815e-04
4.132501880817138207e-04
1.342810525092105051e-03
7.047317023995830487e-04
8.834876011862939638e-04
-1.027251438545720430e-04
2.193302135306090389e-03
2.628551727991701448e-04
-5.465526731648212566e-05
8.044968714245141761e-04
3.156051593137150502e-04
4.798711420664798777e-04
3.881422925699484772e-04
3.832818114501319873e-04
1.183745400840034712e-03
7.743011749993047865e-04
4.789762511738238082e-04
8.318220650706392716e-04
3.394324813822680031e-04
6.246364718663424687e-04
4.056205068746557285e-04
8.809642239681406140e-04
2.401041554099744846e-04
5.530150492160657016e-04
7.614290100484144563e-05
1.484381174752087695e-03
9.852721279535944787e-04
5.906830117596989504e-04
1.531892534826842511e-04
-6.751753853187492105e-06
1.249539873350420660e-03
6.931588866509671987e-04
9.669253603497227068e-04
8.108192380283998912e-04
5.959560082105241907e-04
1.618528731184218361e-04
-3.375538152534662828e-04
1.116242612623268016e-03
1.032943618367032634e-03
-2.104329720588674069e-04
5.969010847126157704e-04
1.107775093207752359e-03
-2.750421456385043761e-04
2.292667534113529415e-04
7.288130777513904257e-04
5.374216012950100430e-04
4.927596861973651543e-04
5.664664921987555557e-04
3.688986492326878919e-04
7.346541954231372573e-04
1.110652072145425218e-03
2.032404414065019926e-04
-5.466539665837863438e-04
1.981351704376729805e-04
1.420078200229220322e-03
1.209789626164817222e-03
5.679916210090049655e-04
9.009202349044356795e-04
7.332378176135787018e-04
-7.296115839667619007e-04
-1.452048308449305214e-05
2.273440195000031583e-04
1.010079233623964456e-03
4.160518643497174152e-04
8.211156756952886493e-04
3.213340375685658223e-04
-7.689099103883045849e-06
1.902423126109421825e-03
1.810532106350445924e-04
-5.189074559452944158e-04
1.212482485601802662e-03
2.470662373912774212e-04
6.323415821841982254e-04
5.447551143102635773e-04
8.907476858378837736e-05
9.305324670103864992e-04
2.754388049702183316e-04
6.339631572577220098e-05
4.102394677015092084e-04
5.979432557804836845e-04
4.721071346544258862e-04
5.631952303975090723e-04
9.175129738504123056e-04
1.892709482943372157e-04
3.787619401260239327e-04
3.468729225567790397e-04
-3.536733554854454287e-04
4.381159180110866247e-04
4.680939544736417712e-05
5.946368796024836811e-04
8.126435563982070676e-04
-1.012941216004120681e-04
9.987390384064986915e-04
5.862085607375305818e-04
4.952851472929536980e-04
2.366245885041390329e-04
1.672683265444008249e-05
1.470541293578250808e-03
-1.192265422458455015e-04
8.126666603130300315e-04
1.185888776184113036e-04
4.615325728137137373e-04
5.182313197977794772e-04
8.191212391983615504e-06
8.293604709624924354e-05
1.742505889979206746e-04
1.258786146733387179e-03
3.287379488918495962e-05
8.671921782825442460e-05
-2.827280852472219275e-04
4.382528949182784572e-04
9.079191434965411256e-04
8.126864541516676255e-04
-3.006695146024890297e-04
5.707063941779583205e-04
8.010492161322768645e-04
1.543097344097646428e-03
-7.917036930090021185e-04
1.031092918745146747e-03
8.366821204916496946e-05
7.082618767770137991e-04
1.636425722466069987e-03
2.181475497222973292e-04
-1.718729539154917330e-04
1.828376949042226363e-03
2.038988713436162836e-05
-4.137712265445125936e-05
7.492483285332363074e-04
6.520783682688324756e-05
4.423925729272748519e-04
1.017623411391971322e-03
1.774131773054077321e-04
1.480847336662038938e-03
-4.990049313739475245e-04
6.252509270062295288e-04
3.722210362313016496e-04
1.220933332919657555e-03
1.039889376973773816e-04
4.691608010810310869e-04
4.031930787693899232e-04
-9.390036590263273197e-04
1.372501177717463938e-03
3.352615243358697539e-04
8.707117242049838834e-04
6.249876969536133364e-04
-1.370404475671826994e-04
9.128844293982002478e-04
-1.707965552355528160e-05
9.329168955339306457e-04
5.742240205027782096e-04
-5.925157766038802176e-04
1.048268017351097758e-03
-7.159045734764502011e-04
1.499081640612187627e-03
6.133924166829007874e-05
3.134880803081635525e-04
8.064716629771484513e-04
