-2.904160085748230813e-07
-2.904160085748230813e-07
4.694505145241834043e-05
4.951054654167563740e-05
5.732922143142360483e-05
1.564978580681497533e-05
-1.711243822999364284e-05
-1.505428481429760268e-06
1.959433143472466554e-05
-2.364764119011653065e-05
-2.270378831781272311e-05
1.042072536705518360e-04
3.880046127680003565e-05
3.478711578797089032e-05
2.168774147470742264e-05
3.289628866109950422e-05
6.968218069669518400e-05
8.910704310682859841e-05
7.476597591349332106e-05
1.217497381507115506e-04
1.566609673506746958e-04
9.802115327151028623e-05
4.110504670062908872e-05
1.887152508039946497e-05
3.527836716710197607e-05
4.230807443317274874e-05
4.093075974864746058e-05
3.402699160126587685e-05
1.571504622344122026e-05
1.414596527942180160e-04
1.329595439498731935e-04
1.018761728150963108e-04
4.779314733482920019e-05
8.055287337871419595e-05
4.193204367464176130e-05
7.290377377611179099e-05
6.194195883946207459e-05
7.756542045722625289e-05
6.273301381654050601e-05
8.060759216199642196e-05
3.336830422995262779e-05
6.978797731704844409e-06
3.822792697505406068e-06
7.715920545958709909e-05
1.143086002173276938e-04
9.701310436671661819e-05
7.587432294187124171e-05
8.275173403315960741e-05
7.487957915763843175e-05
2.405193600907296059e-05
8.211283736780927711e-05
1.107017682917543766e-04
1.038994169251239441e-04
1.365541362012834270e-04
1.346363356278246215e-04
1.618343067466554430e-05
-4.347845497054692032e-05
1.959068692070076168e-05
3.557679930210611019e-05
6.590273421203107773e-05
3.814054943429567857e-05
1.980941748946918324e-05
4.530725650564448870e-05
9.172180195449186613e-05
1.049727959054891357e-04
1.401171339923124037e-04
1.221405997933189269e-04
1.162009423847365497e-04
1.650755329762887413e-04
1.248398431759056848e-04
1.249214125547126741e-04
1.152874602405873361e-04
9.567899682938474371e-05
1.051989981908363347e-04
1.514508314972573544e-04
9.251487481876097263e-05
1.006983714777476280e-04
7.479524426923234159e-05
1.058911110716209691e-04
1.679981956428377998e-04
1.409215140109054687e-04
7.927324321865825141e-05
1.047708853043616273e-04
9.885824844246826615e-05
1.065914683753277359e-04
5.568044077008948989e-05
9.009016405947534167e-05
6.587698048221568570e-05
4.659381074922919197e-05
7.154694859234922433e-05
9.070389537146894554e-05
8.484157414301307654e-05
3.954729218769159615e-05
9.858046499555683795e-05
1.526829663207607268e-04
9.810331259529903036e-05
2.640883344895428309e-05
-3.793166460042129984e-06
-1.908480118739674936e-05
-1.847428422419028493e-05
-3.062399377640190323e-06
-3.739209053499337188e-06
3.725907713825193923e-05
5.468878631287310554e-05
4.033894724209119431e-05
2.203507435538654136e-05
8.148094865489952099e-06
8.016064770277608886e-05
1.275466963415183841e-04
1.165665942615135009e-04
9.213757884030115974e-05
4.862114573356279834e-05
6.344343156960974284e-05
5.718429869538965704e-05
2.730993607169551751e-05
1.324755156417722901e-05
2.787854807451140005e-05
5.116010256944747425e-05
1.706218816721616349e-05
5.764174488831486087e-05
2.099971353697327459e-05
9.582529772167447391e-05
1.012912213447236809e-04
1.300235271397554015e-04
9.350617138537131723e-05
6.793325989207232851e-05
8.463942325764861607e-05
8.618155673367766667e-05
5.163116543460688490e-05
7.167673177921329852e-05
6.538166015435109557e-05
1.248240610971507181e-04
1.197774093437686815e-04
9.615317107414256270e-05
7.360754271257263781e-05
9.782232140942426213e-05
1.098355588249333437e-04
7.302274262865893206e-05
8.763218724983090624e-05
3.535512232488713380e-05
7.862348949139175147e-05
8.946848655622119395e-05
4.898788251761487800e-05
5.464939748378583317e-05
4.136217207317827160e-05
1.140673298749561582e-04
1.196751293246478554e-04
1.140978869216269231e-04
1.024302838716906194e-04
8.118258288636326370e-05
7.924817393778482710e-05
1.285603246676814138e-04
9.109241124161115977e-05
1.259115029279556097e-04
1.146359581882805401e-04
1.061210279758029174e-04
6.766745125386108839e-05
6.210571580833601502e-05
7.573555952511412670e-05
2.983734747985522517e-05
-4.094616029615139041e-05
-2.405531712401653976e-05
5.202649283919669188e-05
5.586332058804543976e-05
1.450362002879401757e-04
1.439192058692029264e-04
1.048423756024874365e-04
1.489134983323481265e-06
3.874449763507925582e-05
7.556618514037438672e-06
1.300079931798592270e-05
3.654542800823890047e-05
5.892977081156658414e-05
9.474188517977211177e-05
-2.002391830124850003e-05
1.062995461875715364e-05
1.256603347243867574e-05
4.381549612997304166e-05
6.769300840581138345e-05
4.545790151233575216e-05
3.557131907250266067e-05
1.132500000267100404e-05
2.473956625781426055e-05
2.622240416094712145e-05
2.850208586213653916e-05
2.879981773329376438e-05
2.185549280930842997e-05
7.462777966349420922e-05
9.599526930781365763e-05
6.515595075029523287e-05
5.857775097339867898e-05
2.637562672980209300e-05
7.600354854186974762e-05
1.155500451135438311e-04
1.198830617301638313e-04
5.994580506030189326e-05
7.296512507082297816e-05
4.628902248970945266e-05
5.885302377528489615e-05
1.128060839334921184e-04
