2.499999999999999103e-05
2.499999999999999103e-05
5.000000000000000917e-05
4.999999999999999562e-05
4.999999999999999562e-05
2.500000000000001136e-05
7.499999999999997988e-05
2.500000000000001136e-05
5.000000000000002272e-05
-8.249999999999999955e-04
-2.500000000000001136e-05
-5.000000000000002272e-05
-2.499999999999995715e-05
0.000000000000000000e+00
-2.500000000000006557e-05
-2.499999999999995715e-05
-5.000000000000002272e-05
-2.499999999999995715e-05
0.000000000000000000e+00
7.499999999999997988e-05
2.499999999999995715e-05
5.000000000000002272e-05
0.000000000000000000e+00
5.000000000000002272e-05
7.499999999999997988e-05
2.500000000000001136e-05
5.000000000000002272e-05
0.000000000000000000e+00
7.499999999999997988e-05
2.499999999999998426e-05
2.500000000000001136e-05
2.500000000000001136e-05
2.499999999999998426e-05
2.499999999999999781e-05
0.000000000000000000e+00
2.500000000000001136e-05
-2.500000000000001136e-05
0.000000000000000000e+00
0.000000000000000000e+00
0.000000000000000000e+00
0.000000000000000000e+00
5.000000000000000240e-05
2.500000000000000120e-05
2.500000000000000120e-05
0.000000000000000000e+00
2.500000000000000120e-05
0.000000000000000000e+00
0.000000000000000000e+00
0.000000000000000000e+00
0.000000000000000000e+00
0.000000000000000000e+00
0.000000000000000000e+00
-2.500000000000000120e-05
0.000000000000000000e+00
0.000000000000000000e+00
0.000000000000000000e+00
-0.000000000000000000e+00
-2.500000000000000120e-05
0.000000000000000000e+00
-2.500000000000000120e-05
-5.000000000000000240e-05
0.000000000000000000e+00
-4.999999999999998207e-05
-2.500000000000001136e-05
-2.500000000000001136e-05
-4.999999999999999562e-05
-2.500000000000001136e-05
-4.999999999999996851e-05
0.000000000000000000e+00
-2.500000000000001136e-05
-5.000000000000002272e-05
-2.499999999999995715e-05
-5.000000000000002272e-05
-2.500000000000001136e-05
-2.499999999999995715e-05
0.000000000000000000e+00
-2.500000000000006557e-05
0.000000000000000000e+00
-4.999999999999991430e-05
-2.500000000000006557e-05
0.000000000000000000e+00
-5.000000000000002272e-05
0.000000000000000000e+00
0.000000000000000000e+00
2.500000000000006557e-05
0.000000000000000000e+00
0.000000000000000000e+00
2.499999999999995715e-05
2.500000000000006557e-05
2.499999999999995715e-05
0.000000000000000000e+00
2.499999999999995715e-05
2.500000000000006557e-05
4.999999999999996851e-05
0.000000000000000000e+00
5.000000000000002272e-05
0.000000000000000000e+00
0.000000000000000000e+00
0.000000000000000000e+00
0.000000000000000000e+00
0.000000000000000000e+00
0.000000000000000000e+00
-2.500000000000001136e-05
2.500000000000001136e-05
-2.500000000000001136e-05
0.000000000000000000e+00
0.000000000000000000e+00
0.000000000000000000e+00
0.000000000000000000e+00
0.000000000000000000e+00
0.000000000000000000e+00
-2.500000000000001136e-05
-2.500000000000001136e-05
-2.499999999999995715e-05
0.000000000000000000e+00
-2.500000000000006557e-05
-2.499999999999995715e-05
0.000000000000000000e+00
2.499999999999995715e-05
-2.499999999999995715e-05
-2.499999999999995715e-05
-2.500000000000006557e-05
0.000000000000000000e+00
0.000000000000000000e+00
0.000000000000000000e+00
-2.499999999999995715e-05
0.000000000000000000e+00
-2.500000000000006557e-05
2.500000000000006557e-05
-2.500000000000006557e-05
5.000000000000002272e-05
5.000000000000002272e-05
0.000000000000000000e+00
5.000000000000002272e-05
-2.500000000000006557e-05
2.500000000000006557e-05
0.000000000000000000e+00
4.999999999999996851e-05
5.000000000000002272e-05
7.499999999999997988e-05
7.499999999999997988e-05
7.500000000000000698e-05
7.500000000000000698e-05
7.500000000000000698e-05
5.000000000000000240e-05
2.500000000000000120e-05
4.999999999999999562e-05
2.500000000000001136e-05
4.999999999999998207e-05
2.500000000000001136e-05
4.999999999999999562e-05
7.499999999999997988e-05
7.500000000000003409e-05
2.500000000000001136e-05
4.999999999999996851e-05
5.000000000000002272e-05
2.499999999999995715e-05
7.499999999999997988e-05
2.500000000000006557e-05
5.000000000000002272e-05
4.999999999999991430e-05
2.500000000000006557e-05
2.499999999999995715e-05
2.500000000000006557e-05
2.499999999999995715e-05
2.499999999999995715e-05
2.500000000000006557e-05
2.499999999999995715e-05
5.000000000000002272e-05
5.000000000000002272e-05
7.499999999999997988e-05
4.999999999999991430e-05
2.500000000000006557e-05
2.500000000000006557e-05
2.499999999999984873e-05
5.000000000000013115e-05
2.500000000000006557e-05
2.499999999999984873e-05
2.500000000000006557e-05
0.000000000000000000e+00
2.500000000000006557e-05
0.000000000000000000e+00
2.499999999999984873e-05
2.500000000000006557e-05
-2.500000000000006557e-05
-2.499999999999984873e-05
0.000000000000000000e+00
-2.500000000000006557e-05
2.500000000000006557e-05
-2.500000000000006557e-05
-2.500000000000006557e-05
0.000000000000000000e+00
-2.499999999999984873e-05
-2.500000000000006557e-05
0.000000000000000000e+00
2.500000000000006557e-05
-2.500000000000006557e-05
0.000000000000000000e+00
0.000000000000000000e+00
0.000000000000000000e+00
