4.898033126017750042e-04
4.898033126017750042e-04
4.898033126017750042e-04
4.898033126017750042e-04
4.898033126017750042e-04
4.898033126017747874e-04
5.840156974374999081e-04
5.840156974374999081e-04
5.840156974375003418e-04
5.840156974375003418e-04
5.840156974375003418e-04
6.124421625999998051e-04
6.124421625999998051e-04
6.124421625999998051e-04
6.124421625999998051e-04
6.124421626000006724e-04
5.841250796125001948e-04
5.841250796125001948e-04
5.841250796125001948e-04
5.841250796125001948e-04
5.841250796125001948e-04
7.181927479625004052e-04
7.181927479625004052e-04
7.181927479625004052e-04
7.181927479625004052e-04
7.181927479625004052e-04
8.411327106124990433e-04
8.411327106125007780e-04
8.411327106125007780e-04
8.411327106125007780e-04
8.411327106125007780e-04
8.873771913374996212e-04
8.873771913374996212e-04
8.873771913374996212e-04
8.873771913374996212e-04
8.873771913374996212e-04
8.323128932374995737e-04
8.323128932374995737e-04
8.323128932374995737e-04
8.323128932374995737e-04
8.323128932374995737e-04
7.500307425499994074e-04
7.500307425499994074e-04
7.500307425499994074e-04
7.500307425499994074e-04
7.500307425500028768e-04
7.461495999374970212e-04
7.461495999374970212e-04
7.461495999374970212e-04
7.461495999374970212e-04
7.461495999374970212e-04
6.557430634500024946e-04
6.557430634500024946e-04
6.557430634500024946e-04
6.557430634500024946e-04
6.557430634500024946e-04
6.743808598874967419e-04
6.743808598874967419e-04
6.743808598874967419e-04
6.743808598874967419e-04
6.743808598874967419e-04
6.911881380000026165e-04
6.911881380000026165e-04
6.911881380000026165e-04
6.911881380000026165e-04
6.911881380000026165e-04
6.337043029625011314e-04
6.337043029625011314e-04
6.337043029625011314e-04
6.337043029625011314e-04
6.337043029625011314e-04
6.642747610874980002e-04
6.642747610874980002e-04
6.642747610874980002e-04
6.642747610874980002e-04
6.642747610874980002e-04
6.354468538624993834e-04
6.354468538624993834e-04
6.354468538624993834e-04
6.354468538624993834e-04
6.354468538624993834e-04
5.966359760374989607e-04
5.966359760374989607e-04
5.966359760374989607e-04
5.966359760374989607e-04
5.966359760374989607e-04
6.315738250499969286e-04
6.315738250499969286e-04
6.315738250499969286e-04
6.315738250499969286e-04
6.315738250499969286e-04
6.367327131250044570e-04
6.367327131250044570e-04
6.367327131250044570e-04
6.367327131250044570e-04
6.367327131250044570e-04
6.849136017499923845e-04
6.849136017499923845e-04
6.849136017499923845e-04
6.849136017499923845e-04
6.849136017499923845e-04
7.028343166250033969e-04
7.028343166250033969e-04
7.028343166250033969e-04
7.028343166250033969e-04
7.028343166250033969e-04
6.346264367499965253e-04
6.346264367499965253e-04
6.346264367499965253e-04
6.346264367499965253e-04
6.346264367499965253e-04
6.284903422500015546e-04
6.284903422500015546e-04
6.284903422500015546e-04
6.284903422500015546e-04
6.284903422500015546e-04
5.949456511250006407e-04
5.949456511250006407e-04
5.949456511250006407e-04
5.949456511250006407e-04
5.949456511250006407e-04
5.475390787499923029e-04
5.475390787499923029e-04
5.475390787499923029e-04
5.475390787499923029e-04
5.475390787499923029e-04
5.604383863749978767e-04
5.604383863749978767e-04
5.604383863749978767e-04
5.604383863749978767e-04
5.604383863749978767e-04
5.983674213750067583e-04
5.983674213750067583e-04
5.983674213750067583e-04
5.983674213750067583e-04
5.983674213750067583e-04
5.833170996250025553e-04
5.833170996250025553e-04
5.833170996250025553e-04
5.833170996250025553e-04
5.833170996250025553e-04
5.492519247499993984e-04
5.492519247499993984e-04
5.492519247499993984e-04
5.492519247499993984e-04
5.492519247499993984e-04
5.377709343750008975e-04
5.377709343750008975e-04
5.377709343750008975e-04
5.377709343750008975e-04
5.377709343750008975e-04
5.513704840000022145e-04
5.513704840000022145e-04
5.513704840000022145e-04
5.513704840000022145e-04
5.513704840000022145e-04
5.226543477499928647e-04
5.226543477499928647e-04
5.226543477499928647e-04
5.226543477499928647e-04
5.226543477499928647e-04
4.783698831249960648e-04
4.783698831249960648e-04
4.783698831249960648e-04
4.783698831249960648e-04
4.783698831249960648e-04
5.478741829999939084e-04
5.478741829999939084e-04
5.478741829999939084e-04
5.478741829999939084e-04
5.478741829999939084e-04
5.575391681249958209e-04
5.575391681249958209e-04
5.575391681249958209e-04
5.575391681249958209e-04
5.575391681249958209e-04
5.602060099999944809e-04
5.602060099999944809e-04
5.602060099999944809e-04
5.602060099999944809e-04
5.602060099999944809e-04
5.248238420000050919e-04
5.248238420000050919e-04
5.248238420000050919e-04
5.248238420000050919e-04
5.248238420000050919e-04
5.085280254999990923e-04
5.085280254999990923e-04
5.085280254999990923e-04
5.085280254999990923e-04
5.085280254999990923e-04
5.213223091249941099e-04
5.213223091249941099e-04
5.213223091249941099e-04
5.213223091249941099e-04
5.213223091249941099e-04
5.763920780000042488e-04
5.763920780000042488e-04
5.763920780000042488e-04
5.763920780000042488e-04
