1.143975132617728550e-04
1.143975132617728550e-04
-4.085356865304707826e-06
-1.194300780024238289e-04
-4.332438448441828247e-05
1.888409775141966637e-04
-3.642792247403046674e-05
9.520136800173130019e-05
6.360842503047090652e-05
-1.809494754186287998e-04
2.858055798511079440e-05
1.113902334726454482e-04
3.442149121423129831e-04
1.511001940363573348e-04
7.711885637500003662e-05
7.225926735768696107e-05
-6.164792287015232863e-05
1.787927412319943949e-04
2.260429302219529347e-04
7.903850852908583628e-05
1.118079196398892063e-04
2.195864255792937241e-04
8.626489799272852969e-05
2.310918441994459175e-04
8.989928879293623484e-05
3.755316400841412008e-04
2.536200067697370886e-04
3.732026231713985939e-04
2.488037616873270581e-04
3.837585626083796914e-04
5.437568905159242960e-05
2.295650858673827996e-04
3.936482285231994102e-04
1.630831357489611819e-04
2.359776764421740378e-04
2.231870807233382950e-04
1.076699933763849634e-04
-9.880314872714665575e-05
2.815780514802629711e-04
1.754388486340024630e-04
8.346235442901681068e-05
2.787256873919667644e-04
1.191932618552632439e-04
8.244972456959796109e-05
1.604882101980615108e-04
1.651128764826870210e-04
1.456353538483376453e-04
1.894999173833100334e-04
7.159866438434959318e-05
2.842809573891900976e-05
-2.749172783932801734e-06
7.003457828254778389e-05
2.537305341412743678e-04
1.806629865415514125e-04
-1.036362816745151419e-04
8.736353129639926052e-05
1.739045454722991726e-04
2.933598585872550929e-05
2.020632072506920243e-04
-1.174202744113651831e-06
1.555068474134351300e-04
8.063403244806029851e-05
1.957255796554719512e-04
-4.716952142486130484e-05
1.756114662177978708e-04
8.688779056855930327e-05
1.085900543074808100e-05
3.429678913947371149e-04
9.263861974099715790e-05
8.645901858725726918e-05
-1.554801026253469637e-04
1.742383628912744925e-04
2.674288167863574095e-04
-1.823047732988219982e-04
8.581892040997185500e-05
1.205669285363579479e-04
1.144647643004995108e-06
6.682509783379440849e-05
1.426145694390593827e-04
1.025796930706358162e-04
1.141834489106659245e-04
-3.245268560699531013e-05
8.806743844113652797e-05
1.400876952112155294e-05
1.369812073770768773e-04
5.918183874272821277e-05
9.949143639993197896e-05
7.694864574342083485e-05
-8.584378880713283699e-05
2.247327788092098877e-04
-5.246216784972335123e-06
7.921964397506961464e-05
1.731289684369797383e-04
2.933470448338026948e-05
8.231825321156592545e-05
-9.594196035665053524e-06
7.325826141204964947e-05
1.525455992278275386e-05
-2.641590318351767774e-05
1.347066133493765583e-04
1.859159185121205676e-04
6.466651221398792004e-05
9.859628121952970781e-05
-9.660960362707811389e-05
1.457719505020774881e-04
8.919288259003066432e-06
9.720812386253448178e-05
9.598733590027684615e-05
-2.220878242382290368e-05
5.259928842347647016e-05
1.186000690723693074e-04
4.500288478150905880e-05
-9.387561338954249213e-05
2.965572273545130644e-06
8.545731722541666242e-05
7.579680905574724681e-05
1.418256786575484985e-04
6.022758753185600278e-05
1.050728521883627364e-05
1.386776217222988883e-04
1.400301651274249437e-04
1.516651458722297063e-04
1.578681453614956542e-04
-2.962515876835276896e-05
9.225038296329680920e-05
-1.111454732340144691e-06
7.289437423753375445e-05
9.015050578393447867e-05
7.802255605643924896e-05
-6.718188590304659258e-05
-1.617290989162044335e-05
2.010471504605357285e-05
5.949288716343426042e-05
4.275160408483309749e-05
1.497518893549178859e-04
1.600117809937712243e-05
-1.775933943836717488e-05
6.430471856994600388e-05
7.891790973476447979e-05
-1.005347447759694091e-04
1.050609131554702119e-04
2.125654336281156825e-04
-9.492928078254705970e-06
4.923260558760411687e-05
1.166875995945292760e-04
8.076660687326986388e-06
5.461998819840732655e-05
-2.959702488227085315e-05
1.134743655311631905e-04
1.252998104847580230e-05
1.510268894279777341e-04
-4.823588843144016591e-05
1.805382639508308629e-04
1.582070825311560069e-05
6.507392837119124751e-05
-7.847465014058051247e-05
-6.272142167937019841e-06
6.856799145602519852e-05
1.842774707250683514e-04
7.244479164162168083e-05
-1.180220301073408445e-04
9.088484892001355564e-05
5.278042533933893776e-06
-5.060572632270901594e-06
2.478942085820633190e-04
1.038382637264540637e-04
6.781161319257406062e-07
1.728226459909963653e-04
1.652727617905119101e-04
8.085066296087406457e-05
-9.944885532583123966e-05
5.211504102839263630e-05
4.740022077977766590e-05
-1.397123822160541151e-05
2.903359526488895337e-05
1.949888720931443331e-04
9.525726914923725308e-05
1.230165600380958568e-05
-3.670828200034656486e-05
-9.780709909965046300e-07
-4.235552059037375749e-05
-3.316991200623398139e-05
-3.462386832063860109e-06
-6.813213009452916136e-05
1.759295561928678198e-04
7.590708786876787517e-05
-3.827402138159227696e-06
6.786928333448773165e-05
4.335922196295124986e-05
5.688635845775558142e-05
5.973066098407218971e-05
1.231946977700744406e-05
7.630357023164814623e-05
-1.925015915848326403e-04
1.076087119587943591e-04
9.339961576004113253e-05
1.653037271977155637e-04
4.156824826489005642e-05
2.826177306682747803e-05
3.353874575311513451e-05
