9.999999999999999124e-05
9.999999999999999124e-05
1.374999999999999541e-04
1.750000000000000795e-04
1.875000000000000039e-04
2.124999999999999068e-04
2.374999999999999724e-04
2.375000000000000808e-04
1.874999999999999497e-04
-2.375000000000000808e-04
2.874999999999999951e-04
3.250000000000002019e-04
3.249999999999997682e-04
3.375000000000001263e-04
3.875000000000002574e-04
3.624999999999999750e-04
3.499999999999996170e-04
4.000000000000001818e-04
4.250000000000000305e-04
5.624999999999996322e-04
6.000000000000007064e-04
5.875000000000003483e-04
5.749999999999999903e-04
5.749999999999991229e-04
6.375000000000017805e-04
5.874999999999977462e-04
7.125000000000013267e-04
5.999999999999998390e-04
6.499999999999995365e-04
6.499999999999995365e-04
5.999999999999998390e-04
5.874999999999994810e-04
5.750000000000008576e-04
5.249999999999994255e-04
5.500000000000001416e-04
5.375000000000015182e-04
5.249999999999994255e-04
5.249999999999976907e-04
5.125000000000025369e-04
5.499999999999984068e-04
5.375000000000032530e-04
5.624999999999970302e-04
5.125000000000025369e-04
5.249999999999976907e-04
5.000000000000004441e-04
5.249999999999976907e-04
5.250000000000080991e-04
5.124999999999955980e-04
5.250000000000011602e-04
5.749999999999956535e-04
5.374999999999997835e-04
5.625000000000039690e-04
5.499999999999949374e-04
5.375000000000032530e-04
5.250000000000011602e-04
5.000000000000004441e-04
4.499999999999990119e-04
5.124999999999990674e-04
4.625000000000011047e-04
4.249999999999982958e-04
4.500000000000024813e-04
4.375000000000003886e-04
4.124999999999962030e-04
4.125000000000031419e-04
4.124999999999996725e-04
3.999999999999975797e-04
4.375000000000003886e-04
3.750000000000003331e-04
3.750000000000003331e-04
4.124999999999996725e-04
3.250000000000023703e-04
3.625000000000017097e-04
3.500000000000030864e-04
4.249999999999948264e-04
4.125000000000031419e-04
3.624999999999878320e-04
3.875000000000128342e-04
3.749999999999933942e-04
3.500000000000030864e-04
4.000000000000045186e-04
3.124999999999863998e-04
3.874999999999989564e-04
3.375000000000044631e-04
3.999999999999975797e-04
4.375000000000073275e-04
4.375000000000003886e-04
4.125000000000031419e-04
3.999999999999906408e-04
4.375000000000073275e-04
4.124999999999962030e-04
4.124999999999962030e-04
4.000000000000045186e-04
4.124999999999962030e-04
3.500000000000030864e-04
3.750000000000003331e-04
3.750000000000003331e-04
3.249999999999989009e-04
3.500000000000030864e-04
3.750000000000003331e-04
3.249999999999989009e-04
3.000000000000016542e-04
3.374999999999975242e-04
3.249999999999989009e-04
3.000000000000016542e-04
2.874999999999960920e-04
3.000000000000016542e-04
2.874999999999960920e-04
2.875000000000030309e-04
2.875000000000030309e-04
2.749999999999974687e-04
2.750000000000044076e-04
2.750000000000044076e-04
2.624999999999988454e-04
2.749999999999905298e-04
2.874999999999960920e-04
2.500000000000140998e-04
2.624999999999988454e-04
2.500000000000002220e-04
2.749999999999974687e-04
2.624999999999988454e-04
2.124999999999974132e-04
2.000000000000057288e-04
2.874999999999960920e-04
2.375000000000015987e-04
2.624999999999988454e-04
2.749999999999974687e-04
2.375000000000015987e-04
3.125000000000072164e-04
2.749999999999974687e-04
3.374999999999905853e-04
3.125000000000072164e-04
3.625000000000017097e-04
3.749999999999933942e-04
4.250000000000087041e-04
4.624999999999976352e-04
4.749999999999893197e-04
4.375000000000073275e-04
4.375000000000003886e-04
4.624999999999976352e-04
5.000000000000004441e-04
4.875000000000018208e-04
4.500000000000059508e-04
4.499999999999920730e-04
4.499999999999990119e-04
4.000000000000045186e-04
3.624999999999947708e-04
3.999999999999975797e-04
3.625000000000086486e-04
4.124999999999962030e-04
3.875000000000058953e-04
4.124999999999962030e-04
5.000000000000004441e-04
5.124999999999921285e-04
4.875000000000087597e-04
4.625000000000045741e-04
4.999999999999935052e-04
5.000000000000004441e-04
5.000000000000004441e-04
4.875000000000018208e-04
3.999999999999975797e-04
4.124999999999962030e-04
4.000000000000114575e-04
3.375000000000044631e-04
3.874999999999850786e-04
3.750000000000142109e-04
3.499999999999892086e-04
3.999999999999975797e-04
3.625000000000017097e-04
4.124999999999962030e-04
3.999999999999975797e-04
3.999999999999975797e-04
3.999999999999975797e-04
3.875000000000267120e-04
3.624999999999878320e-04
3.374999999999905853e-04
3.500000000000169642e-04
3.874999999999850786e-04
3.625000000000017097e-04
3.750000000000003331e-04
3.750000000000003331e-04
3.125000000000072164e-04
3.749999999999864553e-04
3.250000000000058398e-04
3.124999999999933387e-04
2.750000000000113465e-04
2.874999999999960920e-04
2.500000000000002220e-04
2.624999999999988454e-04
3.249999999999919620e-04
2.375000000000154765e-04
2.374999999999877209e-04
2.250000000000029754e-04
2.749999999999974687e-04
2.500000000000002220e-04
2.624999999999988454e-04
2.750000000000113465e-04
2.500000000000002220e-04
2.874999999999960920e-04
3.000000000000085931e-04
2.624999999999988454e-04
