-9.243487272853186055e-05
-9.243487272853186055e-05
-4.052531245360111464e-05
-2.042507286156509450e-04
6.505420348753459311e-05
6.781760117174516142e-05
-1.206476098836564747e-04
1.625578975727146622e-04
1.433438925858725773e-04
-1.522823305332409989e-05
-1.551108124148199306e-04
2.144395907541551190e-04
3.027229417333794897e-04
2.164711235415512107e-04
-1.292255104785318518e-04
2.452380889127425646e-05
2.584297948019390143e-04
1.521556225193905921e-04
6.848630824653743378e-05
8.545349982479221503e-05
2.590733596357340258e-04
2.437480634148200646e-04
1.546750987943211995e-04
1.927657508310250817e-04
1.503893182797783057e-04
-1.004140286495853671e-05
2.365860888891967856e-04
-6.496684840858737639e-05
4.367560422119114334e-04
1.427995839078945693e-04
1.436956108808867816e-04
-7.121015876592829211e-05
4.342566764826871935e-04
1.688245484092799377e-04
3.544407803005539086e-04
2.027749652368415929e-04
2.923351574632970795e-04
2.660046296385039019e-04
9.436666880193941842e-05
6.180805330331662351e-06
5.340638563130200439e-04
3.468904212188331226e-05
2.047361542860115513e-04
-1.390136499078951926e-04
2.626872095256235773e-04
1.707573993857342334e-04
2.135136461966754065e-04
4.349956478469528195e-04
1.930648825595572896e-04
3.307830718386420982e-04
1.340053370332411342e-04
-2.073514024238196779e-05
7.585684760872540844e-05
6.789833237534625976e-06
2.366771710588643635e-04
2.224932838975068883e-04
3.712148843400273415e-04
4.385706277354635418e-05
1.795268264861496488e-04
-1.152279581482004017e-04
6.857616315803331808e-04
7.024814703670417826e-05
1.090111298954286184e-04
3.819208480027695696e-04
3.194851782202350055e-05
3.608527182326869143e-04
2.242389749729910980e-04
8.139132979085791919e-05
5.306834202783942273e-04
6.374798076107940359e-05
5.767298099861560556e-05
2.975429166925201013e-04
-4.662694731994397601e-05
2.896627378275624942e-04
-1.816233499515179650e-05
7.043670845921050361e-04
1.151387940831020973e-04
1.127080131565101617e-04
-1.860270015900285234e-04
2.276359801246623238e-05
2.102589903587252090e-04
4.415534772936290098e-04
-6.521181664335268247e-05
2.111060668829652792e-04
1.282912168067869285e-04
2.116230213019387046e-04
-4.852023164335188266e-05
-2.034236693905858151e-05
1.868295281558171594e-04
2.448771357319943359e-04
-1.474550319916900082e-04
2.461905705110813830e-04
3.048602553621885397e-04
2.934497240865644591e-04
1.568313410803320179e-04
1.879509361239622978e-04
-4.309317310734073897e-04
4.080338942077550712e-04
4.884887715484766135e-04
-1.679660024321329159e-04
2.470400853268710228e-04
4.512512161772806729e-05
5.862685352562256591e-05
1.386358884072017711e-04
-2.572784944023537995e-04
2.946864507548472428e-04
2.120797047506922661e-04
1.679164005214672795e-04
-1.551942787486135927e-04
-3.856987902216106601e-05
3.425611058005539888e-04
1.495817712590039039e-04
2.213671653324145172e-05
1.034967219473680033e-04
1.517822213718822422e-04
1.369890105076196352e-04
8.598034854847419473e-05
2.183750284522160967e-04
2.177004465103889175e-04
-2.414737408760400661e-04
1.390704649487546629e-04
-9.170738856579055409e-05
2.294799272818566493e-04
1.640514409321329470e-04
2.909672022278382564e-04
2.324945421066509921e-04
1.357516194023522527e-04
-8.350317574099680451e-05
-1.603014361585865244e-04
-1.411024225879513316e-04
2.903326317236845644e-04
-2.154299711288124031e-05
2.290686451301947313e-04
5.271707722022053733e-05
6.001723344185166953e-06
1.917068841675896584e-04
8.024900456717401487e-05
-2.750707115879505449e-04
-9.176206141551374040e-05
3.426546494307500246e-04
7.148524499445835234e-05
6.814916647299162911e-05
-4.501644547089816983e-06
1.309662683836552988e-04
2.134393016198082860e-04
-8.055274488919655917e-05
-1.702366682742387227e-04
1.917855032077565858e-04
1.417971752022129106e-04
2.518989956246560358e-04
1.258970402389196497e-04
3.840445870775463511e-05
3.999946280401622811e-05
2.023728144785325034e-04
-9.030806708933483695e-05
9.502138521814279537e-05
1.953530320540179666e-04
1.868313427555411133e-04
1.058912933185572613e-04
-2.112641953157870511e-04
-2.848545643143948758e-05
3.740832464819918157e-04
-1.511710083213282929e-04
3.744445744092786410e-04
9.575093051662070254e-05
2.155455063157889206e-04
1.767714540443221516e-04
4.098418735117743961e-04
-1.187626067001394670e-04
2.241713105941810225e-04
9.870664045290994393e-05
1.264546712756234315e-04
1.995492485526301207e-04
-3.341252343767170396e-05
2.570309949210536349e-04
-2.533399962119375903e-05
-2.555416455450112978e-04
2.966282902112163389e-04
6.121101854778682183e-05
3.999264715512373947e-05
2.798178477486160109e-04
1.036084655367010277e-04
-9.491635901454076318e-05
-1.177162464210540493e-04
2.400806859342123623e-04
-2.210554563296385222e-05
1.877832359342100632e-04
2.744281284210517424e-05
-1.112597615491699166e-04
2.408249080110801132e-04
-1.102123247306088794e-04
4.133264724383647892e-04
5.628316599030555589e-05
-2.859804308310252841e-04
1.547155583905800158e-04
-2.538096035242382031e-04
1.752104797091424970e-04
1.083312644937668712e-04
-1.800933560373967068e-04
2.000750739099728392e-04
