2.701795636452722230e-04
2.701795636452722230e-04
2.701795636452722230e-04
2.701795636452722230e-04
2.701795636452722230e-04
2.701795636452721146e-04
3.176631511825000424e-04
3.176631511825000424e-04
3.176631511825002592e-04
3.176631511824998255e-04
3.176631511824998255e-04
2.918133232725000567e-04
2.918133232725000567e-04
2.918133232725000567e-04
2.918133232725000567e-04
2.918133232725000567e-04
3.248714264100002053e-04
3.248714264100002053e-04
3.248714264100002053e-04
3.248714264100002053e-04
3.248714264100002053e-04
3.867424664499999679e-04
3.867424664499999679e-04
3.867424664499999679e-04
3.867424664499999679e-04
3.867424664499999679e-04
3.491692152499999841e-04
3.491692152499999841e-04
3.491692152499999841e-04
3.491692152499999841e-04
3.491692152499999841e-04
3.339899113000005526e-04
3.339899113000005526e-04
3.339899113000005526e-04
3.339899113000005526e-04
3.339899113000005526e-04
3.744949168499999564e-04
3.744949168499999564e-04
3.744949168499999564e-04
3.744949168499999564e-04
3.744949168499999564e-04
3.446765214250007564e-04
3.446765214250007564e-04
3.446765214250007564e-04
3.446765214250007564e-04
3.446765214250007564e-04
3.559744863749995242e-04
3.559744863749995242e-04
3.559744863750012589e-04
3.559744863750012589e-04
3.559744863750012589e-04
3.222039852499997137e-04
3.222039852499997137e-04
3.222039852499997137e-04
3.222039852499997137e-04
3.222039852499997137e-04
3.436316054000014553e-04
3.436316054000014553e-04
3.436316054000014553e-04
3.436316054000014553e-04
3.436316054000014553e-04
2.916579235500010858e-04
2.916579235500010858e-04
2.916579235500010858e-04
2.916579235500010858e-04
2.916579235500010858e-04
2.577720446749996730e-04
2.577720446749996730e-04
2.577720446749996730e-04
2.577720446749996730e-04
2.577720446749996730e-04
2.596517865500018452e-04
2.596517865500018452e-04
2.596517865500018452e-04
2.596517865500018452e-04
2.596517865500018452e-04
2.513252590750011950e-04
2.513252590750011950e-04
2.513252590750011950e-04
2.513252590750011950e-04
2.513252590750011950e-04
2.330777353500013138e-04
2.330777353500013138e-04
2.330777353500013138e-04
2.330777353500013138e-04
2.330777353500013138e-04
2.865996685749994111e-04
2.865996685749994111e-04
2.865996685749994111e-04
2.865996685749994111e-04
2.865996685749994111e-04
2.734315190749993241e-04
2.734315190749993241e-04
2.734315190749993241e-04
2.734315190749993241e-04
2.734315190749993241e-04
2.861311008249996235e-04
2.861311008249996235e-04
2.861311008249996235e-04
2.861311008249996235e-04
2.861311008249996235e-04
2.486103979250017804e-04
2.486103979250017804e-04
2.486103979250017804e-04
2.486103979250017804e-04
2.486103979250017804e-04
2.556368560249974720e-04
2.556368560249974720e-04
2.556368560249974720e-04
2.556368560249974720e-04
2.556368560249974720e-04
2.285758134250026608e-04
2.285758134250026608e-04
2.285758134250026608e-04
2.285758134250026608e-04
2.285758134250026608e-04
2.116154660250016417e-04
2.116154660250016417e-04
2.116154660250016417e-04
2.116154660250016417e-04
2.116154660250016417e-04
2.019236787249995002e-04
2.019236787249995002e-04
2.019236787249995002e-04
2.019236787249995002e-04
2.019236787249995002e-04
2.185810727000012110e-04
2.185810727000012110e-04
2.185810727000012110e-04
2.185810727000012110e-04
2.185810727000012110e-04
2.323172048249999566e-04
2.323172048249999566e-04
2.323172048249999566e-04
2.323172048249999566e-04
2.323172048249999566e-04
2.197831023999993749e-04
2.197831023999993749e-04
2.197831023999993749e-04
2.197831023999993749e-04
2.197831023999993749e-04
2.190460849499989426e-04
2.190460849499989426e-04
2.190460849499989426e-04
2.190460849499989426e-04
2.190460849499989426e-04
2.188704965499985167e-04
2.188704965499985167e-04
2.188704965499985167e-04
2.188704965499985167e-04
2.188704965499985167e-04
2.111625678250031446e-04
2.111625678250031446e-04
2.111625678250031446e-04
2.111625678250031446e-04
2.111625678250031446e-04
1.940091401000029747e-04
1.940091401000029747e-04
1.940091401000029747e-04
1.940091401000029747e-04
1.940091401000029747e-04
2.134803379749972141e-04
2.134803379749972141e-04
2.134803379749972141e-04
2.134803379749972141e-04
2.134803379749972141e-04
2.059909262000017560e-04
2.059909262000017560e-04
2.059909262000017560e-04
2.059909262000017560e-04
2.059909262000017560e-04
2.113753426499984100e-04
2.113753426499984100e-04
2.113753426499984100e-04
2.113753426499984100e-04
2.113753426499984100e-04
3.006966670750024773e-04
3.006966670750024773e-04
3.006966670750024773e-04
3.006966670750024773e-04
3.006966670750024773e-04
2.599869387499981199e-04
2.599869387499981199e-04
2.599869387499981199e-04
2.599869387499981199e-04
2.599869387499981199e-04
2.350567835249992021e-04
2.350567835249992021e-04
2.350567835249992021e-04
2.350567835249992021e-04
2.350567835249992021e-04
2.510598806500022318e-04
2.510598806500022318e-04
2.510598806500022318e-04
2.510598806500022318e-04
2.510598806500022318e-04
2.497954866500021187e-04
2.497954866500021187e-04
2.497954866500021187e-04
2.497954866500021187e-04
