1.394940427168478436e-06
1.394940427168478436e-06
8.079337524335983289e-06
3.932112573323820470e-06
7.683301160632538540e-06
2.461428644906504815e-06
9.792522556395510946e-06
2.746640799244914888e-06
3.179240303907704401e-06
4.969045740210731310e-06
7.810388823692449023e-06
8.896728246554630459e-06
6.924458885393391938e-06
5.663564146551891554e-06
1.689420862671653367e-05
1.392290703083887138e-05
1.612610807910641597e-05
1.668741757843150708e-05
1.796407289056389800e-05
2.081203369552753202e-05
3.779487396737835070e-05
4.564345497026778276e-05
4.726336220350901840e-05
4.756941878447662475e-05
4.358898979806014040e-05
4.415722849326897403e-05
4.380494863287509588e-05
3.652436924195257006e-05
4.078721143141450511e-05
4.919496387056909725e-05
8.038448111857832146e-05
5.843278969841492199e-05
5.756738286599727417e-05
6.532524694780050822e-05
6.980701192205174266e-05
6.950639003022729412e-05
6.561349965750196134e-05
6.927342604967634543e-05
7.228155315530671032e-05
8.281778571994635740e-05
9.106292286364947586e-05
6.518934411037236032e-05
1.087719002228482168e-04
7.202390558358473527e-05
6.289993768859858392e-05
9.261941798044404095e-05
9.273133099885200181e-05
1.076603967975486853e-04
1.094025333996384575e-04
1.062082941407638259e-04
8.994951370944193059e-05
9.419455321335590270e-05
1.012488731619853866e-04
1.205123094214499702e-04
1.056206322447295065e-04
7.056762169010966090e-05
8.526468017944210942e-05
7.713468502767995005e-05
1.097692781879544555e-04
9.074750626769656492e-05
1.221000854494391774e-04
1.374916886511812208e-04
1.464726972910668223e-04
1.353116008511179302e-04
1.307158966339372341e-04
1.075310392435468998e-04
1.070275963073186176e-04
1.274535114053065854e-04
1.263845610077751758e-04
1.134672567593142389e-04
1.252195702496905483e-04
1.530625848662481303e-04
1.535022865990498531e-04
1.756365834468809339e-04
1.284461144859250226e-04
1.091487430153748051e-04
1.177925414337366306e-04
1.246592486170428060e-04
1.191036967274072822e-04
1.256491876526766305e-04
1.388042709047354606e-04
1.076172156020405168e-04
1.279433378948979794e-04
5.179416124789781861e-05
1.472980974019932887e-04
1.089145321016005141e-04
8.495251827511651754e-05
9.750138308195488435e-05
1.052230552840427436e-04
8.450989467867486837e-05
1.179493060963210382e-04
9.013202188246083324e-05
1.104706528849419556e-04
1.157150519262017951e-04
1.037801089900369789e-04
1.091825491448261687e-04
1.170605978755290266e-04
1.149156795410277709e-04
1.459520385509449625e-04
1.192936675815658987e-04
1.227549029518826273e-04
9.866224327215178391e-05
1.200431514805089250e-04
7.259611810894739392e-05
1.408665918969376207e-04
9.472571920365879805e-05
1.236788645186948088e-04
1.101978804021186420e-04
1.135568485617355350e-04
1.298723874514351451e-04
1.421006530160084935e-04
1.365809839954934546e-04
1.099173182064205889e-04
1.107385295133767045e-04
1.212154801777387547e-04
1.252917291401089983e-04
1.186811975770751815e-04
9.715160110967957507e-05
1.252674436846845651e-04
1.192914574161818564e-04
9.441467928628100026e-05
9.402535196478822854e-05
1.127212463591931169e-04
1.285695593669089476e-04
1.135606705355840518e-04
1.092317488664562575e-04
1.210411361798335861e-04
1.150280275803439167e-04
1.262386458957820423e-04
1.186526714214153344e-04
1.347487389802282109e-04
8.958972657158170705e-05
1.045391397740402795e-04
9.782530077107054467e-05
9.592274566827541094e-05
1.015343240018395932e-04
1.329227932194143591e-04
1.167260857677376862e-04
1.009462223615642529e-04
1.018607361995549354e-04
6.393985595476436856e-05
1.224046108747600670e-04
1.136903989937820825e-04
1.052673382613278363e-04
7.985239660524001692e-05
7.575081510324821465e-05
1.331505917612219037e-04
8.839623815681818542e-05
1.007058703326180193e-04
1.039770050059729556e-04
7.902826390537853740e-05
1.152509483741681606e-04
1.156229903216399180e-04
1.087719200576486855e-04
7.988609722531236912e-05
8.477374666693293648e-05
7.725812848757840356e-05
1.048381422616984082e-04
1.221462135205797495e-04
9.422632653333096187e-05
1.340269552771999884e-04
1.006809364723082467e-04
8.612903878457700557e-05
8.616151455687059979e-05
8.193133581091416318e-05
1.298394262363444795e-04
1.012844207730623225e-04
1.529825800474782227e-04
1.369006004665607179e-04
1.438202420676049087e-04
7.935419492177686607e-05
1.360780512653647634e-04
1.354858965711969176e-04
1.352612114269291510e-04
1.362755552145600291e-04
1.523282385713642384e-04
1.559629795941930297e-04
1.512308420528185593e-04
1.450041976589488968e-04
1.432373545959819694e-04
1.524782246402622832e-04
1.330245602630952817e-04
1.322385066586662106e-04
1.388031262887778894e-04
1.629700688114965601e-04
1.370593392300278879e-04
1.418940414463776278e-04
1.448895114375403637e-04
1.287261881186552159e-04
1.719358862066755478e-04
1.513977258040810625e-04
1.302333170229985626e-04
1.879013091192760498e-04
1.646796148913054481e-04
1.670404986935380975e-04
1.457210169713007986e-04
1.936652988003828568e-04
1.601737731142804932e-04
1.729963992422867136e-04
1.910075923108323082e-04
