1.000000000000000048e-04
1.000000000000000048e-04
1.624999999999999925e-04
1.999999999999999825e-04
2.250000000000000481e-04
2.624999999999999296e-04
2.874999999999999951e-04
3.125000000000000607e-04
2.999999999999999195e-04
3.375000000000001263e-04
3.624999999999999750e-04
3.624999999999999750e-04
3.749999999999998994e-04
3.624999999999999750e-04
3.875000000000002574e-04
4.374999999999995212e-04
4.125000000000005398e-04
4.374999999999995212e-04
4.625000000000002373e-04
4.875000000000000860e-04
4.999999999999995767e-04
5.375000000000006509e-04
4.875000000000000860e-04
5.124999999999990674e-04
5.250000000000011602e-04
5.374999999999997835e-04
5.749999999999991229e-04
5.750000000000008576e-04
5.874999999999994810e-04
5.000000000000004441e-04
5.374999999999997835e-04
5.625000000000004996e-04
5.874999999999994810e-04
5.500000000000001416e-04
5.874999999999994810e-04
5.625000000000004996e-04
5.999999999999998390e-04
5.499999999999984068e-04
5.625000000000004996e-04
5.500000000000018763e-04
5.000000000000004441e-04
5.625000000000004996e-04
5.124999999999990674e-04
5.625000000000004996e-04
5.249999999999976907e-04
5.374999999999997835e-04
5.250000000000011602e-04
5.374999999999997835e-04
5.500000000000018763e-04
5.624999999999970302e-04
5.500000000000018763e-04
5.374999999999997835e-04
5.124999999999990674e-04
5.124999999999990674e-04
5.000000000000004441e-04
4.625000000000011047e-04
4.874999999999983513e-04
4.875000000000018208e-04
4.874999999999983513e-04
4.750000000000031974e-04
4.874999999999983513e-04
4.874999999999983513e-04
5.000000000000004441e-04
5.250000000000011602e-04
4.874999999999983513e-04
5.000000000000004441e-04
4.875000000000018208e-04
4.874999999999983513e-04
4.750000000000031974e-04
4.624999999999976352e-04
4.250000000000017653e-04
4.250000000000017653e-04
4.624999999999976352e-04
4.624999999999976352e-04
4.750000000000031974e-04
5.000000000000004441e-04
4.375000000000003886e-04
4.499999999999990119e-04
4.250000000000017653e-04
4.374999999999934497e-04
4.250000000000017653e-04
4.250000000000017653e-04
3.750000000000003331e-04
3.999999999999975797e-04
4.125000000000031419e-04
3.999999999999975797e-04
3.874999999999989564e-04
3.750000000000003331e-04
3.625000000000017097e-04
3.874999999999989564e-04
3.625000000000017097e-04
3.625000000000017097e-04
3.624999999999947708e-04
3.375000000000044631e-04
3.374999999999975242e-04
3.750000000000003331e-04
3.500000000000030864e-04
3.499999999999961475e-04
3.500000000000030864e-04
3.249999999999989009e-04
3.499999999999961475e-04
3.375000000000044631e-04
3.249999999999989009e-04
3.374999999999975242e-04
3.249999999999989009e-04
3.125000000000002776e-04
3.250000000000058398e-04
3.125000000000002776e-04
3.125000000000002776e-04
3.124999999999933387e-04
3.375000000000044631e-04
3.249999999999989009e-04
3.249999999999989009e-04
3.125000000000002776e-04
3.249999999999989009e-04
3.000000000000016542e-04
2.875000000000030309e-04
3.125000000000002776e-04
2.999999999999947153e-04
2.624999999999988454e-04
2.750000000000044076e-04
3.000000000000016542e-04
2.999999999999947153e-04
2.875000000000030309e-04
3.249999999999989009e-04
3.125000000000002776e-04
3.125000000000002776e-04
3.125000000000002776e-04
3.249999999999989009e-04
3.625000000000017097e-04
3.499999999999961475e-04
3.750000000000003331e-04
3.625000000000017097e-04
3.625000000000017097e-04
3.874999999999989564e-04
3.750000000000003331e-04
3.750000000000003331e-04
3.750000000000003331e-04
3.999999999999975797e-04
3.750000000000003331e-04
3.750000000000003331e-04
3.874999999999989564e-04
3.750000000000003331e-04
3.750000000000003331e-04
3.750000000000003331e-04
3.874999999999989564e-04
3.375000000000044631e-04
3.249999999999989009e-04
3.374999999999975242e-04
3.625000000000017097e-04
3.500000000000030864e-04
3.874999999999989564e-04
3.750000000000003331e-04
3.750000000000003331e-04
4.124999999999962030e-04
3.750000000000003331e-04
4.124999999999962030e-04
3.874999999999989564e-04
3.625000000000017097e-04
4.125000000000100808e-04
3.874999999999989564e-04
3.624999999999878320e-04
3.375000000000044631e-04
3.375000000000044631e-04
3.249999999999919620e-04
3.250000000000058398e-04
3.500000000000030864e-04
3.500000000000030864e-04
3.374999999999905853e-04
3.250000000000058398e-04
3.374999999999905853e-04
3.250000000000058398e-04
3.500000000000030864e-04
3.625000000000017097e-04
3.625000000000017097e-04
3.624999999999878320e-04
3.375000000000044631e-04
3.250000000000058398e-04
3.124999999999933387e-04
3.375000000000044631e-04
3.124999999999933387e-04
3.250000000000058398e-04
2.999999999999947153e-04
2.875000000000099698e-04
2.999999999999947153e-04
2.999999999999947153e-04
2.875000000000099698e-04
2.874999999999960920e-04
2.874999999999960920e-04
3.000000000000085931e-04
2.999999999999947153e-04
2.999999999999947153e-04
3.125000000000072164e-04
2.749999999999974687e-04
2.874999999999960920e-04
2.875000000000099698e-04
2.624999999999988454e-04
2.500000000000002220e-04
2.749999999999974687e-04
2.749999999999974687e-04
