4.878914311807687509e-05
4.878914311807687509e-05
4.878914311807687509e-05
4.878914311807686153e-05
4.878914311807688864e-05
4.878914311807688864e-05
4.633409507625002154e-05
4.633409507625002154e-05
4.633409507625002154e-05
4.633409507625002154e-05
4.633409507625002154e-05
4.688839065250001567e-05
4.688839065249996146e-05
4.688839065249996146e-05
4.688839065249996146e-05
4.688839065249996146e-05
7.119024374625001865e-05
7.119024374625001865e-05
7.119024374625001865e-05
7.119024374625001865e-05
7.119024374625001865e-05
1.540700477725000066e-04
1.540700477725000066e-04
1.540700477725000066e-04
1.540700477725000066e-04
1.540700477725000066e-04
1.643797314387499334e-04
1.643797314387499334e-04
1.643797314387499334e-04
1.643797314387499334e-04
1.643797314387499334e-04
2.055369226362500391e-04
2.055369226362500391e-04
2.055369226362500391e-04
2.055369226362500391e-04
2.055369226362500391e-04
1.623348437625000626e-04
1.623348437624996289e-04
1.623348437625000626e-04
1.623348437625000626e-04
1.623348437625000626e-04
1.297731730624997887e-04
1.297731730624997887e-04
1.297731730624997887e-04
1.297731730624997887e-04
1.297731730624997887e-04
1.417190167124996597e-04
1.417190167124996597e-04
1.417190167124996597e-04
1.417190167124996597e-04
1.417190167124996597e-04
1.072439498625002083e-04
1.072439498625002083e-04
1.072439498625002083e-04
1.072439498625002083e-04
1.072439498625002083e-04
9.397264468749989136e-05
9.397264468749989136e-05
9.397264468749989136e-05
9.397264468749989136e-05
9.397264468749989136e-05
8.695148368749981704e-05
8.695148368749981704e-05
8.695148368749981704e-05
8.695148368749981704e-05
8.695148368749981704e-05
9.505877383749958276e-05
9.505877383749958276e-05
9.505877383749958276e-05
9.505877383749958276e-05
9.505877383749958276e-05
1.336984349625007160e-04
1.336984349624998486e-04
1.336984349624998486e-04
1.336984349624998486e-04
1.336984349624998486e-04
7.944538774999967967e-05
7.944538774999967967e-05
7.944538774999967967e-05
7.944538774999967967e-05
7.944538774999967967e-05
8.314514243750077693e-05
8.314514243750077693e-05
8.314514243750077693e-05
8.314514243750077693e-05
8.314514243750077693e-05
1.192632221624998629e-04
1.192632221624998629e-04
1.192632221624998629e-04
1.192632221624998629e-04
1.192632221624998629e-04
9.021900212500058580e-05
9.021900212500058580e-05
9.021900212500058580e-05
9.021900212500058580e-05
9.021900212500058580e-05
8.516114743749997329e-05
8.516114743749997329e-05
8.516114743749997329e-05
8.516114743749997329e-05
8.516114743749997329e-05
7.564478822500060595e-05
7.564478822500060595e-05
7.564478822500060595e-05
7.564478822500060595e-05
7.564478822500060595e-05
8.674535186250012520e-05
8.674535186250012520e-05
8.674535186250012520e-05
8.674535186250012520e-05
8.674535186250012520e-05
8.786684138750028294e-05
8.786684138750028294e-05
8.786684138750028294e-05
8.786684138750028294e-05
8.786684138750028294e-05
8.415527586250019787e-05
8.415527586250019787e-05
8.415527586250019787e-05
8.415527586250019787e-05
8.415527586250019787e-05
6.573852841250046874e-05
6.573852841250046874e-05
6.573852841250046874e-05
6.573852841250046874e-05
6.573852841250046874e-05
8.047241614999971204e-05
8.047241614999971204e-05
8.047241614999971204e-05
8.047241614999971204e-05
8.047241614999971204e-05
8.847551885000047578e-05
8.847551885000047578e-05
8.847551885000047578e-05
8.847551885000047578e-05
8.847551885000047578e-05
9.241900646250050810e-05
9.241900646250050810e-05
9.241900646250050810e-05
9.241900646250050810e-05
9.241900646250050810e-05
9.907121823750017486e-05
9.907121823750017486e-05
9.907121823750017486e-05
9.907121823750017486e-05
9.907121823750017486e-05
8.213651988749938460e-05
8.213651988749938460e-05
8.213651988749938460e-05
8.213651988749938460e-05
8.213651988749938460e-05
1.025010913874996321e-04
1.025010913874996321e-04
1.025010913874996321e-04
1.025010913874996321e-04
1.025010913874996321e-04
8.026807322500037478e-05
8.026807322500037478e-05
8.026807322499864006e-05
8.026807322500037478e-05
8.026807322500037478e-05
7.775690331249945908e-05
7.775690331249945908e-05
7.775690331249945908e-05
7.775690331249945908e-05
7.775690331249945908e-05
8.501935740000063357e-05
8.501935740000063357e-05
8.501935740000063357e-05
8.501935740000063357e-05
8.501935740000063357e-05
1.157934537499988314e-04
1.157934537499988314e-04
1.157934537499988314e-04
1.157934537499988314e-04
1.157934537499988314e-04
9.307627337500068432e-05
9.307627337500068432e-05
9.307627337500068432e-05
9.307627337500068432e-05
9.307627337500068432e-05
8.737514656249889544e-05
8.737514656249889544e-05
8.737514656249889544e-05
8.737514656249889544e-05
8.737514656249889544e-05
8.734636647500168549e-05
8.734636647500168549e-05
8.734636647500168549e-05
8.734636647500168549e-05
8.734636647500168549e-05
1.000924151249998895e-04
1.000924151249998895e-04
1.000924151249998895e-04
1.000924151249998895e-04
1.000924151249998895e-04
9.408722228750054928e-05
9.408722228750054928e-05
9.408722228750054928e-05
9.408722228750054928e-05
