-6.651292472645429753e-06
-6.651292472645429753e-06
3.072371411391966700e-05
1.220552882873961349e-04
1.122863015460526020e-04
-1.827860125453600903e-04
1.169569463947368394e-04
-1.153961873930055363e-04
8.049232544078947121e-05
1.177274966038781431e-04
-1.745728766717451891e-04
-1.052861157860110768e-04
2.834497963701523480e-04
1.102995852842797637e-04
-3.278001694390579980e-05
1.458514481824792577e-04
1.237858235463988902e-04
-4.524232366447372006e-05
1.077839475550554371e-04
9.934761698753458593e-05
2.766004090927975077e-05
1.441710392905124795e-04
9.543003694113566960e-05
-7.008600383656389890e-06
1.089486862403045864e-04
9.499714153047103017e-05
-3.751561063227142750e-05
9.508439117832394490e-05
1.015165402011772560e-04
6.603708619806270344e-06
2.402296137527699677e-04
-1.795902555401648545e-05
-2.147134405470932199e-05
6.883438282721614752e-05
7.798219325103874708e-05
8.365270099722991320e-05
6.167824073060939813e-06
3.509905108102506777e-05
6.275770273476456718e-05
-9.802951530817191270e-06
2.435629520858722825e-04
4.891553207236843878e-05
-1.247443448133653439e-04
1.788514228407201735e-04
1.100116410197365599e-04
-8.101425256994447197e-05
8.872892540824107999e-05
1.938210092572714358e-04
3.011837746554708525e-04
1.098292911502771543e-04
1.579614137177977329e-04
1.137084113407202911e-04
1.851667214646792944e-05
7.093825054016629494e-05
-7.578983635041312145e-06
1.500388338206370097e-04
2.407457955013849252e-04
6.157148157444596731e-05
4.566292532271485141e-05
-8.743571152042967087e-05
3.734381937077566743e-04
5.672349319944553631e-05
2.523128054231302958e-04
1.196450652700842970e-05
-8.957134159210539126e-05
9.677890658829624293e-05
4.036738476281224314e-05
2.583827568656505910e-04
8.932050201454315441e-05
1.107136410734071638e-04
-8.721512663434870249e-06
2.697692725754843174e-04
-1.084689447818521640e-05
-5.038740838988857440e-06
2.538838639487535701e-04
3.558917690200773254e-05
1.186073477160666176e-04
-2.962583146468196482e-06
1.422423838064405116e-04
-7.710373248718833256e-05
4.408658462601300343e-07
8.508145919563711579e-05
1.209641436045703899e-05
2.021595426346953564e-04
-1.054944045412046019e-04
1.502703513438369276e-04
2.177849594584479673e-04
-3.730621884695181634e-06
-1.061358771883673391e-05
-4.103048950934891359e-05
1.351387345654431194e-04
-1.685066653012460766e-04
2.610130057119110225e-04
2.690485081810944576e-04
-8.024478128878121536e-05
8.049751929259038596e-05
-1.182150864646822758e-05
2.944959496603179183e-04
-2.053519580332355265e-05
2.950535642763157593e-04
-1.267599075242386436e-04
-2.294147687929362633e-04
9.441085079916946426e-05
1.851304756852493669e-04
6.562777600865616484e-05
9.364327676592790889e-05
9.500995225657921095e-05
9.743697239542915833e-05
2.004141160765237142e-04
-8.838713941932124091e-05
9.685545377354550650e-05
-4.612652279847601761e-05
7.210702907721553562e-05
-1.254963844155125574e-04
1.681812948074795297e-04
2.546032272562328766e-04
-5.363213013919766736e-05
1.396791297596962356e-04
9.873324413781081610e-06
2.283877390443257716e-05
4.110195067278353542e-05
6.080052292763149513e-05
2.213501349470226726e-04
-1.410855371215373466e-04
3.332648528466056193e-04
6.091912602354532247e-05
4.742049438677398143e-05
6.358961323718777259e-05
-1.072548408774243178e-04
2.396591399411365092e-04
6.042157083621831071e-05
4.039355209487643927e-05
-8.370848822957140112e-05
2.093576780661365183e-04
2.542948911440443688e-04
-5.710266841031999552e-05
3.484972895117718905e-05
2.331900936925219298e-04
-2.106399512524243650e-04
1.279574153545716408e-04
2.688372528220073221e-05
3.987939781059657296e-05
1.318457538279083074e-04
-2.613814297091482386e-05
3.942886244425250486e-05
2.055267727874010575e-05
-4.159694906059538400e-05
1.806176503490308088e-04
2.221392750921050152e-04
1.094927879304007090e-04
5.217181509591453659e-05
-1.436097621052706552e-05
-1.289550834293624187e-04
1.344264214442527500e-04
4.140096774688309389e-05
2.759211780180050033e-04
-2.174885303337942971e-04
2.169878487728524319e-04
-5.585012658864199619e-05
8.328315878081658796e-05
-8.514184870602424515e-05
1.634855737150282817e-04
4.238482785526298535e-05
1.660463735436278759e-04
-2.370260463538734208e-05
1.906656067711225144e-04
-5.721098998476455144e-05
-8.296292498822729899e-05
2.540433694321261870e-05
2.606497758241010931e-05
2.317802801173815541e-04
4.889855050900331068e-05
-3.484634229986190157e-05
4.907366215477909632e-05
1.044243633189050058e-04
-2.221759584767994677e-04
9.665119864439054853e-05
6.018500238192531215e-05
8.893837201835209927e-05
2.338197925207639860e-05
5.980227461668992384e-05
-5.263239086322757387e-05
1.144722562212603656e-04
9.725706420360240301e-05
1.216042241121879919e-04
9.821362883968148827e-05
-4.166252269459901070e-05
1.497791408372577127e-04
3.171413154434005177e-07
-2.724528877596880949e-05
1.205661116786705539e-04
1.724140518438357222e-04
9.224065117486093812e-05
7.527577546399821795e-06
4.211803212534649676e-05
5.687601405436268354e-05
1.247387068538784866e-04
-3.476574823926652236e-05
1.620741693389889104e-04
7.007679773891536956e-06
