-1.250000000000000060e-05
-1.250000000000000060e-05
1.250000000000000060e-05
2.499999999999999781e-05
3.749999999999999671e-05
3.750000000000000349e-05
3.749999999999998994e-05
7.500000000000000698e-05
3.749999999999998994e-05
7.500000000000003409e-05
8.749999999999995845e-05
7.500000000000003409e-05
9.999999999999993703e-05
8.750000000000001266e-05
1.125000000000000782e-04
1.124999999999999698e-04
9.999999999999993703e-05
1.250000000000001110e-04
1.249999999999998942e-04
1.499999999999999598e-04
2.000000000000000909e-04
1.874999999999999497e-04
2.000000000000000909e-04
1.875000000000001665e-04
2.124999999999995816e-04
2.000000000000000909e-04
2.125000000000000153e-04
2.000000000000000909e-04
2.000000000000000909e-04
2.125000000000000153e-04
2.125000000000000153e-04
1.874999999999997329e-04
2.000000000000000909e-04
1.749999999999998085e-04
1.875000000000001665e-04
2.000000000000005246e-04
1.999999999999996572e-04
1.625000000000003178e-04
1.999999999999996572e-04
1.999999999999996572e-04
2.000000000000005246e-04
2.125000000000000153e-04
1.875000000000001665e-04
1.749999999999998085e-04
1.749999999999998085e-04
1.999999999999996572e-04
1.750000000000006758e-04
1.749999999999998085e-04
1.749999999999998085e-04
1.999999999999996572e-04
1.625000000000003178e-04
1.749999999999998085e-04
1.749999999999998085e-04
1.875000000000001665e-04
1.624999999999994504e-04
1.875000000000001665e-04
1.500000000000008271e-04
1.624999999999994504e-04
1.625000000000011852e-04
1.499999999999990924e-04
1.624999999999994504e-04
1.375000000000004691e-04
1.375000000000004691e-04
1.375000000000004691e-04
1.499999999999990924e-04
1.375000000000004691e-04
1.375000000000004691e-04
1.124999999999997530e-04
1.250000000000001110e-04
1.374999999999987343e-04
1.000000000000011297e-04
1.250000000000001110e-04
9.999999999999939493e-05
1.375000000000004691e-04
1.374999999999987343e-04
1.125000000000014877e-04
1.250000000000001110e-04
9.999999999999939493e-05
1.124999999999997530e-04
1.250000000000001110e-04
9.999999999999939493e-05
1.124999999999997530e-04
1.000000000000011297e-04
1.124999999999997530e-04
1.124999999999997530e-04
1.250000000000001110e-04
9.999999999999939493e-05
1.124999999999997530e-04
1.125000000000014877e-04
9.999999999999939493e-05
1.124999999999997530e-04
1.124999999999997530e-04
1.124999999999997530e-04
1.000000000000011297e-04
1.124999999999997530e-04
9.999999999999939493e-05
7.500000000000041356e-05
8.750000000000077161e-05
8.749999999999903688e-05
8.750000000000077161e-05
7.499999999999867883e-05
8.750000000000077161e-05
7.500000000000041356e-05
7.500000000000041356e-05
8.749999999999903688e-05
7.500000000000041356e-05
9.999999999999939493e-05
8.750000000000077161e-05
8.749999999999903688e-05
8.750000000000077161e-05
8.749999999999903688e-05
8.750000000000077161e-05
8.750000000000077161e-05
8.749999999999903688e-05
7.500000000000041356e-05
8.749999999999903688e-05
7.500000000000041356e-05
7.500000000000041356e-05
8.749999999999903688e-05
7.500000000000041356e-05
7.500000000000041356e-05
4.999999999999969746e-05
7.500000000000041356e-05
7.500000000000041356e-05
6.250000000000005551e-05
6.250000000000005551e-05
7.499999999999867883e-05
7.500000000000214828e-05
7.499999999999867883e-05
8.750000000000077161e-05
8.750000000000077161e-05
9.999999999999939493e-05
9.999999999999939493e-05
9.999999999999939493e-05
9.999999999999939493e-05
1.250000000000001110e-04
1.250000000000001110e-04
1.125000000000014877e-04
1.250000000000001110e-04
1.250000000000001110e-04
1.250000000000001110e-04
1.250000000000001110e-04
1.250000000000001110e-04
1.374999999999987343e-04
1.250000000000001110e-04
1.124999999999980183e-04
1.250000000000001110e-04
8.750000000000077161e-05
1.125000000000014877e-04
9.999999999999939493e-05
1.125000000000014877e-04
1.374999999999987343e-04
1.250000000000001110e-04
1.374999999999987343e-04
1.375000000000022038e-04
1.250000000000001110e-04
1.374999999999987343e-04
1.250000000000001110e-04
1.250000000000001110e-04
9.999999999999939493e-05
1.125000000000014877e-04
1.124999999999980183e-04
9.999999999999939493e-05
1.000000000000028644e-04
1.124999999999980183e-04
8.750000000000077161e-05
9.999999999999939493e-05
9.999999999999939493e-05
9.999999999999939493e-05
8.750000000000077161e-05
1.125000000000014877e-04
1.124999999999980183e-04
9.999999999999939493e-05
1.125000000000014877e-04
9.999999999999939493e-05
9.999999999999939493e-05
1.250000000000001110e-04
1.125000000000014877e-04
1.125000000000014877e-04
1.124999999999980183e-04
9.999999999999939493e-05
9.999999999999939493e-05
1.125000000000014877e-04
8.750000000000077161e-05
7.499999999999867883e-05
8.750000000000077161e-05
6.250000000000005551e-05
7.499999999999867883e-05
7.500000000000214828e-05
6.250000000000005551e-05
7.499999999999867883e-05
5.000000000000143219e-05
7.499999999999867883e-05
7.499999999999867883e-05
7.500000000000214828e-05
7.499999999999867883e-05
7.500000000000214828e-05
7.499999999999867883e-05
9.999999999999939493e-05
7.499999999999867883e-05
