-1.695413478941532048e-06
-1.695413478941532048e-06
-2.559308693861339634e-07
-3.808204507294021823e-06
7.491500326750610839e-07
2.301081249100889181e-06
-3.387245165242802614e-06
-1.014574529278888804e-06
-2.154285898114949305e-06
4.089623125658192748e-05
-3.010790937452156868e-06
-6.147307137638335917e-05
-2.933517105141447701e-05
-5.711068631342186563e-07
-1.722046877716820745e-05
-2.205906849894745392e-05
-3.418227153773045757e-06
1.556801215940595284e-05
-8.510754542001564005e-06
-2.607348339012105498e-06
-1.954419416172470392e-05
5.483377048420834399e-06
2.340686316593121319e-05
-1.356776349403787663e-05
-2.253933981322120417e-05
3.328507857247586799e-05
5.369507128705208743e-06
7.478900188928605530e-06
5.111842466298810450e-05
4.480973263021326147e-05
9.470404106792784660e-05
1.356763402853289335e-04
1.239775916701546521e-04
7.704289000720621061e-05
7.676737994621873895e-05
1.717717905442839310e-04
8.473921462126554616e-05
1.136891275326235018e-04
1.314201035533812956e-04
9.504898238077430506e-05
6.937502108250725996e-05
7.030306881361525484e-05
1.380011696046068437e-04
5.718890700734391430e-05
1.746897206089670362e-05
3.544981291270232759e-05
6.041553877622618529e-05
1.049673529234240732e-04
5.475765920515129892e-05
7.826541914113249732e-05
1.050847171004676284e-04
7.343110233115623942e-05
5.612075082694900630e-05
8.453127407470617527e-05
8.271414155558431958e-05
-5.281553859148857555e-06
6.289770804812633287e-05
3.787885589723316571e-05
8.757071425158358124e-05
5.650855257677278587e-05
1.642423992578301295e-04
1.464278315523870333e-04
9.675597007330338784e-05
7.547781066818970430e-05
9.253863006719598161e-05
7.255729507527064470e-05
9.927776901896834261e-05
9.568341152998982579e-05
1.171260216761282891e-04
9.380000659398035623e-05
1.002947043602375743e-04
9.949845271073343156e-05
1.786192692687649242e-04
1.343615787128271677e-04
1.236367379853220427e-04
1.080294184667707214e-04
1.333096412885481641e-04
9.729531873503560746e-05
1.443280607880126354e-04
1.517809951838700044e-04
1.219497313016404405e-04
1.274437851712661995e-04
1.754464069900762979e-04
3.701419443657982811e-05
1.008370674213665552e-04
1.246134898931217094e-04
9.866760554544384831e-05
9.913066368660850003e-05
1.213162801452227768e-04
1.024315148967502864e-04
7.856309037990172328e-05
1.233817351629085124e-04
1.042807672959611409e-04
4.791699966766316265e-05
8.586562531753827443e-05
1.167073045049704660e-04
1.216400574328702078e-04
9.005675180340233510e-05
9.941466104912421997e-05
1.058213943547769986e-04
1.484647154246232503e-04
3.691422066509630895e-05
3.221753078364031353e-05
5.302487908487307777e-05
1.420166316350446323e-04
1.132512374582006487e-04
1.058188398683768128e-04
1.228298548578976579e-04
8.457788242743902174e-05
8.796916961628653553e-05
1.897170543223580808e-04
1.323991891695186496e-04
1.319274523385871589e-04
1.218666688203029480e-04
1.399411158242713782e-04
1.655718065762812330e-04
1.043513612444257888e-04
1.014009784832126115e-04
1.132302338504587169e-04
9.817636057896095281e-05
1.296748104326894691e-04
6.451589143630087619e-05
8.176857700803452644e-05
8.878049583671554501e-05
1.218613855655803491e-04
1.043685161299379160e-04
1.245414179518178344e-04
1.314231723057446288e-04
1.024216779939024491e-04
7.546634712518596189e-05
9.947907680363243799e-05
7.149353272417613425e-05
1.491044013430808945e-04
1.105177827209757879e-04
7.818209291876598854e-05
1.268426652369925023e-04
1.267006691083594205e-04
1.064872243681236341e-04
1.067472275551040184e-04
6.071119749506692642e-05
4.972891761845232850e-05
1.184342798872251024e-04
8.799438887940880250e-05
1.111187298281635094e-04
7.348460899869735385e-05
1.052474968386007959e-04
1.550473103737459724e-04
7.992783407040349175e-05
8.215457983773433170e-05
9.159501770028555256e-05
9.926991783792971091e-05
1.104888027008144036e-04
1.075741120999396117e-04
1.165100267730423411e-04
1.263247142695433922e-04
1.649228861211327057e-04
1.162337135180990799e-04
7.055956238133376246e-05
1.455922958832900349e-04
1.139189028602771714e-04
2.089982475244056559e-04
1.585596451825210806e-04
1.280508889163201047e-04
3.067848335014389249e-05
1.251797917518615577e-04
1.262268842889824327e-04
1.018173876605743544e-04
1.591273133989545840e-04
1.082024930170177868e-04
1.041980104385942241e-04
8.209322787600115134e-05
9.351895382359032283e-05
5.390940354210727037e-05
1.820504800473798923e-04
1.971979465462680992e-04
1.981468913339057281e-04
1.519339166371480587e-04
2.089819385844293720e-04
2.442013949153221120e-04
1.362635739159401282e-04
1.450030349907649452e-04
1.113634298910426423e-04
1.592686883675753506e-04
1.651018203840948217e-04
1.666692773643063674e-04
1.164626207508234756e-04
9.390807322873229168e-05
1.393026086837778621e-04
1.396372518822630582e-04
2.335181707842082233e-04
1.833139911386894028e-04
1.213750290389725706e-04
1.417536502366090190e-04
1.598019616260160092e-04
1.548973283114207788e-04
1.567031375699912132e-04
1.724687366220223339e-04
1.389434546776868729e-04
1.536742319796502443e-04
2.057796041885495697e-04
