3.953972032797783954e-04
3.953972032797783954e-04
-4.430539958144044622e-04
-2.005674522049861227e-04
-7.400992754736842585e-04
1.320799692177285212e-03
1.944786921135734743e-04
-2.429693779722992357e-04
-1.538099427229916612e-04
3.368604807673130285e-04
-7.500880324349030624e-04
2.541964560664819873e-04
1.876334401385041587e-05
-7.819197588587257011e-04
-2.227280588199445199e-04
1.049609990052631416e-03
8.071180822825484028e-04
-8.182745099639889171e-04
-2.414359939556786629e-04
6.718586163988920015e-04
-6.889573045844875386e-04
2.324640188476454112e-04
5.162495116343490266e-06
4.686765203601108050e-04
5.316202108088642977e-04
5.523163462936287165e-04
-5.205289720221608143e-05
-7.077796163019390218e-04
7.583636683407202943e-04
-6.705298962548476849e-04
1.342215294130194060e-03
-8.876909487811647514e-05
4.718830270969529180e-04
-6.540106360221607275e-04
1.277795457432132943e-03
-3.324274418448750802e-04
-1.454559848753462711e-05
-9.458430548144045654e-04
-1.145185110581717781e-04
-2.100970110110803035e-04
1.015252932883656516e-03
-4.482342844044323420e-04
-3.925146823545704738e-05
2.331293380609424093e-05
6.612378154182826581e-04
-1.055585044083102563e-03
1.149438058670360259e-03
-5.746831544321331919e-04
4.833923279778679777e-06
1.122796635174515105e-03
8.329093366980610917e-04
-1.337428947584487753e-03
1.966847822299170462e-04
-4.064231158060942553e-04
4.214796636038782227e-04
4.206411289335177522e-04
4.578073613767312360e-04
-1.968338026869806759e-04
7.125389834376737175e-04
3.424818754736835141e-04
-5.765978140138501226e-04
7.823448851218836944e-04
-1.263935863213298469e-04
-3.286113073684183983e-05
6.615110315512460343e-05
5.755013438393354400e-04
-6.003678465374244488e-06
-2.334805913490308263e-04
-4.289753871357339030e-04
-1.052019075761774849e-04
8.229136213518013776e-04
3.103169950858719259e-04
4.470190832022167063e-04
-2.701286137617728636e-04
-4.027856250969543556e-05
1.796415291520774525e-03
1.819136844515237966e-04
-4.825810458005536097e-04
-2.460768364542934364e-04
5.612150185567875080e-04
-7.052098102963994669e-04
5.395237308725760877e-04
-6.757942681440490262e-05
2.079977268393349427e-04
6.441262282825578611e-05
1.063472264515235438e-03
-5.228885535761770842e-04
3.480895512659280822e-04
-9.525297490221608376e-04
-2.497347028891970869e-04
2.896174305955677084e-04
-2.114806181274233796e-04
9.855111240304704687e-04
6.632117955761782091e-04
2.345882954736828313e-04
-1.804011367811629574e-04
1.648624365900280136e-04
-5.955417529722988740e-04
-8.925533224653746378e-05
-3.456902679722997918e-04
1.892808050038781442e-03
8.167542393905814074e-04
4.479727414764544946e-04
-1.332532197839339516e-04
-8.164449800747916597e-04
-1.393508050542936055e-03
-7.273013239224388610e-04
1.461245214246538818e-03
5.138691095152355531e-04
4.511170255650960581e-04
-1.261488860739611376e-03
2.611136204986146125e-04
6.515622860110703574e-05
1.218360472379501763e-03
-2.091532578180054294e-03
5.039372986426586543e-04
3.282292523462595341e-04
1.242014964811634717e-03
-2.770593837839330914e-04
-8.775990868919673199e-04
1.298664292265928194e-03
-5.186597420110804907e-04
-4.845600365429355433e-04
1.162249884083102480e-03
1.336883300515234740e-03
-6.737404014487535092e-04
4.117890247756234717e-04
-6.503602986980550060e-05
4.172264444432128433e-04
3.607967832686999332e-05
-1.628372148620499046e-03
1.011102318221606886e-03
-1.745257022437579630e-05
6.670742839362878152e-04
-4.306625679778401661e-04
1.908185068864275136e-04
-9.963716661662049001e-04
1.448023063623267784e-03
-1.408065692155124893e-03
-3.720797563822719062e-04
7.379154705789477825e-04
7.181514712520774973e-04
-7.017772596121761575e-05
-1.350891200110806295e-04
-1.708537507229927754e-04
8.007340282493082689e-04
2.094869672354567058e-04
-9.707244023545759382e-05
-8.979347242797780515e-04
1.590447157939057707e-03
-1.020334292470913284e-03
1.812939071069252436e-03
-1.223834256925208572e-03
-4.128204649307513907e-05
-6.315190209224361834e-04
6.351353833739612625e-04
1.269907780997222430e-04
1.346099687601107903e-03
-2.932075539584487467e-04
-7.970317506952907805e-04
5.411967399445924420e-05
-5.242645285318554144e-04
6.125676217423828979e-04
-1.269724493545704158e-04
1.521079658218835173e-03
-8.593184332271464054e-04
1.436487034102491844e-03
2.286538987119127175e-04
-4.912194911606652947e-04
-1.411134536160664130e-03
2.107704197091412809e-03
-1.357401921293629327e-03
3.706060309667594255e-04
3.845864060747911095e-04
4.586414207202391125e-05
2.107353346088643165e-03
-9.660986830914153334e-04
-5.542899244349031029e-04
-6.607018675152329101e-04
2.193214773795020001e-04
-5.787048194819954805e-04
1.976926782340720362e-03
-4.513317158504163984e-04
-6.362087309695271808e-05
1.196965555858724856e-03
9.897823677008227294e-05
-1.322151792445980939e-03
8.385459446204994449e-04
1.292659240487534222e-03
-6.248276915180074609e-04
-1.894591274229917577e-03
6.331516525207754598e-04
-9.816336541551215489e-05
8.222981645152407926e-05
1.446335371761774125e-03
-1.615183770443222311e-04
-1.616286855124667021e-04
-6.466130063019388807e-04
-2.785993028919658832e-04
5.229283159806086267e-04
