0.000000000000000000e+00
0.000000000000000000e+00
2.500000000000000120e-05
0.000000000000000000e+00
-2.500000000000000120e-05
0.000000000000000000e+00
0.000000000000000000e+00
-2.500000000000000120e-05
5.000000000000000240e-05
5.000000000000000240e-05
4.999999999999998207e-05
5.000000000000002272e-05
7.500000000000000698e-05
7.499999999999997988e-05
7.499999999999997988e-05
9.999999999999999124e-05
1.000000000000000454e-04
1.250000000000000026e-04
1.250000000000000026e-04
1.749999999999999169e-04
1.499999999999999598e-04
2.000000000000000909e-04
2.000000000000000909e-04
1.999999999999998741e-04
1.750000000000002422e-04
1.999999999999996572e-04
2.000000000000000909e-04
1.750000000000002422e-04
2.749999999999996371e-04
2.000000000000000909e-04
2.000000000000000909e-04
1.499999999999999598e-04
1.750000000000002422e-04
1.749999999999998085e-04
1.499999999999999598e-04
1.999999999999996572e-04
2.000000000000005246e-04
1.749999999999998085e-04
1.749999999999998085e-04
2.000000000000005246e-04
2.499999999999993547e-04
2.000000000000005246e-04
1.999999999999996572e-04
2.250000000000003733e-04
2.249999999999995060e-04
2.750000000000000708e-04
2.250000000000003733e-04
2.500000000000002220e-04
2.499999999999993547e-04
2.250000000000003733e-04
2.249999999999995060e-04
2.500000000000002220e-04
2.249999999999995060e-04
2.250000000000012407e-04
1.749999999999998085e-04
1.999999999999987899e-04
2.250000000000012407e-04
1.999999999999987899e-04
1.750000000000015432e-04
1.999999999999987899e-04
2.000000000000005246e-04
2.000000000000005246e-04
1.999999999999987899e-04
2.250000000000012407e-04
2.249999999999995060e-04
2.249999999999995060e-04
2.249999999999995060e-04
2.000000000000005246e-04
1.749999999999998085e-04
2.500000000000002220e-04
2.750000000000009381e-04
2.249999999999995060e-04
2.500000000000002220e-04
2.249999999999995060e-04
2.249999999999995060e-04
2.250000000000012407e-04
1.999999999999987899e-04
2.000000000000005246e-04
2.000000000000005246e-04
1.999999999999987899e-04
2.000000000000005246e-04
2.249999999999995060e-04
2.250000000000012407e-04
2.249999999999995060e-04
2.500000000000002220e-04
2.500000000000002220e-04
2.500000000000002220e-04
2.499999999999984873e-04
2.249999999999995060e-04
2.750000000000009381e-04
3.000000000000016542e-04
2.249999999999995060e-04
2.500000000000002220e-04
2.249999999999995060e-04
2.500000000000002220e-04
2.249999999999995060e-04
2.500000000000002220e-04
2.500000000000002220e-04
2.249999999999995060e-04
1.999999999999987899e-04
2.249999999999995060e-04
2.250000000000029754e-04
1.999999999999987899e-04
1.999999999999987899e-04
1.750000000000015432e-04
1.999999999999987899e-04
2.000000000000022593e-04
1.749999999999980738e-04
1.750000000000015432e-04
1.749999999999980738e-04
1.750000000000015432e-04
1.749999999999980738e-04
1.750000000000015432e-04
1.500000000000008271e-04
1.749999999999980738e-04
1.500000000000008271e-04
1.500000000000008271e-04
1.749999999999980738e-04
1.500000000000008271e-04
1.500000000000008271e-04
1.749999999999980738e-04
1.250000000000001110e-04
1.500000000000008271e-04
1.750000000000015432e-04
1.250000000000001110e-04
1.749999999999980738e-04
1.500000000000008271e-04
1.500000000000008271e-04
1.499999999999973577e-04
1.500000000000008271e-04
1.500000000000008271e-04
1.750000000000015432e-04
1.999999999999987899e-04
1.250000000000001110e-04
1.749999999999980738e-04
1.750000000000015432e-04
1.999999999999987899e-04
1.750000000000015432e-04
1.999999999999987899e-04
1.750000000000015432e-04
1.749999999999980738e-04
1.750000000000015432e-04
1.999999999999987899e-04
1.750000000000015432e-04
1.999999999999987899e-04
1.500000000000008271e-04
1.500000000000008271e-04
1.250000000000001110e-04
1.749999999999980738e-04
1.500000000000008271e-04
1.999999999999987899e-04
2.249999999999995060e-04
2.000000000000022593e-04
1.999999999999987899e-04
1.750000000000015432e-04
1.499999999999973577e-04
2.000000000000022593e-04
1.749999999999980738e-04
1.750000000000015432e-04
1.749999999999980738e-04
1.250000000000001110e-04
1.500000000000008271e-04
1.500000000000008271e-04
1.250000000000001110e-04
1.500000000000008271e-04
7.499999999999867883e-05
1.500000000000008271e-04
1.500000000000008271e-04
1.250000000000001110e-04
1.499999999999973577e-04
1.750000000000015432e-04
1.500000000000008271e-04
1.499999999999973577e-04
1.500000000000008271e-04
9.999999999999939493e-05
1.250000000000001110e-04
9.999999999999939493e-05
1.250000000000001110e-04
1.250000000000001110e-04
1.500000000000042966e-04
1.250000000000001110e-04
1.250000000000001110e-04
1.250000000000001110e-04
1.499999999999973577e-04
1.250000000000001110e-04
9.999999999999592548e-05
1.000000000000028644e-04
1.000000000000028644e-04
7.499999999999867883e-05
9.999999999999592548e-05
7.500000000000561773e-05
7.499999999999867883e-05
1.250000000000001110e-04
9.999999999999592548e-05
1.250000000000001110e-04
1.250000000000001110e-04
1.500000000000042966e-04
1.499999999999973577e-04
1.250000000000001110e-04
1.250000000000001110e-04
