0.000000000000000000e+00
0.000000000000000000e+00
1.000000000000000048e-04
1.000000000000000048e-04
1.499999999999999869e-04
2.000000000000000367e-04
1.499999999999999598e-04
1.999999999999999825e-04
2.000000000000000909e-04
2.500000000000000052e-04
2.500000000000000052e-04
2.999999999999999195e-04
3.000000000000001363e-04
3.500000000000000507e-04
3.499999999999996170e-04
3.000000000000003532e-04
3.500000000000000507e-04
3.499999999999996170e-04
4.000000000000001818e-04
4.499999999999998793e-04
5.000000000000004441e-04
5.999999999999998390e-04
5.500000000000001416e-04
6.499999999999995365e-04
5.999999999999998390e-04
6.000000000000007064e-04
6.999999999999992339e-04
5.999999999999998390e-04
5.999999999999998390e-04
6.500000000000012712e-04
5.500000000000001416e-04
5.999999999999998390e-04
5.500000000000001416e-04
5.999999999999998390e-04
5.500000000000001416e-04
5.500000000000001416e-04
5.999999999999998390e-04
5.500000000000001416e-04
5.500000000000001416e-04
6.499999999999978018e-04
6.500000000000012712e-04
5.000000000000004441e-04
5.999999999999998390e-04
5.499999999999984068e-04
5.500000000000018763e-04
5.499999999999984068e-04
5.500000000000018763e-04
6.999999999999992339e-04
6.500000000000012712e-04
6.499999999999978018e-04
6.999999999999992339e-04
5.500000000000018763e-04
6.999999999999992339e-04
6.500000000000012712e-04
5.999999999999998390e-04
5.999999999999998390e-04
6.500000000000012712e-04
5.999999999999998390e-04
5.999999999999998390e-04
5.499999999999984068e-04
5.500000000000018763e-04
4.999999999999969746e-04
5.999999999999998390e-04
6.500000000000012712e-04
6.000000000000033085e-04
5.999999999999963696e-04
6.499999999999978018e-04
6.500000000000047407e-04
5.999999999999963696e-04
6.500000000000047407e-04
6.499999999999978018e-04
6.999999999999992339e-04
7.500000000000006661e-04
8.000000000000020983e-04
6.999999999999992339e-04
6.499999999999978018e-04
6.999999999999992339e-04
6.499999999999978018e-04
7.000000000000061728e-04
6.499999999999978018e-04
6.499999999999978018e-04
6.999999999999992339e-04
6.000000000000033085e-04
7.500000000000006661e-04
6.999999999999992339e-04
8.499999999999965916e-04
8.500000000000035305e-04
8.000000000000020983e-04
8.999999999999980238e-04
7.999999999999951594e-04
8.000000000000020983e-04
8.500000000000035305e-04
8.999999999999980238e-04
7.500000000000006661e-04
8.999999999999980238e-04
6.499999999999978018e-04
7.000000000000061728e-04
6.999999999999992339e-04
6.999999999999992339e-04
6.499999999999978018e-04
7.500000000000006661e-04
6.499999999999978018e-04
6.999999999999992339e-04
7.000000000000061728e-04
6.999999999999992339e-04
7.500000000000006661e-04
7.999999999999951594e-04
7.500000000000076050e-04
6.999999999999922951e-04
7.000000000000061728e-04
7.500000000000006661e-04
6.999999999999922951e-04
8.000000000000090372e-04
6.999999999999922951e-04
7.500000000000006661e-04
6.000000000000033085e-04
6.999999999999922951e-04
7.000000000000061728e-04
7.999999999999951594e-04
7.500000000000006661e-04
6.499999999999978018e-04
8.000000000000090372e-04
6.999999999999922951e-04
7.500000000000006661e-04
7.000000000000061728e-04
6.999999999999922951e-04
7.000000000000061728e-04
6.499999999999978018e-04
7.000000000000061728e-04
6.999999999999922951e-04
8.500000000000035305e-04
8.500000000000035305e-04
8.999999999999980238e-04
8.500000000000035305e-04
8.499999999999896527e-04
9.500000000000063949e-04
8.500000000000035305e-04
8.499999999999896527e-04
8.999999999999980238e-04
9.000000000000119016e-04
9.499999999999925171e-04
8.000000000000090372e-04
9.499999999999925171e-04
7.999999999999951594e-04
8.000000000000090372e-04
7.500000000000006661e-04
7.999999999999951594e-04
7.000000000000061728e-04
8.499999999999896527e-04
8.500000000000035305e-04
8.500000000000035305e-04
8.500000000000035305e-04
7.999999999999951594e-04
7.999999999999951594e-04
9.500000000000063949e-04
7.500000000000006661e-04
7.999999999999951594e-04
7.500000000000006661e-04
7.999999999999951594e-04
6.500000000000116795e-04
6.999999999999922951e-04
7.000000000000061728e-04
6.499999999999978018e-04
6.499999999999978018e-04
6.499999999999978018e-04
7.000000000000061728e-04
6.999999999999922951e-04
7.000000000000061728e-04
6.999999999999922951e-04
7.500000000000006661e-04
7.500000000000006661e-04
7.500000000000006661e-04
7.000000000000061728e-04
6.499999999999978018e-04
7.500000000000006661e-04
6.999999999999922951e-04
7.500000000000006661e-04
7.000000000000061728e-04
7.000000000000061728e-04
7.499999999999867883e-04
6.500000000000116795e-04
5.999999999999894307e-04
6.500000000000116795e-04
7.500000000000006661e-04
6.499999999999978018e-04
7.500000000000006661e-04
6.499999999999978018e-04
6.000000000000033085e-04
6.999999999999922951e-04
7.000000000000061728e-04
5.999999999999894307e-04
6.000000000000171863e-04
5.999999999999894307e-04
5.499999999999949374e-04
6.500000000000116795e-04
5.499999999999949374e-04
5.999999999999894307e-04
6.000000000000171863e-04
5.999999999999894307e-04
5.999999999999894307e-04
