9.194876544911740127e-05
9.194876544911740127e-05
9.194876544911740127e-05
9.194876544911740127e-05
9.194876544911740127e-05
9.194876544911740127e-05
2.454736009999998339e-05
2.454736009999998339e-05
2.454736010000003760e-05
2.454736010000003760e-05
2.454736010000003760e-05
5.591495877999995336e-05
5.591495877999995336e-05
5.591495877999995336e-05
5.591495877999995336e-05
5.591495877999995336e-05
-3.674049699600000088e-04
-3.674049699600000088e-04
-3.674049699600000088e-04
-3.674049699600000088e-04
-3.674049699600000088e-04
1.819149346999999420e-04
1.819149346999999420e-04
1.819149346999999963e-04
1.819149346999999963e-04
1.819149346999999963e-04
-8.651986371999999779e-05
-8.651986371999999779e-05
-8.651986371999999779e-05
-8.651986371999999779e-05
-8.651986371999994358e-05
-5.625149880000000248e-06
-5.625149880000000248e-06
-5.625149880000000248e-06
-5.625149880000000248e-06
-5.625149880000000248e-06
9.720753927999997539e-05
9.720753927999997539e-05
9.720753928000000249e-05
9.720753928000000249e-05
9.720753928000000249e-05
2.395201505999999835e-04
2.395201506000000106e-04
2.395201506000000377e-04
2.395201505999999293e-04
2.395201505999999293e-04
4.303537373599999535e-04
4.303537373599999535e-04
4.303537373599999535e-04
4.303537373599999535e-04
4.303537373599999535e-04
1.804295491599997719e-04
1.804295491599997719e-04
1.804295491599997719e-04
1.804295491599997719e-04
1.804295491599997719e-04
3.052956215999960005e-05
3.052956215999960005e-05
3.052956215999960005e-05
3.052956215999960005e-05
3.052956215999960005e-05
4.819777521999999564e-05
4.819777521999999564e-05
4.819777521999999564e-05
4.819777521999999564e-05
4.819777521999999564e-05
5.267423128399997476e-04
5.267423128399997476e-04
5.267423128399997476e-04
5.267423128399997476e-04
5.267423128399997476e-04
2.235444367400000673e-04
2.235444367400000673e-04
2.235444367400000673e-04
2.235444367399991999e-04
2.235444367400009347e-04
-5.415808633999971700e-05
-5.415808633999971700e-05
-5.415808633999971700e-05
-5.415808633999971700e-05
-5.415808633999971700e-05
2.573374300799992354e-04
2.573374300799992354e-04
2.573374300799992354e-04
2.573374300799992354e-04
2.573374300799992354e-04
2.004497296000003204e-04
2.004497296000003204e-04
2.004497296000003204e-04
2.004497296000003204e-04
2.004497296000003204e-04
-1.825346211799996204e-04
-1.825346211799996204e-04
-1.825346211799996204e-04
-1.825346211799996204e-04
-1.825346211799996204e-04
7.132788545999996233e-05
7.132788545999996233e-05
7.132788545999996233e-05
7.132788545999996233e-05
7.132788545999996233e-05
-1.475571616599991726e-04
-1.475571616599991726e-04
-1.475571616599991726e-04
-1.475571616599991726e-04
-1.475571616599991726e-04
-3.655764039999648274e-06
-3.655764039999648274e-06
-3.655764039999648274e-06
-3.655764039999648274e-06
-3.655764039999648274e-06
-6.906478178000073631e-05
-6.906478178000073631e-05
-6.906478178000073631e-05
-6.906478178000073631e-05
-6.906478178000073631e-05
-1.041084920999999636e-04
-1.041084920999999636e-04
-1.041084920999999636e-04
-1.041084920999999636e-04
-1.041084920999999636e-04
1.535885490999994857e-04
1.535885490999994857e-04
1.535885490999994857e-04
1.535885490999994857e-04
1.535885490999994857e-04
5.510354977200006971e-04
5.510354977200006971e-04
5.510354977200006971e-04
5.510354977200006971e-04
5.510354977200006971e-04
7.908104691999994634e-04
7.908104691999994634e-04
7.908104691999994634e-04
7.908104691999994634e-04
7.908104692000011982e-04
2.761000777799990646e-04
2.761000777799990646e-04
2.761000777799990646e-04
2.761000777799990646e-04
2.761000777799990646e-04
5.739834840200012944e-04
5.739834840200012944e-04
5.739834840200012944e-04
5.739834840200012944e-04
5.739834840200012944e-04
5.476676175000007307e-04
5.476676175000007307e-04
5.476676175000007307e-04
5.476676175000007307e-04
5.476676175000007307e-04
3.005159507999989599e-04
3.005159507999989599e-04
3.005159507999989599e-04
3.005159507999989599e-04
3.005159507999989599e-04
1.813123518000017698e-04
1.813123518000017698e-04
1.813123518000017698e-04
1.813123518000017698e-04
1.813123518000017698e-04
3.251153643199986010e-04
3.251153643199986010e-04
3.251153643199986010e-04
3.251153643199986010e-04
3.251153643199986010e-04
3.835957222800001620e-04
3.835957222800001620e-04
3.835957222800001620e-04
3.835957222800001620e-04
3.835957222800001620e-04
6.326584805599992645e-04
6.326584805599992645e-04
6.326584805599992645e-04
6.326584805599992645e-04
6.326584805600027339e-04
3.828781535600012109e-04
3.828781535600012109e-04
3.828781535600012109e-04
3.828781535600012109e-04
3.828781535600012109e-04
4.283326768399972617e-04
4.283326768399972617e-04
4.283326768399972617e-04
4.283326768399972617e-04
4.283326768399972617e-04
6.346897939600026906e-04
6.346897939600026906e-04
6.346897939600026906e-04
6.346897939600026906e-04
6.346897939600026906e-04
6.999464972399990770e-04
6.999464972399990770e-04
6.999464972399990770e-04
6.999464972399990770e-04
6.999464972399990770e-04
9.608651256399966534e-04
9.608651256399966534e-04
9.608651256399966534e-04
9.608651256399966534e-04
