1.999999999999999825e-04
1.999999999999999825e-04
1.000000000000000454e-04
9.999999999999999124e-05
0.000000000000000000e+00
0.000000000000000000e+00
9.999999999999993703e-05
-9.999999999999993703e-05
9.999999999999993703e-05
-1.199999999999999895e-03
0.000000000000000000e+00
0.000000000000000000e+00
9.999999999999993703e-05
9.999999999999999124e-05
1.000000000000000454e-04
9.999999999999996413e-05
0.000000000000000000e+00
1.000000000000000048e-04
1.000000000000000048e-04
2.000000000000000096e-04
3.999999999999999650e-04
4.000000000000000734e-04
2.999999999999999195e-04
3.000000000000001363e-04
3.999999999999999650e-04
3.999999999999997481e-04
5.000000000000000104e-04
4.000000000000001818e-04
4.000000000000001818e-04
4.000000000000001818e-04
3.999999999999993144e-04
4.000000000000001818e-04
2.999999999999999195e-04
2.999999999999999195e-04
2.999999999999999195e-04
3.000000000000007869e-04
1.999999999999996572e-04
1.999999999999996572e-04
2.999999999999999195e-04
2.000000000000005246e-04
2.999999999999999195e-04
1.999999999999996572e-04
2.000000000000005246e-04
2.000000000000005246e-04
2.999999999999999195e-04
2.999999999999999195e-04
2.999999999999999195e-04
9.999999999999939493e-05
2.000000000000005246e-04
2.999999999999999195e-04
2.999999999999999195e-04
2.999999999999999195e-04
3.999999999999993144e-04
2.999999999999999195e-04
2.000000000000005246e-04
2.000000000000005246e-04
3.999999999999993144e-04
2.999999999999999195e-04
2.000000000000005246e-04
2.000000000000005246e-04
9.999999999999939493e-05
2.000000000000005246e-04
1.999999999999987899e-04
2.000000000000005246e-04
9.999999999999939493e-05
2.000000000000005246e-04
9.999999999999939493e-05
1.000000000000011297e-04
1.999999999999987899e-04
1.000000000000011297e-04
9.999999999999939493e-05
9.999999999999939493e-05
2.000000000000005246e-04
2.000000000000005246e-04
9.999999999999939493e-05
1.000000000000011297e-04
2.999999999999999195e-04
1.999999999999987899e-04
2.000000000000005246e-04
2.000000000000005246e-04
1.999999999999987899e-04
3.000000000000016542e-04
1.999999999999987899e-04
4.000000000000010492e-04
3.999999999999975797e-04
3.000000000000016542e-04
3.000000000000016542e-04
2.999999999999981848e-04
3.000000000000016542e-04
2.999999999999981848e-04
4.000000000000010492e-04
3.999999999999975797e-04
4.000000000000010492e-04
4.000000000000010492e-04
4.000000000000010492e-04
3.999999999999975797e-04
5.000000000000004441e-04
3.000000000000016542e-04
2.999999999999981848e-04
2.000000000000022593e-04
2.999999999999981848e-04
3.000000000000016542e-04
1.999999999999987899e-04
2.999999999999981848e-04
3.000000000000016542e-04
4.000000000000010492e-04
2.999999999999981848e-04
3.000000000000016542e-04
2.999999999999981848e-04
2.000000000000022593e-04
2.999999999999981848e-04
3.000000000000016542e-04
2.999999999999981848e-04
2.000000000000022593e-04
1.999999999999987899e-04
9.999999999999939493e-05
1.999999999999987899e-04
2.000000000000022593e-04
1.999999999999987899e-04
9.999999999999939493e-05
3.000000000000016542e-04
9.999999999999939493e-05
1.999999999999987899e-04
4.000000000000010492e-04
1.999999999999987899e-04
2.000000000000022593e-04
1.999999999999987899e-04
1.999999999999987899e-04
4.000000000000010492e-04
4.000000000000010492e-04
2.999999999999981848e-04
7.000000000000027034e-04
5.999999999999998390e-04
5.000000000000004441e-04
5.000000000000004441e-04
5.999999999999963696e-04
4.000000000000045186e-04
4.999999999999935052e-04
5.000000000000004441e-04
6.000000000000033085e-04
5.999999999999963696e-04
5.000000000000004441e-04
7.000000000000061728e-04
4.999999999999935052e-04
6.000000000000033085e-04
5.999999999999963696e-04
6.000000000000033085e-04
5.000000000000004441e-04
5.000000000000004441e-04
5.999999999999963696e-04
6.000000000000033085e-04
5.999999999999963696e-04
6.000000000000033085e-04
8.000000000000020983e-04
6.999999999999992339e-04
5.000000000000004441e-04
5.000000000000004441e-04
5.000000000000004441e-04
5.999999999999963696e-04
5.000000000000004441e-04
3.999999999999975797e-04
5.000000000000004441e-04
4.000000000000045186e-04
3.999999999999975797e-04
5.000000000000004441e-04
5.000000000000004441e-04
5.000000000000004441e-04
3.999999999999975797e-04
6.000000000000033085e-04
5.000000000000004441e-04
3.999999999999975797e-04
5.000000000000004441e-04
3.000000000000016542e-04
3.999999999999975797e-04
3.999999999999975797e-04
4.000000000000045186e-04
3.999999999999975797e-04
3.999999999999975797e-04
4.000000000000045186e-04
3.000000000000016542e-04
2.999999999999947153e-04
4.000000000000045186e-04
3.999999999999975797e-04
3.999999999999975797e-04
2.000000000000057288e-04
2.999999999999947153e-04
3.000000000000016542e-04
3.000000000000016542e-04
1.999999999999987899e-04
3.000000000000016542e-04
1.999999999999987899e-04
3.000000000000016542e-04
2.999999999999947153e-04
2.000000000000057288e-04
3.999999999999975797e-04
1.999999999999987899e-04
3.000000000000016542e-04
3.000000000000016542e-04
3.999999999999975797e-04
3.999999999999975797e-04
