2.362669621456365502e-04
2.362669621456365502e-04
2.362669621456365502e-04
2.362669621456365502e-04
2.362669621456365502e-04
2.362669621456365502e-04
2.780644374693749202e-04
2.780644374693749202e-04
2.780644374693749202e-04
2.780644374693751371e-04
2.780644374693751371e-04
2.620193369562498487e-04
2.620193369562498487e-04
2.620193369562498487e-04
2.620193369562498487e-04
2.620193369562498487e-04
2.265597505000001288e-04
2.265597505000001288e-04
2.265597505000001288e-04
2.265597505000001288e-04
2.265597505000001288e-04
2.302838437999998877e-04
2.302838437999998877e-04
2.302838437999998877e-04
2.302838437999998877e-04
2.302838437999998877e-04
2.245619827250001921e-04
2.245619827250001921e-04
2.245619827250001921e-04
2.245619827250001921e-04
2.245619827250001921e-04
2.303211237062495823e-04
2.303211237062495823e-04
2.303211237062495823e-04
2.303211237062504496e-04
2.303211237062504496e-04
2.176777819437505229e-04
2.176777819437505229e-04
2.176777819437505229e-04
2.176777819437505229e-04
2.176777819437505229e-04
2.147519788625006087e-04
2.147519788625006087e-04
2.147519788625006087e-04
2.147519788625006087e-04
2.147519788625006087e-04
2.195226739625001644e-04
2.195226739625001644e-04
2.195226739625001644e-04
2.195226739625001644e-04
2.195226739625001644e-04
2.102512368250004232e-04
2.102512368250004232e-04
2.102512368250004232e-04
2.102512368250004232e-04
2.102512368250004232e-04
1.965502049374994592e-04
1.965502049374994592e-04
1.965502049374994592e-04
1.965502049374994592e-04
1.965502049374994592e-04
1.986904262874997218e-04
1.986904262874997218e-04
1.986904262874997218e-04
1.986904262874997218e-04
1.986904262874997218e-04
2.057068332500001928e-04
2.057068332500001928e-04
2.057068332500001928e-04
2.057068332500001928e-04
2.057068332500001928e-04
2.046574043250010133e-04
2.046574043250010133e-04
2.046574043250010133e-04
2.046574043250010133e-04
2.046574043250010133e-04
1.831233267562508427e-04
1.831233267562508427e-04
1.831233267562508427e-04
1.831233267562508427e-04
1.831233267562508427e-04
1.849782162499993832e-04
1.849782162499993832e-04
1.849782162499993832e-04
1.849782162499993832e-04
1.849782162499993832e-04
1.988791731999985102e-04
1.988791731999985102e-04
1.988791731999985102e-04
1.988791731999985102e-04
1.988791731999985102e-04
1.854270037937484628e-04
1.854270037937484628e-04
1.854270037937484628e-04
1.854270037937484628e-04
1.854270037937484628e-04
1.777796659000012436e-04
1.777796659000012436e-04
1.777796659000012436e-04
1.777796659000012436e-04
1.777796659000012436e-04
1.709693097812492457e-04
1.709693097812492457e-04
1.709693097812492457e-04
1.709693097812492457e-04
1.709693097812492457e-04
1.526194290812493692e-04
1.526194290812493692e-04
1.526194290812493692e-04
1.526194290812493692e-04
1.526194290812493692e-04
1.589255027874998671e-04
1.589255027874998671e-04
1.589255027874998671e-04
1.589255027874998671e-04
1.589255027874998671e-04
1.548108194187498843e-04
1.548108194187498843e-04
1.548108194187498843e-04
1.548108194187498843e-04
1.548108194187498843e-04
1.552359891937513114e-04
1.552359891937513114e-04
1.552359891937513114e-04
1.552359891937513114e-04
1.552359891937513114e-04
1.463331958937511001e-04
1.463331958937511001e-04
1.463331958937511001e-04
1.463331958937511001e-04
1.463331958937511001e-04
1.474703361124991841e-04
1.474703361124991841e-04
1.474703361124991841e-04
1.474703361124991841e-04
1.474703361124991841e-04
1.382016849875017384e-04
1.382016849875017384e-04
1.382016849875017384e-04
1.382016849875017384e-04
1.382016849875017384e-04
1.459659756374992456e-04
1.459659756374992456e-04
1.459659756374992456e-04
1.459659756374992456e-04
1.459659756374992456e-04
1.399946873500007571e-04
1.399946873500007571e-04
1.399946873500007571e-04
1.399946873500007571e-04
1.399946873500007571e-04
1.201235569437512918e-04
1.201235569437512918e-04
1.201235569437512918e-04
1.201235569437512918e-04
1.201235569437512918e-04
1.224417542249993385e-04
1.224417542249993385e-04
1.224417542249993385e-04
1.224417542249993385e-04
1.224417542249993385e-04
1.247622702875011980e-04
1.247622702875011980e-04
1.247622702875011980e-04
1.247622702875011980e-04
1.247622702875011980e-04
1.189580154749986241e-04
1.189580154749986241e-04
1.189580154749986241e-04
1.189580154749986241e-04
1.189580154749986241e-04
1.149427625624990790e-04
1.149427625624990790e-04
1.149427625624990790e-04
1.149427625624990790e-04
1.149427625624990790e-04
1.114861692499968804e-04
1.114861692499968804e-04
1.114861692499968804e-04
1.114861692499968804e-04
1.114861692499968804e-04
1.173705116249978975e-04
1.173705116249978975e-04
1.173705116249978975e-04
1.173705116249978975e-04
1.173705116249978975e-04
1.202787609375019495e-04
1.202787609375019495e-04
1.202787609375019495e-04
1.202787609375019495e-04
1.202787609375019495e-04
1.185742768124997681e-04
1.185742768124997681e-04
1.185742768124997681e-04
1.185742768124997681e-04
1.185742768124997681e-04
1.061095873750028673e-04
1.061095873750028673e-04
1.061095873750028673e-04
1.061095873750028673e-04
