-1.405049090408283519e-06
-1.405049090408283519e-06
-1.538611050477811659e-05
-7.579598687357247400e-06
-2.641931167701727645e-05
1.774629021511486826e-05
2.107936273532118321e-05
1.157190216005687944e-05
1.352492513007064190e-05
5.072628489344310765e-05
3.786206861988716810e-05
5.095827077639114577e-05
3.761773767152476466e-05
3.620889907907098859e-05
2.071171986983699753e-05
2.719668644957096149e-05
3.746193900155958545e-05
4.034521432316751088e-05
2.930659071864738507e-06
-2.157332136931700006e-06
-6.244358754159406999e-05
9.865165270994680213e-05
4.769657184056086408e-05
1.401235359139718639e-04
1.039485609481971551e-04
2.028909309537141326e-04
8.136350198739705775e-05
1.365701222972859341e-04
7.023128060978933718e-05
5.115143208911376860e-05
9.173151248020872117e-05
5.635869241871205304e-05
1.062384920835768298e-04
9.927892142513883300e-05
7.991209093205497993e-05
9.978921281117436592e-05
1.398631471261069237e-04
1.281746447254761279e-04
7.257576826802392134e-05
6.425500388118621231e-05
1.059893525017230331e-04
2.685406013824831462e-05
1.005703652730005615e-04
6.619197209190019748e-05
2.603356200836515200e-05
-3.297823024084323151e-05
7.275829513275766658e-05
7.525923611595430884e-05
1.307592851951255852e-04
5.530384242291574992e-05
-6.143273008518690403e-06
3.442427867028641231e-05
5.764179766742927313e-05
2.435638042541654613e-05
5.432727576248908008e-06
-5.820157746683207733e-05
1.323715503431799334e-05
-8.304353475097059345e-06
1.277371647212532935e-04
8.159533447482658630e-05
-3.142346218965030857e-05
3.371161718845883115e-05
9.686044044343589121e-05
9.518876553116228934e-05
4.101915639864728291e-05
6.033005848848915775e-05
-8.451019372301971089e-06
5.417391213669020544e-05
5.478396942137919723e-05
2.802681802549500389e-05
2.139736295418970258e-04
8.394914586418167346e-05
9.918922052776224518e-05
1.076290910368982168e-04
4.325453897990882979e-05
2.558550678344317930e-05
6.668162859568838030e-05
6.661468971458361921e-05
7.742461068716011141e-06
-5.280224822001855500e-05
1.550893168911215980e-05
4.884311028519050524e-06
4.715679908784409236e-05
2.988769525913426151e-05
1.114641657053994095e-04
6.419928730494461888e-05
-5.873691436875105865e-05
-1.956367543698434019e-05
7.644750418478452048e-05
8.119748136081739176e-05
2.681028335871360468e-05
1.728138936840650786e-05
1.534819645598872739e-05
-8.355724290254329389e-06
-2.056097473257523234e-05
-1.773683743522269651e-05
1.007323782893365660e-04
1.059467739885633364e-04
1.168630597305764240e-04
5.461649029570025959e-05
9.908358281407458890e-05
-1.190713219756389663e-05
-2.703687010097155508e-05
-6.017385605261438286e-05
1.364792414548787747e-04
2.271524843422412232e-05
5.410478005174468308e-05
9.154762482310729865e-05
3.333640729863418528e-05
3.013264989348840572e-05
2.366333765380090881e-05
2.374114094294554889e-05
7.020712413563501286e-05
-4.236239188415424906e-05
7.677826690866140780e-05
1.429282678451215816e-04
7.423675327089540588e-05
8.049232224038860295e-05
5.630957637592359788e-05
-3.078771645803612955e-05
-4.666694548660643704e-05
9.909241015293446253e-06
6.952177006525062097e-05
6.948918506211043677e-05
1.098264891190581238e-04
-2.777403060605365681e-05
8.847456802740794046e-05
-8.923430357299366733e-06
1.036997572150255564e-04
-7.007122732716197788e-05
7.178865057611005795e-05
9.739983494938542208e-05
6.237846694290283267e-05
4.113119359772099415e-05
4.668284876885309131e-05
1.213182628490017123e-05
1.776730976850160459e-04
1.233695928810618625e-04
7.841687002851926991e-05
-3.560329804841444457e-05
-5.072065022915239751e-05
6.337386135513156660e-05
2.640574923518101969e-05
3.271559782191957311e-05
-7.232372055199220995e-05
-1.058433636202948946e-05
4.650301679376411812e-05
-7.923980381008277618e-05
-7.423691891972339363e-05
-1.909917678943884312e-05
-3.776496985352650881e-05
-4.717625290950877570e-05
4.088347485620147381e-05
-4.761267004838032335e-05
-3.443220012755432435e-05
-6.912660342806020708e-06
-1.585462997617526071e-04
5.442485367623817183e-05
5.194744926129146734e-05
-1.336776142224493924e-05
1.177191063312932329e-04
2.816961409024543173e-06
-1.658194866891449237e-04
-9.433747301557104947e-06
-2.206223107137361694e-05
-3.466640367122408861e-05
-8.988952763289148606e-05
4.946258937010838963e-05
-9.424372077404541415e-05
-3.440788934128136134e-05
-1.070827066271817785e-04
-7.705647823996741863e-05
-6.909610344862926468e-05
-1.259248019671588281e-04
-8.083819946236303622e-05
-7.375588401714594511e-05
-8.593236512766111446e-05
-4.078742882285268934e-05
-4.287184039242220024e-05
-3.120234983811087659e-05
-1.027546560123937525e-04
-9.566498366808673381e-05
-1.044309698805534481e-04
-7.169805744311474882e-05
1.657802146581843772e-05
-6.087433459001090341e-05
-5.780286305068216279e-05
-1.757582390382594895e-05
-4.437861340633730833e-05
1.040271340748688544e-04
-1.192728065291248640e-04
-8.792090724796253198e-05
-3.505183462237937420e-05
-1.060277150095600973e-04
-5.137720824777147755e-05
-3.378273244081242410e-05
5.569419920092855136e-05
-9.514167236801540639e-05
-3.875276394182947115e-05
6.152140825932406187e-05
