2.742193187987851388e-05
2.742193187987851388e-05
9.937071782850637192e-05
1.455741825315826077e-04
1.512630669591175092e-04
1.518741125039468898e-04
9.210554744409904515e-05
1.897885290151890558e-04
2.663572790018164937e-04
1.969989995540544214e-04
2.331544465352664020e-04
2.619383984159284751e-04
2.130987415602803026e-04
3.787531370100793993e-04
3.161202697761211766e-04
2.665013271769822722e-04
2.454146145023372583e-04
3.126255804124511428e-04
5.340265192685933471e-04
5.727836191411483924e-04
6.970032983462104426e-04
3.496858731883989435e-04
2.018688684399805311e-04
3.783469207663259226e-04
3.697586660393881175e-04
3.725650792540946554e-04
2.964478105953460840e-04
3.341149480791116844e-04
4.338104963590438956e-04
6.491571687599062557e-04
7.980883999785248761e-04
7.169371127311308101e-04
4.123669423607978501e-04
4.840292948671276463e-04
5.174308128417237640e-04
6.899594306783995989e-04
4.998751629710085354e-04
5.946894342905295616e-04
5.132101474067951585e-04
5.534997964566912287e-04
3.947493710665384015e-04
2.393587839115696170e-04
2.818024486437309406e-04
3.307144976334441822e-04
4.708903007424325438e-04
4.366410509719642619e-04
4.242673230061555500e-04
5.428524150667968229e-04
5.735131330215637036e-04
3.227706316968337319e-04
1.946417394895760822e-04
4.010209675824327746e-04
2.756691641900843592e-04
3.266157164363292509e-04
4.207304195311678541e-04
3.696689255328067247e-05
-2.041396687584295933e-04
2.029964374576920250e-04
3.047537197931049491e-04
3.690304191836801806e-04
3.791748653627635690e-04
3.449432583026990073e-04
4.350919921991547312e-04
5.986056244076110033e-04
6.203908177635497623e-04
7.557492916312469333e-04
7.132126081819123442e-04
7.410256782423019217e-04
9.398501455724073139e-04
7.641781316962692472e-04
7.038159120886788855e-04
6.444934002001190265e-04
5.603104881473086607e-04
4.892647120167126218e-04
5.004017884910894054e-04
4.621442133316833178e-04
5.803390892751281172e-04
5.186882600991538084e-04
6.413056146081785869e-04
7.269089704076137082e-04
8.751663785107055560e-04
7.358102832997204246e-04
9.189620082477034657e-04
9.303409525465156094e-04
7.869974034946380925e-04
5.666803813753062968e-04
6.765618093229619490e-04
5.711081543529061832e-04
5.634411889774426641e-04
5.330218030890065961e-04
6.462737602888068977e-04
6.476049049810583824e-04
4.192555567001932104e-04
5.223245143959331926e-04
7.015432784349684425e-04
5.679489049974506543e-04
2.932969146094421831e-04
3.827593919503158304e-04
3.478822523135249867e-04
3.099611232659782445e-04
3.044619777208268374e-04
3.265545994173280064e-04
6.033353570584765180e-04
6.551081555263849054e-04
6.484557294754722534e-04
6.763780925815865430e-04
6.679322000788801006e-04
8.626525031001364141e-04
9.676437721894970423e-04
7.869645769833510940e-04
8.205754230070638755e-04
6.630827650191406519e-04
6.190812031912074076e-04
5.352549997148514649e-04
5.686347034252747790e-04
5.037185374376917935e-04
5.253130433811037392e-04
4.094293482967970021e-04
3.142769495028119309e-04
6.477365875126039896e-04
5.172559678499055735e-04
7.053822949343313553e-04
7.333804411100430798e-04
7.399482560659365049e-04
7.782674735397066001e-04
6.719404634125680786e-04
7.267793825667112628e-04
7.140568700663152413e-04
7.921184418417936968e-04
9.499803494339431609e-04
8.969573211947690083e-04
9.815742676595462513e-04
9.842429727386914351e-04
8.963769898926443602e-04
6.401139942626699053e-04
6.402250758590355417e-04
7.371168555865281746e-04
6.562214801943966336e-04
7.286763572267318523e-04
3.775699027102064065e-04
5.152120595788289847e-04
6.825113247002079220e-04
6.506136685731078728e-04
5.242991590632684051e-04
4.084685863041670473e-04
6.116080189588757321e-04
7.025704341749872128e-04
8.067259693591566361e-04
8.185737987567165419e-04
7.979398914859103797e-04
6.331710325007122719e-04
7.072283842681770238e-04
5.422834323285385949e-04
7.012177972516298041e-04
8.478199296106936345e-04
7.272484692775194048e-04
5.805526032505170519e-04
5.740828606226600073e-04
5.936279196410154668e-04
4.110161588419813938e-04
6.859680034576598473e-05
1.656515804828728733e-04
4.309488623226442883e-04
4.136490471973175431e-04
6.881618013414581014e-04
5.933878467185849104e-04
3.855868815350049772e-04
2.493680586361790574e-04
4.214723990516588970e-04
3.633463180428009309e-04
3.307739918225749420e-04
4.101234188080837839e-04
5.301860957978021816e-04
4.703013962155111471e-04
2.046347962121330966e-04
3.181544830592741846e-04
3.363473199318178786e-04
3.876655181969113073e-04
4.839004743155683741e-04
6.540619773112155144e-04
6.072196031361443147e-04
3.362112313549658893e-04
4.970811317219769876e-04
6.240339690988250254e-04
4.827540433041122014e-04
4.625734293499661476e-04
3.896901383191320178e-04
6.186933833056684762e-04
6.933108371951490767e-04
5.801438798647140516e-04
6.480576544198868305e-04
3.124848087532328123e-04
3.961971323143131940e-04
4.447250721986151234e-04
6.835980639339211962e-04
5.237001159628107416e-04
6.360665254403485847e-04
5.867556237317828050e-04
5.878363477522796643e-04
7.886162176253819212e-04
