1.031250000000000130e-04
1.031250000000000130e-04
1.531249999999999408e-04
1.875000000000000581e-04
1.999999999999999825e-04
2.062499999999999447e-04
2.343750000000000997e-04
2.468749999999996989e-04
2.406250000000003872e-04
2.031249999999997467e-04
2.812500000000002498e-04
3.031250000000000090e-04
3.156249999999994997e-04
3.468750000000003948e-04
3.468750000000003948e-04
3.406249999999997821e-04
3.375000000000001263e-04
3.218750000000001124e-04
3.125000000000002776e-04
3.218749999999992450e-04
3.312499999999999473e-04
3.250000000000006356e-04
3.437499999999994379e-04
3.156249999999999334e-04
3.281250000000002914e-04
3.281250000000002914e-04
3.375000000000001263e-04
3.093749999999988870e-04
3.125000000000002776e-04
3.125000000000002776e-04
2.968750000000002637e-04
2.874999999999995615e-04
2.781250000000005940e-04
2.781249999999988592e-04
2.875000000000012962e-04
2.749999999999992034e-04
2.593749999999991895e-04
2.562500000000012684e-04
2.562499999999977990e-04
2.437500000000026451e-04
2.562499999999995337e-04
2.406249999999995198e-04
2.531249999999998779e-04
2.249999999999995060e-04
2.249999999999995060e-04
2.093750000000029615e-04
2.249999999999977712e-04
2.062499999999998362e-04
2.125000000000008826e-04
2.187499999999984596e-04
2.250000000000029754e-04
2.124999999999974132e-04
2.093750000000012268e-04
1.999999999999987899e-04
2.031250000000001804e-04
1.968750000000008687e-04
2.124999999999991479e-04
2.187500000000001943e-04
2.156250000000005385e-04
2.187500000000019290e-04
2.281249999999991618e-04
2.187500000000001943e-04
2.218749999999998501e-04
2.125000000000008826e-04
1.968749999999956646e-04
2.187500000000001943e-04
2.062500000000015710e-04
2.125000000000008826e-04
1.937499999999994782e-04
2.093749999999977573e-04
1.937500000000064171e-04
1.968749999999956646e-04
2.093749999999977573e-04
1.968750000000026035e-04
1.937500000000029476e-04
1.906249999999963529e-04
1.968750000000026035e-04
1.968749999999991340e-04
1.968749999999991340e-04
2.062500000000015710e-04
1.937499999999960087e-04
1.843750000000005107e-04
1.843750000000005107e-04
2.000000000000022593e-04
2.062500000000015710e-04
2.031249999999984457e-04
2.031249999999984457e-04
1.968749999999991340e-04
2.000000000000022593e-04
1.843749999999970413e-04
1.812500000000008549e-04
1.843750000000005107e-04
1.750000000000015432e-04
1.781249999999977296e-04
1.906249999999998224e-04
1.812500000000043243e-04
1.812499999999973854e-04
1.593750000000032641e-04
1.656249999999991063e-04
1.718749999999984179e-04
1.562500000000001388e-04
1.500000000000008271e-04
1.687500000000022315e-04
1.499999999999973577e-04
1.531250000000004829e-04
1.500000000000008271e-04
1.531249999999970135e-04
1.468750000000011713e-04
1.562500000000001388e-04
1.437499999999980460e-04
1.562500000000036082e-04
1.468749999999977018e-04
1.531250000000004829e-04
1.531249999999970135e-04
1.468750000000011713e-04
1.500000000000008271e-04
1.468749999999977018e-04
1.406250000000018596e-04
1.375000000000022038e-04
1.374999999999987343e-04
1.250000000000001110e-04
1.343749999999990785e-04
1.374999999999987343e-04
1.437500000000015155e-04
1.468750000000011713e-04
1.281249999999997669e-04
1.437499999999980460e-04
1.468750000000011713e-04
1.531250000000039524e-04
1.499999999999973577e-04
1.687499999999987621e-04
1.781250000000011990e-04
1.718749999999984179e-04
1.624999999999994504e-04
1.624999999999994504e-04
1.750000000000015432e-04
1.749999999999980738e-04
1.812500000000008549e-04
1.781250000000011990e-04
1.906250000000032918e-04
1.781249999999942601e-04
1.781250000000011990e-04
1.812500000000008549e-04
1.750000000000015432e-04
1.687500000000022315e-04
1.749999999999980738e-04
1.656249999999956368e-04
1.625000000000029199e-04
1.593749999999997946e-04
1.624999999999994504e-04
1.562499999999966693e-04
1.750000000000015432e-04
1.812500000000008549e-04
1.656250000000025757e-04
1.750000000000015432e-04
1.812500000000008549e-04
1.718749999999949485e-04
1.687500000000022315e-04
1.656249999999956368e-04
1.500000000000042966e-04
1.437499999999980460e-04
1.500000000000042966e-04
1.531249999999970135e-04
1.374999999999987343e-04
1.437499999999980460e-04
1.406250000000053291e-04
1.281249999999997669e-04
1.468749999999907629e-04
1.437500000000049849e-04
1.468750000000046407e-04
1.624999999999959810e-04
1.500000000000042966e-04
1.531249999999970135e-04
1.468749999999977018e-04
1.437499999999980460e-04
1.468750000000046407e-04
1.499999999999973577e-04
1.468749999999977018e-04
1.468750000000115796e-04
1.312499999999994227e-04
1.499999999999973577e-04
1.437499999999980460e-04
1.406249999999983902e-04
1.500000000000042966e-04
1.374999999999987343e-04
1.374999999999987343e-04
1.374999999999987343e-04
1.343749999999990785e-04
1.281249999999928280e-04
1.250000000000001110e-04
1.187500000000007994e-04
1.125000000000014877e-04
1.187500000000077383e-04
1.187499999999938605e-04
1.406249999999983902e-04
1.250000000000070499e-04
1.281249999999928280e-04
1.343750000000060174e-04
1.499999999999973577e-04
1.406249999999983902e-04
