-2.260323997853185723e-04
-2.260323997853185723e-04
1.212555844342105436e-04
1.272487193344875363e-04
3.347954306177285230e-04
-4.719254552548476467e-04
2.572795915948753159e-04
3.627800922714681823e-05
-3.183051643975069018e-05
3.232466837970913933e-04
-3.670352746475069247e-04
-1.972415172146814205e-04
6.423381191731302418e-04
2.002944413808863252e-04
-4.513096433864257316e-05
3.097964248635734540e-04
5.924928517354569220e-04
-1.483355025768697509e-04
1.802493840117728487e-04
6.267697046198061894e-04
-1.345837307001386020e-04
1.201664411329640345e-04
5.010196480373959975e-04
3.173856864369804971e-04
-5.408185973684084130e-06
7.508681150415535618e-05
1.858168331447369002e-04
2.903249034944595935e-04
6.519175540997245583e-05
2.142561101246527946e-05
9.104941958448754466e-05
4.155992433379504872e-04
1.788099888573400215e-04
-2.168207596080331048e-04
3.302901536281167491e-04
1.170070144944600210e-04
2.674109895789466076e-04
4.462720326592860276e-05
1.559748191288087490e-04
-3.365985580997231386e-04
2.474217474411352993e-04
4.256488577700830861e-04
-1.198851518455675003e-04
5.182714028123267327e-04
5.579729034833804530e-05
1.872117065145426779e-04
5.692719318739613427e-04
-1.331983116793630448e-04
-8.800669903947285627e-05
5.923359789432132080e-04
-1.091343722361502039e-04
2.870766336966765545e-04
1.661948006385039964e-04
1.465133344660659795e-04
1.076566651447372763e-04
-4.109212139958434706e-05
-3.016303007486150281e-04
5.078761340526309620e-04
4.287786312596950089e-04
-3.884995686911224544e-05
2.968314022216058529e-04
-2.005377162444602068e-04
2.479393405304709808e-04
1.355753072271471266e-04
2.244828385761770545e-04
-1.628076301627423561e-04
-1.070500016606638211e-04
8.332472802423732117e-05
2.220210578109428623e-04
3.545606204598331090e-04
1.811383191128810438e-04
-3.829552427977826745e-05
-1.967462430588640815e-04
4.649881123054006027e-04
8.525377566966779730e-05
8.978590762326842112e-05
2.177562682839345037e-04
1.373757833081721419e-04
2.234148367209129460e-04
9.767322214681087300e-06
3.955061567416911367e-04
1.390483387673120685e-04
4.666043772091378605e-05
-1.477247830193768874e-05
-1.705710277562395849e-05
-1.775676605450145218e-04
3.286414828642669761e-04
6.494668761011096469e-05
-7.887705479224516036e-05
6.185353012326880173e-05
6.919716830422438514e-04
-4.274928118420950884e-05
1.229207752527702868e-04
2.862738124058163136e-04
-3.409255206371017421e-06
-6.033967365463993593e-04
6.613339759210627722e-05
4.284255170235451438e-04
6.033503354619107473e-04
1.501855090803323051e-04
1.017798361024942894e-04
1.494238916094174641e-04
-3.193866298303316142e-04
-2.364300156516632723e-04
2.994888634716072473e-04
-2.908735818836494236e-05
3.415380805969515932e-04
4.930762022922578758e-05
-9.039967805401713519e-05
2.993013240512425177e-05
5.651561873885047049e-04
-1.246839694037400054e-04
-1.750782335921043792e-04
3.830219047590028431e-04
3.063384393774230829e-04
1.230285876011073809e-04
3.782754478608030962e-04
-1.697103584591408421e-04
3.140579323047103938e-04
1.439742871925196038e-04
-3.400933544432122729e-04
4.949330673753409016e-05
3.660122738365599593e-05
1.083126950844875286e-04
-1.467259468739615103e-04
5.656943539266053034e-05
2.068332362188361750e-04
5.266317896537343890e-05
1.850763161932132694e-04
-4.434003441204995011e-05
1.919625071087269208e-04
1.040403398060926743e-04
-1.722662012804705017e-04
5.217011473199542615e-05
2.169128855886420099e-04
3.051357520339349066e-04
3.795918066827955184e-05
3.705436029272854426e-04
-1.316103099030449530e-04
1.159985869224368360e-04
1.684566280470908839e-04
6.167439823684395250e-05
2.096054649813015869e-04
-1.945103035734079000e-04
1.211130600131567203e-04
1.560217890775629501e-04
6.140151545706504232e-05
-1.787415813351810046e-04
-3.234023689619100472e-04
5.240626517008309393e-04
1.075618176094167433e-04
3.581777094877058865e-06
-1.744729523365656787e-04
1.458673183725757438e-04
2.979465204750696150e-04
4.795177587486147697e-04
-3.254749292347647316e-04
4.777285327645409974e-04
-8.403262284556456407e-05
1.074326269304013565e-03
-3.351363617174508980e-04
3.913063207652348052e-04
6.001277951524913723e-06
3.035489104016610151e-04
-1.072674147638494335e-04
3.567871969459845971e-04
-3.005572209175896847e-04
5.097360882596949083e-04
2.698619119993056481e-04
1.650001089452922398e-04
-2.426274461627443702e-04
1.344286433081730292e-04
2.272272563545695012e-04
4.587421726260400290e-04
-2.653627407361511259e-04
3.101052641038791469e-04
1.339656863227137173e-04
2.598487880463989930e-04
-2.444298988988902188e-04
4.840625883933517837e-04
-2.126802079085859942e-04
-9.334583511842395320e-05
8.502557812645437918e-04
-1.258339693677272553e-04
2.741869843254848838e-04
-2.762127125533267447e-04
4.882136657839361571e-04
6.434565055397911681e-07
-4.171531661274242853e-04
6.404731820477821413e-04
-3.856541451689732281e-04
3.920007525256216652e-04
3.920330789813041006e-04
-1.438239072479238767e-04
3.565519322880905673e-04
-2.355832073808877825e-04
4.025932857742373083e-04
7.633289056648354109e-05
2.824629188220226239e-04
1.513625313054010879e-04
