-4.426935300116952021e-05
-4.426935300116952021e-05
-4.171959778886957793e-05
-4.289298475157465873e-05
-5.006605285373666447e-05
-5.476292442097019375e-05
-5.772173625828713739e-05
-5.579106586495186093e-05
-7.680731614811975305e-05
-2.627289932988219334e-05
-5.128084773531327301e-05
1.014156763190499078e-05
-3.955263496635552656e-05
-1.130913620634999006e-04
-1.030746407906235618e-04
-7.614843835312967713e-05
-3.293694446782069463e-05
-4.726482764993988894e-05
-2.694090350985334226e-05
-2.869285838613677697e-05
-3.328543588310139967e-05
-4.770677512055954139e-05
-2.768171164646560101e-05
-2.754314352415576650e-05
-3.471034094815195203e-05
-9.017675047573447955e-06
-3.458869267092268274e-05
1.451473342228837282e-05
4.433293445416097711e-05
-3.393130135265209901e-05
-8.728393109080911927e-05
1.565270810388597056e-05
-3.253751226495182891e-05
-2.958923202456276158e-05
-3.628366479802025424e-05
3.125921672975096044e-05
1.369302755804824301e-05
-9.409958181549882283e-06
5.868889950022548874e-06
1.081744014754804084e-04
1.480026132547607176e-04
2.157064405139408336e-05
2.523784707264553617e-05
4.330433887034246254e-05
-2.099684115819400176e-05
5.437018012344196904e-05
6.122007183861910562e-05
7.261566299021637860e-05
1.566641921613154409e-04
7.606548197358620200e-05
9.526182013530615222e-05
9.933807459816534902e-05
5.536655056914696615e-05
1.066015423525357164e-04
9.803733873425812817e-05
-1.372943170316887063e-04
7.006929731900868319e-05
-1.228647793602988258e-04
3.245123020079176968e-05
3.104035148027151081e-05
1.320034547127590940e-04
1.876100381039691456e-04
1.427425223532452492e-04
5.176762806158308194e-05
5.274212411165990488e-05
-2.463208736358524220e-05
-9.418245976888783844e-06
1.241070385127329700e-04
9.426430404957386600e-05
4.487865503932653155e-05
5.234805739107173395e-05
1.092990292939077790e-04
1.282601319338994017e-04
1.148775325390261060e-04
-4.239549560480782020e-05
2.538896339387974876e-05
5.851667467027255043e-05
8.593840166071231579e-05
8.711041631670468632e-05
5.693311597454453477e-05
3.159635818050787748e-05
5.676018798439486091e-05
9.978076315064754453e-05
-9.108207538588430907e-05
1.382475285183204505e-04
4.792511580831160245e-05
3.498272856106154904e-05
-1.248757593685922984e-05
6.763446937085859645e-05
5.958030005359660208e-06
-4.322855744831599623e-05
-7.226296725093561690e-05
2.870353318229490469e-05
-1.939498329406319499e-05
-4.061238612251827362e-05
7.611519450279047305e-05
8.072361787014870060e-05
5.640673232321091746e-05
1.058956836246238709e-04
1.929236534792266866e-05
7.234630547969800318e-06
-5.015217486104006639e-05
4.496826902666839487e-05
-1.032534905398563296e-04
2.975417420003623192e-05
6.044365941093587935e-05
2.907197652035620195e-05
1.046104895152666359e-05
6.582656105180717532e-05
1.116457852212704438e-04
2.670831272055806949e-05
5.583290754174186077e-05
7.035461457860492374e-05
5.990347418460828521e-05
1.148344343739893247e-04
7.367976431993383812e-05
1.214198175993885798e-04
1.919872502007535786e-04
2.017742922397758321e-04
5.613246984381703442e-05
1.423002008138496421e-05
-4.119223078191680543e-07
8.802609341884704008e-05
6.401578356474146858e-05
8.337504111466387258e-05
1.189647406754090753e-04
8.054777700650106453e-05
4.257795962914201482e-05
5.264232769874865880e-05
1.984152620693180324e-05
1.343587974105275862e-04
6.467922748498722285e-06
-6.300020945815276718e-05
8.473622507665368175e-05
4.190250078295321146e-05
1.608245254303142246e-05
6.954291466954032330e-05
-4.866002502268429453e-05
3.998023669637973398e-05
2.028535126186170601e-05
-3.194348759194554077e-05
9.215224754655082506e-05
1.034485252873196259e-04
-2.448670620935899933e-06
-7.697049738908390282e-06
-2.841577289913743698e-05
1.326447312059997330e-04
-6.752875901838706341e-05
4.905127234167139250e-05
4.579202287402495131e-05
7.780163470627599054e-05
3.615493421094129189e-05
1.272443538056222678e-04
2.516626489779127951e-05
4.709107461309258724e-06
4.311723959915525484e-05
-5.051492554031256077e-06
4.772395535113105325e-05
1.018422003689067878e-04
3.744360770596699695e-05
1.307858509456139018e-04
4.453080292066147194e-05
1.911744566029938142e-05
1.047033605949820867e-04
7.594872929672646933e-06
8.431456143043192242e-05
-8.186901767359699988e-05
1.089736348269809696e-04
-4.741130194929610298e-05
-1.025932451526045952e-05
-1.878699295971841821e-04
-5.447677746772683349e-05
3.833292814547917260e-05
2.183771353259089665e-05
2.515656895241136226e-06
-4.703237561898276908e-05
6.664569297143430049e-05
4.227079511309739246e-05
7.120892889744823151e-05
2.858476188905001436e-05
5.588326381200658943e-06
-1.261861059731472778e-05
-3.855220539250581169e-05
-6.761185758819010516e-06
3.318320284861897562e-05
-9.268253118932534562e-05
-8.217222176298832892e-05
2.486963189696211884e-05
4.199142052385695933e-05
1.759179523155296465e-04
7.925689619270315234e-05
-7.592568215386563679e-05
-2.115656294066070586e-05
8.322795675397287596e-05
9.818981435927298662e-06
-7.950310741122734726e-05
1.151187292940392126e-04
-3.325296900413832191e-05
-2.441316550516603456e-05
8.167710171491648907e-05
