6.408835260622579332e-05
6.408835260622579332e-05
6.408835260622579332e-05
6.408835260622577977e-05
6.408835260622580687e-05
6.408835260622580687e-05
6.623820556124997280e-05
6.623820556125002701e-05
6.623820556125002701e-05
6.623820556125002701e-05
6.623820556125002701e-05
9.962159813500001248e-05
9.962159813500001248e-05
9.962159813500001248e-05
9.962159813499990406e-05
9.962159813499990406e-05
8.473763306875007652e-05
8.473763306875007652e-05
8.473763306875007652e-05
8.473763306875007652e-05
8.473763306875007652e-05
9.800246815999994442e-05
9.800246815999994442e-05
9.800246815999994442e-05
9.800246816000016126e-05
9.800246816000016126e-05
1.096656820900000426e-04
1.096656820900000426e-04
1.096656820900000426e-04
1.096656820900000426e-04
1.096656820900000426e-04
1.122905599375001451e-04
1.122905599375001451e-04
1.122905599375001451e-04
1.122905599375001451e-04
1.122905599375001451e-04
1.152065262637501017e-04
1.152065262637501017e-04
1.152065262637501017e-04
1.152065262637501017e-04
1.152065262637501017e-04
1.179102360000000745e-04
1.179102359999996408e-04
1.179102359999996408e-04
1.179102359999996408e-04
1.179102359999996408e-04
1.019120888374998660e-04
1.019120888374998660e-04
1.019120888374998660e-04
1.019120888374998660e-04
1.019120888374998660e-04
1.192937948874999224e-04
1.192937948874999224e-04
1.192937948874999224e-04
1.192937948874999224e-04
1.192937948874999224e-04
8.814078484999966767e-05
8.814078484999966767e-05
8.814078484999966767e-05
8.814078484999966767e-05
8.814078484999966767e-05
8.516850968749972023e-05
8.516850968749972023e-05
8.516850968749972023e-05
8.516850968749972023e-05
8.516850968749972023e-05
9.356625732499963821e-05
9.356625732499963821e-05
9.356625732499963821e-05
9.356625732499963821e-05
9.356625732499963821e-05
9.546795079999961797e-05
9.546795079999961797e-05
9.546795079999961797e-05
9.546795079999961797e-05
9.546795079999961797e-05
5.576143157500022124e-05
5.576143157500022124e-05
5.576143157500022124e-05
5.576143157500022124e-05
5.576143157500022124e-05
7.935019072499976261e-05
7.935019072499976261e-05
7.935019072499976261e-05
7.935019072500062998e-05
7.935019072500062998e-05
1.002458502375007388e-04
1.002458502375007388e-04
1.002458502375007388e-04
1.002458502375007388e-04
1.002458502375007388e-04
5.603939268749962010e-05
5.603939268749962010e-05
5.603939268749962010e-05
5.603939268749962010e-05
5.603939268749962010e-05
9.273494370000065490e-05
9.273494370000065490e-05
9.273494370000065490e-05
9.273494370000065490e-05
9.273494370000065490e-05
6.904331853749973158e-05
6.904331853749973158e-05
6.904331853749973158e-05
6.904331853749973158e-05
6.904331853749973158e-05
7.087913333750014977e-05
7.087913333750014977e-05
7.087913333750014977e-05
7.087913333750014977e-05
7.087913333750014977e-05
5.623232744999921706e-05
5.623232744999921706e-05
5.623232744999921706e-05
5.623232744999921706e-05
5.623232744999921706e-05
4.229839746250005361e-05
4.229839746250005361e-05
4.229839746250005361e-05
4.229839746250005361e-05
4.229839746250005361e-05
3.540780457499982659e-05
3.540780457499982659e-05
3.540780457499982659e-05
3.540780457499982659e-05
3.540780457499982659e-05
6.617106674999991001e-05
6.617106674999991001e-05
6.617106674999991001e-05
6.617106674999991001e-05
6.617106674999991001e-05
6.350031887500037775e-05
6.350031887500037775e-05
6.350031887500037775e-05
6.350031887500037775e-05
6.350031887500037775e-05
6.973503102499986617e-05
6.973503102499986617e-05
6.973503102499986617e-05
6.973503102499986617e-05
6.973503102499986617e-05
8.129408728749926150e-05
8.129408728749926150e-05
8.129408728749926150e-05
8.129408728749926150e-05
8.129408728749926150e-05
1.026686230124994326e-04
1.026686230124994326e-04
1.026686230124994326e-04
1.026686230124994326e-04
1.026686230124994326e-04
7.846776557499969551e-05
7.846776557499969551e-05
7.846776557499969551e-05
7.846776557499969551e-05
7.846776557499969551e-05
5.114288412499945480e-05
5.114288412499945480e-05
5.114288412499945480e-05
5.114288412499945480e-05
5.114288412499945480e-05
6.290650491250042442e-05
6.290650491250042442e-05
6.290650491250042442e-05
6.290650491250042442e-05
6.290650491250042442e-05
7.973895497499945695e-05
7.973895497499945695e-05
7.973895497499945695e-05
7.973895497499945695e-05
7.973895497499945695e-05
9.995628016250084069e-05
9.995628016250084069e-05
9.995628016250084069e-05
9.995628016250084069e-05
9.995628016250084069e-05
9.764316563749993183e-05
9.764316563749993183e-05
9.764316563749993183e-05
9.764316563749993183e-05
9.764316563749993183e-05
8.359212090000046891e-05
8.359212090000046891e-05
8.359212090000046891e-05
8.359212090000046891e-05
8.359212090000046891e-05
9.050547012499909894e-05
9.050547012499909894e-05
9.050547012499909894e-05
9.050547012499909894e-05
9.050547012499909894e-05
9.857963947499867596e-05
9.857963947499867596e-05
9.857963947499867596e-05
9.857963947499867596e-05
9.857963947499867596e-05
1.052547028875007451e-04
1.052547028875007451e-04
1.052547028875007451e-04
1.052547028875007451e-04
