3.010875674291924042e-05
3.010875674291924042e-05
2.247183853398837527e-05
4.979412415195838548e-05
3.363909533860010015e-05
8.294441575529276633e-05
1.843745420515574551e-05
4.777909198949714664e-05
1.045704251971812937e-04
9.338828106919550009e-05
1.105826375180640753e-04
1.482486243666869541e-04
1.275771225941468856e-04
1.844081183719481487e-04
1.834571132270923499e-04
2.700026899056240381e-04
1.791117893361615643e-04
2.179214521724759379e-04
2.917159758872855946e-04
4.444881697764913042e-04
4.787913318011760566e-04
2.747081213705371283e-04
1.190580534426999293e-04
5.088799328305526615e-04
4.219109138539067771e-04
3.039776497715251935e-04
4.131103909585931433e-04
6.389029386042466285e-04
7.796740324117479304e-04
7.347919099593980263e-04
7.638951661164128382e-04
7.300672328582891168e-04
6.400610641499326903e-04
6.222984976069767526e-04
6.908440414186145517e-04
6.127811871294852608e-04
2.219569154995326699e-04
3.288608940898996025e-04
2.547388456299870541e-04
2.953942251195940116e-04
2.963259824930730701e-04
2.421963199772392272e-04
1.204868912623169308e-04
3.174396651068889241e-04
5.356780514489400957e-04
9.186338483679890032e-04
1.323991207868857600e-03
1.730282386009918127e-03
2.061693394889374531e-03
1.900262737443370042e-03
2.182997550203680248e-03
1.983136388101769398e-03
1.530015147473307024e-03
1.450492882618448220e-03
1.752108243881167482e-03
1.090595058652610305e-03
7.405004993934483082e-04
1.002182382165983654e-03
1.244291515050122143e-03
1.129496504479021723e-03
1.270576913054100032e-03
1.089030887094111222e-03
9.897462740617868349e-04
1.137025247821554785e-03
1.047962637365174032e-03
1.101805799432753474e-03
6.354704859532489536e-04
7.251937146826037406e-04
7.489705565042470425e-04
7.294369511718912236e-04
5.190771645189329320e-04
6.758747870989623152e-04
4.278952234209043581e-04
5.064577328077746188e-04
5.161860316746924582e-04
5.712746653649958262e-04
7.655760933396038581e-04
7.369319437344756807e-04
6.742489880302571237e-04
6.571881542889457251e-04
6.413718444946425734e-04
5.429885784486998546e-04
6.547644158949594839e-04
7.862141375873932247e-04
6.757947135760389301e-04
4.278228184340093776e-04
6.502438432569590532e-04
6.085225493954737885e-04
5.702539395286976287e-04
4.308146827582959304e-04
4.067051862648440874e-04
6.708059905733421147e-04
5.695035075028442861e-04
4.443419664390546586e-04
7.306607367176809475e-04
4.812374377110018031e-04
4.845440640615095163e-04
4.971987286737089562e-04
4.685723897885907263e-04
5.447467117107862578e-04
7.552620040698343473e-04
7.440345307330176183e-04
8.499906285912572912e-04
5.872254186591874259e-04
4.984736995083949296e-04
4.582271231434731362e-04
3.691553086717647147e-04
6.543441129736038420e-04
8.744051281794895658e-04
1.045815362083146738e-03
1.063375413728806507e-03
6.031655861065132740e-04
5.445925608391632977e-04
4.136237143441690023e-04
3.445791570229062017e-04
3.861743033581888085e-04
6.768218630597289120e-04
8.290812250635326563e-04
4.212936065854933076e-04
7.212921181114495539e-04
5.859679014577068301e-04
7.950042740354490434e-04
5.804410524774539226e-04
6.559464124507030647e-04
8.199253649792126453e-04
8.546333414471973811e-04
8.947196708213311922e-04
7.957653399301989339e-04
1.136045116147954559e-03
9.705441824898741743e-04
6.695919118335780240e-04
7.016280504323901823e-04
7.807510062853850741e-04
7.396658847369508294e-04
4.682431101414863406e-04
6.461320988933039189e-04
8.579360517231293670e-04
9.202404533681374232e-04
9.929522950145042159e-04
6.086669908711428434e-04
6.811369177697201849e-04
1.105391685992884732e-03
6.873038973154166342e-04
6.319070285485395289e-04
6.180403528865952012e-04
8.396704377915398254e-04
9.938040770798295398e-04
1.024809562647277517e-03
8.389023713064602816e-04
6.492209687358752035e-04
2.790304481017358285e-04
5.530923701329015785e-04
3.660656249522276084e-04
6.128868603880732735e-04
7.588990756488556144e-04
6.137494218236838606e-04
6.426567954953554818e-04
4.954536553256616571e-04
5.000420326695120821e-04
4.126735698513073203e-04
2.685922543932406370e-04
3.834413973997641278e-04
6.996423618232938679e-04
6.873758327046175509e-04
8.519793219363691605e-04
8.192009067720107396e-04
5.273816057176361483e-04
3.384160128838686887e-04
4.938670516914100972e-04
4.740221498238383901e-04
3.965265002356943569e-04
5.710865626511463233e-04
6.611504827347403079e-04
7.434509781134579498e-04
6.222958076804729899e-04
6.123067013668048730e-04
6.224914249131074939e-04
4.315037882314243234e-04
4.787282725011721141e-04
7.334350343910500669e-04
5.478066465798292484e-04
3.765276857059518534e-04
4.812626272467923627e-04
5.869815569603531458e-04
6.349352751193748645e-04
4.910599711571705939e-04
4.989399282493423016e-04
8.296921102761700695e-04
9.350823201224045533e-04
8.755177699519833823e-04
7.513961641478772435e-04
6.005245209728116151e-04
6.466132887368303273e-04
6.324210956769604763e-04
8.383046121487325308e-04
6.393379681206567966e-04
7.107984012364454429e-04
9.113312270159212858e-04
8.470737136576644843e-04
8.673369020577581523e-04
