4.474260589928250108e-04
4.474260589928250108e-04
4.474260589928250108e-04
4.474260589928249566e-04
4.474260589928250650e-04
4.474260589928250650e-04
5.369162165499998494e-04
5.369162165499998494e-04
5.369162165499998494e-04
5.369162165500002831e-04
5.369162165500002831e-04
6.426136119937501598e-04
6.426136119937501598e-04
6.426136119937501598e-04
6.426136119937501598e-04
6.426136119937501598e-04
7.044849417499991773e-04
7.044849417499991773e-04
7.044849417499991773e-04
7.044849417499991773e-04
7.044849417499991773e-04
6.151365889249995472e-04
6.151365889249995472e-04
6.151365889249995472e-04
6.151365889249995472e-04
6.151365889249995472e-04
5.988736656125006469e-04
5.988736656125006469e-04
5.988736656124989122e-04
5.988736656124989122e-04
5.988736656124989122e-04
6.018745121000000642e-04
6.018745121000000642e-04
6.018745121000000642e-04
6.018745121000000642e-04
6.018745121000000642e-04
5.919532545937480905e-04
5.919532545937480905e-04
5.919532545937480905e-04
5.919532545937480905e-04
5.919532545937480905e-04
5.635723234500011891e-04
5.635723234500011891e-04
5.635723234500011891e-04
5.635723234500011891e-04
5.635723234500011891e-04
5.423769013312498832e-04
5.423769013312498832e-04
5.423769013312498832e-04
5.423769013312498832e-04
5.423769013312498832e-04
5.418953258937500572e-04
5.418953258937500572e-04
5.418953258937500572e-04
5.418953258937465878e-04
5.418953258937500572e-04
5.232465714374995303e-04
5.232465714374995303e-04
5.232465714374995303e-04
5.232465714374995303e-04
5.232465714374995303e-04
4.975275523124988997e-04
4.975275523124988997e-04
4.975275523124988997e-04
4.975275523124988997e-04
4.975275523124988997e-04
5.272602905000006723e-04
5.272602905000006723e-04
5.272602905000006723e-04
5.272602905000006723e-04
5.272602905000006723e-04
5.239441378124959359e-04
5.239441378124959359e-04
5.239441378124959359e-04
5.239441378124959359e-04
5.239441378124959359e-04
4.960016629999980387e-04
4.960016629999980387e-04
4.960016629999980387e-04
4.960016629999980387e-04
4.960016629999980387e-04
4.956227041875010952e-04
4.956227041875010952e-04
4.956227041875010952e-04
4.956227041875010952e-04
4.956227041875010952e-04
4.867577206875001172e-04
4.867577206875001172e-04
4.867577206875001172e-04
4.867577206875001172e-04
4.867577206875001172e-04
4.775809100625028059e-04
4.775809100625028059e-04
4.775809100625028059e-04
4.775809100625028059e-04
4.775809100625028059e-04
4.913878715000000175e-04
4.913878715000000175e-04
4.913878715000000175e-04
4.913878715000000175e-04
4.913878715000000175e-04
4.686751568125022138e-04
4.686751568125022138e-04
4.686751568125022138e-04
4.686751568125022138e-04
4.686751568125022138e-04
4.582046904375025598e-04
4.582046904375025598e-04
4.582046904375025598e-04
4.582046904375025598e-04
4.582046904375025598e-04
4.542302717499974163e-04
4.542302717499974163e-04
4.542302717499974163e-04
4.542302717499974163e-04
4.542302717499974163e-04
4.347292782500011832e-04
4.347292782500011832e-04
4.347292782499942443e-04
4.347292782500011832e-04
4.347292782500011832e-04
4.515122525624998273e-04
4.515122525624998273e-04
4.515122525624998273e-04
4.515122525624998273e-04
4.515122525624998273e-04
4.556017140625034934e-04
4.556017140625034934e-04
4.556017140625034934e-04
4.556017140625034934e-04
4.556017140625034934e-04
4.648149531250034272e-04
4.648149531250034272e-04
4.648149531250034272e-04
4.648149531250034272e-04
4.648149531250034272e-04
4.514120081249989314e-04
4.514120081249989314e-04
4.514120081249989314e-04
4.514120081249989314e-04
4.514120081249989314e-04
4.697769763124942655e-04
4.697769763124942655e-04
4.697769763124942655e-04
4.697769763124942655e-04
4.697769763124942655e-04
4.411238024999986074e-04
4.411238024999986074e-04
4.411238024999986074e-04
4.411238024999986074e-04
4.411238024999986074e-04
4.020803744374940036e-04
4.020803744374940036e-04
4.020803744374940036e-04
4.020803744374940036e-04
4.020803744374940036e-04
3.966248713125064551e-04
3.966248713125064551e-04
3.966248713125064551e-04
3.966248713125064551e-04
3.966248713125064551e-04
3.931214755625023205e-04
3.931214755625023205e-04
3.931214755625023205e-04
3.931214755625023205e-04
3.931214755625023205e-04
4.052341683124932592e-04
4.052341683124932592e-04
4.052341683124932592e-04
4.052341683124932592e-04
4.052341683124932592e-04
3.925361353750017601e-04
3.925361353750017601e-04
3.925361353750017601e-04
3.925361353750017601e-04
3.925361353750017601e-04
3.895963848124933682e-04
3.895963848124933682e-04
3.895963848124933682e-04
3.895963848124933682e-04
3.895963848124933682e-04
3.954156604375064221e-04
3.954156604375064221e-04
3.954156604375064221e-04
3.954156604375064221e-04
3.954156604375064221e-04
4.189586978750048374e-04
4.189586978750048374e-04
4.189586978750048374e-04
4.189586978750048374e-04
4.189586978750048374e-04
4.228551681249997918e-04
4.228551681249997918e-04
4.228551681249997918e-04
4.228551681249997918e-04
4.228551681249997918e-04
3.948616524375031522e-04
3.948616524375031522e-04
3.948616524375031522e-04
3.948616524375031522e-04
