9.999999999999996413e-05
9.999999999999996413e-05
2.000000000000000367e-04
1.999999999999999825e-04
1.000000000000000454e-04
1.999999999999999825e-04
1.999999999999998741e-04
1.000000000000000454e-04
1.000000000000000454e-04
-2.899999999999999800e-03
-1.000000000000000454e-04
-9.999999999999982861e-05
0.000000000000000000e+00
0.000000000000000000e+00
-1.000000000000000454e-04
0.000000000000000000e+00
-1.000000000000000454e-04
0.000000000000000000e+00
-1.000000000000000454e-04
2.000000000000000909e-04
1.999999999999998741e-04
2.000000000000000909e-04
2.000000000000000909e-04
1.999999999999998741e-04
1.000000000000000454e-04
9.999999999999993703e-05
2.000000000000000909e-04
1.999999999999999283e-04
2.000000000000000096e-04
2.000000000000000096e-04
1.000000000000000048e-04
1.000000000000000048e-04
0.000000000000000000e+00
9.999999999999996413e-05
0.000000000000000000e+00
0.000000000000000000e+00
0.000000000000000000e+00
0.000000000000000000e+00
0.000000000000000000e+00
0.000000000000000000e+00
1.000000000000000454e-04
9.999999999999999124e-05
3.000000000000000279e-04
9.999999999999993703e-05
1.000000000000000454e-04
0.000000000000000000e+00
1.000000000000000454e-04
9.999999999999982861e-05
0.000000000000000000e+00
0.000000000000000000e+00
1.000000000000000454e-04
0.000000000000000000e+00
0.000000000000000000e+00
0.000000000000000000e+00
0.000000000000000000e+00
0.000000000000000000e+00
-1.000000000000000454e-04
-9.999999999999982861e-05
0.000000000000000000e+00
0.000000000000000000e+00
-2.000000000000000909e-04
0.000000000000000000e+00
-1.999999999999999825e-04
-1.000000000000000454e-04
-9.999999999999993703e-05
-9.999999999999999124e-05
-2.000000000000000096e-04
-2.000000000000000096e-04
-1.000000000000000048e-04
-1.000000000000000048e-04
-2.000000000000000096e-04
-9.999999999999999124e-05
-1.999999999999999825e-04
-1.000000000000000454e-04
-9.999999999999993703e-05
-1.000000000000000454e-04
0.000000000000000000e+00
0.000000000000000000e+00
0.000000000000000000e+00
-1.000000000000000454e-04
-9.999999999999982861e-05
-1.000000000000000454e-04
0.000000000000000000e+00
1.999999999999998741e-04
1.000000000000000454e-04
1.000000000000000454e-04
9.999999999999993703e-05
0.000000000000000000e+00
2.000000000000000909e-04
0.000000000000000000e+00
9.999999999999993703e-05
0.000000000000000000e+00
9.999999999999999124e-05
1.000000000000000454e-04
9.999999999999996413e-05
0.000000000000000000e+00
1.000000000000000048e-04
0.000000000000000000e+00
1.000000000000000048e-04
0.000000000000000000e+00
0.000000000000000000e+00
0.000000000000000000e+00
-1.000000000000000048e-04
0.000000000000000000e+00
-1.000000000000000048e-04
-9.999999999999996413e-05
-1.000000000000000454e-04
0.000000000000000000e+00
-9.999999999999999124e-05
0.000000000000000000e+00
0.000000000000000000e+00
-9.999999999999993703e-05
0.000000000000000000e+00
-1.000000000000000454e-04
-1.000000000000000454e-04
-9.999999999999993703e-05
0.000000000000000000e+00
0.000000000000000000e+00
-1.000000000000000454e-04
-1.000000000000000454e-04
0.000000000000000000e+00
-1.999999999999998741e-04
-1.000000000000000454e-04
0.000000000000000000e+00
-1.000000000000000454e-04
-1.000000000000000454e-04
-9.999999999999982861e-05
0.000000000000000000e+00
9.999999999999982861e-05
-9.999999999999982861e-05
9.999999999999982861e-05
0.000000000000000000e+00
1.000000000000000454e-04
0.000000000000000000e+00
2.000000000000000909e-04
1.999999999999998741e-04
3.000000000000000279e-04
3.000000000000000279e-04
3.000000000000000279e-04
2.000000000000000096e-04
2.999999999999999737e-04
2.999999999999999737e-04
2.000000000000000909e-04
3.000000000000000279e-04
1.999999999999998741e-04
2.000000000000000909e-04
2.999999999999999195e-04
2.000000000000000909e-04
2.000000000000000909e-04
1.999999999999996572e-04
4.000000000000001818e-04
2.999999999999999195e-04
2.999999999999999195e-04
3.000000000000003532e-04
2.999999999999999195e-04
2.999999999999999195e-04
1.999999999999996572e-04
2.000000000000005246e-04
1.999999999999996572e-04
2.000000000000005246e-04
9.999999999999939493e-05
2.999999999999999195e-04
1.000000000000002623e-04
1.000000000000002623e-04
1.999999999999996572e-04
1.000000000000002623e-04
1.999999999999996572e-04
2.000000000000005246e-04
9.999999999999939493e-05
2.000000000000005246e-04
2.999999999999999195e-04
1.999999999999996572e-04
1.000000000000002623e-04
1.000000000000002623e-04
1.999999999999996572e-04
0.000000000000000000e+00
3.000000000000007869e-04
9.999999999999939493e-05
2.000000000000005246e-04
9.999999999999939493e-05
2.000000000000005246e-04
9.999999999999939493e-05
9.999999999999939493e-05
0.000000000000000000e+00
2.000000000000005246e-04
9.999999999999939493e-05
1.000000000000011297e-04
9.999999999999939493e-05
-9.999999999999939493e-05
9.999999999999939493e-05
-9.999999999999939493e-05
0.000000000000000000e+00
0.000000000000000000e+00
0.000000000000000000e+00
9.999999999999939493e-05
-9.999999999999939493e-05
9.999999999999939493e-05
9.999999999999939493e-05
0.000000000000000000e+00
1.000000000000011297e-04
