4.999999999999998207e-05
4.999999999999998207e-05
1.000000000000000183e-04
9.999999999999999124e-05
5.000000000000002272e-05
4.999999999999996851e-05
1.499999999999999598e-04
0.000000000000000000e+00
1.000000000000000454e-04
-1.449999999999999900e-03
0.000000000000000000e+00
-9.999999999999993703e-05
-5.000000000000002272e-05
0.000000000000000000e+00
0.000000000000000000e+00
0.000000000000000000e+00
-5.000000000000002272e-05
0.000000000000000000e+00
5.000000000000002272e-05
9.999999999999993703e-05
1.500000000000000682e-04
1.499999999999999598e-04
5.000000000000002272e-05
1.500000000000000140e-04
9.999999999999996413e-05
1.000000000000000048e-04
1.000000000000000048e-04
1.000000000000000048e-04
1.500000000000000140e-04
1.500000000000000140e-04
4.999999999999996851e-05
1.000000000000000454e-04
9.999999999999993703e-05
0.000000000000000000e+00
5.000000000000002272e-05
5.000000000000002272e-05
9.999999999999993703e-05
0.000000000000000000e+00
1.000000000000000454e-04
5.000000000000002272e-05
1.000000000000000454e-04
9.999999999999982861e-05
1.500000000000001766e-04
1.499999999999999598e-04
1.000000000000000454e-04
0.000000000000000000e+00
1.499999999999999598e-04
0.000000000000000000e+00
1.000000000000000454e-04
4.999999999999991430e-05
4.999999999999991430e-05
0.000000000000000000e+00
0.000000000000000000e+00
0.000000000000000000e+00
5.000000000000013115e-05
0.000000000000000000e+00
9.999999999999982861e-05
0.000000000000000000e+00
0.000000000000000000e+00
5.000000000000013115e-05
-5.000000000000013115e-05
-4.999999999999969746e-05
0.000000000000000000e+00
4.999999999999969746e-05
0.000000000000000000e+00
-4.999999999999969746e-05
0.000000000000000000e+00
-5.000000000000013115e-05
-5.000000000000013115e-05
-4.999999999999991430e-05
0.000000000000000000e+00
0.000000000000000000e+00
-4.999999999999991430e-05
0.000000000000000000e+00
0.000000000000000000e+00
0.000000000000000000e+00
0.000000000000000000e+00
0.000000000000000000e+00
-5.000000000000013115e-05
0.000000000000000000e+00
0.000000000000000000e+00
0.000000000000000000e+00
0.000000000000000000e+00
0.000000000000000000e+00
5.000000000000013115e-05
4.999999999999991430e-05
1.000000000000000454e-04
9.999999999999982861e-05
5.000000000000013115e-05
9.999999999999982861e-05
5.000000000000013115e-05
1.499999999999999598e-04
5.000000000000013115e-05
9.999999999999982861e-05
5.000000000000013115e-05
0.000000000000000000e+00
9.999999999999982861e-05
5.000000000000013115e-05
5.000000000000013115e-05
0.000000000000000000e+00
0.000000000000000000e+00
0.000000000000000000e+00
4.999999999999969746e-05
0.000000000000000000e+00
5.000000000000013115e-05
5.000000000000013115e-05
5.000000000000013115e-05
4.999999999999969746e-05
5.000000000000013115e-05
0.000000000000000000e+00
-5.000000000000013115e-05
0.000000000000000000e+00
-4.999999999999969746e-05
9.999999999999982861e-05
-5.000000000000013115e-05
-4.999999999999969746e-05
4.999999999999969746e-05
5.000000000000013115e-05
0.000000000000000000e+00
0.000000000000000000e+00
0.000000000000000000e+00
-5.000000000000013115e-05
5.000000000000013115e-05
0.000000000000000000e+00
0.000000000000000000e+00
5.000000000000013115e-05
4.999999999999969746e-05
0.000000000000000000e+00
5.000000000000013115e-05
5.000000000000013115e-05
4.999999999999969746e-05
1.000000000000002623e-04
9.999999999999982861e-05
1.000000000000002623e-04
9.999999999999982861e-05
1.500000000000003934e-04
1.499999999999999598e-04
9.999999999999939493e-05
1.499999999999999598e-04
1.000000000000002623e-04
1.499999999999999598e-04
1.000000000000002623e-04
1.499999999999999598e-04
1.499999999999999598e-04
1.000000000000002623e-04
9.999999999999939493e-05
5.000000000000056483e-05
9.999999999999939493e-05
1.000000000000002623e-04
4.999999999999969746e-05
5.000000000000056483e-05
1.499999999999999598e-04
1.499999999999999598e-04
1.499999999999999598e-04
1.499999999999999598e-04
1.000000000000002623e-04
9.999999999999939493e-05
1.000000000000002623e-04
1.000000000000002623e-04
9.999999999999939493e-05
5.000000000000056483e-05
4.999999999999969746e-05
1.000000000000002623e-04
4.999999999999969746e-05
0.000000000000000000e+00
4.999999999999969746e-05
5.000000000000056483e-05
1.000000000000002623e-04
9.999999999999939493e-05
1.000000000000002623e-04
1.000000000000002623e-04
9.999999999999939493e-05
1.000000000000002623e-04
1.000000000000002623e-04
9.999999999999939493e-05
4.999999999999969746e-05
5.000000000000143219e-05
9.999999999999939493e-05
4.999999999999969746e-05
4.999999999999969746e-05
4.999999999999969746e-05
5.000000000000143219e-05
4.999999999999969746e-05
0.000000000000000000e+00
4.999999999999969746e-05
0.000000000000000000e+00
0.000000000000000000e+00
-4.999999999999969746e-05
0.000000000000000000e+00
0.000000000000000000e+00
-4.999999999999969746e-05
0.000000000000000000e+00
-5.000000000000143219e-05
5.000000000000143219e-05
-5.000000000000143219e-05
1.000000000000011297e-04
4.999999999999969746e-05
0.000000000000000000e+00
4.999999999999969746e-05
0.000000000000000000e+00
