-1.567657742842105181e-03
-1.567657742842105181e-03
-3.271970144099723386e-04
2.373881405152353501e-04
1.018776524487534450e-04
2.718551576675900215e-04
-4.365991279329640637e-03
2.672954712731302317e-03
1.374863336675900306e-03
-2.339520553451523207e-03
-4.161817383379505172e-04
1.209114665036010918e-03
8.525894965706374250e-04
8.325683416066480269e-04
-1.811109491235456809e-03
1.185874026626038569e-03
-2.101308283324098206e-04
2.928339907479222265e-04
3.862273481844875466e-03
-3.006318026321329676e-03
-5.289865658614958509e-04
8.867787989806093880e-04
2.802663318559557365e-04
-1.382340000227146775e-03
1.971092351639889325e-03
1.653041308914127410e-03
-1.600172854914127304e-03
-8.553407343490305385e-05
1.901679359584487489e-03
-2.044585640005540123e-03
3.415364816565096950e-03
-9.701111506869807520e-04
-1.574726335307479082e-03
1.450952152969529115e-03
-7.631757994016621048e-04
-4.524405394459841100e-05
-2.867821560055400492e-04
2.230907966432132961e-03
2.248437391911355630e-04
-1.398920549041551050e-03
-1.440386256083102737e-03
1.434819137279778629e-03
-5.674686026038797820e-05
-6.515116814515234823e-04
4.044241408919667293e-04
1.675717627927978022e-03
1.557325423634348983e-03
-2.453312038105263330e-03
5.571441334903046161e-04
-3.191022244044320298e-04
1.748033006454294096e-03
9.698939104930744820e-04
1.024561128022160802e-03
-1.877414343019390662e-03
6.184237399778393096e-04
1.454574673800553691e-03
-1.088467617174514700e-03
1.769275408681440093e-03
-1.900381105385041437e-03
-3.605966007091416375e-04
-4.414784481052624540e-04
2.168602452337949592e-03
-2.414794678670360850e-04
-1.369078831357341611e-04
-2.265533840825484889e-03
2.223751041916898277e-03
-2.102059807434903532e-03
1.778857839290859041e-03
4.407925411301933522e-04
-7.287340612409966278e-04
-3.873396434681446523e-04
2.781454566747922942e-03
8.937263948365654215e-04
2.090279835734072666e-04
-2.455871396033241887e-03
3.233957284376732209e-03
-4.963958017506937825e-04
2.764087035889198005e-03
-7.695080434127424956e-04
-2.498724072548476685e-03
3.240793742975069114e-03
-6.832977231800551471e-04
-2.586507188587269107e-04
1.557293044808864477e-03
-5.110408032299156716e-04
1.183994051096952035e-03
-7.267080652631485727e-05
-2.208469255955691768e-05
2.320522554015783112e-06
-2.075326165357341268e-03
3.244871470958449189e-03
-5.977915820055395429e-04
-2.462397444598345836e-04
-2.920473827035998532e-04
1.725582423213294081e-04
-5.181987577174522464e-04
4.798536123822721988e-04
1.597184837634348792e-03
2.976284760775604887e-04
-1.854422601329629855e-04
4.881113114681492893e-05
-2.515160104321328277e-04
9.689565298504169977e-04
1.044038889113571567e-03
6.037019967313032864e-04
-2.110425613146817148e-03
5.853707559279781869e-04
-1.719663120016619653e-03
-9.645501139501373028e-04
-1.381202435944599641e-03
3.603196526088642618e-03
-6.243423470692517629e-04
2.850802879024932207e-03
-7.329025551855959664e-04
6.229737362493069364e-04
3.829224675346264151e-04
1.154070772343491341e-03
-1.601745075036013766e-03
-2.995701455623250853e-04
1.047716731357339892e-03
3.045733910188364035e-03
-3.065277489623267210e-03
7.683053615734070085e-04
1.016859310260388727e-03
1.165530535362880454e-03
-1.613977394238227947e-03
1.016639631756233869e-03
-6.249398665373953610e-04
8.913045448864266584e-04
-4.783266572465395827e-04
1.851112163002769512e-03
7.693333524819954972e-04
7.872868355180070998e-04
-4.784892067146821748e-04
9.725537413296410361e-04
-2.344942796565097770e-03
3.724602218653737945e-03
-3.744495897385041738e-03
2.427727234459834543e-03
6.232721152354611660e-05
-7.726718701772869458e-04
-7.600201750526287825e-04
1.566361957368419405e-03
-2.112334667036010194e-04
2.890958949772853143e-03
-8.907700723157878364e-04
-7.747102835623277672e-04
3.221924379168961128e-04
2.785729460554019210e-03
-1.323787936144047578e-03
9.927966598339416082e-06
1.882649230105264831e-03
-5.068876607645447785e-04
4.855465102326858573e-04
1.971156810637121615e-03
-2.787016561717481355e-04
1.353470826210526057e-03
-1.547512803096950940e-03
1.219695700520773141e-03
9.254747022326911821e-04
-2.502461729639929300e-04
-2.208579820277001282e-04
2.588486497833795974e-03
1.300544935041551831e-03
3.847329397451554334e-04
1.497618356670359085e-03
3.947455445263148288e-04
1.845156726609419040e-03
-1.057449044210567735e-04
3.063121682382270727e-03
-7.786046861828210819e-04
3.930929691855954144e-03
-3.215715455966758340e-03
1.650259183767315008e-03
1.392942095268696889e-03
1.325456349240992926e-03
1.778819902343492521e-03
-8.043017679390598862e-04
3.289481791108037068e-03
-5.986121595844898224e-04
7.645290945595614729e-04
-1.331530092753469008e-03
1.224056309939061671e-03
1.036994071351798885e-03
-1.871266395789480952e-04
3.732093176121928368e-04
3.231012933108033669e-03
-5.154658952243804104e-04
1.713373690404432215e-03
-1.873318010781159504e-03
-4.050676677839343265e-04
2.259025561518003544e-03
-6.075913198725774178e-04
9.181073358227181958e-04
1.190027897296393189e-03
1.063940044000004359e-03
2.305826418038781078e-03
-8.551582866426626905e-04
-5.563631584986142298e-04
2.609664056648204611e-03
