-1.413789858339953298e-05
-8.313192188857954079e-06
1.766295584193500190e-05
2.411595091089679954e-05
5.715818744977951837e-05
6.124195033052615145e-05
2.508151622926391155e-05
6.829884615644488122e-05
1.010574050761547937e-04
8.797722389175532953e-05
7.331257981579852867e-05
9.296328395613784323e-05
1.031768253332288054e-04
1.559184780788314129e-04
1.506363959631329408e-04
1.728397887799104637e-04
1.893503109959837616e-04
1.438859169873296651e-04
2.331660872956220487e-04
2.416618448366492089e-04
2.819973805303632730e-04
2.422575500666823700e-04
2.922209459308433566e-04
2.549705368295462904e-04
2.631893935518547778e-04
2.065139549829453358e-04
2.448465627775675557e-04
2.699512503037126976e-04
2.276773455545111347e-04
2.903717505384761921e-04
2.888914292054067801e-04
2.744647299195435153e-04
2.826695165749626426e-04
2.790918988848645199e-04
3.049665200851592317e-04
2.564991950464445836e-04
2.695850113809683535e-04
3.243254900260339468e-04
3.592802618443968754e-04
2.977279557967449364e-04
2.662793033092469841e-04
3.982703340890125787e-04
3.226020157924835985e-04
2.459219380321897575e-04
2.966509330928346344e-04
3.104506636040227363e-04
3.238008860080299200e-04
3.158961275131488833e-04
3.278673736328840960e-04
3.149732867093746336e-04
3.256482079052602785e-04
3.114262700627534741e-04
3.709767859616519559e-04
2.999942737513805469e-04
2.076701529487579023e-04
3.076583826162604396e-04
2.418351701978238566e-04
3.441441189986349514e-04
2.906556510504643143e-04
3.841335149079583289e-04
4.466234188180706610e-04
4.244794755443592749e-04
3.735045155526250937e-04
3.555069737402050123e-04
3.503459294771360533e-04
3.587541663030435757e-04
3.934913172738419007e-04
4.121793956741726106e-04
3.502648707014444085e-04
4.055076915197020071e-04
3.850498233548549365e-04
4.277889124653100339e-04
4.470874912438915771e-04
3.508766851334499393e-04
3.245822603386017136e-04
3.606988436759550609e-04
3.359529017874507417e-04
3.017056642562465640e-04
3.125689323342228931e-04
3.292620698420734016e-04
3.335990491102336364e-04
4.610262769277895245e-04
1.767444857323496876e-04
4.077400009219189769e-04
3.304081627950594680e-04
2.802812259279363616e-04
2.903868885306692960e-04
3.249303081833687656e-04
3.265351516574810375e-04
2.912329607429597900e-04
3.315134738288705307e-04
3.736220521695088337e-04
3.151197325443888531e-04
2.546295473129234210e-04
3.181432942209738712e-04
4.226495669836793923e-04
4.482308790505484808e-04
4.450063355916356045e-04
3.555284542802183978e-04
4.114682721674256527e-04
3.044707877792873774e-04
3.505485146542142161e-04
2.208879328060575631e-04
4.382359753298814553e-04
3.183635207948398715e-04
3.293557221253351486e-04
3.444634013307634746e-04
3.151224945003860967e-04
4.191550241863239989e-04
3.786773543996702074e-04
3.772924182019465889e-04
2.649291873746406623e-04
2.952739171462326340e-04
3.542616361320582996e-04
4.205066301841142717e-04
3.886564749056020673e-04
3.427223166845294600e-04
4.208771341565054058e-04
3.828506523753105739e-04
3.315085548241114566e-04
2.955398614954418690e-04
3.458602580765912649e-04
4.114965320809460536e-04
4.903769825181925057e-04
3.905481578510006102e-04
3.649523316511249504e-04
3.088054983253485375e-04
3.474034361108380153e-04
3.447130866716108244e-04
3.912308502380668074e-04
3.012260322803328449e-04
2.945829555800472122e-04
3.131036630508177154e-04
2.539430866717040658e-04
3.809719330281069460e-04
4.910597214493606089e-04
3.307189553982681218e-04
3.214104594828626205e-04
2.474556397986660272e-04
2.072595262720966502e-04
3.124673247469900161e-04
3.186765874021446621e-04
2.781087517904623496e-04
1.789239234009087909e-04
2.246036325379563436e-04
3.667530550472974937e-04
1.622847845501595998e-04
2.493287978682090511e-04
2.833989244717116662e-04
2.644665898854370312e-04
3.111508097202175804e-04
3.582332244720376480e-04
2.546871527941974023e-04
2.384181287435893637e-04
1.823324731100584017e-04
1.734040544745241164e-04
2.480258844412830399e-04
2.745944738729022561e-04
2.334648321147270167e-04
4.645851090598895894e-04
2.890767235195212947e-04
2.023321151494172909e-04
2.175167082114626282e-04
2.286447147632486576e-04
3.277379387975898339e-04
1.881910477239401303e-04
4.584889909686751253e-04
3.803520028089479865e-04
2.972962517082677891e-04
1.068366047700664012e-04
3.225832146842577686e-04
3.243118796918409430e-04
2.935249281907914565e-04
3.234743888693714098e-04
2.854192493533247443e-04
3.348560127651722951e-04
3.752176026443621026e-04
2.938855711613896915e-04
2.429616306232063039e-04
2.646263051788722009e-04
2.775324564252557025e-04
2.449710625702650191e-04
2.683052577499012159e-04
3.679860715397609283e-04
2.678551503922932397e-04
2.794037946367566860e-04
2.693831931424028880e-04
1.784117458063505524e-04
4.115824070698437254e-04
3.001125121517844718e-04
1.822380439113757689e-04
3.176938236189030818e-04
3.206145441385643835e-04
2.962714332328530986e-04
2.610957904929378515e-04
4.092664653505551087e-04
2.829724002397782101e-04
3.326951372022435294e-04
4.177901338193734659e-04
