1.547811528228883985e-04
1.547811528228883985e-04
1.547811528228883985e-04
1.547811528228883985e-04
1.547811528228883985e-04
1.547811528228883442e-04
2.374709081699999651e-04
2.374709081699999651e-04
2.374709081699999651e-04
2.374709081699999651e-04
2.374709081700001820e-04
1.543125916900001462e-04
1.543125916900001462e-04
1.543125916900001462e-04
1.543125916900001462e-04
1.543125916900001462e-04
2.082166576899999004e-04
2.082166576899999004e-04
2.082166576899999004e-04
2.082166576899999004e-04
2.082166576899999004e-04
3.005393374399998284e-04
3.005393374400002621e-04
3.005393374400002621e-04
3.005393374400002621e-04
3.005393374400002621e-04
2.436010867900000737e-04
2.436010867900000737e-04
2.436010867900000737e-04
2.436010867900000737e-04
2.436010867900000737e-04
3.069383831400002843e-04
3.069383831400002843e-04
3.069383831400002843e-04
3.069383831400002843e-04
3.069383831400002843e-04
2.725807175100007640e-04
2.725807175100007640e-04
2.725807175100007640e-04
2.725807175100007640e-04
2.725807175100007640e-04
2.723140711399993363e-04
2.723140711399993363e-04
2.723140711399993363e-04
2.723140711399993363e-04
2.723140711399993363e-04
2.138337688799996777e-04
2.138337688799996777e-04
2.138337688799996777e-04
2.138337688799996777e-04
2.138337688799996777e-04
2.369979961000003021e-05
2.369979961000003021e-05
2.369979961000003021e-05
2.369979961000003021e-05
2.369979961000003021e-05
1.631311536100001069e-04
1.631311536100001069e-04
1.631311536100001069e-04
1.631311536100001069e-04
1.631311536100001069e-04
1.809306210899998962e-04
1.809306210899998962e-04
1.809306210899998962e-04
1.809306210899998962e-04
1.809306210899998962e-04
1.032520273200002864e-04
1.032520273200002864e-04
1.032520273200002864e-04
1.032520273200002864e-04
1.032520273200002864e-04
1.373836671499997775e-04
1.373836671499997775e-04
1.373836671499997775e-04
1.373836671499997775e-04
1.373836671499997775e-04
1.878663384299993772e-04
1.878663384299993772e-04
1.878663384299993772e-04
1.878663384299993772e-04
1.878663384300011119e-04
3.695915402599989075e-04
3.695915402599989075e-04
3.695915402599989075e-04
3.695915402599989075e-04
3.695915402599989075e-04
2.176000769800005841e-04
2.176000769800005841e-04
2.176000769800005841e-04
2.176000769800005841e-04
2.176000769800005841e-04
2.444700449000004883e-04
2.444700449000004883e-04
2.444700449000004883e-04
2.444700449000004883e-04
2.444700449000004883e-04
4.262027716600003124e-04
4.262027716600003124e-04
4.262027716600003124e-04
4.262027716600003124e-04
4.262027716600003124e-04
2.880232519200005836e-04
2.880232519200005836e-04
2.880232519200005836e-04
2.880232519200005836e-04
2.880232519200005836e-04
1.972260871999989562e-04
1.972260871999989562e-04
1.972260871999989562e-04
1.972260871999989562e-04
1.972260871999989562e-04
2.259092016799989222e-04
2.259092016799989222e-04
2.259092016799989222e-04
2.259092016799989222e-04
2.259092016799989222e-04
4.906566519499999668e-04
4.906566519499999668e-04
4.906566519499999668e-04
4.906566519499999668e-04
4.906566519499999668e-04
3.925700069200011022e-04
3.925700069200011022e-04
3.925700069200011022e-04
3.925700069200011022e-04
3.925700069200011022e-04
4.829029870800014002e-04
4.829029870800014002e-04
4.829029870800014002e-04
4.829029870800014002e-04
4.829029870800014002e-04
4.370571853499968795e-04
4.370571853499968795e-04
4.370571853499968795e-04
4.370571853499968795e-04
4.370571853499968795e-04
2.725422706199992495e-04
2.725422706199992495e-04
2.725422706199992495e-04
2.725422706199992495e-04
2.725422706199992495e-04
3.630001851000000390e-04
3.630001851000000390e-04
3.630001851000000390e-04
3.630001851000000390e-04
3.630001851000000390e-04
3.006044806799987312e-04
3.006044806799987312e-04
3.006044806799987312e-04
3.006044806799987312e-04
3.006044806799987312e-04
3.669524115300012990e-04
3.669524115300012990e-04
3.669524115300012990e-04
3.669524115300012990e-04
3.669524115300012990e-04
3.622529892299969356e-04
3.622529892299969356e-04
3.622529892299969356e-04
3.622529892299969356e-04
3.622529892299969356e-04
3.652911878799999790e-04
3.652911878799999790e-04
3.652911878799999790e-04
3.652911878799999790e-04
3.652911878799999790e-04
3.899949602999969178e-04
3.899949602999969178e-04
3.899949602999969178e-04
3.899949602999969178e-04
3.899949602999969178e-04
3.575978857000006172e-04
3.575978857000006172e-04
3.575978857000006172e-04
3.575978857000006172e-04
3.575978857000006172e-04
3.642870677999995865e-04
3.642870677999995865e-04
3.642870677999995865e-04
3.642870677999995865e-04
3.642870677999995865e-04
4.149574824999988087e-04
4.149574824999988087e-04
4.149574824999988087e-04
4.149574824999988087e-04
4.149574824999988087e-04
4.397971449999968363e-04
4.397971449999968363e-04
4.397971449999968363e-04
4.397971449999968363e-04
4.397971449999968363e-04
4.253254370000028595e-04
4.253254370000028595e-04
4.253254370000028595e-04
4.253254370000028595e-04
4.253254370000028595e-04
5.403351700999994844e-04
5.403351700999994844e-04
5.403351700999994844e-04
5.403351700999994844e-04
