9.812629448102683227e-06
9.812629448102683227e-06
2.085709160648541172e-05
4.000028051365234205e-05
5.912672394114970587e-05
6.124523273043358529e-05
3.592218357617582569e-05
3.768069159293396808e-05
3.987187198051245218e-05
4.161877227049082251e-05
4.755233551723136998e-05
6.856571367674924034e-05
8.188773371609059382e-05
9.101517358445221362e-05
1.022114433057996763e-04
9.574440891402247189e-05
8.622777597655506554e-05
7.486226603248269384e-05
7.966364954259397280e-05
6.524565685928074288e-05
6.883502226218141118e-05
6.673934308198958831e-05
5.031644719322159176e-05
7.215635482737958739e-05
6.772760523121590381e-05
5.766059774270360094e-05
4.948772511581545075e-05
5.525743728007626032e-05
4.670223804081885532e-05
5.686515265468372604e-05
8.951335710394303646e-05
7.511203476351369090e-05
6.366782468902876246e-05
6.250498255555569926e-05
4.769145235550276141e-05
6.299175937529710723e-05
6.874056062944333689e-05
7.458855722930479715e-05
7.902863061093334807e-05
8.025749530538028864e-05
6.565727410556831956e-05
5.954283187548092826e-05
5.788185810784440832e-05
6.599996387945950005e-05
8.977967190415547805e-05
1.116413986435027539e-04
1.001770431774406944e-04
1.111160292586177434e-04
9.587087218987377923e-05
7.733005160548422907e-05
7.097728749516640789e-05
1.008329023421961068e-04
7.626785647363298892e-05
7.957186584395259388e-05
8.142455675308468699e-05
5.502204872009919256e-05
5.050063737921384188e-05
8.434541008472962176e-05
6.786352271581641560e-05
8.648182502013490591e-05
9.928994310692829117e-05
6.818755997328729279e-05
6.991137952705450687e-05
6.479314908203193113e-05
7.647737307214796942e-05
8.833588913770284989e-05
8.356851634849782329e-05
9.200210256010699084e-05
1.023318971056230708e-04
9.036239228987774652e-05
7.878425663188082240e-05
8.403622053854142848e-05
9.033132237368235451e-05
1.054862626432839789e-04
1.062403669385147964e-04
1.036442693356232070e-04
9.490644279486204482e-05
8.431131900255017797e-05
6.546364004145210913e-05
8.199836117150915982e-05
1.051819027313438681e-04
1.008878027692894364e-04
9.385184929056045178e-05
1.056861826189692266e-04
8.510927955751590446e-05
9.153822182494941728e-05
1.012530433817104836e-04
9.362437244253563051e-05
8.995198763828149424e-05
9.033471727248887362e-05
1.148104475059419372e-04
9.119891988196293653e-05
6.730999050441610621e-05
7.406457131220456347e-05
7.845276409890189484e-05
9.016221211521902035e-05
7.934149646504629061e-05
6.895616823010541907e-05
6.823706225889125676e-05
9.163556309710330083e-05
9.465830495192228966e-05
9.645331284491298618e-05
1.124121455255977509e-04
1.408185866358380167e-04
1.458316847655627413e-04
1.271579544919188010e-04
1.093623000198995499e-04
1.034444819956181760e-04
1.166374877585862890e-04
1.143901252080858910e-04
1.081379452305686328e-04
8.245191247846506144e-05
8.620409717519095238e-05
5.782156950862038514e-05
7.652235916633109980e-05
9.160673536867669497e-05
1.048765422024811045e-04
1.186604896343812499e-04
7.483516038742088483e-05
7.800462794205209605e-05
5.728000667026833526e-05
7.902829621775353530e-05
8.658897718438751667e-05
6.360319656506518982e-05
6.281959089582400679e-05
8.368316003748432763e-05
9.439098206764917620e-05
6.564614306281413292e-05
6.010613846663126481e-05
7.274694264647330044e-05
5.610208963102714108e-05
6.889570434087666229e-05
7.611119539707722481e-05
7.940184969323915709e-05
8.411203230229702399e-05
7.274167528281694217e-05
8.408586375519000455e-05
1.217304015956877095e-04
1.656633852593625278e-04
1.533654389571648125e-04
1.344429634229094006e-04
1.200077768879204143e-04
9.298263954038432644e-05
7.079801936482610358e-05
9.616025713121700846e-05
1.033918917541232219e-04
9.405609798363023799e-05
1.298561671294606867e-04
1.121529858028047499e-04
1.199394286504062990e-04
9.690479190838097168e-05
1.117665535692591305e-04
9.785500823977777429e-05
1.072234448702413800e-04
1.043948980263831317e-04
9.750527642071737944e-05
1.133534188355600492e-04
9.725426152251692713e-05
9.675838345946097263e-05
7.045404035310731672e-05
6.046596044395613490e-05
6.462821518282702016e-05
9.830657919107643750e-05
7.824475066575686810e-05
7.573074771105581249e-05
8.128052462152979274e-05
8.528071889424282404e-05
1.100205142501309297e-04
1.291653854660346212e-04
1.347579402950493943e-04
1.193001723922559876e-04
1.092841011092193781e-04
1.113393914979887711e-04
9.076733158241978572e-05
7.678397042365503466e-05
8.532464880373069605e-05
8.749359830750869094e-05
9.076225905046975129e-05
8.776979957447750280e-05
8.584396559885298927e-05
8.711473199984887117e-05
8.035310566589792813e-05
9.283104068424918864e-05
1.035537043021506065e-04
9.358591127872628590e-05
1.050109573375035410e-04
1.123648592573633920e-04
1.164130422266484999e-04
1.216187973718252380e-04
9.947471131188656557e-05
9.341255038552986889e-05
8.180850969008446327e-05
8.392392490885747236e-05
9.926841082719128906e-05
1.082332956086062836e-04
9.933470878520367364e-05
1.038863489983832267e-04
1.134295543909757953e-04
1.111638307791373848e-04
1.185404916259624741e-04
