1.000000000000000048e-04
1.000000000000000048e-04
0.000000000000000000e+00
9.999999999999996413e-05
-9.999999999999996413e-05
0.000000000000000000e+00
-1.000000000000000048e-04
0.000000000000000000e+00
0.000000000000000000e+00
1.999999999999999825e-04
2.000000000000000367e-04
9.999999999999993703e-05
3.000000000000000279e-04
1.000000000000000454e-04
2.999999999999999195e-04
1.000000000000000454e-04
2.000000000000000909e-04
1.999999999999998741e-04
2.000000000000000909e-04
5.999999999999998390e-04
6.000000000000002727e-04
5.000000000000000104e-04
4.000000000000001818e-04
5.999999999999998390e-04
4.999999999999995767e-04
4.000000000000001818e-04
5.999999999999998390e-04
5.000000000000004441e-04
7.000000000000001013e-04
5.999999999999998390e-04
5.999999999999998390e-04
5.999999999999998390e-04
5.000000000000004441e-04
5.000000000000004441e-04
5.999999999999998390e-04
5.999999999999998390e-04
6.999999999999992339e-04
5.999999999999998390e-04
5.999999999999998390e-04
5.999999999999998390e-04
6.000000000000015737e-04
5.999999999999998390e-04
3.999999999999993144e-04
5.000000000000004441e-04
5.999999999999998390e-04
5.000000000000004441e-04
5.000000000000004441e-04
5.999999999999998390e-04
5.000000000000004441e-04
5.999999999999998390e-04
5.000000000000004441e-04
4.999999999999969746e-04
5.000000000000004441e-04
4.000000000000010492e-04
5.000000000000004441e-04
5.000000000000004441e-04
5.999999999999998390e-04
5.999999999999998390e-04
5.000000000000004441e-04
5.000000000000004441e-04
4.999999999999969746e-04
4.000000000000010492e-04
4.000000000000010492e-04
5.000000000000004441e-04
3.999999999999975797e-04
5.000000000000004441e-04
5.000000000000004441e-04
3.000000000000016542e-04
5.000000000000004441e-04
3.999999999999975797e-04
5.999999999999998390e-04
4.000000000000010492e-04
4.000000000000010492e-04
5.999999999999998390e-04
3.999999999999975797e-04
4.000000000000045186e-04
4.999999999999935052e-04
3.000000000000016542e-04
4.000000000000045186e-04
3.999999999999975797e-04
5.000000000000004441e-04
5.000000000000004441e-04
5.000000000000004441e-04
6.999999999999992339e-04
8.000000000000020983e-04
7.999999999999951594e-04
6.999999999999992339e-04
6.999999999999992339e-04
7.000000000000061728e-04
7.999999999999951594e-04
6.999999999999992339e-04
8.000000000000020983e-04
6.999999999999992339e-04
6.000000000000033085e-04
5.000000000000004441e-04
6.999999999999992339e-04
6.999999999999992339e-04
5.999999999999963696e-04
8.000000000000020983e-04
6.000000000000033085e-04
5.999999999999963696e-04
6.000000000000033085e-04
7.999999999999951594e-04
6.999999999999992339e-04
8.000000000000020983e-04
6.000000000000033085e-04
5.999999999999963696e-04
6.999999999999992339e-04
6.000000000000033085e-04
5.000000000000004441e-04
5.999999999999963696e-04
6.999999999999992339e-04
6.000000000000033085e-04
5.000000000000004441e-04
5.999999999999963696e-04
6.000000000000033085e-04
5.999999999999963696e-04
6.000000000000033085e-04
5.000000000000004441e-04
5.000000000000004441e-04
5.000000000000004441e-04
5.999999999999963696e-04
5.000000000000004441e-04
5.000000000000004441e-04
6.000000000000033085e-04
5.999999999999963696e-04
5.000000000000073830e-04
6.999999999999922951e-04
6.000000000000033085e-04
7.999999999999951594e-04
8.000000000000090372e-04
7.999999999999951594e-04
8.999999999999980238e-04
1.100000000000003753e-03
8.999999999999980238e-04
8.999999999999980238e-04
8.999999999999980238e-04
8.999999999999980238e-04
9.000000000000119016e-04
8.999999999999980238e-04
1.000000000000000888e-03
1.000000000000000888e-03
9.999999999999870104e-04
1.000000000000000888e-03
1.000000000000000888e-03
1.000000000000000888e-03
8.999999999999980238e-04
1.100000000000003753e-03
1.000000000000000888e-03
1.000000000000000888e-03
1.200000000000006617e-03
1.199999999999992739e-03
1.000000000000000888e-03
1.100000000000003753e-03
1.000000000000000888e-03
1.000000000000000888e-03
8.999999999999980238e-04
8.999999999999980238e-04
1.000000000000000888e-03
6.999999999999922951e-04
1.000000000000000888e-03
8.999999999999980238e-04
8.000000000000090372e-04
8.999999999999980238e-04
7.000000000000061728e-04
6.999999999999922951e-04
7.000000000000061728e-04
8.999999999999980238e-04
7.999999999999951594e-04
8.999999999999980238e-04
1.000000000000000888e-03
1.000000000000000888e-03
8.999999999999980238e-04
8.000000000000090372e-04
8.999999999999980238e-04
7.999999999999951594e-04
8.999999999999980238e-04
8.999999999999980238e-04
9.000000000000119016e-04
7.999999999999951594e-04
7.999999999999951594e-04
8.000000000000090372e-04
8.999999999999980238e-04
6.999999999999922951e-04
8.000000000000090372e-04
6.999999999999922951e-04
7.000000000000061728e-04
6.999999999999922951e-04
7.000000000000061728e-04
6.000000000000033085e-04
7.999999999999951594e-04
6.000000000000033085e-04
5.999999999999894307e-04
7.000000000000061728e-04
7.000000000000061728e-04
6.999999999999922951e-04
8.000000000000090372e-04
8.999999999999980238e-04
7.999999999999951594e-04
7.999999999999951594e-04
