2.500000000000000120e-05
2.500000000000000120e-05
7.500000000000000698e-05
1.000000000000000048e-04
9.999999999999996413e-05
1.250000000000000026e-04
1.500000000000000140e-04
1.499999999999999598e-04
1.750000000000000253e-04
1.750000000000000253e-04
1.750000000000000253e-04
1.499999999999999598e-04
2.000000000000000909e-04
1.999999999999998741e-04
2.000000000000000909e-04
2.000000000000000909e-04
1.999999999999996572e-04
2.250000000000003733e-04
2.749999999999996371e-04
2.750000000000000708e-04
3.250000000000002019e-04
2.750000000000000708e-04
2.499999999999997884e-04
3.249999999999997682e-04
3.250000000000006356e-04
3.249999999999997682e-04
2.999999999999999195e-04
3.249999999999997682e-04
2.999999999999999195e-04
3.250000000000006356e-04
3.249999999999997682e-04
3.249999999999997682e-04
2.999999999999999195e-04
2.999999999999999195e-04
2.999999999999999195e-04
3.499999999999996170e-04
2.750000000000009381e-04
2.749999999999992034e-04
2.999999999999999195e-04
2.999999999999999195e-04
2.999999999999999195e-04
3.000000000000016542e-04
2.999999999999999195e-04
2.749999999999992034e-04
2.999999999999999195e-04
3.250000000000006356e-04
2.999999999999999195e-04
3.249999999999989009e-04
3.500000000000013517e-04
3.499999999999996170e-04
3.499999999999996170e-04
3.750000000000003331e-04
3.250000000000006356e-04
2.749999999999992034e-04
2.999999999999999195e-04
2.500000000000002220e-04
2.999999999999999195e-04
2.749999999999992034e-04
2.999999999999999195e-04
2.500000000000002220e-04
2.500000000000019568e-04
2.749999999999974687e-04
2.500000000000002220e-04
3.000000000000016542e-04
2.500000000000002220e-04
1.999999999999987899e-04
1.999999999999987899e-04
2.500000000000002220e-04
2.249999999999995060e-04
2.750000000000009381e-04
2.500000000000002220e-04
3.000000000000016542e-04
2.999999999999981848e-04
2.750000000000009381e-04
2.999999999999981848e-04
2.750000000000009381e-04
3.000000000000016542e-04
2.749999999999974687e-04
3.000000000000016542e-04
2.249999999999995060e-04
2.500000000000002220e-04
3.000000000000016542e-04
2.749999999999974687e-04
3.250000000000023703e-04
3.499999999999996170e-04
2.999999999999981848e-04
3.000000000000016542e-04
3.499999999999996170e-04
3.249999999999989009e-04
3.250000000000023703e-04
2.749999999999974687e-04
3.499999999999996170e-04
3.250000000000023703e-04
2.999999999999981848e-04
3.250000000000023703e-04
3.499999999999996170e-04
2.999999999999981848e-04
3.000000000000016542e-04
3.249999999999989009e-04
2.500000000000002220e-04
3.249999999999989009e-04
2.750000000000009381e-04
2.750000000000009381e-04
2.749999999999974687e-04
2.750000000000009381e-04
2.500000000000002220e-04
2.750000000000009381e-04
2.249999999999995060e-04
2.999999999999981848e-04
3.000000000000016542e-04
3.000000000000016542e-04
2.999999999999981848e-04
2.750000000000009381e-04
2.750000000000009381e-04
2.999999999999981848e-04
2.500000000000002220e-04
2.250000000000029754e-04
2.749999999999974687e-04
2.749999999999974687e-04
2.500000000000002220e-04
2.750000000000044076e-04
3.249999999999989009e-04
3.249999999999989009e-04
3.000000000000016542e-04
3.249999999999989009e-04
2.749999999999974687e-04
3.000000000000016542e-04
2.749999999999974687e-04
2.750000000000044076e-04
2.749999999999974687e-04
3.500000000000030864e-04
3.750000000000003331e-04
3.999999999999975797e-04
3.499999999999961475e-04
3.250000000000058398e-04
2.999999999999947153e-04
3.250000000000058398e-04
3.249999999999989009e-04
2.999999999999947153e-04
3.500000000000030864e-04
3.249999999999989009e-04
3.249999999999989009e-04
3.000000000000016542e-04
3.249999999999989009e-04
3.500000000000030864e-04
3.249999999999989009e-04
2.500000000000002220e-04
3.000000000000016542e-04
2.749999999999974687e-04
2.500000000000002220e-04
2.749999999999974687e-04
2.750000000000044076e-04
2.500000000000002220e-04
2.749999999999974687e-04
2.500000000000002220e-04
2.500000000000002220e-04
2.500000000000002220e-04
2.250000000000029754e-04
2.249999999999960365e-04
2.250000000000029754e-04
1.999999999999987899e-04
2.249999999999960365e-04
2.000000000000057288e-04
1.499999999999973577e-04
1.999999999999987899e-04
1.750000000000015432e-04
1.999999999999987899e-04
1.999999999999987899e-04
2.000000000000057288e-04
1.999999999999987899e-04
1.999999999999987899e-04
1.750000000000015432e-04
1.749999999999946043e-04
2.250000000000029754e-04
1.999999999999987899e-04
1.750000000000015432e-04
1.750000000000015432e-04
1.999999999999987899e-04
1.750000000000015432e-04
1.749999999999946043e-04
2.250000000000029754e-04
1.750000000000015432e-04
1.750000000000015432e-04
1.499999999999973577e-04
1.499999999999973577e-04
1.750000000000015432e-04
1.499999999999973577e-04
1.750000000000015432e-04
1.500000000000042966e-04
1.499999999999973577e-04
1.499999999999973577e-04
1.250000000000001110e-04
2.000000000000057288e-04
1.749999999999946043e-04
1.750000000000015432e-04
1.500000000000042966e-04
1.749999999999946043e-04
1.999999999999987899e-04
2.000000000000057288e-04
2.249999999999960365e-04
