2.787067185319810163e-05
2.787067185319810163e-05
2.787067185319810163e-05
2.787067185319809824e-05
2.787067185319810501e-05
2.787067185319810501e-05
8.167414279000001606e-05
8.167414279000004317e-05
8.167414278999998896e-05
8.167414278999998896e-05
8.167414278999998896e-05
4.515859905999996052e-05
4.515859905999996052e-05
4.515859905999996052e-05
4.515859905999996052e-05
4.515859905999996052e-05
4.038072689000003074e-05
4.038072689000003074e-05
4.038072689000003074e-05
4.038072689000003074e-05
4.038072689000003074e-05
2.024388575800000574e-04
2.024388575799999489e-04
2.024388575799999489e-04
2.024388575799999489e-04
2.024388575799999489e-04
3.282457103899998757e-04
3.282457103899998757e-04
3.282457103899998757e-04
3.282457103899998757e-04
3.282457103899998757e-04
2.051937391399998555e-04
2.051937391399998555e-04
2.051937391400002891e-04
2.051937391400002891e-04
2.051937391400002891e-04
3.031990641300004452e-04
3.031990641300004452e-04
3.031990641300004452e-04
3.031990641300004452e-04
3.031990641300004452e-04
1.893870041499998505e-04
1.893870041499998505e-04
1.893870041499998505e-04
1.893870041499998505e-04
1.893870041499998505e-04
3.246467440699996737e-04
3.246467440699996737e-04
3.246467440699996737e-04
3.246467440699996737e-04
3.246467440699996737e-04
1.705180326700000970e-04
1.705180326700000970e-04
1.705180326700000970e-04
1.705180326700000970e-04
1.705180326700000970e-04
6.159262347000052373e-05
6.159262347000052373e-05
6.159262347000052373e-05
6.159262347000052373e-05
6.159262347000052373e-05
7.245528485999921942e-05
7.245528485999921942e-05
7.245528485999921942e-05
7.245528485999921942e-05
7.245528485999921942e-05
1.429910781200003506e-04
1.429910781200003506e-04
1.429910781200003506e-04
1.429910781200003506e-04
1.429910781200003506e-04
3.300307520899999070e-04
3.300307520899999070e-04
3.300307520899999070e-04
3.300307520899999070e-04
3.300307520899999070e-04
-2.008928349599998359e-04
-2.008928349599998359e-04
-2.008928349599998359e-04
-2.008928349599998359e-04
-2.008928349599998359e-04
4.600200814000067473e-05
4.600200814000067473e-05
4.600200814000067473e-05
4.600200814000067473e-05
4.600200814000067473e-05
1.508787124099991717e-04
1.508787124099991717e-04
1.508787124099991717e-04
1.508787124099991717e-04
1.508787124099991717e-04
-1.104881516599993951e-04
-1.104881516599993951e-04
-1.104881516599993951e-04
-1.104881516599993951e-04
-1.104881516599993951e-04
6.480839775999981678e-05
6.480839775999981678e-05
6.480839775999981678e-05
6.480839775999981678e-05
6.480839775999981678e-05
-2.689913464999985071e-05
-2.689913464999985071e-05
-2.689913464999985071e-05
-2.689913464999985071e-05
-2.689913464999985071e-05
-3.283467239000026350e-05
-3.283467239000026350e-05
-3.283467239000026350e-05
-3.283467239000026350e-05
-3.283467239000026350e-05
-7.650414833999981401e-05
-7.650414833999981401e-05
-7.650414833999981401e-05
-7.650414833999981401e-05
-7.650414833999981401e-05
8.608716700999989591e-05
8.608716700999989591e-05
8.608716700999989591e-05
8.608716700999989591e-05
8.608716700999989591e-05
-2.472861490000061169e-05
-2.472861490000061169e-05
-2.472861490000061169e-05
-2.472861490000061169e-05
-2.472861490000061169e-05
1.751949003299998336e-04
1.751949003299998336e-04
1.751949003299998336e-04
1.751949003299998336e-04
1.751949003299998336e-04
1.021455557999994407e-04
1.021455557999994407e-04
1.021455557999994407e-04
1.021455557999994407e-04
1.021455557999994407e-04
-5.286459197999943127e-05
-5.286459197999943127e-05
-5.286459197999943127e-05
-5.286459197999943127e-05
-5.286459197999943127e-05
6.358521009000063506e-05
6.358521009000063506e-05
6.358521009000063506e-05
6.358521009000063506e-05
6.358521009000063506e-05
6.189911570999954982e-05
6.189911570999954982e-05
6.189911570999954982e-05
6.189911570999954982e-05
6.189911570999954982e-05
1.364791805999986118e-05
1.364791805999986118e-05
1.364791805999986118e-05
1.364791805999986118e-05
1.364791805999986118e-05
4.439101848000004402e-05
4.439101848000004402e-05
4.439101848000004402e-05
4.439101848000004402e-05
4.439101848000004402e-05
-5.218250998999945933e-05
-5.218250998999945933e-05
-5.218250998999945933e-05
-5.218250998999945933e-05
-5.218250998999945933e-05
4.048510360000340258e-06
4.048510360000340258e-06
4.048510360000340258e-06
4.048510360000340258e-06
4.048510360000340258e-06
7.178104567999964158e-05
7.178104567999964158e-05
7.178104567999964158e-05
7.178104567999964158e-05
7.178104567999964158e-05
1.024585322799993065e-04
1.024585322799993065e-04
1.024585322799993065e-04
1.024585322799993065e-04
1.024585322799993065e-04
2.333961781300006311e-04
2.333961781300006311e-04
2.333961781300006311e-04
2.333961781300006311e-04
2.333961781299988963e-04
1.726872476700003212e-04
1.726872476700003212e-04
1.726872476700003212e-04
1.726872476700003212e-04
1.726872476700003212e-04
1.550359461700012709e-04
1.550359461700012709e-04
1.550359461700012709e-04
1.550359461700012709e-04
1.550359461700012709e-04
1.486638891699983145e-04
1.486638891699983145e-04
1.486638891699983145e-04
1.486638891699983145e-04
