-3.184171417647263524e-07
-3.184171417647263524e-07
-3.370694001691987296e-07
3.139321985923260172e-06
4.258426336001264190e-07
-2.188418291915184000e-06
-6.393915317426390743e-06
-5.750988864017259061e-06
-8.052426547777713495e-07
-1.878717410752628325e-06
2.238718953107010634e-06
-9.927150079747093514e-07
7.360181323745607074e-06
3.538232978161914843e-06
2.970127243706599529e-06
4.314069347310933722e-06
1.005438303725014748e-05
7.146640898403333608e-06
1.938633053000238249e-05
1.341647129771139646e-05
-3.496007591641259182e-06
-1.605814795868631961e-05
-1.726816290692489986e-05
-9.355457587956195198e-06
-7.648203929733199402e-06
-8.670636576724177758e-06
-1.297152915524790728e-06
1.957476157832260810e-06
-4.695699483026061216e-06
-5.830094396586105177e-06
2.909049287680431917e-06
2.452827629895182326e-06
-1.365769286354456824e-05
-4.267659077905605614e-06
-6.190982888343299351e-06
-2.928288782566568216e-07
8.634792186601458752e-06
1.262009925517837416e-05
1.817702041040369920e-05
2.294493988963530740e-05
1.504040996458400059e-05
1.273246660238314121e-05
1.310389096764730255e-05
1.531454338699056450e-05
2.492164115674988523e-05
2.553467739452308649e-05
1.743302570256233253e-05
1.876032974412744636e-05
1.133798241492733894e-05
-9.331560090197754676e-06
-1.464823106744894687e-05
3.110883153523147371e-06
-7.217722886920796554e-06
-5.196906310844795485e-06
3.971570900596077536e-06
-2.303636875256032113e-05
-3.220917148016866349e-05
-2.027285303118908644e-05
-8.580473098929175535e-06
-9.675092318861544527e-06
2.939557259384883992e-06
-1.512588851948493129e-05
-1.493683078090946026e-05
-4.473101333779538891e-08
7.030734449076092574e-06
3.148655378359954682e-05
3.613758009590739562e-05
1.958531803514240721e-05
2.994420466384539736e-05
1.766439371198025299e-05
8.564723673387675262e-06
-1.579426656128646300e-06
-7.471521525692637056e-06
-6.432343922169181383e-06
-4.813360295674584677e-06
-1.043755647467392578e-05
1.328053974791743030e-06
-1.222249753785042969e-05
-5.852724852539736844e-06
1.114204984276057075e-06
4.099382016065078460e-06
-4.285283841776177383e-06
-1.403456270976377596e-06
-4.354733125211396327e-07
-1.303334536517652964e-06
-5.506275682076733347e-06
2.927579072053987375e-06
1.120731532511243245e-05
-5.377003864381890708e-06
-1.864225868342117565e-06
-6.690563803424254274e-06
-3.104131728770553877e-06
-1.905662026580046131e-05
-1.435154710649477749e-05
7.826905359831215492e-06
2.017419665989450550e-06
-1.306672402989761395e-05
-1.304459790696377297e-05
-1.644012616330847720e-05
-1.370416121959650013e-05
-2.954643065322670736e-06
-1.448266286341315379e-05
-4.205423351999471038e-06
-1.157403455542826975e-05
-4.045743235980836516e-07
-1.157847139010570459e-05
-1.592328506849760572e-05
1.150754000311948744e-06
2.457377630515900080e-05
1.347410584617847462e-05
1.288289069156789424e-05
-5.423375613045067212e-07
3.019936497095088157e-06
-3.990270961873321198e-06
-1.610186874545505020e-05
-2.011503466592401423e-05
-5.814159807826513315e-06
1.575147620114236702e-06
-1.027897635275110133e-05
-1.609300358085263838e-06
-1.519702017804824834e-05
-8.276928631367752587e-08
-6.971431170121888954e-07
8.731110315629564411e-06
2.515202466524257829e-06
-1.687628554458697749e-06
-3.532575041598207122e-06
-2.181165816406149816e-06
9.714539985772319142e-07
1.132292481420549279e-05
1.789691608755639152e-05
2.455406462198439499e-05
1.432756163755044554e-05
6.519480798772292474e-06
-1.577302565225480180e-06
-3.233862617468830081e-06
8.931009544133061695e-06
-6.799222735054399891e-06
-1.563748497046546504e-05
-1.756191456947497898e-05
-8.548730686674943513e-06
4.443404072240753067e-06
-1.940422442725520114e-06
5.712671123037083021e-06
5.831603017592001947e-06
1.657154198664301248e-05
1.793294547391965921e-05
1.300061991060807998e-05
7.281926077684630627e-07
2.137468541718590131e-06
-5.746064570155695606e-06
5.164452867134627922e-06
-5.882315793126480230e-06
-6.809043364697231482e-07
8.493008486487596542e-06
5.380086801620720394e-06
-1.663165831278234918e-06
-1.197003684527686573e-05
-1.278433140905477217e-06
-5.098441037798551179e-06
-2.276069233597688424e-05
-2.376402353077011753e-05
-1.112433627170617001e-05
-1.872934962099392919e-05
2.483549044862698452e-06
-3.023236260890627136e-06
-1.968963119503008841e-05
-2.365028869166785341e-05
-6.327950974549523266e-06
-8.084765495741663699e-06
-1.129291051582548278e-05
-7.896860106715308802e-06
-4.547251860387291345e-06
-1.286169981895568526e-05
-2.777593073344242214e-05
-2.010179569444936476e-05
-1.036461349768202922e-05
-4.468141538538361601e-06
3.168871251846283599e-06
1.053232921566227276e-05
1.640821585713325703e-06
-2.573232262159663719e-05
-1.730167628610779218e-05
2.688416493867862300e-06
-1.001857104498959927e-05
-1.368495045372952745e-05
-1.286845619774545924e-05
8.266911228238527087e-06
2.674160157312144293e-06
5.929593018150214334e-06
8.300291634233403215e-06
-3.766773827518221651e-06
4.194850564243068902e-06
-8.990245370377181189e-08
1.081604040975570058e-05
4.432568240009260307e-06
1.016656149155359401e-05
8.850451655550983787e-06
2.967840407208655051e-06
8.318026820219870388e-06
