-8.788286269734157941e-05
-8.788286269734157941e-05
-4.663918473113426444e-05
-6.972132111826567780e-05
-8.217133508736651493e-05
-8.993493380415884531e-05
6.894996928963337268e-06
-4.644648022633646178e-05
-5.344457660072521321e-05
-6.373995913477870090e-05
4.205273340218695921e-05
-1.944992569491432732e-05
-6.617465445302173066e-05
-6.780709408715779318e-05
-8.035624768965021758e-05
-1.758931067890046052e-04
-3.691480005230118877e-05
-1.652822854580904277e-05
-1.697445430792754451e-05
3.284900867228657262e-05
-1.022999559801007763e-04
1.317256745956285613e-04
3.191570450766789691e-05
9.165950926970367618e-05
5.151130258340685941e-05
2.053845537162146684e-04
-1.937255859374431566e-05
-5.307255973008295769e-05
1.725106809757903648e-05
4.797940888323637409e-05
1.631540914210916071e-04
1.766951924437876187e-04
5.663897903929182576e-05
9.875859558761135304e-05
1.273232787966094293e-04
7.394815085959294265e-05
7.295477958280116582e-05
1.190347182102868828e-04
8.645342980173609249e-05
1.819787509127479552e-04
1.538635901034979270e-04
-4.747561204609951346e-05
1.593501027095101108e-04
8.114835299721789852e-05
-2.825285752905415393e-05
1.414388989253723139e-04
1.857635477833241566e-04
1.103065678655923421e-04
1.394821420497294184e-04
1.260405404828190967e-04
1.345361246158915947e-04
1.435010697434790927e-04
2.401991951117565804e-05
1.215742182409940142e-04
5.616135388564202913e-05
-1.473060357923827723e-04
8.612393278895069670e-05
2.113612712584256315e-04
2.825126796111021577e-04
2.780353934923596171e-04
2.625772322382147195e-04
2.499328997984662237e-04
2.233968868203817237e-04
1.893798930723278318e-04
1.780809271707539665e-04
1.720409741174933060e-04
2.266831341160013835e-04
2.289206433871981972e-04
2.051614129783274620e-04
1.510510913327323124e-04
1.945136103849165465e-04
1.709026010168201992e-04
3.629917020369077818e-04
3.030191416009131444e-04
3.045673015016348018e-04
2.516793043767506788e-04
2.966460320834585218e-04
4.188579268138425959e-04
2.497886969621276876e-04
2.049124243228561681e-04
1.924690882368906841e-04
1.170126131029292083e-04
3.278464540699133067e-04
1.113747250407470801e-04
3.778394665943096697e-04
3.070603483870115724e-04
2.874432982515884305e-04
2.475296777326718711e-04
2.862258386038263325e-04
2.679862153982526252e-04
3.453294589519373403e-04
2.234785726180632537e-04
3.089215889886531841e-04
2.920466047910963425e-04
2.514971306837310294e-04
2.954591118466964872e-04
3.095508516572920144e-04
2.629394842266208343e-04
3.908701015546967028e-04
4.581129255285532054e-04
4.245534819524721115e-04
2.534488389365208150e-04
2.859194671920306519e-04
2.641259784326166482e-04
3.884893560766045084e-04
3.951792012664157028e-04
3.832154852716485038e-04
4.311993407881686835e-04
3.656976686308155422e-04
3.849055664950640221e-04
4.891289150599220648e-04
4.162388627548807563e-04
4.263138616167339023e-04
4.863445877916205973e-04
5.392525600491637761e-04
6.274973372164538432e-04
3.688067442766396198e-04
4.049944880293310234e-04
4.472602407759040943e-04
4.230863519012473262e-04
4.217579286986961051e-04
3.952336474490891760e-04
4.249250263299586550e-04
4.397897161823038914e-04
5.600912280137038124e-04
4.551730615105498146e-04
4.506585479617797318e-04
3.956444519488400147e-04
5.256753364939470430e-04
4.600498983400314046e-04
4.966214973656235543e-04
4.778259667332918070e-04
5.055828799278572205e-04
4.565947647492407668e-04
4.614812827341552293e-04
5.954611895795380860e-04
5.216532796552542095e-04
4.382244495957365871e-04
5.237267815267898641e-04
2.796207800344063799e-04
3.114007290605513845e-04
4.905864078885713297e-04
4.250173453073102792e-04
3.935508587069591613e-04
3.172701524469800916e-04
4.797873165998112199e-04
5.106280781888017373e-04
3.503136373765869394e-04
4.935480582730633614e-04
4.174510595831293358e-04
3.908854434513386877e-04
4.239035845081673415e-04
5.561389019170803749e-04
4.992737534443847380e-04
5.423057792057761617e-04
5.080242522375044700e-04
5.248303236164986174e-04
5.550073860156601313e-04
8.210012420200030192e-04
5.643951732601237836e-04
7.600945653756241427e-04
4.920451317111940170e-04
4.196670586011919113e-04
4.583644689439836384e-04
5.296503215106440621e-04
5.378294021234353295e-04
3.379296767711537086e-04
6.659966856012999870e-04
5.836500416762646637e-04
5.601065472760069497e-04
4.685934872803443341e-04
6.605886626047663412e-04
5.597066630933511533e-04
5.948497666992125232e-04
6.045364058664404183e-04
5.171916763906381220e-04
5.145169332045895771e-04
5.980713220772315708e-04
5.465899681666996912e-04
4.929712269543529146e-04
4.507677634890683294e-04
4.429221260515703307e-04
4.681731207973882647e-04
5.074607739103953463e-04
5.896743314650620960e-04
5.424229174302297452e-04
4.670186394228892368e-04
4.129464849889075140e-04
4.712255219700978159e-04
6.977892785506867313e-04
4.684194244006789631e-04
5.396164190578645048e-04
4.384043918470581502e-04
5.033594247159101087e-04
5.146565545288694921e-04
4.820256894220165123e-04
5.408052047251032945e-04
4.174164735850638408e-04
4.420861445524337796e-04
4.793621409717729875e-04
