5.324011407022756232e-04
5.324011407022756232e-04
5.324011407022756232e-04
5.324011407022756232e-04
5.324011407022756232e-04
5.324011407022762737e-04
3.268474422399992967e-04
3.268474422399997303e-04
3.268474422400001640e-04
3.268474422399997303e-04
3.268474422400005977e-04
2.854391657599996551e-04
2.854391657599996551e-04
2.854391657600005225e-04
2.854391657600005225e-04
2.854391657600005225e-04
-3.262612345400007011e-04
-3.262612345399998337e-04
-3.262612345399998337e-04
-3.262612345399998337e-04
-3.262612345399998337e-04
1.316103269559999213e-03
1.316103269560000948e-03
1.316103269560000080e-03
1.316103269560000080e-03
1.316103269559998346e-03
9.723991590400004464e-04
9.723991590400004464e-04
9.723991590400004464e-04
9.723991590399987117e-04
9.723991590400021812e-04
1.104580737519999037e-03
1.104580737520000772e-03
1.104580737519997302e-03
1.104580737520004241e-03
1.104580737519997302e-03
1.875644743019998922e-03
1.875644743019998922e-03
1.875644743020002392e-03
1.875644743019998922e-03
1.875644743019995453e-03
5.607895624799956458e-04
5.607895624800060541e-04
5.607895624799991152e-04
5.607895624799991152e-04
5.607895624799991152e-04
2.134942815979999631e-03
2.134942815980006570e-03
2.134942815979985753e-03
2.134942815979999631e-03
2.134942815979999631e-03
5.507421821000016426e-04
5.507421821000016426e-04
5.507421820999947037e-04
5.507421821000085815e-04
5.507421820999947037e-04
6.797902993199989030e-04
6.797902993199989030e-04
6.797902993199989030e-04
6.797902993199989030e-04
6.797902993199989030e-04
9.961600300200032510e-04
9.961600300200032510e-04
9.961600300199963121e-04
9.961600300200032510e-04
9.961600300200032510e-04
8.150583907999900402e-04
8.150583908000039179e-04
8.150583907999969790e-04
8.150583907999969790e-04
8.150583907999969790e-04
1.676859156960003316e-03
1.676859156959996378e-03
1.676859156960017194e-03
1.676859156960003316e-03
1.676859156959989439e-03
-2.229167204999965568e-04
-2.229167204999826790e-04
-2.229167205000104346e-04
-2.229167204999965568e-04
-2.229167204999965568e-04
1.468225190300001537e-03
1.468225190299987659e-03
1.468225190300001537e-03
1.468225190299987659e-03
1.468225190300001537e-03
2.000698293279992712e-03
2.000698293280006590e-03
2.000698293280006590e-03
2.000698293279992712e-03
2.000698293280006590e-03
1.637851647999510885e-05
1.637851647999510885e-05
1.637851648000898663e-05
1.637851647999510885e-05
1.637851648000898663e-05
1.904546182440000623e-03
1.904546182440000623e-03
1.904546182439986746e-03
1.904546182440000623e-03
1.904546182440014501e-03
4.578269050399957907e-04
4.578269050400096685e-04
4.578269050399957907e-04
4.578269050399957907e-04
4.578269050400096685e-04
2.933042837600235986e-04
2.933042837599819652e-04
2.933042837600097208e-04
2.933042837600097208e-04
2.933042837600097208e-04
1.445702617199895457e-04
1.445702617200034235e-04
1.445702617200034235e-04
1.445702617200034235e-04
1.445702617200034235e-04
7.191134438200019741e-04
7.191134438199880963e-04
7.191134438200158518e-04
7.191134438200019741e-04
7.191134438200158518e-04
1.951526318599849930e-04
1.951526318600127485e-04
1.951526318600127485e-04
1.951526318599988707e-04
1.951526318600127485e-04
1.495697768180009879e-03
1.495697768179996001e-03
1.495697768179996001e-03
1.495697768179996001e-03
1.495697768180009879e-03
1.678829654980007469e-03
1.678829654980007469e-03
1.678829654979979713e-03
1.678829654980021346e-03
1.678829654980007469e-03
1.206096429800102010e-04
1.206096429799963232e-04
1.206096429800102010e-04
1.206096429800102010e-04
1.206096429799963232e-04
1.578154241819978987e-03
1.578154241820006742e-03
1.578154241820020620e-03
1.578154241819992865e-03
1.578154241819978987e-03
1.010735353960012795e-03
1.010735353960012795e-03
1.010735353959985039e-03
1.010735353960012795e-03
1.010735353960012795e-03
7.827824088600110475e-04
7.827824088599832919e-04
7.827824088599832919e-04
7.827824088599832919e-04
7.827824088600110475e-04
7.291384595997651985e-05
7.291384596003203100e-05
7.291384596000427543e-05
7.291384595997651985e-05
7.291384596000427543e-05
5.457356588400297248e-04
5.457356588399742137e-04
5.457356588400297248e-04
5.457356588400019692e-04
5.457356588400019692e-04
1.021543954200010429e-03
1.021543954199982673e-03
1.021543954199982673e-03
1.021543954200010429e-03
1.021543954199982673e-03
2.591488754300014241e-03
2.591488754299986486e-03
2.591488754300041997e-03
2.591488754299986486e-03
2.591488754299986486e-03
1.924905986900010690e-03
1.924905986900010690e-03
1.924905986900010690e-03
1.924905986899982935e-03
1.924905986900010690e-03
1.641337622937999452e-03
1.641337622937999452e-03
1.641337622938027208e-03
1.641337622937999452e-03
1.641337622937999452e-03
1.838096740833988774e-03
1.838096740833988774e-03
1.838096740834044285e-03
1.838096740833988774e-03
1.838096740833988774e-03
1.931172781447998421e-03
1.931172781447998421e-03
1.931172781447998421e-03
1.931172781447998421e-03
1.931172781447970666e-03
2.426718397819993545e-03
2.426718397819993545e-03
2.426718397819965789e-03
2.426718397819993545e-03
