3.026285795040531326e-04
3.026285795040531326e-04
3.026285795040531326e-04
3.026285795040531326e-04
3.026285795040531326e-04
3.026285795040531326e-04
2.944338225750000627e-04
2.944338225749998459e-04
2.944338225750000627e-04
2.944338225750000627e-04
2.944338225750000627e-04
2.563939879599999930e-04
2.563939879599999930e-04
2.563939879599999930e-04
2.563939879599999930e-04
2.563939879599999930e-04
1.954270081149997451e-04
1.954270081149997451e-04
1.954270081149997451e-04
1.954270081149997451e-04
1.954270081149997451e-04
2.604866350949999049e-04
2.604866350949999049e-04
2.604866350949999049e-04
2.604866350949999049e-04
2.604866350949999049e-04
3.189157499699996415e-04
3.189157499699996415e-04
3.189157499699996415e-04
3.189157499699996415e-04
3.189157499700005088e-04
3.525579386050008840e-04
3.525579386050008840e-04
3.525579386050008840e-04
3.525579386050008840e-04
3.525579386050008840e-04
4.295545702049999304e-04
4.295545702049999304e-04
4.295545702049999304e-04
4.295545702049999304e-04
4.295545702049999304e-04
3.392352341650001213e-04
3.392352341650001213e-04
3.392352341650001213e-04
3.392352341650001213e-04
3.392352341650001213e-04
4.414468156350003641e-04
4.414468156350003641e-04
4.414468156350003641e-04
4.414468156350003641e-04
4.414468156349986294e-04
2.809016428499989948e-04
2.809016428499989948e-04
2.809016428499989948e-04
2.809016428499989948e-04
2.809016428499989948e-04
4.111664149000007762e-04
4.111664149000007762e-04
4.111664149000007762e-04
4.111664149000007762e-04
4.111664149000007762e-04
3.865762249000009865e-04
3.865762249000009865e-04
3.865762249000009865e-04
3.865762249000009865e-04
3.865762249000009865e-04
3.596596391000003723e-04
3.596596391000003723e-04
3.596596391000003723e-04
3.596596391000003723e-04
3.596596391000003723e-04
3.735422208000008237e-04
3.735422208000008237e-04
3.735422208000008237e-04
3.735422208000008237e-04
3.735422208000008237e-04
2.950160344500005194e-04
2.950160344500005194e-04
2.950160344500005194e-04
2.950160344500005194e-04
2.950160344500005194e-04
3.385322877499999383e-04
3.385322877499999383e-04
3.385322877499999383e-04
3.385322877499999383e-04
3.385322877499999383e-04
4.651319309000000179e-04
4.651319309000000179e-04
4.651319309000000179e-04
4.651319309000000179e-04
4.651319309000000179e-04
2.746984032999978675e-04
2.746984032999978675e-04
2.746984032999978675e-04
2.746984033000013370e-04
2.746984033000013370e-04
3.060098161000029959e-04
3.060098161000029959e-04
3.060098161000029959e-04
3.060098161000029959e-04
3.060098161000029959e-04
2.326963759499978135e-04
2.326963759499978135e-04
2.326963759499978135e-04
2.326963759499978135e-04
2.326963759499978135e-04
2.831719315000008619e-04
2.831719315000008619e-04
2.831719315000008619e-04
2.831719315000008619e-04
2.831719315000008619e-04
2.844163439000013671e-04
2.844163439000013671e-04
2.844163439000013671e-04
2.844163439000013671e-04
2.844163439000013671e-04
2.353579249999987466e-04
2.353579249999987466e-04
2.353579249999987466e-04
2.353579249999987466e-04
2.353579249999987466e-04
2.308968523499974057e-04
2.308968523499974057e-04
2.308968523499974057e-04
2.308968523499974057e-04
2.308968523499974057e-04
2.753539540999994095e-04
2.753539540999994095e-04
2.753539540999994095e-04
2.753539540999994095e-04
2.753539540999994095e-04
2.256565249499978276e-04
2.256565249499978276e-04
2.256565249499978276e-04
2.256565249499978276e-04
2.256565249499978276e-04
1.809148615999969789e-04
1.809148615999969789e-04
1.809148615999969789e-04
1.809148615999969789e-04
1.809148615999969789e-04
2.064426712500011529e-04
2.064426712500011529e-04
2.064426712500011529e-04
2.064426712500011529e-04
2.064426712500011529e-04
1.932814259500009735e-04
1.932814259500009735e-04
1.932814259500009735e-04
1.932814259500009735e-04
1.932814259500009735e-04
2.106940882000002402e-04
2.106940882000002402e-04
2.106940882000002402e-04
2.106940882000002402e-04
2.106940882000002402e-04
1.839464594999978830e-04
1.839464594999978830e-04
1.839464594999978830e-04
1.839464594999978830e-04
1.839464594999978830e-04
1.831047680500019759e-04
1.831047680500019759e-04
1.831047680500019759e-04
1.831047680500019759e-04
1.831047680500019759e-04
2.291771703000003435e-04
2.291771703000003435e-04
2.291771703000003435e-04
2.291771703000003435e-04
2.291771703000003435e-04
2.700681603500024175e-04
2.700681603500024175e-04
2.700681603500024175e-04
2.700681603500024175e-04
2.700681603500024175e-04
2.266082532500005020e-04
2.266082532500005020e-04
2.266082532500005020e-04
2.266082532500005020e-04
2.266082532500005020e-04
2.940577895500021133e-04
2.940577895500021133e-04
2.940577895500021133e-04
2.940577895500021133e-04
2.940577895500021133e-04
2.884916756000013849e-04
2.884916756000013849e-04
2.884916756000013849e-04
2.884916756000013849e-04
2.884916756000013849e-04
2.893210559000020110e-04
2.893210559000020110e-04
2.893210559000020110e-04
2.893210559000020110e-04
2.893210559000020110e-04
3.354030776500024902e-04
3.354030776500024902e-04
3.354030776500024902e-04
3.354030776500024902e-04
