1.032032810321936722e-06
1.032032810321936722e-06
6.285801325667250694e-06
5.377525905903013381e-06
4.963477047148501242e-06
5.502705567650423291e-06
8.803291299042115270e-06
7.537110914501710113e-06
8.744530357152058286e-06
1.094660945044623190e-05
1.883592863238803261e-05
2.321711485953059650e-05
2.476168559217839515e-05
2.510738235983467348e-05
6.773045670538380136e-05
3.282677848925885655e-05
3.637093316077866234e-05
4.113470101962946046e-05
6.104875127999065398e-05
5.831529845590210925e-05
5.477273816767436188e-05
5.505812714456936874e-05
4.947262300269983371e-05
4.495853425234841438e-05
4.537919098401843598e-05
4.909356807392128985e-05
4.857029346405639103e-05
4.815224207144197521e-05
5.345405000856118249e-05
5.362687624188566815e-05
5.105983578923556365e-05
5.951902783651874529e-05
6.264633072783354351e-05
5.786376163197104461e-05
6.015825710781186331e-05
6.770330464522800185e-05
7.129845746733920464e-05
6.995060747572168225e-05
8.262547313631074530e-05
8.240425260552797226e-05
5.701672311841932128e-05
6.668305804158336514e-05
7.402336610784487902e-05
8.404821853691402112e-05
6.952426279172030377e-05
6.312222642801401662e-05
5.842576269232679920e-05
5.987447143729340837e-05
6.638010524939730317e-05
6.550375933844776455e-05
5.991715654518614542e-05
7.172450978210065387e-05
6.724412053227268871e-05
6.592806839389453444e-05
5.727943404165714014e-05
5.800952050671881466e-05
5.693494247127617314e-05
6.013331684240341701e-05
7.588488336018883729e-05
6.980247717169874022e-05
6.888999364873527043e-05
6.350248381181700097e-05
7.614074247808133578e-05
7.084312775118561945e-05
6.702330746932716465e-05
6.664719588922451976e-05
4.874097209395245045e-05
2.638581354030833381e-05
8.135938157272093463e-05
5.423093074119478274e-05
5.966033129833903104e-05
4.913267807893362260e-05
4.259715467158642355e-05
5.570985449976362247e-05
4.998607144202082964e-05
4.856640937012102199e-05
5.338584041680860537e-05
5.732179091921807412e-05
5.953965634963864773e-05
5.404191473701303039e-05
6.082783817351611333e-05
6.128409059469319686e-05
6.251523562639249576e-05
4.125979541536040074e-05
6.156577297344867361e-05
4.310160171971944010e-05
4.575486028679520700e-05
5.787021913272738516e-05
5.826088125715500610e-05
4.505264109022633079e-05
5.033165379630943903e-05
5.972521894337390336e-05
6.594201974818858503e-05
6.662999741280373200e-05
5.304553410567791616e-05
4.632233513346406539e-05
5.984445083040412783e-05
6.149289142287628351e-05
7.150329749849859695e-05
5.479718280998469027e-05
6.005666853647895209e-05
5.334258241562750413e-05
5.681829607784294467e-05
5.248720423578490113e-05
6.505380766830271000e-05
5.695517362580559961e-05
7.195264854198413218e-05
6.262560444847409258e-05
5.954467793989337565e-05
5.571271801008137459e-05
6.744238268385771562e-05
5.460158495651512567e-05
6.910521851688500305e-05
4.354726998867519683e-05
7.649750359872697913e-05
7.224523359283807622e-05
5.542940910796545495e-05
5.059859218459195063e-05
5.867979240870013768e-05
6.135250975214390223e-05
5.879049167312189184e-05
4.676061018304977779e-05
6.262592044992132401e-05
5.606832933624517068e-05
5.826102652273235094e-05
3.810405552817641706e-05
5.605355396598454831e-05
5.248161547122265347e-05
6.034825547418520841e-05
5.590739796579313747e-05
6.387411220565297754e-05
5.341273449621652958e-05
6.237703959532936437e-05
5.045663695746327448e-05
5.739630541778950601e-05
7.071103028177816441e-05
7.378474767349985086e-05
5.573597594965562507e-05
5.611157918661291433e-05
4.986258321304504193e-05
3.932307656517863848e-05
5.203248658869341625e-05
5.481422981556960394e-05
5.926065869799046482e-05
5.252600593985690125e-05
5.709362942818430042e-05
7.218650772022883189e-05
5.634486194594501285e-05
6.222514174458737557e-05
6.825174640079367805e-05
6.109702537493433283e-05
6.129961026291042003e-05
5.890994609991651032e-05
6.390653242682731161e-05
5.884840474612573757e-05
5.412700119533653265e-05
5.093149473811564576e-05
6.806606181131158451e-05
6.984853091784870571e-05
7.031452373951196932e-05
7.845580144927311039e-05
6.594353557254351017e-05
4.008167974944853995e-05
5.054109236590775822e-05
5.661624586661417879e-05
7.078367439783406212e-05
5.102534343270903605e-05
8.259810538557843529e-05
6.731102450885373401e-05
7.310873512711424382e-05
3.326435776163094715e-05
7.547088151138581225e-05
7.592082427132496036e-05
7.437053297332241186e-05
7.538437046683554854e-05
6.480244453843653218e-05
7.302328684177794571e-05
6.951494031914862148e-05
7.197220441224061460e-05
6.246581298441356012e-05
4.503240041353606671e-05
5.339656038572115904e-05
6.109345920846109834e-05
5.806176402822771365e-05
6.347203765777464923e-05
6.043687336410030753e-05
6.178670058831770007e-05
5.836540392056832616e-05
4.446326854834481423e-05
7.217169767192999075e-05
5.845748682142826169e-05
5.529227410550063837e-05
6.673219216546399934e-05
6.556409549629549360e-05
6.411846634790663302e-05
5.080229864784513438e-05
6.237648134455042737e-05
4.941758241949756325e-05
5.707970496926506598e-05
7.327236549059534809e-05
