-3.377540306104265255e-06
-3.377540306104265255e-06
1.309729891829647386e-05
1.580737450623814766e-05
5.554543474062256792e-06
1.014119966669113637e-06
-4.496871923720391351e-05
-2.975288767359529629e-05
4.400027675899309543e-05
8.593537064172096507e-06
-4.429152085094756330e-05
-7.136493188397707854e-05
-5.513761831110741696e-05
8.206810064947944738e-05
6.400591306743308451e-05
1.020813486150018434e-04
1.905316181805005726e-05
7.715010123021670552e-05
1.732529825808626356e-04
1.191935362570006873e-04
2.266234051830906537e-04
-1.575652959857620772e-04
-1.078949248629612612e-04
-6.617925837559823776e-05
-1.312068101491092875e-04
-2.433905076948406077e-04
-3.917637692474329469e-04
-1.740092357884748253e-04
-3.224877642793444465e-05
1.861589449312361921e-04
1.721680439139561258e-04
4.298628573806695385e-05
-1.963497333647978849e-04
-6.087222022443938840e-05
-8.037947934269595862e-05
5.513221706721083137e-05
2.454048899735994382e-05
1.324411486223198153e-04
8.481009899341529490e-05
2.503900406196635231e-04
3.189751045375999183e-04
-1.962045254444433340e-05
-1.089503301123784240e-04
-1.240345130071318636e-05
4.463922965314282010e-05
1.006878767064733893e-04
1.501252959563714739e-04
5.564547457481694437e-05
-5.849147378000907338e-05
-1.547539934207975421e-04
-2.618386345432099915e-04
-9.372228512916080945e-05
-8.603055325906439066e-05
-2.399400755273006780e-04
-1.601715889982813223e-04
-5.883296191413478482e-04
-6.553960832071936693e-04
-4.857748361004610160e-04
-3.938183346470225388e-04
-1.322852339846747327e-04
-1.361526240657440212e-04
-2.329389236521706152e-04
-3.059915683714109491e-04
-2.074037532295847086e-05
8.759888973486340547e-05
2.025321519383282975e-04
1.237269259739548488e-04
-3.934727792653802680e-05
2.106561432029252501e-04
9.427570830666809343e-05
-3.773967812747969219e-05
-9.188760228084902337e-05
-1.550414729045712647e-04
-3.440631058282406229e-05
-1.523838655259623920e-05
4.586089506020130102e-05
1.713588897906959119e-04
-3.778181809721559148e-05
1.112139868126860165e-04
1.642868833542365792e-04
4.377378580855406653e-05
2.968458541730001343e-05
5.787398600176629770e-05
1.510383817517890748e-04
1.280182619467495897e-05
-7.883810074105213062e-05
9.981618746834897138e-05
8.234880671409428032e-05
-1.534431224179400033e-04
-1.869842158157553058e-04
5.157036565606176737e-05
1.361504534180824066e-04
-8.893338352677915282e-05
-2.689503581798646792e-04
1.337514297041764166e-04
-4.566640446057590452e-05
-1.216501148775250840e-04
-2.390302760630902412e-04
-4.240888557731636865e-04
-2.706762897233261356e-04
-3.768188055310872642e-04
-4.116523582951003846e-04
-2.323941232553750069e-04
-9.536413692856626767e-05
2.153221326040011263e-05
-6.929127433608073261e-05
9.115082523436512929e-06
1.982652003178486666e-04
4.098191916881432917e-04
1.632967421478781489e-04
3.017443804900210580e-04
5.537466593352746713e-05
7.217994479091771609e-05
-2.635001037170070504e-04
-2.013686494031219354e-04
-1.549294164249204186e-04
1.165067606123670885e-05
9.678180881422804305e-05
8.142480845307886739e-05
1.607448203948536047e-04
6.812212873796852364e-06
1.638966376695805138e-04
2.602626124676987729e-04
2.938062695747589714e-04
2.242418050748540281e-04
7.083601178337062265e-05
9.786086369700797150e-05
3.403001161572660749e-05
-4.049962115715288746e-05
3.144152369571884265e-05
1.156182483477152800e-04
2.303405462029672890e-04
2.945328365591137754e-04
2.208680518336336718e-04
-1.628258615227196060e-05
8.750754022202045235e-05
2.992981838190189592e-04
8.255258758893546656e-05
2.199471369372929530e-04
-1.813473514644670104e-05
6.293898065479197612e-05
1.042389827503598099e-04
-9.168156029915053296e-06
-4.889411860631298623e-05
-1.859902122269829761e-04
-7.095405133128451780e-05
2.191970691249878200e-04
3.675552471804621746e-04
1.232019787309468484e-04
7.171667651562074752e-05
6.210149752305937909e-05
2.684264719690077072e-04
1.752356414144173868e-04
1.056660993619118472e-04
2.619719835514899842e-04
8.332835125912652074e-06
2.358640712785131655e-05
-1.644181085396212438e-04
1.205093779113042274e-04
-8.070304078344747722e-05
-3.506427661257305317e-04
-2.197180942324905573e-04
1.179693986834706720e-04
-1.043881477613695097e-05
1.293162227646860174e-04
9.882256968296587729e-06
-1.785905574855917166e-04
-3.526176732790986534e-04
-2.138362181121067351e-04
-9.224818161612802214e-05
-1.102925487792560943e-04
9.247434444858981806e-05
2.769590070030858442e-04
2.700249899589834968e-05
-2.732736665684853961e-04
-7.807405483717388961e-05
-1.501434475130736246e-04
9.959999713515799158e-05
3.225249291283205366e-04
3.103783115143698978e-04
9.355461465432313162e-05
-1.847268762169562706e-04
-1.710787088633480835e-04
8.766725526854202144e-05
-3.116050345752796602e-05
-6.257391233788212048e-05
-6.231631287789696216e-05
1.880005242220761374e-04
8.185926293791112585e-05
1.960251045822758442e-04
1.130986162927172245e-04
-2.499073759167913522e-04
-1.923850826095474531e-04
9.535451014386353563e-05
1.800773288138657335e-04
1.008956591661558377e-04
1.899170139409989133e-04
2.503437708334388390e-04
2.416987632258837948e-04
3.383553052884735735e-04
