-3.435783039423822693e-03
-3.435783039423822693e-03
2.818614709440443126e-03
1.219782311401662036e-03
5.255568513407201910e-04
-3.261229179301939219e-03
-1.639056195290857984e-04
-1.537754194343490203e-03
-1.033344383379519379e-05
7.150980598504158049e-04
7.777980557617729211e-04
-2.532604796016621040e-03
7.133105163767312906e-04
2.857357614576177748e-03
-8.822849512299169895e-04
-9.831189504487533939e-04
1.155738956310249210e-03
-4.750062126648198213e-04
3.472725946315788174e-04
-3.100766578797784032e-03
1.823607259058175611e-04
3.621697756975068676e-03
-1.083887756797783904e-03
-2.944836588144044039e-04
-1.032235288204986189e-03
4.318981336310249129e-03
-4.574257368493074571e-03
4.767858224265927695e-03
-1.544561224531856066e-03
-6.955716190193905139e-04
6.918370516011079861e-04
-2.824678769030471420e-04
-3.000973149085873082e-04
-8.464881144487532670e-04
3.085237596620498454e-03
-4.550463997706371763e-03
2.488643909379501841e-03
2.296121634952908754e-03
-4.396065439916897397e-03
3.509430301922437587e-03
-1.634215003639889231e-03
-4.056537583102494057e-04
1.004286460354570721e-03
-1.595612555318559741e-03
3.754453232908587859e-04
-1.993744151745149851e-04
-2.044901711080334382e-04
8.843474535900276885e-04
-1.060922199168974882e-03
3.619320252099722697e-03
-1.751035606481994361e-04
-4.614144348642659592e-03
-6.320014142437674169e-04
2.232130920099723113e-03
-2.890586299246537382e-03
1.389977694404432099e-03
5.874388127424193945e-06
2.200643316947368047e-03
2.852923327700831145e-04
-1.856511921318559780e-03
1.942492675772853348e-03
8.603406256675900227e-04
-2.084899030526316151e-03
-7.447695021495842269e-04
-1.280789339390582537e-04
-1.523170817512465181e-03
2.901953426698060650e-03
-1.541970961096952603e-03
1.559816861274234551e-04
5.571583107645428773e-04
-3.132783576620494503e-04
1.882131311024930632e-03
-2.418129286980616986e-05
-1.251834116094182941e-03
-1.126920814842105253e-03
1.796633070925207935e-03
-8.908816469196678429e-04
9.965093392908588865e-04
-2.173469050742382440e-03
1.130916318005542077e-04
-7.314739491301935556e-04
1.375121171202215581e-03
-1.052122397833794507e-03
7.405919078504151487e-04
-1.444193383861496274e-03
2.495548630260388361e-03
-5.529712874903047574e-04
2.323857361207755899e-03
-2.576705829013850070e-03
-9.283979847202216730e-04
1.645634847556786459e-03
-2.728072432631577920e-04
7.652282316897508936e-04
1.909273585706371167e-03
3.569827387977839010e-04
-1.048164592614958274e-03
-1.139631361988919633e-03
-3.255607903047091738e-04
-1.615215210980609425e-03
2.565054014426592938e-03
-2.460035922437686304e-05
-9.506459223933517652e-04
-5.039669024210526038e-04
1.600021357700831060e-03
-9.895228356786702015e-04
8.097336419335178243e-04
-9.766505406204985858e-04
8.366228392077562116e-04
1.372266166570637082e-03
-3.791481062531855753e-03
3.269407132576177249e-03
-1.289736155828254908e-03
5.225023427756231992e-04
-4.728944141551246535e-04
2.775280578249307573e-03
-1.634282008770083106e-03
-1.560638931301938821e-03
-2.052280310975069556e-03
2.229505223091413080e-03
-1.576787190415516321e-04
2.336838432891967000e-03
5.068351498725761229e-04
2.373571842686980626e-03
-4.424729808060941585e-03
1.972637479639889179e-03
2.749815346759003310e-04
-7.154746724099723346e-05
-6.458106758781164119e-04
3.789224951972299058e-03
-1.161281925085872607e-03
-7.589920167645428789e-04
1.687886059811634365e-03
1.877483074127425655e-04
-7.261627186094183131e-04
-5.825637313739613111e-04
5.051230207922439118e-04
-1.133754132570637249e-03
-8.377607773795013764e-04
-2.621077626094182444e-04
2.668978013490304595e-03
-7.373741250027701297e-04
5.386642756565096675e-04
-5.000443877894735455e-04
-1.542482035274238142e-03
4.634998186975068657e-03
-2.105801837977839056e-03
2.353311582321329469e-03
-1.791708632027700504e-03
-5.226104530692519956e-04
9.277951373961191434e-05
-2.454882192919667465e-03
2.099850431479224205e-03
-2.257206687878116329e-03
1.336762317396121991e-03
1.501447406598337836e-03
-1.901008325224376547e-03
1.005670106891966807e-03
1.786037892520780240e-05
1.815981499684210607e-03
-9.642333885484764833e-04
-2.301565711191135705e-03
1.862447438681440496e-03
1.643255334371191475e-03
-2.102297735263158451e-03
1.829657807307479272e-03
-1.003945329778392972e-03
1.745726320033240755e-03
-2.667050514559556659e-03
1.662805510603878028e-03
1.370641988470914195e-03
-4.192596387313021755e-04
-8.801662782049858927e-04
-8.313785884875345492e-04
1.278048641213296380e-03
-7.538870512797789941e-04
3.788514121518006365e-03
-3.487481632221607272e-03
2.325981335988920248e-03
5.550851631966752242e-04
-1.436306399434902729e-03
5.652456855290855647e-04
-6.895543947368415125e-04
9.736346078504150986e-04
-1.338522286038782913e-04
2.131467371240996882e-03
-1.455238392072021741e-03
-2.054071184537395976e-03
7.049866578670363482e-04
-5.601161000831026554e-04
1.843095856470913611e-03
2.028647931462604706e-03
-1.377776110814405222e-03
-4.419301185761767559e-04
-8.129057528531886956e-05
-1.329525167135733876e-03
2.282071288936288189e-03
1.799344406060941412e-03
5.078526374127419890e-04
-3.835163088642540297e-05
-3.481879170637129650e-05
