-1.135767352522520923e-04
-9.058311459142487365e-05
-1.114603329455121639e-05
-4.504428928697734591e-05
-1.758691640318943428e-04
-6.078816733889880197e-05
-1.988998202193670295e-04
-1.009868122991974815e-05
4.968240060065909347e-05
-9.043424366694807759e-05
-2.013039740447197801e-04
-5.012045491525896068e-06
-3.534725667719840203e-05
-2.261002099857023495e-04
-1.405297681387196462e-04
1.412751771283637936e-04
5.557742477435567707e-05
-4.686488649952025298e-05
-2.195826247373133810e-04
-3.405061060419711794e-04
1.215919520518582431e-04
-3.364941002814703097e-05
2.836309561615735220e-05
-6.422634690750328446e-05
4.894680376068549776e-04
7.310650067182677958e-05
-3.026494550866232203e-04
-8.271180385577281413e-05
-2.183004205917882246e-04
1.029084350747666576e-04
1.977916747861740987e-04
-1.343212829851836432e-07
-1.174604436684489883e-04
1.745408373849954842e-04
3.224496784284269779e-04
-1.093906904969799143e-04
5.812889578038493710e-05
2.922137772713995219e-04
2.559614594517256592e-04
3.134058626628188904e-04
-2.713221339689653178e-05
5.164458327939769333e-04
1.144243104675979339e-04
-5.812854044506821083e-04
1.349453033014924586e-04
-2.462156455464992177e-04
-1.467688772294195587e-04
2.960856919074217330e-04
1.827537732594919362e-04
-1.719195697447162274e-04
-4.451057152010662321e-05
-2.726551879561611713e-05
4.734079313948313938e-04
4.738386485314549645e-05
-1.555732690718514277e-03
-7.783983505262881408e-04
-3.919693374712096556e-04
8.947355070176854497e-06
-8.772643353367470809e-04
-4.363787140349018046e-04
4.081452445987565625e-04
6.784611137078400134e-04
1.816570889729973715e-04
1.633234055233856452e-04
-4.514381273423850871e-05
-2.279252442605184115e-04
-4.166778083458666515e-05
4.245069950243873791e-04
-1.216538552171186893e-04
1.322455426517876731e-04
-1.320807187852324205e-04
3.405847090363067764e-04
6.743064225105399601e-04
-1.302488753651687148e-04
-3.099745029402356522e-04
6.977471828406578425e-05
1.520802074708171858e-04
5.872661022010561283e-05
-2.981027622723786408e-04
-3.250368338214570940e-04
-2.396712602106276790e-04
6.569589158260669137e-04
-5.261785557095777222e-04
8.736067604218078486e-04
-1.942526071729844261e-05
-4.038625779045901254e-04
1.333006330952457574e-04
1.125559869521453038e-04
-2.652861569387710006e-04
-1.983433119434607761e-04
-1.217176429335609100e-04
-1.393341396891401018e-04
2.189057204375899346e-04
-1.064573975995131150e-04
-2.021629345989595095e-04
5.332258950332402492e-04
-2.649065585558219027e-05
2.347028841853671111e-04
3.940233591777086986e-04
6.707113077908388732e-04
-4.596860929240165206e-04
9.487479901082451761e-05
-9.588725558842270402e-04
5.080308544833656015e-04
9.913415465234720614e-05
2.163529022993770923e-04
5.452466206250505820e-04
-5.204510792822247822e-05
2.644789073826814274e-04
-2.025946865487071591e-04
-6.610035391929613979e-05
1.272221084249736123e-04
3.985610985210996660e-04
9.315692970091049574e-04
5.582581240730632999e-04
3.585326609183425717e-04
1.135371329397116824e-04
3.431683714865130241e-04
-1.850681535486842222e-04
-3.767548286646160705e-04
-5.072241917645214926e-04
4.076090974791668486e-05
7.185000669096552883e-06
5.101733547121511947e-04
2.591873031434488439e-04
5.061007886766333286e-04
3.597938897428321070e-04
5.320477803607559508e-04
3.172314761386019200e-04
9.872951166371990439e-04
4.848289576386832778e-05
2.956112084788742322e-04
2.774878646860656772e-04
-3.344904687878624827e-04
8.269924742876355594e-05
1.083425083379552234e-03
7.378983511330261535e-05
4.417745920406446203e-04
-2.061777436068723546e-04
-4.002499633486422681e-04
4.431985657333825657e-04
6.143526570596691272e-04
2.127140735197485810e-04
3.261024027949588344e-04
5.090262583564708621e-04
1.108036636757958604e-03
-4.769910769724106103e-04
4.175826953201067226e-04
6.478198401538293183e-04
8.839321839957392513e-04
2.059463587116283634e-04
9.601269592280914367e-04
-1.225311068253631674e-04
9.117296025920040847e-04
-1.127380689069923392e-05
-1.600350641268732943e-04
4.638125447229413112e-04
7.415830631103403903e-04
-3.618770670144044743e-04
1.570568411366934924e-03
-3.991448462556945742e-04
1.735093887234029353e-04
-6.714771805746977407e-04
1.632022567932267521e-04
3.752347491641216948e-04
-9.438989728280944291e-04
9.060579341664265485e-04
-1.080286738215363584e-04
-5.130096862870914265e-05
-1.154560275764993094e-03
2.884445642692412548e-04
3.036063985462078563e-04
-6.233387260579092981e-06
1.214770165276490843e-04
-2.152419283163453656e-05
2.868438162835218463e-04
5.627373394787582583e-04
-2.939310959249041844e-05
-4.882954751792567549e-04
-6.739398686761433055e-05
-5.580676528538219827e-04
-4.492051336768554393e-04
2.556379193023872176e-04
1.069213078480402146e-03
-2.189168382216166719e-05
1.420831729106453167e-04
2.245389917945317393e-04
-7.519996073312995577e-05
1.433062055660627720e-03
1.393672157092851194e-04
-2.683948473389818901e-04
2.187399899824526983e-04
8.228225052064885858e-04
3.078185196017102498e-04
4.601145065663558853e-05
1.556567763365990231e-03
4.488002874296626032e-04
2.350565063977683167e-04
1.094430112658528742e-03
