1.563505099148199552e-04
1.563505099148199552e-04
-1.603405012804709354e-04
-6.491491359418283625e-06
6.467749523926592282e-04
-5.108901768975063640e-05
-2.050237460221606919e-04
5.538792065304707453e-05
5.480020230609432535e-06
9.907255899099727840e-05
7.234596877423739823e-06
-2.522361864771467958e-04
1.713767745325484970e-04
2.147072569861495535e-04
-5.962917748614953752e-05
-5.371259705817170525e-05
-2.651721426842105719e-04
5.546343711011079893e-04
-1.247817149702216142e-04
-6.614364656717453602e-05
3.414943506793628476e-04
4.118112947299173293e-05
-2.131606935879500932e-04
-2.457662173144044455e-04
3.166934510270083287e-04
1.527932233171740237e-05
1.201391158185595052e-04
-3.078988052527699805e-04
4.079465622091411805e-05
-9.200951382271472904e-06
3.080437371952900877e-05
1.443820591274238511e-04
9.835470291689747246e-05
-2.390319234916897040e-04
4.761180958587254552e-05
-1.530877779349030122e-04
1.956019001232686726e-04
-1.780561737534623601e-05
8.139213979016621421e-05
1.102198974882272328e-04
-7.096006362950152760e-05
-8.801012029085748117e-06
2.209963628199444405e-04
-1.189910138157880722e-05
-1.202229256211911467e-04
1.423211040353184950e-04
-1.904947065581720327e-05
2.151606005270083766e-04
-3.100661415962604420e-04
1.513834170318560397e-04
2.762141524037394717e-04
7.059723889889235604e-06
-1.010951444522160785e-04
-1.602895914307477833e-04
-2.673507090166209882e-05
1.339819864522159495e-04
8.804513403947366798e-05
1.446024110110825586e-06
1.409083355720223453e-04
4.449797200346242328e-05
-1.563944449072022461e-04
8.193722065581721115e-05
4.448983937119124592e-05
-1.524975301108032633e-04
8.829131545914112138e-05
7.060425523060936959e-05
1.663313241253463852e-04
1.296192505318559830e-04
-1.689609934279784516e-05
4.214185537880889634e-05
2.076395863815790575e-04
-2.363649947811636686e-04
1.009563699930758097e-05
1.644203891918282617e-04
1.089914485470915191e-04
-6.755398497368435631e-05
1.816626129355954772e-04
-1.436074829840720303e-04
1.553659005948753412e-04
-3.185258330817173841e-04
1.376056507749307510e-04
2.819716486011101045e-05
-2.217786995498617804e-04
1.894621702430748962e-04
1.091597259369808323e-04
-7.657966885249315250e-05
-1.105359574563712782e-04
1.260136200761773767e-04
1.946504346094181034e-04
3.761959085941827055e-05
-1.008274830588641244e-04
-1.215363967742382444e-04
1.868287289252075142e-04
1.205196433649584516e-04
-1.745448977132960620e-04
-4.969004403601118627e-05
1.697944203545706174e-04
1.595006251024931251e-04
-3.176217074993075394e-04
4.296512064051248407e-04
-2.443528259349044343e-05
1.200123693116342954e-04
-2.201393423434901998e-04
2.601001635055399247e-04
-3.644768688178669051e-04
8.623591432756249134e-05
1.721585084487530989e-04
3.426547224099751182e-05
3.625494187673100957e-05
7.440877944182855419e-05
1.123331437493072134e-04
-3.355685387950108414e-05
-2.026936870734071666e-04
1.864593462236842011e-04
-2.575606481391968204e-04
-2.443186031738228334e-04
1.045448908649584431e-04
1.211323875540165802e-04
1.562065126502771434e-04
-9.775647458379506383e-05
-5.783741076315768170e-05
1.236787129182824636e-04
2.504224505470902321e-05
-2.476831771371190531e-04
3.055813028476454807e-04
2.077619312119112840e-04
1.418058475692509507e-05
6.799665096745167309e-05
-8.815809906232699097e-05
3.488595771024933720e-04
-4.290879899653743043e-04
-1.011097853448753373e-04
3.013371389113572892e-04
3.120789396973684508e-04
-1.261298548130155087e-05
1.323106724861492986e-05
8.901379810941772996e-06
1.606146432222991041e-04
3.242791274445980775e-04
-2.756072456849027394e-04
3.068570161731303328e-04
-2.552852359349031854e-04
2.580279805976452671e-04
4.800086417797774091e-05
-2.643143276495844157e-04
1.757736124716070131e-04
-1.251237896641279115e-04
2.889576623822717044e-04
-1.027445894120496486e-04
-7.782341379016649574e-05
2.608939660796397858e-04
-1.443624869819941023e-04
-8.183672079155150658e-05
-9.419462472645429713e-05
-1.503660421350414174e-04
2.891886974286700558e-04
-2.816262011495849343e-05
-5.764955624930692690e-05
2.601216837846255861e-04
1.419286783746536926e-04
-1.710342008711908043e-04
-1.025080192035981996e-05
-4.878542777770125682e-05
-1.276485861163431310e-04
7.684589100692513705e-04
-1.156548572008309073e-04
-2.317874299591409989e-04
4.323968044868424163e-04
-1.373054035408594747e-04
-3.606108486675892524e-04
2.446541300415508435e-04
6.382575111426626313e-05
-2.050492899909979114e-04
-1.270022530844867187e-04
6.484256735734064692e-05
7.110674247873954856e-04
-3.120489412416892899e-04
-1.034698538878121507e-04
2.457037405976456035e-04
1.649711468891968541e-04
-2.296582335387809676e-04
4.111368341288088729e-04
-4.135602525533240564e-04
7.791962302700766729e-05
-9.386488488019335136e-05
2.385797515166206834e-05
-5.667393044944592922e-05
-5.499105736841980452e-06
-6.025201110318630093e-05
9.062418138504509113e-06
-1.580004310741001811e-04
2.377104710103881621e-04
1.511885848891943857e-05
-2.718118861322711341e-04
3.496343587326873614e-05
7.920123283241056744e-06
5.042091425831035645e-05
1.203529046267309485e-04
-5.984091797506946309e-05
-1.677113545477835685e-04
