-9.775322667347645432e-05
-9.775322667347645432e-05
1.116363819556786738e-04
6.746695999965373995e-05
1.741515778099030532e-04
-1.734979633216758967e-04
2.150706111308864420e-04
6.483914105817172860e-05
6.686594557790860724e-05
1.880504642122575996e-04
-1.298985864525623295e-04
1.033442920616343226e-04
3.274823761485457212e-04
1.931559288064403721e-04
2.429319194847646361e-04
2.072369703642659017e-04
2.412146339497921958e-04
8.935141893074804824e-05
1.622813838331022517e-04
1.992139552725070983e-04
7.307688977008317682e-05
1.646789942527700917e-04
2.776158168836572251e-05
1.093398080505509143e-05
1.881039037039474067e-04
1.048577969182825330e-04
5.822673873857354965e-05
2.308329060879501550e-04
3.021724124307578058e-06
1.019068673556093423e-04
1.897237902995152145e-04
-6.683267961530474713e-05
2.318761094480610747e-04
8.706552423891952136e-05
2.369443264774932605e-04
3.459369013019374106e-05
1.436327172438071897e-06
1.614447241710522882e-04
1.215981928112883081e-04
2.598896141859418155e-04
-1.393704591495844441e-04
1.183533536028387109e-04
5.650632341308928219e-05
1.555966181409273660e-04
7.162596691516649738e-05
9.198727035664849838e-05
-5.596324504850147541e-07
1.918850539387121495e-04
-7.891357358691137441e-05
2.749239815155813185e-04
2.033233801724378467e-04
4.902795275277260778e-06
1.516079155041549081e-04
1.645991564698748993e-04
1.404733377652362530e-04
1.565298245567812302e-05
-3.965984417901666920e-05
2.129287178822712387e-04
-3.817175123268026771e-06
-6.969675501939092549e-05
1.829038267018700398e-04
-2.860286171398919441e-05
-4.188448102250639377e-05
4.098750397056767636e-05
-5.254440943247909446e-05
2.798916982482682267e-04
7.770706304605252968e-05
5.105850027216102954e-05
1.795142089584490439e-04
1.477687379435590684e-04
4.855303440062363335e-05
1.650688917423821789e-04
4.124364854639871181e-05
1.473754997870502237e-04
1.340097598206370019e-04
7.550835522957075746e-05
-6.666875344840759304e-05
1.241384715547095424e-05
1.684580494909970402e-04
1.151936526672435804e-04
4.634385884141282302e-05
5.535505652804698778e-05
-2.726500115166150678e-05
2.640338489577533782e-05
8.628953639023499017e-05
1.065341834148199329e-04
2.917989540779097890e-04
1.627534366592797710e-04
1.536085218237521338e-04
-1.036341085055396405e-04
1.235908051461214602e-04
-5.062485337638429617e-05
2.662586687087950543e-04
2.420943769806081780e-05
1.053406247735460405e-04
1.675570972936284847e-04
-2.326441642496544088e-04
2.731136094705679390e-04
2.670433544369812950e-04
1.612911554899586208e-04
9.456477663608020556e-05
1.143225581319243928e-04
1.627066527039484900e-04
5.298784819944557523e-05
8.920191224377413408e-06
1.592262578459131828e-04
-7.811083895152386158e-05
1.623312896191133475e-04
-8.106442247818486380e-05
1.520988220858731504e-04
1.148618972745835826e-04
9.269538450277017838e-05
1.691396088396822373e-04
7.737854913428959813e-07
-8.174950785214650517e-05
-7.187031119598383255e-05
2.965131813639203945e-04
-3.900344284487634872e-05
9.879223621918342690e-05
5.472890799203614098e-05
-2.313388463919680005e-05
1.564782081260387980e-04
5.689019738711921514e-05
1.896483638092107821e-04
1.237270119840722798e-04
-6.257045858275647743e-05
1.635157944141259895e-04
1.022014160505547997e-04
-1.497136113216765430e-04
3.534409031755551822e-04
-4.465490529224382110e-05
8.054777769979197533e-05
5.287319762569200887e-05
2.746341472448059207e-04
-8.824677536565031510e-05
6.410998950761789827e-05
-1.015302705557486612e-04
3.231115725315109738e-04
-2.384938284626450522e-06
5.668525324757645034e-05
3.202737144286649240e-05
-1.647391187465339912e-05
-2.080132579882279509e-05
2.881615050401662576e-04
-2.927359609695284748e-05
2.531028075498601565e-04
-6.157333824515116849e-05
3.328779023407252291e-05
5.536497659452792319e-05
2.346432655588644861e-04
-1.908599473815792563e-04
1.664173321000699673e-04
3.367864083379454310e-05
-5.726711709937680472e-05
2.253289698504155891e-04
1.452932641713994971e-04
8.141877092139766792e-05
-5.855852530609398365e-05
1.953048982036020842e-04
4.090924447645340190e-05
6.609875527216133029e-05
1.141896055415515809e-04
7.883179387396105353e-05
1.123758387915410606e-05
1.470306119968848441e-04
1.059729518150965416e-04
-4.651169682063673039e-05
1.768610481900963899e-04
8.756376547541626365e-05
6.582283442867035983e-05
2.794897280609422163e-05
1.727589034314358507e-05
1.631998439916900606e-04
-3.557195586011141497e-05
1.246722428590724130e-04
2.967939844148240192e-05
2.368879895384336937e-04
-3.896452032548479438e-05
3.447501754397577778e-05
7.929618970429347380e-05
2.073251570914123182e-04
-9.668949424861475461e-05
2.537154543919666050e-04
1.015029419941144984e-04
-3.423380069599718523e-06
-3.511307846987624104e-05
8.664734079051258919e-05
1.795000204099748975e-04
-1.118615428244464083e-04
7.453629002769981970e-05
1.759854497562322873e-04
7.869890356994660441e-05
1.320703612042936625e-04
-6.485383548857429070e-05
1.053650644861486851e-04
3.345550961932133860e-04
-1.270691161731306307e-04
-1.056872198407221575e-05
-6.867991654051219808e-05
1.426389970522849715e-04
