5.273939316552400669e-05
5.273939316552400669e-05
5.658457357782253894e-06
8.752911222131842806e-05
1.656387845336837472e-04
2.197900451115231135e-04
-1.991238629983627106e-05
2.969755081423386400e-04
2.666681805969517427e-04
1.531252881683542455e-04
2.594894148302273607e-04
3.854378450256490396e-04
2.007373612649132610e-04
6.730859145918088871e-04
7.419902741325756779e-04
4.838465190069030086e-04
4.887689566537289920e-04
7.206469353526756549e-04
1.456239409463933043e-03
1.617863899245008952e-03
1.365511989440904017e-03
-2.674066199404023791e-05
-3.451509384007067638e-04
7.400673803630297698e-04
5.188182710398336894e-04
1.026316569934238032e-04
2.262311173950593002e-06
5.913239208830134430e-04
1.004197875499102111e-03
1.284642054645956932e-03
1.805404197476434547e-03
1.389187904120348094e-03
3.188391963426795428e-04
6.640013859282589692e-04
7.314665187330149365e-04
8.632497054748000664e-04
8.411060718529483893e-04
1.475013032454342010e-03
7.263716044612067435e-04
7.825174808111512448e-04
7.681997505670778992e-04
1.013265752476399939e-04
-1.229830875892901076e-04
1.658268302513477011e-04
5.908217118282266256e-04
1.391356478045224776e-03
2.001400026841793078e-03
2.240230843241874936e-03
2.493443330795486190e-03
1.421010136557043779e-03
1.156717340023760698e-03
1.878349336855933416e-03
1.232360095293927316e-03
9.553067655687641491e-04
1.722850867857061985e-03
-5.285197504711902639e-04
-1.377996564240646649e-03
-1.386854194684872255e-04
3.328428045286102588e-04
7.402561632368076516e-04
9.559046030176432396e-04
7.217944273882892503e-04
5.061125765699614476e-04
1.363128848321792930e-03
1.586097110696016443e-03
2.416911120963760595e-03
1.792691481885100302e-03
1.373026241658692470e-03
1.838487757588325167e-03
1.283406530323105699e-03
7.569817051340521630e-04
1.101706271825264594e-03
4.497313392377577657e-04
7.681283469906929895e-04
5.679151576032381854e-04
7.664264304025891761e-04
1.562131896470475567e-03
9.538348819013720004e-04
1.063867075099977910e-03
1.488690367125400371e-03
1.536593452605927723e-03
1.170647721806972186e-03
1.726132707567273883e-03
1.781641655615118225e-03
1.259861482271418254e-03
7.931463383066272854e-04
1.739115810579505705e-03
1.221234759245959367e-03
5.515695491276062512e-04
-1.543697747408145915e-05
6.085155455863855423e-04
1.145511269921684061e-03
5.895926427577080631e-04
3.572494048285079771e-04
1.774460787288489882e-03
9.374744067862650354e-04
4.044348967902067216e-04
3.956122077006796189e-04
-3.371202919062454839e-04
2.183300380131925067e-04
7.131232177393087568e-04
3.653366293363546902e-04
1.254085489488687699e-03
1.120921293676246933e-03
1.065412319885439274e-03
5.042207960919142806e-04
6.529341075420802554e-04
1.764201389594433067e-03
2.545271338494359270e-03
2.251692374386493611e-03
3.011039543387994399e-03
1.517526672518698660e-03
1.399527971333469623e-03
6.913733149005452105e-04
6.338397786826988067e-04
4.714632783162642227e-04
1.294071977532951223e-03
1.347321927937628061e-03
5.507939191318200756e-04
1.484095299009169366e-03
9.248446239098484511e-04
1.643499632908884678e-03
1.933114082767417585e-03
1.885015980096937938e-03
1.617579770218924295e-03
1.170933808158025613e-03
1.358975686564178886e-03
1.268828645290653867e-03
1.529022308595529012e-03
1.968913823450435530e-03
1.461597481931420361e-03
1.911812832535275675e-03
1.844232147782065567e-03
1.599571858424297943e-03
4.092210190549394611e-04
9.028349834281357289e-04
1.558950731308073046e-03
1.296664867854957492e-03
1.603867937170377900e-03
1.928490701885721137e-04
5.636704904397049631e-04
1.089235837444135768e-03
5.064780888304198925e-04
4.398263528528900679e-04
5.283062091798740312e-04
1.389131734942594676e-03
2.127719967361940689e-03
2.153147119262399656e-03
1.655715467713037015e-03
1.707714441838703578e-03
1.156700485481110263e-03
1.622830854941526013e-03
9.050612734391449976e-04
1.513517987714152468e-03
1.779309666876116580e-03
1.349228050770534537e-03
1.182118465845150013e-03
6.661829545073771897e-04
9.243540984975595620e-04
9.426854278871132919e-05
-7.026272301047242763e-04
-4.796421333601585957e-04
7.915840763281778436e-04
4.817318059657793583e-04
1.200898650701276438e-03
7.852903672045385974e-04
-6.427610827941521165e-05
-6.622044881225974677e-04
1.445671979176665900e-04
6.995101706763762195e-07
-2.942376198689089506e-04
7.009027905802156511e-04
1.191394042773907813e-03
8.410500510933616169e-04
-5.425203260642774694e-04
-7.626337615107559031e-05
-2.391323462909156206e-04
2.310433397525457622e-04
8.097962878785835983e-04
1.121381862375869787e-03
4.608589251162698019e-04
-8.003893749446433503e-04
-3.954358560775972364e-04
5.914583893797953351e-04
2.049066517813002974e-04
9.667196697193958244e-05
1.564791720021219135e-04
1.500316237677878917e-03
1.371836223743372329e-03
1.412747331222874436e-03
1.092146289906281709e-03
-2.832952933573551491e-06
6.351672555666709741e-04
1.307991395847807325e-03
1.643011519384174335e-03
1.157263192862245660e-03
1.390588397761405304e-03
1.610623753460771468e-03
1.658532031708404020e-03
1.901828262813154424e-03
