6.330228849127274163e-04
6.330228849127274163e-04
6.330228849127274163e-04
6.330228849127273079e-04
6.330228849127275247e-04
6.330228849127273079e-04
5.634385004850001044e-04
5.634385004850001044e-04
5.634385004850001044e-04
5.634385004850001044e-04
5.634385004850001044e-04
5.157432771300003022e-04
5.157432771299994348e-04
5.157432771299994348e-04
5.157432771300011695e-04
5.157432771299985674e-04
4.527777807050003406e-04
4.527777807049986059e-04
4.527777807050003406e-04
4.527777807049986059e-04
4.527777807050003406e-04
8.199574826050007315e-04
8.199574826049989967e-04
8.199574826050007315e-04
8.199574826050007315e-04
8.199574826049989967e-04
9.066092188600022306e-04
9.066092188599952917e-04
9.066092188600057000e-04
9.066092188599952917e-04
9.066092188600022306e-04
9.125998703300025605e-04
9.125998703299990911e-04
9.125998703299990911e-04
9.125998703299990911e-04
9.125998703300025605e-04
1.216827135125001652e-03
1.216827135124998183e-03
1.216827135124998183e-03
1.216827135125005122e-03
1.216827135125001652e-03
8.081447144499924462e-04
8.081447144500028545e-04
8.081447144500028545e-04
8.081447144500028545e-04
8.081447144499889768e-04
1.139046491790009219e-03
1.139046491790002280e-03
1.139046491790002280e-03
1.139046491789995341e-03
1.139046491790009219e-03
6.508067504249898105e-04
6.508067504250036883e-04
6.508067504249967494e-04
6.508067504249967494e-04
6.508067504249967494e-04
9.883025313000004530e-04
9.883025313000073919e-04
9.883025312999935141e-04
9.883025313000073919e-04
9.883025312999935141e-04
1.136622407420004310e-03
1.136622407420004310e-03
1.136622407419997371e-03
1.136622407419997371e-03
1.136622407420004310e-03
1.100112745714997009e-03
1.100112745715003948e-03
1.100112745714997009e-03
1.100112745715010887e-03
1.100112745714997009e-03
1.027166878825001850e-03
1.027166878824994911e-03
1.027166878825001850e-03
1.027166878825001850e-03
1.027166878824994911e-03
6.231473925349950704e-04
6.231473925349950704e-04
6.231473925350228260e-04
6.231473925349950704e-04
6.231473925350089482e-04
1.061907096319994470e-03
1.061907096319994470e-03
1.061907096320008348e-03
1.061907096319980592e-03
1.061907096320008348e-03
1.617014159790000627e-03
1.617014159790000627e-03
1.617014159790000627e-03
1.617014159790000627e-03
1.617014159790000627e-03
8.633090494799960934e-04
8.633090494799960934e-04
8.633090494799960934e-04
8.633090494799960934e-04
8.633090494800099712e-04
1.032999627670005971e-03
1.032999627669992093e-03
1.032999627670019849e-03
1.032999627670019849e-03
1.032999627669992093e-03
1.032276619319982824e-03
1.032276619320010580e-03
1.032276619319996702e-03
1.032276619319996702e-03
1.032276619319996702e-03
9.727299453250043415e-04
9.727299453250043415e-04
9.727299453250043415e-04
9.727299453250043415e-04
9.727299453250043415e-04
9.344575610249900022e-04
9.344575610250038800e-04
9.344575610250038800e-04
9.344575610250038800e-04
9.344575610249900022e-04
9.182205113100055938e-04
9.182205113100055938e-04
9.182205113099917160e-04
9.182205113100055938e-04
9.182205113100055938e-04
7.768800326349994956e-04
7.768800326349856178e-04
7.768800326349994956e-04
7.768800326349994956e-04
7.768800326349856178e-04
1.079832740495001442e-03
1.079832740495001442e-03
1.079832740495001442e-03
1.079832740494987564e-03
1.079832740495015320e-03
1.075338002309980667e-03
1.075338002310008423e-03
1.075338002309994545e-03
1.075338002310008423e-03
1.075338002309994545e-03
6.988554837699945121e-04
6.988554837699806344e-04
6.988554837699945121e-04
6.988554837699945121e-04
6.988554837699945121e-04
8.961198276750126368e-04
8.961198276750126368e-04
8.961198276750126368e-04
8.961198276749848812e-04
8.961198276750126368e-04
8.745072601399894729e-04
8.745072601400172285e-04
8.745072601399894729e-04
8.745072601400172285e-04
8.745072601399894729e-04
8.965235257849812900e-04
8.965235257849812900e-04
8.965235257850090456e-04
8.965235257850090456e-04
8.965235257849812900e-04
5.955422231750384654e-04
5.955422231749829542e-04
5.955422231749829542e-04
5.955422231749829542e-04
5.955422231750107098e-04
8.612366448600139446e-04
8.612366448599861890e-04
8.612366448600139446e-04
8.612366448600139446e-04
8.612366448599861890e-04
8.497048267699924828e-04
8.497048267699924828e-04
8.497048267699924828e-04
8.497048267699924828e-04
8.497048267699924828e-04
1.010094264705024836e-03
1.010094264704997080e-03
1.010094264704997080e-03
1.010094264704997080e-03
1.010094264704997080e-03
1.091726722380004233e-03
1.091726722379976477e-03
1.091726722380004233e-03
1.091726722380004233e-03
1.091726722379976477e-03
1.257359507995020609e-03
1.257359507995020609e-03
1.257359507994992853e-03
1.257359507995020609e-03
1.257359507994992853e-03
1.316124312400024365e-03
1.316124312399968854e-03
1.316124312399996610e-03
1.316124312399996610e-03
1.316124312399968854e-03
1.365718389555015122e-03
1.365718389555042878e-03
1.365718389554987366e-03
1.365718389554987366e-03
1.365718389555015122e-03
1.402634983079964481e-03
1.402634983080019992e-03
1.402634983079992237e-03
1.402634983079964481e-03
