6.249999999999999452e-06
6.249999999999999452e-06
1.250000000000000060e-05
1.562499999999999694e-05
2.187500000000000317e-05
2.187499999999999639e-05
2.812500000000000601e-05
3.437499999999999529e-05
2.812499999999999245e-05
2.812500000000001956e-05
3.749999999999998994e-05
4.374999999999997923e-05
4.062500000000002524e-05
4.375000000000000633e-05
4.687499999999998742e-05
4.687499999999998742e-05
4.687499999999998742e-05
4.062500000000007945e-05
4.062499999999997103e-05
5.000000000000002272e-05
5.624999999999998491e-05
5.312500000000000382e-05
5.312500000000000382e-05
4.999999999999991430e-05
5.312500000000000382e-05
5.937500000000007442e-05
5.624999999999987649e-05
5.312500000000000382e-05
5.000000000000013115e-05
4.999999999999991430e-05
5.000000000000013115e-05
5.312500000000000382e-05
4.999999999999991430e-05
4.999999999999991430e-05
4.687500000000004163e-05
4.374999999999995212e-05
4.062500000000007945e-05
4.062500000000007945e-05
4.062499999999986261e-05
3.749999999999998994e-05
4.375000000000016896e-05
4.374999999999995212e-05
4.687500000000004163e-05
4.062499999999986261e-05
4.374999999999995212e-05
4.062500000000007945e-05
4.062500000000007945e-05
4.062499999999986261e-05
3.437500000000011727e-05
4.062499999999986261e-05
3.437500000000011727e-05
4.062499999999986261e-05
3.750000000000020678e-05
3.437500000000011727e-05
3.437499999999968359e-05
3.750000000000020678e-05
3.749999999999977310e-05
3.750000000000020678e-05
4.062499999999986261e-05
3.750000000000020678e-05
4.062499999999986261e-05
3.749999999999977310e-05
3.437500000000011727e-05
3.750000000000020678e-05
3.125000000000002776e-05
3.437499999999968359e-05
3.437500000000011727e-05
3.750000000000020678e-05
3.437499999999968359e-05
4.375000000000038580e-05
3.437499999999968359e-05
3.437500000000011727e-05
3.437500000000011727e-05
3.437499999999968359e-05
3.437500000000011727e-05
3.750000000000020678e-05
3.437499999999968359e-05
3.125000000000002776e-05
3.125000000000002776e-05
3.437500000000011727e-05
3.125000000000002776e-05
3.125000000000002776e-05
3.437500000000011727e-05
4.062499999999986261e-05
4.062499999999986261e-05
4.062500000000029629e-05
3.437499999999968359e-05
3.750000000000020678e-05
3.437500000000011727e-05
4.062499999999986261e-05
4.062499999999986261e-05
3.437500000000011727e-05
2.812499999999993824e-05
3.125000000000002776e-05
3.750000000000020678e-05
3.124999999999959407e-05
3.125000000000002776e-05
2.812500000000037192e-05
3.124999999999959407e-05
2.812500000000037192e-05
2.812499999999993824e-05
2.499999999999984873e-05
3.125000000000002776e-05
3.125000000000002776e-05
2.187500000000019290e-05
2.812499999999950456e-05
2.187500000000019290e-05
2.499999999999984873e-05
2.812500000000037192e-05
2.499999999999984873e-05
2.499999999999984873e-05
2.187500000000019290e-05
2.499999999999984873e-05
2.499999999999984873e-05
2.187500000000019290e-05
2.499999999999984873e-05
2.499999999999984873e-05
2.187500000000019290e-05
2.499999999999984873e-05
2.500000000000071609e-05
2.187499999999932554e-05
2.187500000000019290e-05
2.812500000000037192e-05
3.437499999999968359e-05
3.125000000000002776e-05
2.812500000000037192e-05
2.812499999999950456e-05
2.499999999999984873e-05
3.437500000000055095e-05
2.812499999999950456e-05
2.812500000000037192e-05
2.812499999999950456e-05
3.125000000000002776e-05
2.812500000000037192e-05
3.125000000000002776e-05
3.125000000000002776e-05
3.125000000000002776e-05
3.437499999999968359e-05
3.437500000000055095e-05
3.437499999999968359e-05
3.125000000000002776e-05
3.437499999999968359e-05
3.437500000000055095e-05
3.125000000000002776e-05
3.125000000000002776e-05
3.125000000000002776e-05
2.812499999999950456e-05
3.437500000000055095e-05
2.812499999999950456e-05
2.812500000000037192e-05
2.499999999999984873e-05
2.812499999999950456e-05
3.125000000000002776e-05
2.812500000000037192e-05
2.812500000000037192e-05
3.124999999999916039e-05
2.812500000000037192e-05
2.187500000000019290e-05
2.812499999999950456e-05
2.187500000000019290e-05
2.499999999999984873e-05
2.500000000000071609e-05
2.812499999999950456e-05
2.499999999999984873e-05
2.499999999999984873e-05
2.812500000000037192e-05
2.187500000000019290e-05
2.812499999999950456e-05
2.500000000000071609e-05
2.187499999999932554e-05
2.812500000000037192e-05
2.812499999999950456e-05
2.500000000000071609e-05
2.499999999999984873e-05
2.812499999999950456e-05
2.812500000000037192e-05
2.187500000000019290e-05
2.812499999999950456e-05
2.812500000000037192e-05
2.499999999999984873e-05
2.812500000000037192e-05
2.812499999999950456e-05
2.499999999999984873e-05
2.500000000000071609e-05
2.187499999999932554e-05
2.187500000000019290e-05
1.874999999999966971e-05
2.187500000000019290e-05
1.875000000000053707e-05
1.562500000000001388e-05
1.874999999999966971e-05
1.874999999999966971e-05
1.875000000000053707e-05
1.874999999999966971e-05
2.499999999999984873e-05
2.187500000000019290e-05
2.187500000000019290e-05
2.187500000000019290e-05
2.187499999999932554e-05
2.500000000000071609e-05
