-2.907824008691051176e-06
-2.907824008691051176e-06
-2.507093308512509111e-06
-1.309381160830014323e-06
-7.268700530360661105e-08
4.458192575107489120e-07
5.271484626589995059e-06
7.671019121691102782e-06
1.209473243912739804e-05
1.538494551711622194e-05
1.651223032261839307e-05
1.944454281455065825e-05
2.016814385319420921e-05
7.191089316016530120e-06
2.558903223137676264e-05
2.856921518290533868e-05
3.025359085517820290e-05
2.685341645314309744e-05
2.816781797232437157e-05
2.492696047262654702e-05
2.347791446632996326e-05
3.232947785702933174e-05
1.722906195311679767e-05
2.469910378088968628e-05
2.075923574329507915e-05
2.037185722292278456e-05
1.825615700301597144e-05
1.450089117849273634e-05
1.416062912262816553e-05
1.181704757380330761e-05
3.227074939227136952e-05
1.422634317815862914e-05
1.390071611417909025e-05
5.075205222304646213e-06
9.004735915141282021e-06
9.673881353311486464e-06
-3.887761800047684346e-06
1.124541709174309290e-05
1.817511564583540462e-05
8.857496868408532009e-06
1.895075055680095488e-05
1.164387164864777446e-05
1.414190433779438649e-05
8.231611408504591054e-06
-1.611058886297200843e-07
1.739780884912889292e-05
6.149430862301130674e-07
1.475273427642420643e-05
1.222408834156141211e-05
1.438285964772134662e-05
1.189755838293393708e-05
1.933204423387735460e-05
2.307129909340233098e-05
3.155737625570864680e-05
2.936393942221116049e-06
-1.919039378917020144e-05
8.119714640208997025e-06
1.468358184553153478e-05
1.496649774068714578e-05
4.994835327121194268e-06
7.217885360066844669e-06
9.800985071528600656e-06
1.174454923891232738e-05
5.146332334948766629e-06
7.388400911523262948e-06
-7.489665021509495091e-07
3.834572344540987388e-06
6.653107593290741306e-06
1.246051495495947847e-05
3.304111682034260866e-07
-4.666150143162184349e-06
-4.687004146575191044e-06
-1.493542795216740160e-06
1.923385001978417108e-05
1.981235050685370425e-06
-6.731972596263346986e-06
9.122783535264744614e-06
8.028614579824733255e-06
5.680241773831085084e-06
-2.233589828204429750e-06
-8.681062770854452992e-07
4.164340088763651693e-06
1.088464152676493768e-05
2.373476504224925066e-07
1.711725252828699695e-05
1.171003797750813646e-05
5.080069223062366746e-06
5.519621440353006392e-06
8.098654339150357373e-06
4.406777334597933304e-06
3.943523781746449686e-06
-8.677054824879348871e-06
3.078709744475105481e-06
-1.955632056738210167e-06
3.492889283140954149e-06
-9.834203518188644466e-07
4.864377502578065560e-06
2.485757537584731836e-07
9.184114299731760411e-06
1.116539413636985500e-05
1.495156280517662140e-05
1.382526250370830212e-06
9.901602942896658988e-06
-2.005258121773323410e-06
2.067529285199043443e-05
4.008599331140061395e-06
8.013894378766650561e-06
2.942948267747880209e-06
-5.379842245911703458e-06
7.822331471452059759e-06
1.380965043962234517e-05
1.323613752113317332e-05
4.305022541561953631e-06
1.301452060342711547e-05
1.168295329012636330e-05
1.986666684405946626e-05
1.268864658232615739e-05
1.074575018655821168e-05
8.728660400691978793e-06
7.350468183897618246e-06
4.287954346704481168e-06
1.217699255651183421e-06
3.796556390156524685e-06
8.476041103211429117e-06
1.040759274895108888e-05
1.457929122361534269e-05
2.031300159366367097e-05
1.777090918197998803e-05
1.521969665674305361e-05
1.003923588216437679e-05
1.416084542427142878e-05
2.849689435535651683e-07
1.202813330047902696e-05
-6.757952548674950322e-06
-6.399340251039831173e-06
1.390509218879287801e-07
6.335309174598791060e-06
-1.938208527896279065e-06
1.087524442366927246e-05
1.588435676325161694e-07
-2.068810376343321877e-06
8.375317621212019503e-06
1.157455216516112273e-05
1.016940539866340032e-05
-7.850129983832943026e-06
1.582912410480474819e-06
1.005657928887515595e-05
-2.377701333067250289e-05
-6.568816209195915690e-06
-1.410595767303846060e-06
-6.995536994125473029e-08
3.854141993109294617e-06
9.940030198496430103e-06
7.354441899920516335e-06
1.254907638070790199e-05
-1.564893557848279215e-06
-5.492419286046157367e-06
3.601086611126902426e-06
1.025081759298274164e-05
1.074179415239129298e-05
4.185252852417775671e-05
-2.242968414112311848e-06
1.709720168774353510e-05
-2.395655226949955363e-05
-1.022337268175022018e-05
-6.245182926356562803e-07
-1.076262837873542821e-05
8.464073991909515371e-06
3.222635291955100456e-06
5.761856816555166461e-06
-2.522155161299721726e-05
3.335427751327557644e-06
8.345758504280098578e-06
3.186998292825649060e-06
2.690127217430671180e-06
-3.803238536992381569e-06
5.829578539895408085e-06
9.422969349692777996e-06
5.089758505327779403e-06
2.172728130744872033e-08
3.178916065049719464e-06
-3.582894730236318992e-06
-1.216019617000796416e-06
8.927320012563910723e-06
1.507950404899816021e-05
5.624033189377541930e-06
2.551500793757099927e-06
1.840639444861125185e-06
-2.174291764411862005e-07
2.051015017512369809e-05
1.976984641327561576e-06
-3.484401126740976906e-06
5.103981826071191108e-06
6.983192417209238556e-06
2.449819292760224698e-06
-3.655258217438728252e-06
5.055392952701964759e-06
-3.629344525801769805e-06
2.430894590954579826e-06
7.984802030236437531e-06
