-8.144907788409970831e-03
-8.144907788409970831e-03
3.533663951058170841e-03
2.716828660105262676e-03
2.634890878121883776e-03
-8.315326777041552250e-03
-2.025814976465372882e-03
3.012997913900277401e-03
2.679753305700830965e-03
-8.450943342936285962e-04
-3.110419588853187249e-03
-4.615729419252074736e-03
8.621556599257614723e-03
5.560153765739612314e-03
-4.565653530664819625e-03
2.759800276792242525e-03
6.981611921313021080e-03
-2.532566418299170459e-03
3.923473123130193779e-03
-9.625584887867034631e-04
-5.421933753662047141e-03
3.420981773612185618e-03
6.674921807013851037e-03
-1.443687383540165695e-03
3.100607840542935617e-03
2.605767295301939304e-03
-6.292846271778392703e-03
9.775932510066483172e-03
-7.241390697507177343e-05
-3.325389643573407883e-03
3.617488132227147934e-03
1.219748908742383092e-03
-1.458988633362880843e-03
-3.604939182847648194e-03
4.872721800797785718e-03
-3.074848731584488987e-03
1.380967008127426121e-03
1.369376807761772674e-03
7.756685838337940009e-04
-2.788379083905816874e-03
-4.366183556775623045e-03
8.774734188448754177e-03
-2.522572780792244063e-03
-2.070188920310248731e-03
1.946980889650968410e-03
3.401322749817175389e-03
4.992811508166203338e-03
2.045913719434900441e-03
-4.772075940199443228e-03
5.678978241180052816e-03
3.234516387396128845e-03
-8.944475509041555777e-03
-3.926572613163432923e-03
6.066032538443216077e-03
1.146914737872574419e-03
2.956068799540169378e-03
-2.691270947385047962e-03
2.001065435346290056e-04
4.632966846398887256e-03
-1.844032713811630253e-03
-3.098850130498615602e-03
2.477962215385039885e-03
-2.753572408033255758e-04
2.653454956116345353e-03
-2.358574437717447791e-03
-4.728588985091417007e-03
-2.297473118770081840e-03
2.911539191163433488e-03
6.094349521689745863e-03
2.012432096825493566e-03
-6.513467148155129005e-03
5.456183890454296970e-03
3.013764964614959463e-03
-1.113511965240995827e-03
-2.190035260138507855e-03
6.098569989108036660e-03
1.129105084526307867e-03
2.841947961650971577e-03
-5.065218320409965724e-03
-3.628746387783939042e-03
6.227070254055402931e-03
9.658025620720225857e-04
-3.956647106731304986e-03
2.433419026980611355e-03
2.156676106565100226e-03
2.241764755052631786e-03
6.553463376398824258e-04
8.965202441772873732e-04
2.565938444321347323e-04
-3.468775360498665972e-04
9.008874148476460342e-03
-1.883561137362883831e-03
-3.198015953185591453e-03
2.165371839335177018e-03
2.731425311584489979e-03
3.563273563639883512e-03
-6.350187594348979947e-04
2.002597510986151019e-03
2.675796293130194847e-03
3.817026675562315563e-03
-2.968639481340712427e-03
-2.157070446847639267e-03
2.900722581678658041e-03
-1.972906901274162905e-04
-3.867427049656507743e-03
5.195804737019388275e-03
-4.087543092576181869e-03
3.249207655789537741e-04
1.055014166288087418e-03
-2.033949508631574532e-03
6.836970342099721321e-03
-3.777721250786708618e-03
7.010695209157896679e-03
1.604521999074792760e-03
3.428006668747929364e-03
4.518048100288080127e-03
-2.628495152155130299e-03
-4.450233463396124911e-03
2.859736543423835320e-03
2.050590044742367501e-03
4.791314124864276547e-03
7.792031455512438143e-04
3.083868521362886916e-03
-4.220919889141305781e-04
7.919795292958456412e-03
-1.067546634282559581e-03
-2.201655079645425950e-03
-2.935959518049868766e-03
1.129464113935735314e-02
3.071900562049839634e-04
-5.682985192515241368e-03
6.502860435706372955e-03
3.121827461423823391e-03
2.492553695601099073e-03
2.276235706415510873e-03
-4.448488554210525137e-03
4.658400350188371397e-03
-8.215262061307473940e-03
4.380414958609413212e-03
7.861423872171757754e-03
-2.828248415556802731e-03
1.564242993174522200e-03
-3.939647664897502621e-03
3.035027502520784570e-03
8.100300707457042115e-03
2.480739953906047068e-04
1.882402084238204987e-03
4.920200899556914642e-04
1.723588256022173804e-03
5.817036460055435843e-04
-1.794201189019406506e-03
1.998861772481985710e-03
-3.188509670293632192e-03
4.098898035218845326e-03
4.372766958105261947e-03
-2.528424212166202611e-03
4.961801897135742490e-03
-7.825112083279794906e-03
2.485866087351795706e-03
8.364341226786725647e-03
-7.726995526371460699e-04
-4.906961632188122646e-04
8.164424015457055761e-03
-2.661422590155115842e-03
5.727777604858708127e-03
1.722061237662081412e-03
-1.254659614304737270e-03
-2.933895337396102976e-03
7.020546323889154117e-03
5.185821505595600289e-03
2.882996426842088233e-03
-2.324569738127418850e-03
-3.346198868077548960e-03
5.072021178703589595e-03
1.970090431678700460e-03
1.245227567212187081e-02
-7.345043347241009268e-03
3.671884596415514457e-03
1.290908286066483335e-03
1.153655514875340238e-03
2.359254414515232767e-03
-3.067115840758999346e-03
3.970069023789463136e-03
-2.270946105678683935e-03
3.962699076903053452e-03
1.467605892232715092e-03
1.231341909229910492e-03
1.824017953517997892e-03
3.170152446653751177e-03
-1.974293552066491708e-03
2.727924399003045508e-04
6.409442514864222007e-03
-2.539034714853172225e-03
-1.809217982182836915e-03
-1.860991524542943143e-03
4.758864082409997032e-03
7.197647370720233750e-03
3.405739311617694831e-03
-2.039611323102458185e-03
6.756424544681421951e-03
