1.249999999999999484e-04
1.249999999999999484e-04
2.250000000000000481e-04
1.999999999999999825e-04
1.499999999999998513e-04
2.500000000000002220e-04
2.750000000000000708e-04
1.750000000000000253e-04
3.499999999999998338e-04
-1.675000000000000057e-03
2.000000000000000367e-04
1.499999999999999598e-04
2.750000000000001792e-04
2.749999999999999624e-04
2.499999999999997884e-04
3.250000000000002019e-04
2.499999999999997884e-04
3.250000000000002019e-04
4.249999999999995969e-04
6.999999999999996676e-04
7.000000000000001013e-04
7.249999999999999500e-04
5.500000000000001416e-04
7.000000000000001013e-04
8.000000000000003636e-04
6.750000000000011199e-04
7.249999999999982153e-04
6.750000000000002526e-04
8.500000000000000611e-04
7.249999999999999500e-04
7.000000000000009687e-04
6.499999999999978018e-04
6.250000000000022898e-04
6.250000000000005551e-04
5.499999999999984068e-04
6.499999999999995365e-04
5.500000000000018763e-04
5.499999999999984068e-04
5.500000000000001416e-04
5.749999999999991229e-04
6.750000000000019873e-04
6.249999999999970857e-04
5.250000000000011602e-04
6.500000000000012712e-04
5.999999999999998390e-04
6.750000000000019873e-04
5.999999999999963696e-04
6.000000000000033085e-04
6.499999999999978018e-04
6.750000000000019873e-04
6.999999999999992339e-04
7.500000000000006661e-04
6.499999999999978018e-04
5.750000000000025924e-04
5.749999999999991229e-04
5.249999999999976907e-04
6.750000000000019873e-04
4.999999999999969746e-04
5.500000000000018763e-04
4.749999999999997280e-04
4.750000000000031974e-04
5.249999999999976907e-04
4.749999999999997280e-04
5.250000000000011602e-04
5.249999999999976907e-04
4.000000000000045186e-04
3.999999999999975797e-04
4.250000000000017653e-04
3.999999999999975797e-04
4.999999999999935052e-04
5.000000000000073830e-04
4.750000000000031974e-04
5.249999999999907518e-04
4.750000000000031974e-04
5.500000000000018763e-04
5.250000000000046296e-04
5.249999999999907518e-04
4.750000000000031974e-04
4.999999999999935052e-04
4.000000000000114575e-04
5.000000000000004441e-04
4.999999999999935052e-04
6.000000000000033085e-04
6.499999999999978018e-04
7.250000000000034195e-04
6.750000000000019873e-04
6.499999999999978018e-04
7.249999999999964806e-04
5.999999999999963696e-04
7.250000000000103584e-04
6.749999999999950484e-04
7.249999999999964806e-04
7.000000000000061728e-04
6.499999999999978018e-04
6.999999999999992339e-04
6.749999999999950484e-04
6.750000000000019873e-04
6.500000000000047407e-04
6.749999999999950484e-04
5.249999999999976907e-04
6.750000000000019873e-04
5.500000000000018763e-04
5.249999999999976907e-04
5.749999999999991229e-04
5.000000000000073830e-04
5.249999999999976907e-04
5.500000000000088152e-04
4.249999999999948264e-04
5.499999999999949374e-04
5.249999999999976907e-04
5.000000000000073830e-04
4.749999999999893197e-04
4.750000000000031974e-04
4.750000000000101363e-04
4.999999999999935052e-04
4.499999999999990119e-04
4.250000000000087041e-04
5.249999999999907518e-04
4.749999999999962585e-04
4.000000000000045186e-04
4.750000000000031974e-04
4.750000000000031974e-04
4.999999999999865663e-04
5.250000000000115685e-04
4.749999999999893197e-04
4.750000000000031974e-04
5.249999999999976907e-04
4.250000000000087041e-04
5.249999999999976907e-04
4.500000000000059508e-04
6.499999999999978018e-04
6.999999999999922951e-04
7.000000000000061728e-04
6.499999999999978018e-04
6.000000000000033085e-04
6.000000000000033085e-04
6.250000000000005551e-04
6.999999999999922951e-04
6.499999999999978018e-04
7.500000000000006661e-04
7.500000000000006661e-04
7.249999999999895417e-04
7.000000000000061728e-04
7.000000000000061728e-04
7.250000000000034195e-04
5.999999999999894307e-04
5.500000000000088152e-04
6.000000000000033085e-04
6.250000000000005551e-04
5.249999999999838129e-04
7.500000000000006661e-04
7.500000000000006661e-04
6.750000000000228040e-04
6.999999999999784173e-04
6.250000000000144329e-04
6.999999999999922951e-04
6.250000000000005551e-04
6.750000000000089262e-04
5.499999999999949374e-04
5.749999999999921840e-04
4.750000000000170752e-04
4.499999999999781952e-04
4.500000000000059508e-04
3.749999999999864553e-04
4.250000000000225819e-04
3.749999999999864553e-04
4.250000000000087041e-04
5.249999999999976907e-04
4.750000000000170752e-04
5.249999999999838129e-04
6.000000000000171863e-04
4.499999999999920730e-04
3.999999999999837019e-04
5.249999999999976907e-04
4.500000000000059508e-04
4.500000000000059508e-04
3.999999999999975797e-04
4.499999999999920730e-04
4.000000000000253353e-04
3.999999999999837019e-04
4.500000000000059508e-04
3.750000000000003331e-04
3.999999999999975797e-04
3.499999999999892086e-04
3.500000000000030864e-04
2.750000000000113465e-04
2.749999999999974687e-04
3.249999999999919620e-04
2.500000000000002220e-04
2.749999999999974687e-04
2.250000000000029754e-04
2.249999999999890976e-04
3.250000000000197176e-04
2.749999999999835909e-04
3.500000000000030864e-04
3.249999999999919620e-04
3.250000000000197176e-04
3.749999999999864553e-04
4.000000000000114575e-04
3.999999999999975797e-04
