-3.286433814515235703e-04
-3.286433814515235703e-04
-2.399700271290858538e-03
3.034730793373960952e-03
5.916233646193905585e-03
-6.705792164919667682e-03
2.291660639977839437e-03
-4.679280219944599063e-04
2.847863151412742544e-03
-3.051494462936290078e-04
-4.978141718204986098e-03
6.164384773429362405e-03
-1.840410934947368012e-03
2.352611332675900394e-03
1.180163944598279502e-06
2.213720437894736714e-03
-4.060289355889196497e-03
-3.109523274105263115e-03
-1.897614482825484613e-03
2.631313848897506684e-03
-1.276520552531855944e-03
1.746241808620498624e-03
5.189375335734069429e-04
9.772300540387812012e-04
1.308662551036011458e-03
2.319960197019390637e-03
-7.638673728642660435e-04
-1.049956562304709198e-03
-4.103390843434905413e-04
3.124133064642658705e-03
3.956654149595568992e-03
1.024732969351800638e-03
-4.656425305152355268e-03
7.796002358005545141e-04
3.478701175678670238e-03
-2.152140200642659040e-03
2.912065578880886074e-03
-2.309915502980609478e-03
-5.411087030138504728e-04
1.088826290969527322e-04
3.725739733462603634e-03
1.117304022371191224e-03
-3.086136833950137853e-03
-4.261196926426593506e-04
1.598614007811634957e-03
6.707431031357340145e-04
-7.265106756232687923e-04
-1.354415168520776633e-03
3.253739033595567584e-03
1.174139741540167203e-03
4.623376355578946717e-03
-4.118752219833786421e-04
2.562009289396122158e-03
8.995236868698068544e-04
-5.214938846770083430e-03
1.283190698437672306e-03
6.939207518116344287e-04
-2.347386408864254870e-04
-3.139283209418284454e-03
3.108917537573408635e-03
1.128671541074790369e-03
5.825337420055400062e-04
5.263123719667604783e-04
3.584245546603876537e-03
1.049663809894737371e-03
-1.541478865141273497e-03
2.379736629462603920e-03
-3.018593670692522324e-03
4.057790938337951098e-03
-4.316815289972311676e-04
-4.306067193750689331e-03
2.588424140775622689e-03
3.511361685119111786e-03
-3.087811861795013157e-03
-1.192061855512481505e-04
4.467508360941830486e-03
-2.874680258759004792e-03
9.999473252742391294e-04
-8.962267584376737428e-04
-1.741073233096950695e-03
-8.466151227700842441e-04
-2.951876561229915819e-03
6.570861449761770251e-03
7.552218982825494031e-04
-3.698106590260388793e-03
7.588143587811818636e-05
7.812584452210523389e-03
-2.959922939024930977e-03
-4.462126013850403750e-04
7.861602525240998784e-03
-1.066035580720221809e-03
2.889695272022159422e-03
3.843188041916897890e-03
1.800773448055403847e-03
-5.124955845351802930e-03
2.627654682670364783e-03
9.048437888087984549e-05
6.348174493739644486e-04
-9.529123894626012614e-04
2.809605321240991882e-03
3.914001073152359456e-03
-4.530064042903049482e-03
-1.744015865872576565e-03
7.136736302326869563e-03
-3.596665544066478259e-03
-1.774076529684212589e-03
2.872938500155124142e-03
-2.439749845063711453e-03
3.265640336653739817e-03
4.062524603900274922e-03
-4.486421706559558242e-03
2.433433566869855347e-04
-1.192159805894738023e-03
5.521037068143691551e-05
1.384139196775623082e-03
6.993038067567867999e-03
-1.959533668144039509e-03
-9.257058386592798005e-04
-1.475659631246538372e-03
-2.078918375778393557e-03
4.620745108764541531e-03
-5.551483107590002297e-04
5.922844814094177512e-03
-9.937257628033213663e-04
5.665463000531861804e-03
3.739828803966754878e-03
-3.213833386891962185e-03
1.393983150858715825e-03
1.118808035390578270e-03
-2.565093531268686222e-03
4.026363626991685818e-03
-2.261495046127423580e-03
-4.780431414293656589e-04
4.120949983711916231e-03
-2.546937479113581260e-03
-5.055819460099725271e-03
3.290643917562327547e-03
-1.304348678947367390e-03
-1.389247559024919809e-03
6.722887145030470579e-03
-3.057145852509698947e-03
-9.213414278116949241e-05
-4.235244401772780831e-04
2.136284806127417002e-03
6.509434462792243470e-03
-4.117232491135727757e-03
6.365860168930745355e-03
-6.417402285030474052e-03
4.476525360542937815e-03
-9.122667111800542017e-04
-5.210041161218814665e-04
3.462457426260390214e-04
6.972114606315776841e-04
-5.349153082958454930e-03
2.871893435933525751e-03
3.681875744321327915e-03
-8.603821313905857249e-04
-1.332244595024928424e-03
-2.185055905927907327e-04
2.835587668842093345e-03
3.695724107501394129e-03
-2.890491209739609602e-03
-4.278267065961224858e-03
1.623743315047096458e-03
1.265149115800542901e-03
2.431982813362890128e-03
9.344504165429284859e-04
2.391861763479233294e-03
4.999961662714574873e-04
-4.130863192476449952e-03
1.534547884941825369e-03
2.480460946038820502e-04
7.514896740387772001e-04
-2.271533987368415386e-03
-3.343546715734072028e-03
7.839830800476454975e-03
-1.783520351213291333e-03
1.167463760022149910e-03
6.925235775523549964e-03
9.950622971302003350e-04
-3.274010390072024101e-03
-4.300271441318559429e-03
1.339241459966750147e-03
-1.236414367246529977e-03
4.749314628930745297e-03
2.347021156853187906e-03
-5.418567113218836218e-03
3.672120734448752755e-03
-1.251368331302293857e-05
-2.081112533739604142e-03
-1.728225152919676821e-03
-2.334923453595566523e-03
2.148187245684204938e-03
3.694401269074804040e-03
-2.235113881085881715e-03
-2.274605247390579232e-03
-1.234843465362872594e-03
4.162817235999996535e-03
-3.253590616720231088e-03
3.249808201506929062e-03
