-5.670988434403056999e-07
-5.670988434403056999e-07
-4.507760307248531717e-07
4.193213915648641432e-06
1.206043266144263271e-06
6.272002442742063977e-06
1.104371877724830142e-05
1.456639884267474372e-07
3.201875814307086898e-05
3.359710458994413784e-05
3.422484576320883320e-05
2.341997522847805158e-05
4.082390729243101646e-05
4.788121460297389831e-05
3.846660482853536678e-05
3.570086928794680148e-05
5.510116168760958999e-05
5.672648542320857246e-05
4.494829211321160756e-05
5.632870910954324017e-05
6.343477086190318914e-05
7.188247036982176041e-05
6.809215374570243284e-05
6.856343686933996651e-05
7.203746008821454438e-05
9.356984438646520630e-05
6.090348459242278523e-05
6.238075523867792072e-05
6.966550266751525555e-05
5.631567730635111957e-05
7.101452986768563846e-05
8.062870802971744411e-05
7.650062542730040605e-05
7.664948288566009182e-05
7.907197434864343677e-05
9.026145728041612415e-05
8.510858023846878950e-05
7.946978275885641096e-05
8.965930648985320772e-05
1.005768592130529271e-04
9.304861680359266529e-05
7.865547814622786404e-05
9.641059298148846324e-05
8.294767288985482878e-05
7.856096739233819903e-05
7.860021638039782488e-05
8.693601293519037654e-05
8.053709897737348911e-05
7.024364793828397069e-05
5.810805721484513242e-05
7.046207594463282931e-05
7.267019407874997228e-05
6.723552900078644257e-05
9.780527510550030001e-05
8.869739045591629178e-05
5.793402521225843316e-05
8.487035849524815490e-05
6.891878290460340395e-05
7.124429585569913570e-05
5.988075762930478163e-05
5.260792527339575031e-05
7.487856007371007649e-05
5.619912707199858914e-05
5.455001577026052928e-05
5.929187537079272374e-05
6.639511710826440094e-05
6.332015553756065174e-05
5.753790905593803018e-05
4.737821027722688427e-05
5.410708841679934267e-05
7.682605356951199838e-05
5.317011790095804713e-05
7.440706208194924898e-05
5.755408524743543808e-05
5.752409472048469752e-05
6.726980591809095245e-05
4.911209242619563042e-05
4.842783736291877972e-05
4.006989252092196807e-05
4.369078589183672534e-05
7.139045615689454394e-05
6.038150535525588225e-05
6.946313226618983094e-05
2.928626917686472098e-05
5.506271400301798735e-05
6.415911283141895183e-05
3.317322408502576536e-05
4.360323836172241840e-05
4.987118217236741202e-05
5.225663820951353955e-05
4.767549393713821360e-05
3.860130760635627212e-05
4.251298304946971029e-05
5.412586274022856969e-05
5.018215655061553093e-05
5.907408552108250888e-05
5.731267612896218111e-05
6.445827970713580157e-05
6.245942423621642092e-05
6.691170111228217365e-05
6.444199757549284868e-05
3.772791767131522533e-05
4.130719114225911426e-05
4.024680206748953992e-05
7.339894035762739577e-05
6.878748245675581074e-05
5.998896546888232706e-05
6.285528730742839798e-05
6.282205949581509685e-05
8.182602399697813667e-05
7.872227240879325905e-05
6.875657341964824809e-05
6.183152936722891013e-05
6.697873331562576027e-05
7.960126060746475218e-05
8.620414549609378696e-05
6.767209790314865359e-05
6.585019900162691897e-05
6.909941081145731800e-05
5.899246995300089225e-05
6.163729890795721644e-05
5.695299125196839896e-05
6.304756268793454410e-05
7.502753685395546768e-05
8.147696915727919986e-05
8.183670291828093468e-05
6.927869347039816716e-05
7.162388449177825578e-05
6.421467945028069835e-05
6.966566270572016606e-05
7.142310558272413346e-05
6.083087103814222019e-05
6.478983259894377511e-05
6.704371674759457278e-05
4.829949689000301305e-05
6.679864673442281742e-05
6.665759992419140190e-05
4.451044913666990510e-05
4.121649235511171128e-05
4.055011207260150741e-05
5.880191826079794737e-05
5.514841886533616844e-05
5.187004295237329643e-05
5.303965925751441546e-05
4.116742137716400407e-05
6.863210642382711058e-05
7.258848851332544427e-05
2.955527130321655704e-05
5.050616781554495560e-05
6.790773143627859554e-05
6.638013676285581255e-05
5.889146122450839016e-05
6.049995687540388190e-05
6.330969642398542874e-05
7.285307406901253557e-05
7.576081882820773217e-05
5.621442763592554570e-05
5.450431081133189082e-05
7.127639682291686540e-05
6.477769727641913278e-05
9.186768106106413256e-05
7.539376781506845759e-05
5.398115101407086058e-05
5.621075749262516297e-05
6.144446629496869150e-05
7.641438927308286111e-05
5.476503794676901293e-05
7.737507780847252548e-05
5.947815605722439614e-05
4.830635741237543357e-05
5.197098982412384771e-05
6.961730547416777881e-05
6.446909735347006176e-05
6.475482763335094205e-05
5.904664456446440113e-05
5.093179847071027666e-05
6.152132180448077747e-05
5.812565211327225256e-05
5.045079689258713529e-05
4.653606562277090575e-05
5.541947114640066729e-05
4.897609589304963151e-05
4.808565345815196679e-05
5.427857017226145331e-05
5.743414325065643311e-05
5.452524638061007067e-05
4.608641140357860877e-05
3.604140795010479792e-05
2.828298082890867704e-05
4.747096627388813772e-05
4.776673259776487157e-05
4.453526794723217108e-05
4.638422980196565959e-05
5.016952098380045300e-05
4.751766493127362878e-05
5.216912782746163657e-05
5.714896111230771680e-05
3.756102672847205781e-05
2.074044312694311998e-05
4.792017322596819895e-05
