1.520007641730991566e-05
1.520007641730991566e-05
2.681431364770503478e-05
4.921332102103548323e-05
7.689460744453313623e-05
1.153109869658219822e-04
1.329618488667971832e-04
1.696758865272762762e-04
1.848869909768513509e-04
1.938532479837107303e-04
1.988304826714415441e-04
2.181075509182228700e-04
2.244886036437687693e-04
2.357031434787604240e-04
2.455492842929896113e-04
2.285669344062046804e-04
2.333286216138485969e-04
2.426107938484634019e-04
2.335688476629016463e-04
2.313043224408950493e-04
2.262572647757643551e-04
2.310200927622130251e-04
2.170617061829638317e-04
2.381041371650738370e-04
2.333946319730273444e-04
2.362020846604639956e-04
2.188323645841983023e-04
2.160396221460025856e-04
2.133095939749196646e-04
2.127074126403449839e-04
2.121558863328321110e-04
2.065127454506932025e-04
1.957938331715869396e-04
1.849096789927617834e-04
1.842776081588670678e-04
1.960515570287313381e-04
1.991768932170234763e-04
1.920580952659012297e-04
1.995613796699213793e-04
2.083909156314067701e-04
2.143949895463403976e-04
2.051368130526753930e-04
1.976715697700193175e-04
1.928063654408340710e-04
1.956125979045708618e-04
1.981317561923212622e-04
2.074678613050995324e-04
1.947286333465747532e-04
1.822512636817652520e-04
1.900191994979039123e-04
1.848643486352941068e-04
1.649703503590060905e-04
1.636737545538391458e-04
1.612764979763703366e-04
1.639116304825716242e-04
1.505495517806210160e-04
1.558350066757085983e-04
1.566832920325555989e-04
1.685553504211512177e-04
1.566860980444229057e-04
1.569290644241050359e-04
1.556531782811454434e-04
1.569187241627911789e-04
1.509597913826876692e-04
1.549036367272105252e-04
1.658568492290957153e-04
1.641789304342999856e-04
1.616663724364197918e-04
1.619393926086676316e-04
1.554482876284790649e-04
1.620448992318834769e-04
1.538521692965311161e-04
1.614355823527091616e-04
1.519611544877896847e-04
1.520310433187344046e-04
1.530700400782514237e-04
1.546062389183866514e-04
1.481333567929787876e-04
1.444614190220239180e-04
1.440376213079908041e-04
1.510881516100237576e-04
1.536268559305664638e-04
1.572276380346071534e-04
1.458880912206250713e-04
1.544636385979458737e-04
1.560372205500204501e-04
1.517727177871019961e-04
1.581612703211998650e-04
1.573878164462527707e-04
1.525803927908686575e-04
1.690869384181059587e-04
1.586362952856745778e-04
1.593301376159317329e-04
1.564622359722100953e-04
1.511196709553797035e-04
1.529941590396877160e-04
1.533160537792177536e-04
1.448599182065635205e-04
1.520933684797665109e-04
1.547938880692711905e-04
1.588856469958432882e-04
1.464167912232916535e-04
1.411628554459642970e-04
1.293596167266652941e-04
1.483522074154919324e-04
1.448862798210104330e-04
1.449374039290685090e-04
1.438766984895867296e-04
1.379730146551239045e-04
1.364226457809536441e-04
1.315056723274476980e-04
1.277414924323316825e-04
1.253771009193105357e-04
1.299313489129261256e-04
1.381662150192752847e-04
1.463650078485922990e-04
1.353944859447953064e-04
1.302435698384840634e-04
1.363640036684543588e-04
1.385524877308697000e-04
1.379679874720096677e-04
1.373842542846670511e-04
1.319313658856291482e-04
1.318982287004111242e-04
1.321727086351920377e-04
1.359758258885346294e-04
1.341453019882976605e-04
1.325789194241977498e-04
1.379782464319134760e-04
1.501694972898537372e-04
1.484077714188902775e-04
1.427331167125345246e-04
1.395307442706439360e-04
1.333250885664494234e-04
1.262311701515361761e-04
1.153430216958017951e-04
1.318635688971614428e-04
1.273093619964527079e-04
1.407708528977646978e-04
1.347038365262509529e-04
1.355766613797548814e-04
1.399476295671497894e-04
1.444024945824740058e-04
1.443688760134342886e-04
1.425963435504051802e-04
1.486888934121299854e-04
1.540298931792527526e-04
1.428272285539655684e-04
1.438071179038491465e-04
1.500065595601007828e-04
1.492522596455714279e-04
1.484040330073099767e-04
1.524779795791797454e-04
1.470746138212408738e-04
1.442992600908521439e-04
1.465216886447073819e-04
1.472228135526165715e-04
1.468222738199020938e-04
1.486627582079069754e-04
1.453301712521781752e-04
1.550124909124317441e-04
1.434560813471374985e-04
1.386424746521175422e-04
1.375963393148715852e-04
1.451575260824622404e-04
1.440716967588961950e-04
1.435725631528939061e-04
1.462182662566036129e-04
1.367547713391203956e-04
1.378120582631314761e-04
1.282880930710827982e-04
1.370707218530942129e-04
1.407743699710639618e-04
1.351443650312589284e-04
1.406215353019213410e-04
1.423123179318253051e-04
1.438368274961909776e-04
1.461288136224148104e-04
1.379438643684949284e-04
1.244773365405293930e-04
1.335475362347349204e-04
1.336004737182427959e-04
1.383056057624454382e-04
1.413008645516633521e-04
1.453373970294880024e-04
1.433965249399982156e-04
1.426309883059140304e-04
1.424989112843721983e-04
1.409608414806307053e-04
1.484019056783303370e-04
1.442233030066741861e-04
1.408427579847604250e-04
1.477487390730836125e-04
1.473620811396347818e-04
1.422751193875804177e-04
1.432155468881202154e-04
1.485973072494761738e-04
1.365577843315257667e-04
1.363784690642244612e-04
1.455547051958383520e-04
