1.198105595445753124e-05
1.198105595445753124e-05
1.942067370741540344e-05
2.531395481142340032e-05
1.903094315824915839e-05
3.042606817960091803e-05
2.332375186586688187e-05
3.539030713284319063e-05
5.035262214025948424e-05
2.299337917666122166e-05
3.667138505836220475e-05
2.395648020581120363e-05
2.780431095761315419e-05
7.455162988456720541e-05
5.289677653852464800e-05
4.913963478614391533e-05
5.969995597965294110e-05
7.307952490531732792e-05
1.418626380846887969e-04
1.511001634515451997e-04
1.892083066392657997e-04
1.241066110875266304e-04
9.743051764488086519e-05
1.212622651189931844e-04
9.230742372068334589e-05
8.180372976518412997e-05
5.908136648713480099e-05
8.299139922574028105e-05
9.503658270837433975e-05
1.417640059591107615e-04
1.900879355662965509e-04
1.584253505866328737e-04
1.402460928581206190e-04
1.525152556718367691e-04
1.697537015381556103e-04
1.833380173108523081e-04
1.728548779915684008e-04
1.825165486168955908e-04
1.436569959851752287e-04
1.424049897389423336e-04
1.182370221544104538e-04
7.432929155637424401e-05
1.239445160567953508e-04
1.006479939773541332e-04
1.330863342916543957e-04
1.581229311913290303e-04
2.009184943458919292e-04
2.164373848154710345e-04
2.384554686587492256e-04
1.512293491359173458e-04
1.048889645884898414e-04
1.932547201821677163e-04
1.295238411636034925e-04
1.475380018973737606e-04
1.458566101719682706e-04
8.388219476795910623e-05
-1.646356617257538346e-06
4.149527691943433183e-05
8.135243444495898757e-05
1.575690626838266439e-04
1.404175309263067106e-04
1.557257730073757784e-04
1.571936772037929586e-04
1.917916351272808129e-04
1.950842633364757717e-04
1.992206160057463649e-04
2.102764680751434412e-04
1.797400664447224017e-04
2.360376717280843195e-04
2.063219053658471580e-04
1.981785788824907968e-04
1.591297675522795885e-04
1.912239161931950093e-04
1.641555506894931682e-04
1.479121539240679795e-04
1.891624621057630407e-04
1.936419404318101556e-04
1.892688261015962325e-04
1.968500779456761052e-04
1.839014209545908329e-04
2.108470508197513027e-04
1.834513531493442429e-04
2.155792284428414973e-04
2.325383634333988425e-04
2.010407412136316907e-04
1.834639041264907178e-04
1.970702702802640260e-04
1.651141194747296481e-04
1.818813583449596649e-04
2.107321979041287818e-04
2.421694658902850961e-04
2.503263250916987204e-04
1.728652068777591921e-04
1.635188300141976470e-04
2.390237677278861383e-04
2.047710481809517091e-04
1.539085622743741055e-04
1.460103989741057262e-04
1.497092293165636079e-04
1.446782235241528269e-04
1.448518846256519055e-04
1.635857158053255489e-04
2.238148231263892285e-04
2.316207695765015728e-04
2.415580251788895794e-04
2.356773246274812550e-04
2.428143782964298225e-04
2.801194335058099227e-04
3.169374804343760843e-04
2.401358779176021585e-04
2.760696297308129488e-04
2.921873931276408598e-04
3.079336244251607013e-04
3.154389750976704931e-04
3.353144057101076214e-04
3.010494449471323719e-04
2.668899830267079665e-04
2.344216735616910796e-04
2.066499579855829438e-04
2.813938398515958283e-04
2.830077649669249240e-04
3.557752737872732496e-04
3.587541614393785494e-04
3.563091169116461288e-04
3.516621755359494728e-04
3.409645539624861499e-04
3.526370062818529050e-04
3.212307868638575314e-04
3.612997755180202830e-04
3.804741653592458306e-04
3.852838726761120824e-04
3.775860184420665178e-04
3.589146927662767439e-04
3.470892965653504803e-04
2.907143573791515223e-04
3.109010869044581682e-04
3.255821117758017635e-04
2.894072347414677893e-04
3.230913171190508137e-04
2.707040457217146923e-04
2.627220211062208932e-04
2.625244283960270764e-04
2.741281917586491090e-04
2.781708480599220934e-04
2.759433139907230270e-04
2.618284234010559430e-04
2.669889712549888827e-04
2.844161435593406395e-04
2.682780339853252372e-04
2.795671421562673231e-04
2.837046376340524034e-04
2.749159899586572919e-04
2.417802059015983218e-04
2.902847240910944038e-04
3.518287307953116283e-04
2.969214717296608796e-04
2.991595549044490099e-04
2.824235922815887534e-04
3.033448049123421697e-04
1.998675148993100947e-04
1.578071591517016259e-04
1.588132465073499588e-04
2.225833554891920585e-04
2.131960825701995077e-04
2.966334833471861998e-04
2.446857909781385843e-04
1.928864114155715015e-04
1.667491200390003314e-04
1.854792372935065714e-04
1.958987145149748699e-04
1.960794634010554205e-04
2.258568307285102605e-04
2.550269996133280870e-04
2.033907536960199991e-04
1.517417909493445904e-04
1.876550056696402180e-04
1.958723004369389287e-04
1.705278816137578701e-04
1.849445209334277251e-04
2.213560264099356800e-04
2.499579004231478052e-04
2.152604897203147516e-04
2.791700618791637112e-04
2.707242406891907649e-04
2.516859989007969034e-04
2.483525370955419476e-04
1.998515642069875753e-04
2.731396303392585878e-04
3.210564998568088413e-04
3.226775497058298470e-04
3.088699628888136317e-04
2.314385911201810586e-04
2.139849968862961305e-04
1.931755466939577559e-04
2.687085987540527299e-04
2.447812846950725429e-04
2.796021863771258609e-04
2.876384177579183188e-04
2.928207541792460233e-04
3.539135856032160632e-04
