-3.875791926066796123e-06
-3.875791926066796123e-06
1.955981069556855800e-06
8.519757159319851780e-06
2.085039173893576958e-05
2.368105057337643871e-05
2.549364831150313648e-05
3.576081352152371551e-05
2.976127213649704117e-05
4.821378271557819062e-05
5.097639727535963061e-05
4.777855251525409130e-05
5.704324145971995108e-05
4.551430104182685454e-05
6.277030336176991909e-05
5.175900170018010726e-05
6.735917263389623599e-05
6.642773055842710050e-05
6.981751352563847490e-05
7.518123942551468986e-05
7.465617091728660171e-05
7.833402220436269658e-05
8.237074903938435000e-05
8.362148350737896862e-05
8.917110656936344526e-05
1.027243978546366066e-04
9.371356880238934650e-05
9.567750493610915896e-05
9.658868080109073162e-05
8.847756600749434597e-05
8.642847153250698966e-05
9.679486434244211068e-05
9.461000913013606350e-05
9.783545025943141127e-05
9.697868988123303780e-05
1.136401427475064452e-04
9.473065260934276921e-05
9.226371557113921540e-05
8.766863146414394237e-05
9.789563556239500031e-05
8.160273471213841390e-05
7.378203427377272305e-05
7.313988165513762851e-05
6.652566511888835521e-05
5.756371882759125924e-05
6.881528882285437021e-05
7.145330538449456981e-05
6.020136881845772336e-05
6.044487468948034348e-05
7.058181930208462518e-05
7.220637114535577439e-05
7.338365900189103286e-05
7.188904955901520566e-05
8.465497982212966122e-05
8.111424625845131686e-05
5.535873224227216838e-05
7.851650090717754438e-05
5.185342272095994076e-05
7.352807570271124860e-05
7.319000615346737959e-05
8.771443922617194744e-05
9.197030640129000290e-05
7.960222136604855336e-05
7.201891123509440717e-05
8.116123042301026658e-05
8.144384511021840467e-05
8.357487667076668458e-05
8.963629892422275702e-05
8.575020674017608258e-05
6.627334574504928355e-05
8.052471217423473604e-05
8.166437897250133915e-05
7.365998209607482750e-05
7.818780361068533580e-05
8.210499206429133778e-05
7.331580564873263484e-05
8.003454042837532256e-05
6.802766807645355129e-05
6.613479080685991107e-05
5.779801307870258142e-05
6.706727791483402257e-05
6.967790217204949954e-05
8.002724803368721496e-05
5.309646533513401323e-05
8.005164006030796031e-05
7.266161834396100971e-05
7.227911259954922230e-05
6.939511110637397451e-05
6.949519844123841494e-05
6.482999036405701077e-05
5.883089747982239714e-05
6.422176613574137605e-05
7.041135870933246110e-05
6.836923255892912721e-05
5.224988195617896736e-05
5.716145117640181184e-05
5.971446398511659481e-05
4.661461003729883146e-05
5.597114423094851077e-05
5.431348931539403679e-05
6.088981073082422313e-05
5.088375646167264676e-05
4.910452468775972079e-05
3.560662653834256730e-05
5.757219376611999451e-05
6.143808711156495406e-05
6.725132374363340659e-05
5.520274951908987759e-05
4.837665866563867212e-05
5.590692091672622155e-05
5.281066579199134026e-05
6.172604708609696900e-05
5.667551820032201704e-05
6.029796445217172618e-05
6.859270648496007539e-05
6.889332190640473641e-05
6.774993521929673079e-05
7.051976375471724623e-05
8.378305157830112648e-05
6.974617590360665531e-05
4.330411626707331152e-05
6.096549363965308999e-05
5.756627894859533967e-05
7.574692085610124082e-05
7.893793868474219266e-05
7.280071438131585637e-05
6.715812081381500320e-05
6.673884473951119389e-05
6.445298089285955712e-05
5.663278312306729845e-05
7.035591786097583622e-05
6.317966521152129644e-05
6.469732993386045905e-05
6.202308980229886970e-05
6.355460592377681905e-05
6.776711681455438452e-05
7.579771970389614921e-05
6.608401823404719266e-05
6.916510937093889311e-05
6.577671232177451088e-05
6.068890907684476588e-05
6.319076431759995671e-05
5.628439033023013849e-05
3.721261474431969418e-05
3.960316954243481291e-05
4.164535443296202288e-05
6.463634912856619508e-05
4.489442333266424612e-05
4.905052544534882486e-05
4.391545478421576831e-05
5.348783678460478086e-05
5.159487413175511961e-05
5.227292273568551195e-05
4.544884689572370462e-05
5.136249949933002767e-05
3.465374731526082996e-05
4.060860535171073593e-05
5.516840887898055712e-05
5.829789052835820939e-05
5.236966437305312638e-05
6.955215428527949939e-05
6.093801484841065985e-05
6.203073464838837481e-05
6.726341355856035875e-05
6.217973579092372916e-05
6.359902594210709026e-05
5.383312341633583742e-05
7.955019120542416999e-05
6.126415372342819410e-05
5.653997479537764548e-05
3.156038063201194177e-05
5.180993984454929091e-05
6.917183349530731107e-05
6.496356401752834131e-05
6.286936009614052523e-05
4.367056657406109821e-05
5.772875231002672081e-05
6.418657453322040851e-05
4.889516589079434539e-05
4.243037874696042877e-05
3.564037390146879147e-05
3.097093442550047371e-05
2.971423996411814983e-05
4.116789397423659125e-05
5.181418375466151360e-05
4.081499777397468165e-05
4.364891854802266380e-05
5.034234205014698205e-05
5.243867135940050161e-05
7.641489148957347766e-05
6.101870582186919023e-05
6.718333668453979612e-05
7.938118114880765575e-05
7.738436827864347833e-05
7.141922977860204469e-05
6.530326127451857587e-05
9.007218751744261453e-05
7.314492586818488462e-05
7.960743340573728233e-05
8.413181086108778572e-05
