7.500000000000000698e-05
7.500000000000000698e-05
1.500000000000000140e-04
1.500000000000000140e-04
1.999999999999999283e-04
2.000000000000000909e-04
2.499999999999998968e-04
2.750000000000000708e-04
2.750000000000000708e-04
3.249999999999999851e-04
3.500000000000000507e-04
3.500000000000000507e-04
3.749999999999998994e-04
3.500000000000000507e-04
3.749999999999998994e-04
3.750000000000003331e-04
4.250000000000000305e-04
4.499999999999998793e-04
4.250000000000000305e-04
5.249999999999994255e-04
5.250000000000002928e-04
4.999999999999995767e-04
5.250000000000002928e-04
5.749999999999999903e-04
5.249999999999994255e-04
5.750000000000008576e-04
5.999999999999998390e-04
5.750000000000008576e-04
5.999999999999998390e-04
5.749999999999991229e-04
6.250000000000005551e-04
6.249999999999988204e-04
6.250000000000005551e-04
6.250000000000005551e-04
5.999999999999998390e-04
5.999999999999998390e-04
6.000000000000015737e-04
5.749999999999991229e-04
6.250000000000005551e-04
6.249999999999970857e-04
6.000000000000033085e-04
5.749999999999991229e-04
6.999999999999992339e-04
5.749999999999991229e-04
5.999999999999998390e-04
6.250000000000005551e-04
6.500000000000012712e-04
5.999999999999998390e-04
5.749999999999991229e-04
6.750000000000019873e-04
6.249999999999970857e-04
6.250000000000005551e-04
6.500000000000012712e-04
6.250000000000005551e-04
6.499999999999978018e-04
6.500000000000012712e-04
6.250000000000005551e-04
5.499999999999984068e-04
5.999999999999998390e-04
6.250000000000005551e-04
5.999999999999998390e-04
5.999999999999998390e-04
5.999999999999998390e-04
7.250000000000034195e-04
5.999999999999963696e-04
6.750000000000019873e-04
6.499999999999978018e-04
6.500000000000047407e-04
6.249999999999936162e-04
6.250000000000005551e-04
5.749999999999991229e-04
6.250000000000005551e-04
6.750000000000019873e-04
6.250000000000005551e-04
6.999999999999992339e-04
6.750000000000019873e-04
6.499999999999978018e-04
6.499999999999978018e-04
5.750000000000060618e-04
6.499999999999978018e-04
5.749999999999991229e-04
5.500000000000018763e-04
5.999999999999963696e-04
6.500000000000047407e-04
6.749999999999950484e-04
6.750000000000019873e-04
6.250000000000005551e-04
6.250000000000005551e-04
5.749999999999991229e-04
6.750000000000019873e-04
6.749999999999950484e-04
7.000000000000061728e-04
6.749999999999950484e-04
6.500000000000047407e-04
5.999999999999963696e-04
6.000000000000033085e-04
6.250000000000005551e-04
5.999999999999963696e-04
6.250000000000005551e-04
6.250000000000005551e-04
5.749999999999991229e-04
6.250000000000005551e-04
5.500000000000018763e-04
6.250000000000005551e-04
5.499999999999949374e-04
5.500000000000018763e-04
6.000000000000033085e-04
5.999999999999963696e-04
6.499999999999978018e-04
6.250000000000005551e-04
5.749999999999991229e-04
5.750000000000060618e-04
5.000000000000004441e-04
5.499999999999949374e-04
5.249999999999976907e-04
5.000000000000004441e-04
5.249999999999976907e-04
5.500000000000088152e-04
5.749999999999921840e-04
5.250000000000115685e-04
5.749999999999921840e-04
5.750000000000060618e-04
5.999999999999894307e-04
5.500000000000088152e-04
5.499999999999949374e-04
5.750000000000060618e-04
5.249999999999976907e-04
5.749999999999921840e-04
5.250000000000115685e-04
5.249999999999976907e-04
5.499999999999949374e-04
5.500000000000088152e-04
6.249999999999866773e-04
6.000000000000033085e-04
5.750000000000060618e-04
5.249999999999976907e-04
5.499999999999949374e-04
5.249999999999976907e-04
6.000000000000033085e-04
6.250000000000005551e-04
6.000000000000033085e-04
5.750000000000060618e-04
5.749999999999921840e-04
5.499999999999949374e-04
5.000000000000004441e-04
5.000000000000004441e-04
5.250000000000115685e-04
5.000000000000004441e-04
4.749999999999893197e-04
5.249999999999976907e-04
5.000000000000004441e-04
5.250000000000115685e-04
4.749999999999893197e-04
4.500000000000059508e-04
4.750000000000031974e-04
4.249999999999948264e-04
4.500000000000059508e-04
4.499999999999920730e-04
4.250000000000087041e-04
4.249999999999948264e-04
3.999999999999975797e-04
4.250000000000087041e-04
4.249999999999948264e-04
4.249999999999948264e-04
3.999999999999975797e-04
4.250000000000087041e-04
3.750000000000003331e-04
4.750000000000031974e-04
4.749999999999893197e-04
3.750000000000003331e-04
3.750000000000003331e-04
3.750000000000003331e-04
3.750000000000003331e-04
3.500000000000030864e-04
3.999999999999975797e-04
3.500000000000030864e-04
4.249999999999948264e-04
4.000000000000114575e-04
4.249999999999948264e-04
3.999999999999975797e-04
3.750000000000003331e-04
3.999999999999975797e-04
4.250000000000087041e-04
4.249999999999948264e-04
3.999999999999975797e-04
3.500000000000030864e-04
3.500000000000030864e-04
3.499999999999892086e-04
3.250000000000058398e-04
3.750000000000003331e-04
3.250000000000058398e-04
3.499999999999892086e-04
3.750000000000003331e-04
2.750000000000113465e-04
3.499999999999892086e-04
3.250000000000058398e-04
3.500000000000030864e-04
3.999999999999975797e-04
3.999999999999975797e-04
4.249999999999948264e-04
