-9.474625935401661701e-04
-9.474625935401661701e-04
9.034453973628808884e-04
6.008874221052631047e-04
1.133882011468144045e-03
-2.736685506094183040e-03
1.795735133473684271e-03
-2.490475164509695603e-03
8.895560433462603974e-04
9.096224952299169835e-04
-3.545988619263158032e-03
-2.137076885567867207e-03
3.629675201706371399e-03
1.337822350797783846e-03
-1.577975062404432006e-03
1.503087416814404345e-03
1.320406488349030582e-03
-1.008365528670360093e-03
4.784955400941828699e-04
2.618682285429362652e-03
-3.240227990066481961e-03
-1.421784822714690366e-05
3.977977870764542664e-03
5.117324823490304944e-04
1.781789206980605167e-04
-1.857871000969528799e-03
-1.722862463988919686e-04
2.950987829905817646e-03
1.247982220498608866e-04
-1.861203270581717265e-03
-1.768916871700831027e-03
-3.036999704487534143e-04
1.125374048941828404e-03
-6.601676600166206995e-04
2.025614155977839385e-03
1.907855466049860997e-03
-2.116135163440442928e-03
-3.142523095019390724e-03
5.208084076947368593e-03
-2.025964345988919696e-03
-4.526004415013849813e-04
3.100283613113573485e-03
-2.618927242747922518e-03
4.028985361994455797e-04
2.586873673894736839e-03
6.680470280831032892e-04
1.443139153700830242e-03
1.034054686005540097e-03
-2.149097148930747929e-03
-2.336075388930747808e-03
2.428126941346260559e-03
-1.063414076537395718e-03
-4.808345440044321621e-03
5.504360148980609775e-03
1.534867512637118174e-03
-1.302003483817174186e-03
-1.703089101296398865e-03
-2.296365784747922325e-03
3.131662104055402216e-03
-4.764540057396121978e-04
-2.305748863445983808e-03
-3.038218926371192945e-04
2.981418251883656296e-03
6.317782134570640307e-04
9.307557522603877864e-04
-2.391801657700831120e-03
-3.345612806631578784e-03
1.399475444421052761e-03
2.168021482681439967e-03
1.491221798537396837e-03
-3.261123546376731505e-03
-3.259247177063713356e-04
2.964538549523546094e-03
-1.719426830227147041e-03
3.370872600997228130e-04
2.871604737734072439e-03
-6.964294743490306860e-04
1.456114701811634521e-03
-2.305728487069252063e-03
-9.925416171191209919e-05
8.824466224432135630e-04
1.358672206908587490e-03
-5.265094708199451884e-04
-4.737826059224379410e-04
2.764321070476454673e-03
-2.869484994465373168e-03
1.049668190016620622e-03
1.326585286709140721e-03
8.683754874792247447e-04
1.450141940781163319e-03
-1.787982114659280794e-03
2.433093559296399880e-03
3.986816473518003251e-04
-2.874507543490304948e-03
2.206256788321330278e-03
3.150167311008308241e-03
-5.788628976343482280e-04
-4.588461250581710171e-04
2.524378686038782071e-03
-4.519207675124647938e-04
-1.377651297063721414e-04
-5.667210679335191181e-04
1.606033716216068857e-03
-2.888830416914128438e-03
2.940178640443212241e-03
7.268227073130295590e-05
-3.007924945911358283e-03
4.080228955562328896e-03
-5.544603706869807858e-04
1.042386729307454019e-04
3.201097335518005710e-03
-3.749244971590025982e-03
6.973728693628784836e-04
1.706102567423824212e-04
4.185980816814406646e-03
3.683678452216065935e-03
-2.062072588465375250e-03
-5.452894521052638332e-04
1.385800512121886097e-03
1.246763840221584707e-04
1.646713719318560615e-03
1.984324655379503255e-03
-1.609930770963989566e-03
8.550838476177290148e-04
1.558237015418281746e-03
2.300089113833791304e-03
-2.085652558132960327e-03
1.038793900144042298e-03
2.671472865207760727e-03
-2.217393654016658333e-04
7.484017185041547116e-04
1.044818785396126049e-03
1.374182230166200169e-03
1.889845400182825486e-03
1.472507559534624866e-03
-1.233725968975002418e-05
-1.533739514880887167e-03
2.232871811301967435e-04
2.636816812565098700e-03
9.794570027368415532e-04
3.911887920831025323e-03
-4.218222322326867224e-04
-6.741506806432137622e-03
2.209992558609423507e-03
1.218451685556787289e-03
1.346114217063709706e-03
3.085945628903047355e-03
1.531581117728532393e-03
-1.811638387379500836e-03
1.071831237290855887e-03
1.090411729401663532e-03
8.095825198060901950e-04
-1.555935676243763721e-03
-4.819193596731288776e-04
1.047789806498611309e-03
2.629535500925213320e-03
1.166473718897505230e-03
-4.599553058138507178e-03
1.655015157313019514e-03
4.215852933268697533e-03
2.167127287069255115e-03
-1.322974689074794818e-03
3.211136849645433722e-03
-3.705462648642687817e-04
-1.136449343385040334e-03
2.958024450565095720e-03
-2.153993848227148122e-03
-1.879177116725763708e-03
3.185699302759005536e-03
-1.228051795047091499e-03
2.180905764265925195e-03
-1.591751623756229583e-03
7.844981600941824951e-04
2.699232302653738202e-03
-5.039414290803276297e-04
1.048491404880884381e-03
-4.048998090504157821e-03
3.027899407939058096e-03
2.705334691911406853e-04
2.275354511639890442e-03
1.096644430470916642e-03
-2.292759667933526313e-03
1.725053718620493670e-03
-2.219817339761766262e-03
4.181728269800559505e-03
-3.442900883490335184e-04
-8.691281066980638403e-04
2.061412566426598647e-03
-7.069845125207835368e-04
-1.946288377534619030e-03
1.595682250758997944e-03
-9.273130548033275966e-04
3.841149796897508351e-04
5.978898376786806468e-04
1.805799841661931415e-04
-1.078626357595563467e-03
1.337727902903040889e-03
1.993867647340732963e-03
-2.030143734121886423e-03
1.573470412842101207e-03
