-2.971391120127099749e-07
-2.971391120127099749e-07
-2.971391120127099749e-07
-2.971391120127099220e-07
-2.971391120127100278e-07
-2.971391120127100278e-07
-2.749384630999999804e-05
-2.749384630999999804e-05
-2.749384631000000143e-05
-2.749384631000000143e-05
-2.749384631000000143e-05
3.403327302999999376e-05
3.403327302999999376e-05
3.403327303000000054e-05
3.403327303000000054e-05
3.403327303000000054e-05
3.370967191500000342e-05
3.370967191499999664e-05
3.370967191499999664e-05
3.370967191499999664e-05
3.370967191499999664e-05
9.491132827499999727e-05
9.491132827499999727e-05
9.491132827499999727e-05
9.491132827499999727e-05
9.491132827499999727e-05
6.040267374499998492e-05
6.040267374499998492e-05
6.040267374499998492e-05
6.040267374499998492e-05
6.040267374499998492e-05
1.165087665400000704e-04
1.165087665400000704e-04
1.165087665400000704e-04
1.165087665400000704e-04
1.165087665400000704e-04
1.715430783899999159e-04
1.715430783899999159e-04
1.715430783900001328e-04
1.715430783899999159e-04
1.715430783899999159e-04
8.121058394999986288e-05
8.121058394999986288e-05
8.121058394999986288e-05
8.121058394999986288e-05
8.121058394999986288e-05
1.383337941550000401e-04
1.383337941550000401e-04
1.383337941550000401e-04
1.383337941550000401e-04
1.383337941550000401e-04
3.615285373000012153e-05
3.615285373000012153e-05
3.615285373000012153e-05
3.615285373000012153e-05
3.615285373000012153e-05
7.384945228500021386e-05
7.384945228500021386e-05
7.384945228500021386e-05
7.384945228500021386e-05
7.384945228500021386e-05
1.181267940999954774e-05
1.181267940999954774e-05
1.181267940999954774e-05
1.181267940999954774e-05
1.181267940999954774e-05
3.612088699499974714e-05
3.612088699499974714e-05
3.612088699499974714e-05
3.612088699499974714e-05
3.612088699499974714e-05
6.251030731499983284e-05
6.251030731499983284e-05
6.251030731499983284e-05
6.251030731499983284e-05
6.251030731499983284e-05
-8.001190533500016772e-05
-8.001190533500016772e-05
-8.001190533500016772e-05
-8.001190533500016772e-05
-8.001190533500016772e-05
1.048689493450003299e-04
1.048689493450003299e-04
1.048689493450003299e-04
1.048689493450003299e-04
1.048689493450003299e-04
1.613065989200003492e-04
1.613065989200003492e-04
1.613065989200003492e-04
1.613065989200003492e-04
1.613065989200003492e-04
-9.136709264999896829e-06
-9.136709264999896829e-06
-9.136709264999896829e-06
-9.136709264999896829e-06
-9.136709264999896829e-06
-1.461433034999955888e-05
-1.461433034999955888e-05
-1.461433034999955888e-05
-1.461433034999955888e-05
-1.461433034999955888e-05
-6.369673320500042479e-05
-6.369673320500042479e-05
-6.369673320500042479e-05
-6.369673320500042479e-05
-6.369673320500042479e-05
-2.693113932999979809e-05
-2.693113932999979809e-05
-2.693113932999979809e-05
-2.693113932999979809e-05
-2.693113932999979809e-05
-5.810288753999980765e-05
-5.810288753999980765e-05
-5.810288753999980765e-05
-5.810288753999980765e-05
-5.810288753999980765e-05
1.112749015000011332e-05
1.112749015000011332e-05
1.112749015000011332e-05
1.112749015000011332e-05
1.112749015000011332e-05
-5.855098480000032329e-05
-5.855098480000032329e-05
-5.855098480000032329e-05
-5.855098480000032329e-05
-5.855098480000032329e-05
1.619226989999986155e-05
1.619226989999986155e-05
1.619226989999986155e-05
1.619226989999986155e-05
1.619226989999986155e-05
3.323444516999986276e-05
3.323444516999986276e-05
3.323444516999986276e-05
3.323444516999986276e-05
3.323444516999986276e-05
1.759967149500031580e-05
1.759967149500031580e-05
1.759967149500031580e-05
1.759967149500031580e-05
1.759967149500031580e-05
-1.470007412499984428e-05
-1.470007412499984428e-05
-1.470007412499984428e-05
-1.470007412499984428e-05
-1.470007412499984428e-05
1.547194759999974412e-05
1.547194759999974412e-05
1.547194759999974412e-05
1.547194759999974412e-05
1.547194759999974412e-05
-3.071200593500033466e-05
-3.071200593500033466e-05
-3.071200593500033466e-05
-3.071200593500033466e-05
-3.071200593500033466e-05
-6.524397973999961770e-05
-6.524397973999961770e-05
-6.524397973999961770e-05
-6.524397973999961770e-05
-6.524397973999961770e-05
-1.440442898500027963e-05
-1.440442898500027963e-05
-1.440442898500027963e-05
-1.440442898500027963e-05
-1.440442898500027963e-05
-2.108528013499994663e-05
-2.108528013499994663e-05
-2.108528013499994663e-05
-2.108528013499994663e-05
-2.108528013499994663e-05
3.520347420500006402e-05
3.520347420500006402e-05
3.520347420500006402e-05
3.520347420500006402e-05
3.520347420500006402e-05
2.058737682000041230e-05
2.058737682000041230e-05
2.058737682000041230e-05
2.058737682000041230e-05
2.058737682000041230e-05
-2.231747059999907024e-06
-2.231747059999907024e-06
-2.231747059999907024e-06
-2.231747059999907024e-06
-2.231747059999907024e-06
2.008412360000010055e-05
2.008412360000010055e-05
2.008412360000010055e-05
2.008412360000010055e-05
2.008412360000010055e-05
4.459843547499967031e-05
4.459843547499967031e-05
4.459843547499967031e-05
4.459843547499967031e-05
4.459843547499967031e-05
5.559409437000048526e-05
5.559409437000048526e-05
5.559409437000048526e-05
5.559409437000048526e-05
