-1.069793365893190185e-06
-1.069793365893190185e-06
-2.502067782295114284e-06
3.937604554415941038e-06
-2.411428535076254320e-06
9.643090619348981818e-07
1.796098859685457683e-05
-9.549775142225769287e-06
1.851005158393093097e-05
1.069435789613493171e-05
-2.154603917503550292e-07
-2.939969265547404120e-05
-1.393286535300575224e-05
-1.213916896514177779e-05
-4.376188238452982660e-06
1.350157968182941204e-05
6.012141151057193156e-05
4.862140591832542214e-05
1.670663428754437518e-05
4.786683989443929477e-05
7.125890036885351719e-05
7.695383671091349242e-05
5.373045737133708144e-05
5.032380820857440540e-05
5.767920140531401785e-05
7.559874948270817185e-05
3.162021625602307040e-05
7.021956636155124443e-05
9.548058460939756742e-05
7.397958731480969163e-05
7.642564956800157461e-05
8.458907170183493918e-05
6.226353932436978766e-05
6.379842895309906226e-05
5.932568388367087664e-05
7.571542175366374750e-05
5.993314928787185636e-05
7.876103167170356301e-05
9.667906828614292181e-05
9.121526988931094593e-05
5.656662276987134419e-05
6.157685566687831624e-05
1.172847267767451740e-04
8.676402613438938261e-05
7.623150329116867852e-05
8.591843176031233043e-05
7.744664404540912983e-05
7.738201700835389829e-05
8.570277950603610861e-05
9.621555394190295374e-05
9.868309889160542525e-05
9.095646963164227827e-05
9.177025864293142376e-05
9.667256302492432951e-05
8.096308660743289920e-05
1.144276814430966738e-04
1.189219195554258590e-04
9.003492607195795472e-05
8.500976648306846073e-05
7.723771965295611608e-05
9.525001648924558140e-05
9.265375482581106326e-05
9.383645286931141527e-05
8.346855678187381500e-05
8.683030504386124449e-05
9.684937427323347947e-05
9.760656999802108658e-05
1.135694538856313329e-04
1.279215254283982972e-04
1.141214090862874286e-04
1.512584832541463697e-04
1.187540905593920115e-04
1.557998734602605850e-04
1.266285443115577891e-04
8.756358182537837820e-05
9.283928282410869315e-05
1.150124880586744780e-04
8.865167549121366619e-05
1.029445561213648830e-04
1.053380070459297713e-04
1.024913972802465878e-04
1.062715144479753349e-04
1.536083989410741424e-04
7.788472871084195503e-05
1.044549186897114623e-04
8.554894370504939616e-05
7.490094878370712195e-05
6.814847292702097548e-05
8.452267841096983148e-05
9.383513358773853952e-05
8.240788182956038099e-05
1.076250367253450690e-04
1.374695723077579146e-04
1.079016469311966375e-04
9.024345244412756983e-05
1.045908188022082186e-04
1.350869293723633291e-04
1.735623766183636008e-04
1.533091282599485794e-04
1.168987627249151728e-04
1.183582972430485825e-04
9.131880720847362909e-05
9.510998830730699183e-05
7.678724894422117586e-05
1.183722076136817236e-04
1.007255413902896635e-04
8.719442424087731069e-05
1.285241546318260930e-04
9.290478447709915599e-05
1.264164487135843729e-04
1.481636952505027693e-04
1.304498669556508617e-04
1.118508706348109172e-04
1.040389601838498379e-04
9.629840397806788133e-05
1.468133405380100953e-04
1.322449364886679746e-04
1.136133161683261505e-04
1.297118566734312139e-04
1.481022799181275218e-04
1.409777121459399041e-04
1.174950587436995875e-04
1.132331359956495476e-04
1.201762158524743995e-04
1.319900268033080692e-04
1.202704805924881271e-04
9.836085596059973568e-05
9.074428455324579090e-05
8.642132290592741128e-05
1.027837601332848294e-04
8.913792453313362785e-05
8.602805714374994750e-05
6.750141101719009384e-05
9.848968745451713858e-05
7.014305894337269365e-05
9.670570477027240486e-05
1.123611587674488987e-04
8.459720936571102357e-05
8.427718989878485445e-05
6.904672164154135316e-05
6.127508372344436793e-05
9.793681325298564389e-05
8.563839010111706784e-05
5.242210967715266179e-05
3.712551342882619565e-05
7.108762509666632923e-05
9.592681773629152531e-05
4.463930606046773164e-05
5.451549759616369784e-05
7.386576921941667706e-05
8.647721686827480880e-05
9.186666916249919268e-05
9.964456084343709108e-05
5.464166417823435040e-05
3.179426407484697847e-05
8.463614191267510023e-05
8.145119157276781152e-05
6.221485604562815297e-05
8.839797018200812317e-05
7.909430021779684239e-05
1.351429818532423610e-04
9.672859103915243395e-05
8.938400168290172587e-05
7.067557927076251190e-05
7.833311344729310122e-05
8.571930869294419608e-05
7.029657637591668617e-05
1.058866857093221370e-04
6.835011136718804892e-05
6.774727019909221326e-05
5.973471230813487409e-05
6.958538121892843265e-05
8.473720986401644950e-05
7.652908141952963206e-05
7.572278977274748968e-05
6.110775161705106484e-05
5.692458319650484100e-05
6.020341816270757818e-05
2.706371548111263792e-05
5.033090582173826988e-05
4.490210632823732340e-05
5.683586407023710763e-05
3.686847094197531760e-05
4.323296413311084052e-05
9.446168324167558694e-05
7.042235078280612015e-05
7.855347802188106243e-05
6.330434648305072187e-05
4.245228404542444878e-05
9.889229350346084857e-05
9.046953081082165227e-05
3.363504852860188521e-05
4.890466528628678589e-05
7.234920227805474724e-05
6.501424062932414927e-05
7.187999988200743928e-05
7.229273510045430839e-05
4.538440987023051321e-05
4.574139469237792355e-05
7.808201753611854201e-05
