5.449244795396879226e-07
5.449244795396879226e-07
9.335694328482802007e-06
1.554189917607473603e-05
3.150030213494581233e-05
4.313781519504900075e-05
4.548870655107783989e-05
4.134963774760080923e-05
4.188137547656012316e-05
5.717987453568440515e-05
6.003378367602785204e-05
6.527950154189277043e-05
7.160849764353827140e-05
7.266031961505881043e-05
7.467759376900140467e-05
7.031718979799705949e-05
8.656286858754747016e-05
7.427844507135183960e-05
7.276789689636409264e-05
7.437204287263909919e-05
7.960863501832449174e-05
8.090737650090495947e-05
7.812777969218309693e-05
7.726086672366072605e-05
8.104519684337674335e-05
8.207415659633454652e-05
8.121633116631166160e-05
7.950766099984463153e-05
7.452279034181330530e-05
6.770338957018395831e-05
7.639171736784078348e-05
7.645506475473240471e-05
7.355078828297223481e-05
7.197767774402841212e-05
6.592084667622621907e-05
7.600781710870307961e-05
7.479713041647073624e-05
7.228111625501298931e-05
7.463376688221501354e-05
7.342152434475224254e-05
7.543504734996986372e-05
5.726108719028566441e-05
7.013269470346195078e-05
6.299766879180879187e-05
5.875025167467740062e-05
5.939967902723886084e-05
6.005681305931709346e-05
5.440841809845053945e-05
6.449510422545934318e-05
5.739263094794999631e-05
5.854002446192829723e-05
5.594815713938494639e-05
5.269741372493363940e-05
6.283325070910450449e-05
6.039517988210008070e-05
5.222095221490974382e-05
6.440820370312572152e-05
5.750436922546953156e-05
5.553908915878480457e-05
5.886582391556594018e-05
5.819555623265415534e-05
6.718492955171129211e-05
6.603084898038069639e-05
6.366946725555600040e-05
5.887548965710642790e-05
6.268120902030993591e-05
6.390088016994255327e-05
6.494938909717973274e-05
6.368247374011204442e-05
5.936029208886139941e-05
5.427252248746405883e-05
5.464878726590960412e-05
5.349818559574615051e-05
5.943881509340442904e-05
5.603566028899997775e-05
5.578837170605588369e-05
6.319498681572888188e-05
6.763276834398368464e-05
6.656706196617179216e-05
6.980056235583731450e-05
6.004790781455326965e-05
5.427146791281423077e-05
5.875835377833205087e-05
5.243061722026709504e-05
6.634009210149116598e-05
5.930128155018365987e-05
5.884961033197910751e-05
5.839449888611625283e-05
6.493452809963606853e-05
6.171828187628847218e-05
6.009376437221547462e-05
5.283199910577351943e-05
5.172811596332316242e-05
5.478315144591405783e-05
5.238273111762836720e-05
5.312769015053397936e-05
5.503909892357050637e-05
4.983313089224061798e-05
5.303538530876394930e-05
5.261580232329698958e-05
5.258370242344767576e-05
4.704948071343473259e-05
4.738407044735382101e-05
4.679281282360392424e-05
5.799060390754284811e-05
5.818663254864020473e-05
5.662542709172768696e-05
5.832920998716240035e-05
5.182099117062577420e-05
5.434972786400038558e-05
5.358658593346277144e-05
5.663452636506249860e-05
5.630895203179164810e-05
5.989637714920448275e-05
6.075428749019451402e-05
6.039940415858424672e-05
5.581048892344675494e-05
5.245707936274435212e-05
5.441415712792441184e-05
5.109940737391127641e-05
4.744555995994659270e-05
4.624679338371961990e-05
4.879523220036041664e-05
4.922078159630416394e-05
4.887932031016894996e-05
4.693597984584130245e-05
4.988203948785852049e-05
5.005028141313871970e-05
5.369489181950015677e-05
5.193231695743705245e-05
5.123949039420594431e-05
4.429615901258010524e-05
4.870082067487402355e-05
3.843198546160664364e-05
3.639255917220474146e-05
4.526611748234543597e-05
5.065831991957203684e-05
4.241718184894160970e-05
4.557381123149184532e-05
4.295415212740572031e-05
3.947490667610686899e-05
4.348599895265259363e-05
4.785597342182867919e-05
4.744246750387759448e-05
4.664027177980756278e-05
5.185242019001279346e-05
5.372861660735139822e-05
4.606097412085397025e-05
4.751795665547398073e-05
4.887500231265384798e-05
4.857599451812966151e-05
4.952470545460663232e-05
5.379780014092006013e-05
5.115835341751306942e-05
5.672500350484277476e-05
4.698121307167291150e-05
4.385005848139833518e-05
4.769499592893744477e-05
4.798900236568925948e-05
4.097009747439095406e-05
5.039499558012749958e-05
4.045355202553224672e-05
4.220090678797028261e-05
3.301217680307111380e-05
3.379127871849796350e-05
3.705838260636973303e-05
3.275979309447230037e-05
4.405713086441664927e-05
4.180016583643642036e-05
4.389291546846862957e-05
3.119380868943366636e-05
4.366160329771773263e-05
4.355807540101785946e-05
4.209814425060187659e-05
4.037680041601987568e-05
3.450683301053913965e-05
3.797468310606788577e-05
4.148601390840944703e-05
4.081519627363583425e-05
3.936354326183888475e-05
3.805281659308157316e-05
3.512578123898713045e-05
3.577590353764925624e-05
3.966447680103790674e-05
4.380883773014154769e-05
3.918112471223977877e-05
4.138794311003834991e-05
4.382632499422278727e-05
4.153909781634546050e-05
4.771456087171443983e-05
3.971138239555749294e-05
3.523014083217645975e-05
3.781392116208870391e-05
3.347478869586417716e-05
3.478835965697868460e-05
3.465004635372359587e-05
4.221235652335231237e-05
3.606358289132138850e-05
4.059431515801570356e-05
4.579826150119536976e-05
