7.353593094450161516e-07
7.353593094450161516e-07
4.596947489332592340e-06
2.297370486914473986e-05
1.506583983257314685e-05
6.569948648049717121e-05
2.800310682715689836e-05
2.789921857715427223e-05
4.111067515832900199e-05
6.096244425890517959e-05
5.891796605705934553e-05
6.489012545873862337e-05
6.189374086762455818e-05
7.412983330468136955e-05
7.059496468286852178e-05
6.412417446721718761e-05
6.530687332251261523e-05
6.655357598361888449e-05
4.871497357150644802e-05
9.501244358922633637e-05
5.732156934801224679e-05
6.644075945771987790e-05
5.809271433410145846e-05
8.703603236259738196e-05
4.767631002522421113e-05
4.350859738000423249e-05
3.207931641746597506e-05
2.724140231080696140e-05
3.241004073206710245e-05
1.648906640472347362e-05
3.986668537692139580e-05
4.179255564018546920e-05
4.990769265500460961e-05
5.710400007075122630e-05
6.776871889346836042e-05
7.039718947776663072e-05
6.875267809380858353e-05
6.858007690890843833e-05
6.067483375904458853e-05
6.469476674109131409e-05
5.908715595737135118e-05
5.540972340067895630e-05
6.687500820223846176e-05
7.408384014961910680e-05
5.989518166327201243e-05
3.985984589416347035e-05
4.390366028328429593e-05
4.824298467553944647e-05
4.873332012689246540e-05
4.577715812903448978e-05
3.628642345354649024e-05
4.728872233794589874e-05
4.656928340551758083e-05
3.646270639023896365e-05
8.344322499631573464e-06
1.184091948402965500e-05
4.351842289906926453e-05
2.172646366105368543e-05
6.285431496788618233e-05
4.207970776892722142e-05
5.119890583493713621e-05
5.960173792995959730e-05
5.464490291728907323e-05
4.774178541744333870e-05
3.978065973697653135e-05
4.020591505859982817e-05
4.378610821387241003e-05
4.202052044366411110e-05
5.600208928857597357e-05
5.617075836461538074e-05
4.845162425493043656e-05
4.272402355720572587e-05
3.507843961259027310e-05
4.113113629955478245e-05
3.688497477050134421e-05
5.064601543924851512e-05
3.597435202440379953e-05
3.628878232309062923e-05
1.295645049292915019e-05
1.521500778078888061e-05
2.864923679268827073e-05
4.326309572810771442e-05
3.767118121444923418e-05
3.884243797269704146e-05
5.694942303868799627e-05
5.335445849663500439e-05
4.597266705985703084e-05
6.207352131326615563e-05
5.738891852846705888e-05
6.160201084437488817e-05
2.292990837204911259e-05
5.943481359960145483e-05
4.118061589064581085e-05
4.021434612067054104e-05
3.444867268953544226e-05
3.991467545905180714e-05
3.766375002545174766e-05
2.919301916115557560e-05
1.864276847562962303e-05
2.122523715808455336e-05
3.339040129990422656e-05
9.663343658594669705e-06
1.557255264739154654e-05
1.142129386444423744e-05
1.232718184152048480e-05
2.026341126182273911e-05
3.227537362615606753e-05
1.958438616611601901e-05
2.492401464948557077e-05
2.673564395649918879e-05
1.478050003811404167e-05
2.218125989816854826e-05
1.257013728217515336e-05
2.388479634429785392e-05
3.214534880147112972e-05
3.682884544620179668e-05
2.092759437655189458e-05
2.838992060727463240e-05
3.229660585812865747e-05
1.131449511504456495e-05
1.416233179618586746e-05
4.037425123115667702e-06
9.291479941886393590e-06
3.376186722725549316e-05
4.145009463840665376e-05
2.265570135406846930e-05
2.618722987612898123e-05
1.711153553252131587e-05
3.851889354677950905e-05
3.943158954378134240e-05
3.138079317643871491e-05
2.549092626757953894e-05
3.029591249070762160e-05
3.941738872814681827e-05
2.472716684920328589e-05
8.223255767969561703e-05
8.723367448837393567e-05
3.696331100933036851e-05
3.514221669842498841e-05
6.378066908396817780e-06
5.409120869437344936e-06
2.885346347270001388e-05
3.557812429111351094e-05
3.533919797593654266e-05
-1.957935124252685455e-06
1.378534801688147127e-05
2.429446604423901590e-05
1.735310124040267965e-06
2.331232946328753997e-05
1.940699560876169016e-05
-3.245604109913813318e-06
2.042099704624433798e-05
1.030008607916244046e-05
9.001536688479916393e-06
4.165341535777855597e-05
-8.963787934135325486e-07
1.944917415741542754e-05
3.433816058251437653e-05
-2.427150136874445252e-06
1.940608759021245078e-05
6.606831761946097004e-05
4.236246541200472393e-05
2.509526599947520253e-05
2.008165485012369800e-05
1.876989149351970809e-05
5.433264765741796509e-05
4.789230625412699283e-06
6.883828507220357551e-05
3.429596328086148560e-05
1.388031130566957927e-05
-1.466307488762197409e-05
3.722291582342052152e-05
4.616073113616891987e-05
4.716278258776185339e-05
3.767855397907027282e-05
2.826485317619642501e-05
3.646417571712134986e-05
5.930309084156704102e-05
3.949546126591485518e-05
1.751904072655463551e-05
2.660450847535855701e-05
2.362495505892070469e-05
1.749748711077359076e-05
2.399392030394409403e-05
3.107513215816481988e-05
1.975603799397873672e-05
1.438782001361715857e-05
6.161931580095370009e-06
-1.245720346076950591e-05
3.696372178385587404e-05
-2.037236764795835597e-05
-1.762693855944519328e-05
1.625122706627735170e-05
2.396326773190793347e-05
1.441844218774690489e-05
-1.684387203670922872e-05
4.753847913008257819e-05
1.933855659874694766e-05
2.863389757390422119e-05
2.496233603732633810e-05
