1.087234824094607082e-04
1.087234824094607082e-04
1.087234824094607082e-04
1.087234824094607082e-04
1.087234824094607082e-04
1.087234824094607082e-04
2.976800490500002092e-05
2.976800490500002092e-05
2.976800490500002092e-05
2.976800490500002092e-05
2.976800490500002092e-05
1.387423199000000114e-05
1.387423199000000114e-05
1.387423199000000114e-05
1.387423199000000114e-05
1.387423199000000114e-05
-1.827728561499999526e-05
-1.827728561499999526e-05
-1.827728561499999526e-05
-1.827728561499999526e-05
-1.827728561499999526e-05
1.056576993499999976e-04
1.056576993499999976e-04
1.056576993499998892e-04
1.056576993500001060e-04
1.056576993500001060e-04
1.020538831599999453e-04
1.020538831599999453e-04
1.020538831599999453e-04
1.020538831599999453e-04
1.020538831599999453e-04
1.207264281400000517e-04
1.207264281400000517e-04
1.207264281399998349e-04
1.207264281399998349e-04
1.207264281399998349e-04
1.761918181549999331e-04
1.761918181549999331e-04
1.761918181549999331e-04
1.761918181549999331e-04
1.761918181549999331e-04
7.498539796499999882e-05
7.498539796499999882e-05
7.498539796499999882e-05
7.498539796499999882e-05
7.498539796499999882e-05
1.417159277300001838e-04
1.417159277300001838e-04
1.417159277299997501e-04
1.417159277300001838e-04
1.417159277300001838e-04
8.520188854499975706e-05
8.520188854499975706e-05
8.520188854499975706e-05
8.520188854499975706e-05
8.520188854499975706e-05
1.274892717649999882e-04
1.274892717649999882e-04
1.274892717649999882e-04
1.274892717649999882e-04
1.274892717649999882e-04
2.404838190000002998e-04
2.404838190000002998e-04
2.404838190000002998e-04
2.404838190000002998e-04
2.404838190000002998e-04
3.125180687900000823e-04
3.125180687900000823e-04
3.125180687900000823e-04
3.125180687900000823e-04
3.125180687899992149e-04
2.108939889800005157e-04
2.108939889800005157e-04
2.108939889800005157e-04
2.108939889800005157e-04
2.108939889800005157e-04
1.622020471949998238e-04
1.622020471949998238e-04
1.622020471949998238e-04
1.622020471949998238e-04
1.622020471949998238e-04
2.561665826849995886e-04
2.561665826849995886e-04
2.561665826849995886e-04
2.561665826849995886e-04
2.561665826849995886e-04
4.912648931950005377e-04
4.912648931950005377e-04
4.912648931950005377e-04
4.912648931950005377e-04
4.912648931950005377e-04
2.897961900199998858e-04
2.897961900199998858e-04
2.897961900199998858e-04
2.897961900199998858e-04
2.897961900199998858e-04
2.999442894899995854e-04
2.999442894900013201e-04
2.999442894900013201e-04
2.999442894900013201e-04
2.999442894900013201e-04
3.732699896499998282e-04
3.732699896499998282e-04
3.732699896499998282e-04
3.732699896499998282e-04
3.732699896499998282e-04
3.174266087500009215e-04
3.174266087500009215e-04
3.174266087500009215e-04
3.174266087500009215e-04
3.174266087500009215e-04
2.594557397499995532e-04
2.594557397499995532e-04
2.594557397499995532e-04
2.594557397499995532e-04
2.594557397499995532e-04
2.207511363499989332e-04
2.207511363499989332e-04
2.207511363499989332e-04
2.207511363499989332e-04
2.207511363499989332e-04
2.024490938999992662e-04
2.024490938999992662e-04
2.024490938999992662e-04
2.024490938999992662e-04
2.024490938999992662e-04
2.858197739500009660e-04
2.858197739500009660e-04
2.858197739500009660e-04
2.858197739500009660e-04
2.858197739500009660e-04
2.704118999500015885e-04
2.704118999500015885e-04
2.704118999500015885e-04
2.704118999500015885e-04
2.704118999500015885e-04
1.346722530999981682e-04
1.346722530999981682e-04
1.346722530999981682e-04
1.346722530999981682e-04
1.346722530999981682e-04
2.610959678500009151e-04
2.610959678500009151e-04
2.610959678500009151e-04
2.610959678500009151e-04
2.610959678500009151e-04
2.645403707999989529e-04
2.645403707999989529e-04
2.645403707999989529e-04
2.645403707999989529e-04
2.645403707999989529e-04
2.758753029999984341e-04
2.758753029999984341e-04
2.758753029999984341e-04
2.758753029999984341e-04
2.758753029999984341e-04
1.854442289500012053e-04
1.854442289499977359e-04
1.854442289499977359e-04
1.854442289499977359e-04
1.854442289499977359e-04
2.141951154999988116e-04
2.141951154999988116e-04
2.141951154999988116e-04
2.141951154999988116e-04
2.141951154999988116e-04
2.255249442999970877e-04
2.255249442999970877e-04
2.255249442999970877e-04
2.255249442999970877e-04
2.255249442999970877e-04
2.596542715999974882e-04
2.596542715999974882e-04
2.596542715999974882e-04
2.596542715999974882e-04
2.596542715999974882e-04
3.199294010999970128e-04
3.199294010999970128e-04
3.199294010999970128e-04
3.199294010999970128e-04
3.199294010999970128e-04
3.051093044000030563e-04
3.051093044000030563e-04
3.051093044000030563e-04
3.051093044000030563e-04
3.051093044000030563e-04
3.096562676499978184e-04
3.096562676499978184e-04
3.096562676499978184e-04
3.096562676499978184e-04
3.096562676499978184e-04
2.502081033000022603e-04
2.502081033000022603e-04
2.502081033000022603e-04
2.502081033000022603e-04
2.502081033000022603e-04
2.877625971500000213e-04
2.877625971500000213e-04
2.877625971500000213e-04
2.877625971500000213e-04
