3.124999999999998879e-06
3.124999999999998879e-06
3.125000000000001420e-06
3.124999999999999726e-06
3.124999999999998032e-06
3.125000000000001420e-06
6.249999999999999452e-06
0.000000000000000000e+00
3.125000000000001420e-06
-6.250000000000000130e-05
0.000000000000000000e+00
6.249999999999999452e-06
3.125000000000001420e-06
6.249999999999999452e-06
6.250000000000001147e-06
0.000000000000000000e+00
3.124999999999998879e-06
3.125000000000000150e-06
3.125000000000000150e-06
9.374999999999999179e-06
9.374999999999999179e-06
1.250000000000000229e-05
9.374999999999997485e-06
9.375000000000004261e-06
9.374999999999997485e-06
9.375000000000004261e-06
6.249999999999989288e-06
6.250000000000002841e-06
9.374999999999997485e-06
9.375000000000011037e-06
3.124999999999994644e-06
6.250000000000002841e-06
3.124999999999994644e-06
3.125000000000008197e-06
6.249999999999989288e-06
3.125000000000008197e-06
0.000000000000000000e+00
3.125000000000008197e-06
3.124999999999981092e-06
3.125000000000008197e-06
6.249999999999989288e-06
6.250000000000016393e-06
9.374999999999997485e-06
3.125000000000008197e-06
3.124999999999981092e-06
3.125000000000008197e-06
6.249999999999989288e-06
0.000000000000000000e+00
6.250000000000016393e-06
0.000000000000000000e+00
3.124999999999981092e-06
3.125000000000008197e-06
3.125000000000008197e-06
3.125000000000008197e-06
0.000000000000000000e+00
0.000000000000000000e+00
0.000000000000000000e+00
0.000000000000000000e+00
-3.125000000000008197e-06
-3.125000000000008197e-06
0.000000000000000000e+00
-3.125000000000008197e-06
-3.124999999999981092e-06
-3.125000000000008197e-06
-6.249999999999989288e-06
-3.125000000000008197e-06
-3.125000000000008197e-06
0.000000000000000000e+00
-6.249999999999989288e-06
-3.125000000000008197e-06
-6.249999999999989288e-06
-6.250000000000016393e-06
0.000000000000000000e+00
-3.124999999999981092e-06
-3.125000000000008197e-06
-3.125000000000008197e-06
0.000000000000000000e+00
-3.124999999999981092e-06
0.000000000000000000e+00
-3.125000000000008197e-06
-3.125000000000008197e-06
0.000000000000000000e+00
-3.124999999999994644e-06
0.000000000000000000e+00
0.000000000000000000e+00
3.124999999999994644e-06
0.000000000000000000e+00
0.000000000000000000e+00
6.250000000000016393e-06
0.000000000000000000e+00
3.124999999999981092e-06
3.125000000000008197e-06
3.125000000000008197e-06
0.000000000000000000e+00
3.124999999999981092e-06
3.125000000000008197e-06
3.125000000000008197e-06
-3.125000000000008197e-06
0.000000000000000000e+00
3.125000000000008197e-06
0.000000000000000000e+00
0.000000000000000000e+00
0.000000000000000000e+00
-3.125000000000008197e-06
3.125000000000008197e-06
-3.125000000000008197e-06
0.000000000000000000e+00
0.000000000000000000e+00
3.125000000000008197e-06
-3.125000000000008197e-06
3.125000000000008197e-06
-3.125000000000008197e-06
-3.125000000000008197e-06
0.000000000000000000e+00
0.000000000000000000e+00
0.000000000000000000e+00
0.000000000000000000e+00
-3.124999999999981092e-06
0.000000000000000000e+00
0.000000000000000000e+00
-3.125000000000008197e-06
-3.125000000000008197e-06
-3.124999999999981092e-06
-3.125000000000008197e-06
0.000000000000000000e+00
-6.250000000000002841e-06
0.000000000000000000e+00
-3.124999999999994644e-06
0.000000000000000000e+00
0.000000000000000000e+00
6.249999999999989288e-06
1.250000000000000568e-05
9.374999999999997485e-06
1.250000000000000568e-05
9.374999999999997485e-06
9.374999999999997485e-06
9.374999999999997485e-06
1.250000000000000568e-05
6.249999999999989288e-06
1.250000000000000568e-05
6.250000000000016393e-06
6.249999999999989288e-06
6.249999999999989288e-06
6.250000000000016393e-06
3.124999999999981092e-06
9.374999999999997485e-06
0.000000000000000000e+00
3.125000000000035302e-06
3.124999999999981092e-06
3.124999999999981092e-06
0.000000000000000000e+00
3.125000000000035302e-06
9.374999999999997485e-06
6.249999999999962183e-06
6.250000000000016393e-06
3.124999999999981092e-06
9.374999999999997485e-06
0.000000000000000000e+00
6.250000000000016393e-06
3.125000000000035302e-06
0.000000000000000000e+00
0.000000000000000000e+00
3.124999999999981092e-06
0.000000000000000000e+00
3.124999999999981092e-06
0.000000000000000000e+00
0.000000000000000000e+00
3.125000000000035302e-06
3.124999999999981092e-06
3.124999999999981092e-06
6.250000000000016393e-06
0.000000000000000000e+00
3.124999999999981092e-06
0.000000000000000000e+00
0.000000000000000000e+00
3.125000000000035302e-06
3.124999999999981092e-06
3.124999999999981092e-06
3.125000000000035302e-06
0.000000000000000000e+00
0.000000000000000000e+00
3.124999999999981092e-06
0.000000000000000000e+00
3.124999999999981092e-06
-3.124999999999981092e-06
0.000000000000000000e+00
-3.124999999999981092e-06
-3.125000000000035302e-06
-3.124999999999981092e-06
0.000000000000000000e+00
-3.124999999999981092e-06
-3.125000000000035302e-06
-3.124999999999981092e-06
-3.124999999999981092e-06
3.124999999999981092e-06
-3.124999999999981092e-06
0.000000000000000000e+00
-3.125000000000035302e-06
0.000000000000000000e+00
0.000000000000000000e+00
