-2.069526860210526426e-03
-2.069526860210526426e-03
1.078933107590027834e-03
4.761596973961218417e-04
1.611635623534625993e-03
-8.361747459235456190e-03
9.817156011523546499e-04
2.761634576531855900e-03
4.293014773595567324e-03
-8.495236804786704052e-03
6.367115699656509392e-03
-1.902937419556786610e-03
-2.779336670459833791e-03
2.389456350271467952e-03
-8.778240975290856410e-04
-5.009606741274239688e-04
5.395211599689750566e-03
-5.089317174094182966e-03
-1.105119636121883360e-03
4.476434243457064026e-03
-2.140398367645429244e-04
-7.783886269972299134e-03
8.587971114360111458e-03
2.791547805218836612e-03
-3.402604488975068380e-04
1.883997376232686817e-03
-6.472564718238227668e-03
5.932309398470914444e-03
-9.805045692409973188e-04
-1.658193347711911427e-03
2.340662405828254980e-03
1.337784449473683815e-03
-2.302727471357340384e-03
-6.360509639778393759e-04
-5.668438075567866670e-04
3.583744123401662405e-03
9.922076586149543992e-05
7.101975431135732972e-04
-1.934997293407203847e-04
1.975035864764542945e-03
-2.661899982537395751e-03
1.438503942781163732e-03
6.331290017839328807e-04
-3.569074474072021861e-03
-1.400559409030470957e-03
3.666904551168974954e-03
-4.703364457883656147e-03
-1.442170523069252188e-03
-1.979069156786703379e-03
7.603786947058171868e-03
-3.790158331080338561e-04
1.305795027490305391e-03
-2.986781169207756732e-03
-2.869440426936287983e-03
5.160214871357340655e-04
1.354139039955678820e-03
-4.368303915124654904e-04
-2.250389637119113752e-03
8.086201404875346032e-04
1.697781711867036008e-03
-4.652457774725761441e-03
9.161989632819944607e-03
2.625479638670357926e-04
-4.711408594736841635e-03
6.152842958038780632e-03
-3.640708986725761740e-03
-1.046096117872576114e-03
2.124062530083101023e-04
-1.072144092409972171e-03
8.352306797229916077e-04
5.494323666847645421e-03
-1.604232415623255137e-04
-3.684590301307480442e-03
1.736111469451523913e-03
4.882543949108033958e-03
-6.597019049207756766e-03
2.956463807036011256e-03
-6.037087194182826078e-03
6.932615911966759532e-03
5.284952316963988789e-03
-6.882200667601107852e-03
-1.057205724886427223e-03
-9.762585194127417973e-04
1.077071433905817284e-03
1.509459558448752840e-03
1.219515712254847124e-03
-3.747317072188364670e-03
2.018557421983379480e-03
3.371649314736841624e-03
-2.050874002770073506e-04
-4.137905078116354413e-04
1.908027774725762349e-03
2.069176093495845442e-03
3.452312171811635147e-03
-1.355996106880887758e-03
-8.267504267479228175e-04
-4.329643735567866372e-03
5.211069860542935986e-03
-3.656086132520774967e-03
1.762609543678669843e-03
2.250964855423823185e-03
-6.212463264409972749e-03
2.392409460587257425e-03
1.073619698038780906e-03
-2.668414433207755287e-03
2.186695435689750555e-03
-5.126640321362881635e-03
8.178645024044329040e-04
2.981501999146813145e-03
-1.093737922936287299e-03
7.394209550581707507e-04
-2.360398225828253330e-03
3.205296631113572700e-03
1.439609517130194249e-03
-6.701896976842106057e-04
1.386281988886425495e-03
-3.720871376177280893e-04
3.222433443601107478e-03
-5.876911162759002744e-03
-4.924484173961206357e-04
1.120645397191135859e-02
-1.788842977108035665e-03
-3.886782958603878652e-03
-1.296845305119111863e-03
4.444670474116344666e-03
4.019044558493074099e-03
-2.008820380077564610e-03
-1.558789987113572834e-03
2.198431543357342449e-03
-4.781062331800554899e-03
5.666847653307480193e-03
7.462186639335156857e-04
1.362230755135734189e-03
-2.409436428620497644e-03
-1.830329065385039727e-03
1.369217515202213187e-03
4.446374694991692134e-03
3.667816601673128812e-03
-8.308083088753442924e-04
-2.216964020819944814e-03
-2.333701086759017163e-04
1.100814070891967950e-03
1.325758622371189105e-03
-2.055416679235456956e-03
3.007267439002793419e-04
-2.603427691556789436e-03
-2.227156659844874154e-03
3.760192344731301539e-03
1.290474674282549722e-03
4.617025704055397611e-03
-3.197367593074790237e-03
1.250126038626040575e-03
-2.215016267689752516e-03
4.055597759955679310e-03
-2.821517103379495017e-04
2.995429706592799002e-03
-1.587830896232690636e-03
3.504114884132963903e-03
4.355783258770083710e-03
-5.526763995833794407e-03
3.758079179534627723e-03
1.284545277008275477e-04
-6.353448769196648471e-04
1.506439490049860108e-03
2.247353953174519026e-03
-1.207265699401667558e-03
-2.422158235445982799e-03
1.561347957108036311e-03
-3.679910224055400747e-03
1.699889852110801625e-03
2.445370192764542705e-03
-6.477862167977854746e-04
-1.059120380908586123e-03
-2.766088831024915429e-04
4.297508429096950910e-03
1.122581471368420958e-03
-1.044884882371192869e-03
1.211017241318564086e-03
-1.634493654559560083e-03
2.513426652764542968e-03
-1.184488129817175273e-03
3.248465277673133478e-03
1.856390640343492937e-03
-4.977560814094186825e-03
5.465908678548479782e-03
-2.585641786238226936e-03
-1.460503932653740844e-03
-3.475292369772856049e-03
6.583556652908585660e-03
-3.534857285108029823e-03
3.538520876332412746e-03
6.502319115235452585e-04
1.137633506869802080e-03
-5.596760071412743009e-03
5.328519755224379872e-03
1.481017962703598534e-03
-2.919303392421052079e-03
-1.618557566559555849e-03
2.504692464808860874e-03
-1.915489919977836353e-03
