-6.670508190193904802e-04
-6.670508190193904802e-04
-1.129480590900277691e-04
9.947069648185593964e-04
7.777685459127421739e-04
-1.239577229225761589e-03
7.867669254321328848e-04
-3.789043041149582625e-04
1.148174933083102390e-03
9.362060978504152444e-04
-1.353546023693905738e-03
-1.115745097051246615e-03
3.016840058391967276e-03
1.305988650596952728e-03
4.059173010193904002e-04
8.026485808850418804e-04
1.698855441433517327e-03
-4.919056959556784500e-04
3.764850775734070870e-04
1.743335589145428993e-03
-1.419167234646813089e-03
1.402946985387806475e-04
2.853213862072022551e-03
2.094925789603878027e-03
2.930370993365662147e-04
1.009322073121883545e-03
3.544130395470891648e-04
1.141964272577563472e-03
1.924057363839333512e-03
2.865172068462623622e-04
1.020459120221542393e-05
-1.213805841412743391e-04
3.070112999778405738e-04
1.692060692493092822e-04
2.574661376562321913e-03
1.328595193659277973e-03
-3.377957460069178075e-04
1.748832886955677818e-03
9.651174291454255039e-04
-1.135945727487531337e-03
1.930908592347641700e-03
9.631391388808842324e-04
-7.041762836274209625e-04
6.043337016620499436e-04
2.833342513200831636e-03
1.215226216375344531e-03
1.476957504966760343e-03
5.930394627271518004e-04
8.006265868324008439e-04
2.280036613264542489e-03
-5.157806921038746162e-04
9.968644303739587764e-04
1.682238485123277449e-03
-4.325189556703620819e-04
1.526769653578945174e-03
7.680832297229933658e-04
-1.206136494083104305e-03
1.388513901572026310e-03
1.593169502742339261e-04
4.496760047922460091e-04
1.253883789795004478e-03
2.690808274757629237e-03
1.024664265789065887e-05
5.834351333836515496e-04
1.080865469271476142e-03
1.172352266585865999e-03
-8.025730171814376979e-04
1.738165278897502164e-03
1.203043543986148656e-03
1.972015578809854786e-05
1.103298097538778222e-03
4.762820212825397137e-04
2.079420491486155820e-03
-9.635713753227206912e-04
5.433940548310312035e-04
2.079741335191141738e-03
-1.493510605941883451e-04
8.886818439459848173e-04
2.572824505249274307e-04
2.365540802410082133e-04
2.428748365347642435e-03
1.962987020415474237e-04
-3.166216858725770522e-04
9.479773643504135761e-04
-5.361701889194936399e-06
1.443943905001382477e-03
2.465520042659319344e-04
-5.786371565789233395e-05
7.354879200872493916e-04
2.451209968831025154e-03
6.362552470803306548e-04
1.992089222119242109e-04
4.461192144556702655e-04
8.225089515734029799e-04
-9.648190120595534491e-04
1.163808668265930990e-03
9.754493723088675239e-04
1.417258934792248182e-03
4.319674483462543346e-04
2.147153022885039952e-03
1.156871410650975318e-03
2.868301175443094264e-04
1.101053240355961971e-03
1.681218075828258551e-03
4.745761857077451795e-04
-4.163189278199447285e-04
1.360034872106660742e-03
6.127651087963897902e-04
1.225592763735461332e-03
1.167977513447368554e-03
3.224403808241016467e-04
1.047208524958445630e-03
1.092992351015231733e-03
-6.635759826523479621e-04
7.722580678587165348e-04
3.029908230138517178e-03
8.277788800914176459e-04
9.071089394639686443e-04
-2.110057450498692422e-04
-4.490981792811266082e-04
1.749760422024904116e-03
-4.880189245132227072e-06
-6.521662568213376643e-04
2.829420001710519772e-03
2.000056916016623720e-03
1.344418478569239794e-03
-7.476417090914039276e-04
-5.794304950512280117e-04
7.427369273628608992e-04
-2.575024008310139445e-04
4.536282138587061086e-04
1.094685542923828914e-03
2.367988900969522637e-03
-1.455069618614829308e-04
1.148739778767393638e-04
1.574340291385034618e-03
7.971045016149508333e-04
6.538485541481842134e-04
8.775103058185906857e-04
1.463172682832386551e-03
2.334695700138555985e-04
4.162833935609511204e-04
-8.533484139626179577e-04
-8.400529281066271281e-04
1.644859834626033468e-03
3.858372738642368294e-05
5.220317733254792314e-04
-4.762532499875266057e-04
1.628858542638514373e-03
7.033052236661840873e-04
2.767000564905808258e-03
1.366926619168998269e-03
1.116818899788069031e-03
-5.878641545844776051e-04
5.683647505540234679e-05
8.013048439556719194e-04
3.621655330000028705e-04
2.242218673138521301e-03
-1.237049081757632396e-03
2.756113481894750805e-03
-6.337432505955781226e-04
4.314124797921703447e-05
8.291869221634384779e-04
6.022532816218895135e-04
-4.165286794612366172e-04
1.589573431145449578e-03
-2.101732695290736697e-05
6.430519156551267601e-04
2.284757144732668666e-03
-1.081889923282425281e-04
4.001809545637058374e-04
-1.751779805360120790e-04
4.862460906939064520e-04
1.025931612975081175e-03
1.837509449673119244e-03
1.364910708531869021e-04
-9.303276036828206363e-04
8.618756957645412609e-04
4.719196557853161389e-04
-4.332854753753556665e-04
1.531771024281189386e-03
-6.154079268809037329e-04
1.135245960346253913e-03
4.769740696302232630e-04
5.018699728905617885e-04
2.134600137243758411e-03
1.989190554623265772e-03
-4.314704213324027648e-04
1.005173293927991152e-03
-7.096747610803311179e-04
1.550826761626017403e-03
-8.377977811204750935e-04
1.728044678296347669e-04
1.016294889626040421e-03
2.105534642299067283e-04
2.810497874268708118e-03
2.430835454210189539e-04
-7.443484340692307910e-04
1.399426354743771306e-03
-8.265315185346233662e-04
