-8.895561351315789736e-05
-8.895561351315789736e-05
3.386024763881579475e-04
3.580987726322714748e-04
2.338836611772852816e-05
-1.229236057167593446e-05
7.754671550706370570e-04
1.865014229262464823e-04
3.801361366824794561e-04
2.151664561578945853e-04
2.613573382385736901e-04
2.249943447842788803e-04
1.095991489644391591e-03
8.479174232001373754e-04
5.569574838597650401e-04
8.790534088992385531e-04
4.594676249324797582e-04
3.365073254702208652e-04
7.561107196236149797e-04
4.644433642212609376e-04
4.953274939075470729e-04
9.064828409605270310e-04
2.601629843272165038e-04
4.635722190654417707e-04
5.388240764182834069e-04
7.553486742929368947e-04
3.555139269224381199e-04
9.712602230675191489e-04
5.609214423746532174e-04
6.707567844193226825e-04
7.408412437621188923e-04
2.589722115668279673e-04
9.219760621734761352e-04
6.404564812482714531e-04
5.473881647489603486e-04
7.727452374349033648e-04
2.286415424546418829e-04
3.937296180238913923e-04
6.860901246533886166e-04
6.914583101329668802e-04
1.390612521360787279e-04
5.830975929781885558e-04
1.071990889255532153e-04
6.022449363310249104e-04
3.733442940446647651e-04
2.592326328912757105e-04
1.935078813909280049e-04
1.010091009930397937e-03
2.953995928005569149e-04
8.379414088313733022e-04
1.607328613916179927e-04
3.619339734442540701e-04
5.772537949927276923e-04
4.550568168639190780e-04
1.011316138912754514e-04
5.768985422583104705e-04
5.390821690543605438e-04
5.099025268241012820e-04
3.711303124508263940e-04
1.833708619570703635e-04
7.491781027517269154e-04
1.395133984774948877e-04
6.439206678168288289e-04
3.502987445981597947e-06
1.698205810564401563e-04
6.839698323891987841e-04
1.722373960990307429e-04
8.164913070256261951e-04
4.727998829487517485e-04
3.357756042648846195e-04
1.139278042811622815e-04
9.296329013943963049e-04
3.863749530740936966e-04
1.888927787150329607e-04
6.416946809058160506e-04
3.271866969096273725e-04
2.320896626011106911e-04
1.649392780765160382e-04
5.982144878268758070e-04
9.556147000726322727e-05
2.325727390450199605e-04
1.910024977461940998e-04
1.406277425131524650e-04
1.952742748621838498e-04
5.617239894065151340e-04
3.467054852541590071e-04
6.302285550585096097e-04
4.399164100782615439e-04
1.381610369792229953e-04
1.705587433414104681e-04
4.439790132056767313e-04
1.055340308937016691e-04
9.886834157880955432e-04
5.088771788819140829e-04
5.510614999723606466e-05
2.926008671208513157e-04
-2.000653866056148478e-04
7.471611907766545491e-04
1.284162756229334512e-04
8.779846738261667949e-04
2.388999095326305167e-05
1.874574130467446254e-04
4.894751349729872802e-04
2.826141003431509313e-04
4.012723320585137587e-04
3.791704330938366896e-04
2.170440671042175862e-04
2.916687014532584610e-04
1.593083099774919575e-04
3.189890478438456300e-04
1.745884797119054421e-04
4.055735455429296255e-04
2.323134910658039565e-04
8.355214909417513214e-05
3.919532199529104921e-04
1.622390844664145515e-04
6.355859829335133715e-04
-2.398748341417289431e-07
6.320353144750670560e-04
1.375275306095269379e-06
3.000982035934948722e-04
4.017792726862881580e-04
6.427050063234074351e-04
2.164159546256955169e-04
6.211735286596256622e-04
1.684608115283883767e-04
-2.087397091377757308e-05
7.975063051215286469e-04
-2.104438355785970272e-04
8.168821703642692444e-04
-8.510295325138417244e-05
2.813976229740292045e-04
1.750255532257591340e-04
5.707166488026216289e-04
4.962502625446771343e-04
1.244475126038063761e-05
1.067959984522859340e-05
1.017279742462615100e-03
-9.448942470083321332e-05
1.821122872333741372e-04
-2.242760163884832680e-05
5.404166752354597203e-04
3.523221792728487012e-04
2.636878421990937471e-04
3.615683192583138417e-04
1.757024803275622493e-04
3.045283242212593056e-04
2.442425160484804070e-04
1.767939591284656276e-04
5.728546022406438842e-04
1.535877143223757235e-04
1.631413334764186818e-05
5.838924554155133784e-05
1.430181339148184350e-04
4.860899104864938036e-04
5.389781986038719164e-04
-3.115463814681376786e-04
5.724179790128139378e-04
3.139663546994492238e-04
6.457063691866285482e-04
-2.483704900796412929e-04
4.411577986194667456e-04
3.293053894716096996e-04
5.659975319701610053e-05
6.639207583995845874e-04
4.222175164896105337e-04
-1.518248320654461136e-04
2.038344618576909406e-04
4.603147534646828687e-04
1.239411604265910904e-04
5.421060640602437530e-04
1.705186796115004677e-04
2.477933565643991587e-04
-2.627407482375110348e-05
3.700741959234837841e-04
4.131959190879497257e-04
1.378814008805434588e-04
1.360678670578180371e-04
1.814560980142043700e-04
2.668512223510943748e-05
3.299837139525557683e-04
1.088378684556690068e-04
4.666468827396186292e-04
1.978563895619900315e-04
2.260053593926558690e-04
2.039924462783893055e-04
-1.581447126038082462e-05
3.210825324345412124e-04
1.868820708989110679e-04
2.434788137943150188e-04
6.474159858500666553e-04
6.466048608531893560e-04
5.639604505575102067e-05
-4.487467275782613951e-04
6.338213290408567513e-04
4.511162877281899020e-04
1.082883556578900786e-04
1.648385140124719594e-04
3.578944290470731371e-04
2.308085594865116885e-04
