1.600062372730803872e-05
1.600062372730803872e-05
-2.555640776336076669e-06
-4.015416978475627729e-05
-4.707970596484756243e-06
1.474279435953462780e-05
3.539984569300713702e-05
1.788293383739869569e-04
8.739740104601878556e-05
4.011048655883087122e-05
1.223004543149386336e-05
1.613817052792398954e-04
9.107686635445588763e-05
5.478402779601765360e-05
1.678697311291443839e-04
2.741433495856426816e-05
1.674491813687950525e-04
1.936963669351143835e-04
2.232521174114765472e-04
2.980490747432895660e-04
1.193624352744393491e-04
-3.195249380283371465e-05
-2.034183282937362947e-04
8.347289209709174429e-05
9.126611245235949355e-05
1.254485271111605016e-04
1.192307163968564510e-04
9.526007099935895894e-05
6.952482254263259165e-05
2.704833121924821171e-04
4.183544571993991212e-04
8.892548119376897375e-05
-1.095063650247141140e-04
-3.781000285840718789e-05
-9.095220023169758861e-05
-3.728774572664406151e-06
2.395647240938103550e-04
3.836070713418848754e-04
1.116743104709883028e-04
-2.003057705834976332e-05
9.434280919151660783e-06
-2.169429392537836065e-04
-2.565104057197231668e-04
-1.890553410106576848e-04
-1.995354472121846356e-04
-7.515854289508183683e-05
2.018290012202328398e-04
1.682982221780093823e-04
1.747459636050052723e-04
-1.630573632738219203e-04
-3.204586524709895912e-04
-1.297797187049809509e-05
-8.793441431720339097e-05
-7.393430069413398087e-05
3.534970590024499870e-05
-3.249948196355489927e-04
-5.858606243691610871e-04
-2.822801918718198522e-04
-2.285921812124058761e-04
-1.687798195071366081e-04
-2.778650105383917435e-05
-6.021002622702553708e-06
7.211721480260280259e-05
2.318186114074194393e-04
2.073974357976737792e-04
2.660409213603998069e-04
3.064526820821811270e-04
2.337973254107339471e-04
2.695824374683297719e-04
5.474740162014768430e-05
1.528734980738022387e-05
-6.040611363999914829e-06
-8.705731846703201882e-05
2.163494008655675316e-05
-4.006445010773518334e-05
1.280931683567132495e-04
2.543859934860392968e-04
2.333762047683762830e-04
8.652893663096961063e-05
2.750085043921046690e-04
3.970334311524936766e-04
1.662229279588700592e-04
3.476806575797297683e-04
2.690047038775844612e-04
1.071164939077107192e-04
1.156861984767942886e-04
1.820675463939380734e-04
4.890912364530208833e-05
-1.928484000757180183e-05
-1.115074898088153077e-04
8.863094506850188736e-05
1.644314764774890136e-04
8.300236078895295577e-05
1.613365107964170875e-04
4.287058861471848559e-04
1.673907050552259079e-04
4.194609264729365350e-05
-4.894863760895873384e-05
-2.379077893905900964e-04
-7.997040944474065327e-05
-3.564014734180886990e-05
-4.495013923033752690e-05
2.744770707039378976e-04
2.716407758782679593e-04
1.085717288376031320e-04
-5.820512979681780052e-05
3.647243870119609710e-05
2.293138544331441153e-04
4.096665034936108896e-04
2.505352389015058634e-04
5.668493820287778817e-04
2.269271609094403175e-04
3.577104456873314575e-04
2.518015713519616838e-04
1.272869588930802820e-04
4.601943009774345228e-05
6.310149156263378245e-05
2.807057389233591493e-04
1.098244313837426489e-04
2.649966961776328844e-04
6.460544104669452281e-05
2.433062795716978144e-04
4.699382288322340173e-04
4.641424621638634562e-04
2.712915606650767586e-04
6.043315073256394498e-05
2.202703765163960270e-04
-1.387064236624269142e-05
3.837108909721109740e-05
2.531950704032226440e-04
1.144273183761868040e-04
2.061016793959424831e-04
3.085746971613900769e-04
2.544487637372583322e-04
-5.843088900903126159e-05
-1.715280965548515724e-04
3.367652653807340357e-05
7.677544319406592876e-05
4.191486967286550680e-05
-2.205843464331280757e-04
-1.766602621522395111e-04
-1.279089667320931767e-04
-1.752506437107115289e-04
-1.787260733863149653e-04
-1.479234285071129307e-04
4.430875318561788845e-05
3.150128899775950231e-05
-2.653676746433575317e-05
6.448160334571184649e-06
1.235741014617985911e-04
3.326404078727307478e-04
2.395031750417331295e-04
1.492027547520535791e-04
3.566534082537486938e-04
2.319875540521820767e-04
2.555834731552408812e-04
9.281722122267410668e-05
2.014688820324295193e-04
1.560477541779903277e-04
-7.947094639959573215e-05
-1.336444190833674384e-04
-2.342522968952209794e-04
1.144616136983245269e-05
7.176821457477444710e-05
1.937816913653023221e-04
1.404936898552477942e-05
-3.405405244905068685e-06
-1.961798627050370669e-04
-1.183575483558740871e-04
-1.969233916128132478e-04
-2.287236747804399783e-04
-8.721159214886142763e-05
-7.639563751027367289e-05
-7.289326788750827291e-05
-4.494816582756300249e-04
-3.075465371011887328e-04
-2.970852541359647603e-04
-1.106689638987745639e-04
2.113501789935412489e-05
3.900642690979339022e-05
3.660147985584671915e-05
-3.402586833125553767e-04
-2.563027716568910819e-04
-3.331412380092046988e-05
-1.399853219439251006e-04
-1.292557149810136252e-04
-1.359254300403733851e-04
1.699460183530732138e-04
1.753562379747108935e-04
1.624386279388545518e-04
-3.793704684795784488e-05
-2.022426721097758673e-04
7.145524451956930534e-05
1.835256906161930601e-04
6.316798871353057621e-05
2.861774299844910274e-05
1.596873697984335649e-04
2.488019786710538028e-04
1.873836709336273998e-04
2.870728901704922009e-04
