2.500000000000000120e-05
2.500000000000000120e-05
2.499999999999999103e-05
1.250000000000000568e-05
1.250000000000000568e-05
2.499999999999999781e-05
2.499999999999998426e-05
1.250000000000000568e-05
2.500000000000001136e-05
-3.875000000000000406e-04
-1.249999999999997858e-05
0.000000000000000000e+00
-1.250000000000000568e-05
0.000000000000000000e+00
0.000000000000000000e+00
-1.250000000000000568e-05
-1.250000000000000568e-05
-1.249999999999997858e-05
0.000000000000000000e+00
2.499999999999998426e-05
3.749999999999998994e-05
2.500000000000001136e-05
2.500000000000001136e-05
2.499999999999998426e-05
2.499999999999999781e-05
1.250000000000000568e-05
3.749999999999999671e-05
2.500000000000000120e-05
2.500000000000000120e-05
2.500000000000000120e-05
1.249999999999999552e-05
1.250000000000000568e-05
0.000000000000000000e+00
0.000000000000000000e+00
1.249999999999999890e-05
1.249999999999999213e-05
-1.249999999999999213e-05
0.000000000000000000e+00
1.249999999999999213e-05
1.250000000000000568e-05
1.250000000000000568e-05
0.000000000000000000e+00
-1.250000000000000568e-05
0.000000000000000000e+00
1.250000000000000568e-05
0.000000000000000000e+00
1.249999999999999213e-05
-1.249999999999999213e-05
1.249999999999999213e-05
1.250000000000000568e-05
1.250000000000000568e-05
1.249999999999997858e-05
1.250000000000000568e-05
0.000000000000000000e+00
1.250000000000000568e-05
0.000000000000000000e+00
0.000000000000000000e+00
1.250000000000000568e-05
0.000000000000000000e+00
0.000000000000000000e+00
-1.250000000000000568e-05
0.000000000000000000e+00
-1.250000000000000568e-05
0.000000000000000000e+00
-2.499999999999998426e-05
0.000000000000000000e+00
0.000000000000000000e+00
-1.250000000000000568e-05
-1.250000000000000568e-05
-1.249999999999999213e-05
-1.250000000000000568e-05
-1.250000000000000568e-05
-1.249999999999999213e-05
-1.249999999999999890e-05
-1.250000000000000568e-05
-1.249999999999999552e-05
-1.250000000000000060e-05
0.000000000000000000e+00
-2.500000000000000120e-05
0.000000000000000000e+00
-2.499999999999999781e-05
0.000000000000000000e+00
0.000000000000000000e+00
0.000000000000000000e+00
1.249999999999999552e-05
1.250000000000000060e-05
0.000000000000000000e+00
0.000000000000000000e+00
1.250000000000000060e-05
1.250000000000000060e-05
1.250000000000000060e-05
1.249999999999999552e-05
2.500000000000000459e-05
0.000000000000000000e+00
0.000000000000000000e+00
1.249999999999999213e-05
1.250000000000000568e-05
1.250000000000000568e-05
1.249999999999999213e-05
0.000000000000000000e+00
1.250000000000000568e-05
1.250000000000000568e-05
0.000000000000000000e+00
1.249999999999997858e-05
0.000000000000000000e+00
0.000000000000000000e+00
-1.249999999999997858e-05
0.000000000000000000e+00
0.000000000000000000e+00
-1.250000000000000568e-05
0.000000000000000000e+00
-1.250000000000000568e-05
-1.249999999999999213e-05
-1.250000000000000568e-05
0.000000000000000000e+00
-2.499999999999999781e-05
0.000000000000000000e+00
-1.249999999999999890e-05
0.000000000000000000e+00
-1.250000000000000568e-05
-2.499999999999999781e-05
0.000000000000000000e+00
0.000000000000000000e+00
-1.250000000000000060e-05
1.250000000000000060e-05
0.000000000000000000e+00
-1.250000000000000060e-05
-0.000000000000000000e+00
0.000000000000000000e+00
0.000000000000000000e+00
0.000000000000000000e+00
1.250000000000000060e-05
1.250000000000000060e-05
2.500000000000000120e-05
5.000000000000000240e-05
3.750000000000000349e-05
3.749999999999998994e-05
3.749999999999998994e-05
3.750000000000001704e-05
2.500000000000001136e-05
4.999999999999996851e-05
3.749999999999998994e-05
3.750000000000004415e-05
2.499999999999995715e-05
2.500000000000001136e-05
1.250000000000003279e-05
0.000000000000000000e+00
3.749999999999998994e-05
1.250000000000003279e-05
2.499999999999995715e-05
3.749999999999998994e-05
3.749999999999998994e-05
3.749999999999998994e-05
3.749999999999998994e-05
1.250000000000003279e-05
3.749999999999998994e-05
1.250000000000003279e-05
2.499999999999995715e-05
2.500000000000006557e-05
1.249999999999992437e-05
0.000000000000000000e+00
1.250000000000003279e-05
0.000000000000000000e+00
1.250000000000003279e-05
0.000000000000000000e+00
0.000000000000000000e+00
1.249999999999992437e-05
1.250000000000003279e-05
1.250000000000003279e-05
2.499999999999995715e-05
1.250000000000003279e-05
2.499999999999995715e-05
1.250000000000003279e-05
1.250000000000003279e-05
1.249999999999992437e-05
0.000000000000000000e+00
1.250000000000014121e-05
0.000000000000000000e+00
1.249999999999992437e-05
1.249999999999992437e-05
0.000000000000000000e+00
1.250000000000014121e-05
0.000000000000000000e+00
0.000000000000000000e+00
1.249999999999992437e-05
0.000000000000000000e+00
-1.249999999999992437e-05
-1.250000000000014121e-05
1.250000000000014121e-05
-2.500000000000006557e-05
0.000000000000000000e+00
0.000000000000000000e+00
0.000000000000000000e+00
-1.249999999999992437e-05
1.249999999999992437e-05
0.000000000000000000e+00
0.000000000000000000e+00
0.000000000000000000e+00
0.000000000000000000e+00
0.000000000000000000e+00
