1.815924064230145518e-05
1.815924064230145518e-05
4.451237365055149553e-05
3.649612417655490049e-05
2.377280273790915999e-05
1.490527120395768179e-06
7.289443268554407496e-06
3.519144433061782706e-05
4.718296846917269249e-05
5.589950228435114354e-05
4.944454210287219098e-05
8.080515645936259261e-05
7.313624475591140595e-05
6.351915978486388781e-05
7.290265368986581507e-05
4.744164695269503795e-05
3.785549056045667271e-05
3.335352929223489582e-05
5.004159022181653427e-05
7.559549034930057587e-05
7.913715247065411518e-05
4.983219997400922807e-05
3.564235539732507618e-05
6.280629469612719618e-05
6.393626481893122104e-05
6.294938271089733917e-05
5.969845008113594531e-05
9.103656828646222721e-05
9.537931100167540421e-05
1.108346668869941709e-04
1.134274409131386108e-04
1.054446690740284964e-04
7.706408516128249175e-05
6.937540377949247272e-05
6.671405777014527416e-05
6.310452851998604729e-05
6.218989128292662372e-05
8.414449732851991826e-05
6.748010804447091004e-05
8.810444573947862068e-05
7.274111420718654131e-05
3.679586986793381698e-05
2.996727762338835532e-05
4.148575606599536059e-05
6.985665880687719209e-05
9.353903104614147423e-05
7.438742425014410742e-05
8.069621521400449637e-05
7.476869576983347088e-05
4.818291165253896224e-05
4.418837887465443259e-05
6.100215371951378529e-05
5.223498433437612221e-05
5.745312465554874848e-05
5.486086164863124282e-05
1.304732093165839046e-05
1.368016800551430379e-05
4.924669401651371459e-05
6.255060796611644491e-05
6.539935103200278377e-05
7.358585568439934832e-05
6.123249943312814025e-05
5.593340331078167083e-05
1.050953319960967747e-04
7.401916378535489116e-05
8.469194545623892623e-05
6.612726322119399924e-05
6.094324428485009548e-05
7.531922971892868190e-05
5.950017743305835438e-05
5.556687470154031416e-05
4.481953841084518331e-05
4.024687589199160698e-05
3.963880162682897890e-05
4.704858569892778064e-05
7.947204924541040327e-05
8.249879241306601330e-05
6.610485788449693700e-05
7.858173777020027728e-05
7.919742423512232676e-05
8.451234658624073859e-05
4.885709762447731919e-05
6.780552765039971064e-05
5.554361416404418605e-05
4.684385083875142186e-05
5.241625250285153470e-05
5.761377959156988027e-05
5.111588485284812577e-05
3.532482468271425091e-05
3.262865423625527228e-05
3.340966080678242633e-05
3.000126604169039979e-05
8.197049072400375280e-06
3.092937233173387312e-05
4.628805505912936269e-05
5.484280665601914961e-05
7.940902061243093613e-06
3.842635111883652144e-06
1.567789883250014782e-06
1.044181593190529611e-05
3.688206829721707436e-05
2.496963269393859264e-05
6.212792424076241105e-05
4.276557551285975478e-05
4.825482298276284610e-05
5.520754585353060406e-05
6.567454575545639273e-05
8.117675438246152453e-05
1.025120752427000070e-04
7.388540361619178043e-05
7.530602213234871556e-05
5.447672545111359454e-05
6.187808487201351682e-05
4.162061519386028863e-05
3.284406661441252595e-05
2.871054262953975922e-05
4.247207073149183998e-05
3.286579387129506813e-05
1.544876147763218910e-05
3.832655130553419554e-05
3.672668576770732329e-05
5.541025026545298715e-05
4.569870526704988833e-05
5.692068209484091312e-05
7.181030592651183042e-05
5.687800526166242321e-05
5.741507299106274331e-05
6.537765957848051812e-05
5.371546576427022046e-05
5.969128361549280726e-05
4.762815259962138725e-05
7.412446874077716075e-05
8.957898466421809758e-05
7.550907082354285649e-05
5.974162791311243836e-05
4.478012820241517034e-05
5.846456860458815186e-05
4.693717965720267671e-05
5.919179260738260950e-05
3.533582883319397183e-05
7.733332982917673348e-05
7.480711225449354629e-05
4.264031021783409869e-05
6.041268831635804304e-05
5.352330846086772453e-05
7.802988982774650140e-05
9.411124938774051429e-05
1.171871533327539794e-04
8.908748490643603191e-05
9.457460076944812499e-05
8.522190723603273455e-05
8.283177034984490206e-05
6.953501935980099802e-05
6.226606858650285403e-05
6.189637470876974135e-05
4.119913432365507333e-05
3.770771395439354023e-05
3.103373405632936510e-05
3.873847345969849698e-05
2.431470518660105995e-05
-1.790081475672167244e-05
-3.799772954948821280e-06
3.314828486589149747e-05
2.300070160776712669e-05
2.457722859539046567e-05
3.311786664861315899e-05
2.395461946980148582e-05
1.738216988833585219e-05
4.005452222477501323e-05
3.562201858731128823e-05
3.499457431743735469e-05
3.393349656777289169e-05
4.664372595586385728e-05
5.796281082082188618e-05
5.939871488447323600e-06
3.014861984773631320e-05
2.545652956076338569e-05
4.272508271974118088e-05
5.634067054050007073e-05
6.221171021003613077e-05
5.370479944533101957e-05
2.665465599394067908e-05
4.946542417227917099e-05
5.969165362618156223e-05
4.355131477318252564e-05
4.408986813642101765e-05
1.879497443857403027e-05
4.577165267072302868e-05
4.987762842789678075e-05
5.725840877301990872e-05
7.135036893402002534e-05
2.685166707072639269e-05
2.961056068606637837e-05
4.633103328455234760e-05
2.974326397353621587e-05
4.531004196994814492e-05
5.169708495733615905e-05
5.543069811642098443e-05
5.753810934505665386e-05
6.814694609680316262e-05
