3.739477399733459606e-06
3.739477399733459606e-06
-3.878031524351399639e-06
2.415334491701059960e-05
4.958086050876886475e-05
2.050727466773594188e-05
-9.678900029896908563e-06
1.637044460167658144e-05
4.948785577774117428e-05
-4.883554730383821152e-06
-2.893190955788327301e-05
-1.779518264477530920e-05
-3.003984836880135845e-06
1.167407756792471218e-04
7.922782855018795090e-05
1.621662966222459090e-05
-4.023801553110217810e-05
-3.532788380944396067e-05
7.717862930078922545e-05
8.280881714917143199e-05
1.377992641220515679e-04
-4.559457259212251756e-05
-7.735476625470028011e-05
6.665166927000143460e-05
5.340989619817548828e-05
-6.697726136195569779e-05
-3.069114917231274831e-05
1.496694337177473244e-05
1.127869907886491774e-04
1.370188469689281874e-04
2.102542158386455640e-04
1.401203913893311892e-04
2.490087222639658648e-05
5.161104589923581898e-05
6.399761101860690360e-05
1.094617189423274795e-05
-3.610280014498812307e-06
1.989184223187834277e-04
7.381558708452473638e-05
1.518650436285184924e-04
1.480056849718636158e-04
7.852216862325178681e-05
1.438994994007458672e-04
1.843485109294107360e-04
1.398442172853009424e-04
1.117647620656470053e-04
7.338159480063666251e-05
2.282617126567743071e-04
1.947184384274436297e-04
1.143241065886257957e-04
-1.139096340114775785e-04
3.512550103224043596e-06
-4.503386011656118626e-05
-4.939396198722079134e-05
-8.069506769281531433e-05
-2.642074745971001448e-04
-2.995084456962615604e-04
-1.714397884668983352e-04
-7.758403640600874951e-05
-1.037380269917065334e-04
-2.532731992488379547e-05
-5.149815695126847004e-05
-6.193519353558940566e-05
-1.765999207670176929e-05
1.003400315724434222e-06
1.644122449224738602e-04
7.823475942814184236e-05
6.679191153580177343e-05
6.234186476383740683e-05
-2.485355013703838267e-05
2.928326759565891280e-05
3.892885963985293074e-05
5.190369921947990406e-05
4.387618658796554882e-05
-7.463679965624692159e-06
3.554985096698715097e-05
1.886106138684340294e-04
7.416968264628565066e-05
7.268125284909388029e-05
1.454126808351219324e-04
2.006362726252319817e-04
1.118889235733888654e-04
1.426948283054230160e-04
2.144833845303395492e-04
2.057651567870522058e-04
1.215796455777962137e-04
1.640856184526029438e-04
2.310735696688936969e-04
1.055849478799331109e-04
4.354787503402235416e-05
9.267886872876829329e-05
9.120123782757616482e-05
3.007246846209454816e-05
2.048166382806471120e-05
1.393070095971893352e-04
7.407773227363634305e-05
-4.282043497205734184e-05
1.978376841194062763e-05
-2.208983278961795804e-05
2.293611515291615888e-05
9.697012274578753477e-05
1.248356478829037997e-04
2.668414855708789446e-04
2.320454165900542876e-04
1.597351773003907738e-04
1.045647341122446505e-04
9.224803160812200531e-05
1.956802059392970250e-04
2.363350905234540278e-04
2.417752007080054000e-04
1.894084955793573499e-04
2.010100787064317274e-04
1.321698898237855246e-05
1.072327352424906621e-05
7.515191017049005495e-05
-1.664774017662296046e-05
8.681381540398547259e-05
7.024532020594165260e-05
-2.152058308979576395e-05
3.713797094562210077e-05
-2.275089590497714198e-06
5.716136997513387996e-05
8.502145183975073905e-05
2.163061462727711159e-04
1.796487999232709853e-04
1.237422567772483717e-04
1.338258202174813505e-04
1.506337634875620779e-04
1.557903753557354776e-04
1.990885299321121238e-04
1.398863935087035770e-04
1.990469325239274667e-04
2.354713939070052220e-04
2.873363093485181707e-04
8.209240020029540119e-05
1.589381172060200242e-04
1.376498893037592097e-04
-7.749829903147542609e-06
9.286396829111254192e-05
-4.133297454167461638e-05
6.053741478417862254e-05
3.808474630240255010e-05
8.409834988931663702e-05
7.659177038199516119e-05
3.610135482823295661e-05
1.498145835316933017e-04
2.748499496547651688e-04
1.964580960738260274e-04
1.647167793432657845e-04
1.351056575700226858e-04
9.925879081862376552e-05
1.561089513497648795e-04
6.550203342392535433e-05
8.145490450850445541e-05
1.339822012038638377e-04
1.789162299647983900e-04
4.474664348741441700e-05
-1.931876261629383862e-05
2.265920431554491188e-05
-8.920510710375140206e-05
-1.514124277761652593e-04
-1.283895001300550121e-04
-8.595267283695307015e-06
-7.842417495140807659e-05
1.401084543779518299e-04
1.345592792851846298e-04
1.903377960488228382e-05
-1.436926434603691405e-04
-5.547228630398137739e-05
-1.362795238435410283e-05
-1.336628379533522093e-06
1.387517878086441669e-04
1.485151100517612122e-04
1.734008629430405790e-04
8.723107210784064591e-06
6.233413645695407013e-05
1.142351275316144665e-04
1.449916202247436559e-04
2.185707076929332970e-04
1.577333146620674142e-04
7.779979337563247554e-05
-1.023314367447625273e-04
3.615456357408675103e-05
7.584864833098947656e-05
-1.607898486888359457e-05
-1.265348430479207309e-06
-3.816175562043611080e-05
8.646024980940580917e-05
6.244930082921484882e-05
8.077280052809499011e-05
1.353284663991871639e-04
-1.073994284013224387e-04
-6.163442977502597842e-05
-1.198477509234407989e-05
2.413290424030378745e-05
-4.920480281001005096e-06
-8.575657673759451427e-06
4.680904696741094995e-05
1.240289424924156947e-04
1.865851117397454573e-04
