2.614751071217114031e-07
2.614751071217114031e-07
1.228300503752777217e-06
3.624497402876514229e-06
6.908594335497397765e-06
2.469529426885053169e-05
2.624867952727427678e-05
2.665538491553043343e-05
3.699738398332819145e-05
3.453944587183954695e-05
3.691511689885018654e-05
4.120916495420345882e-05
4.573724465095629910e-05
4.579502410240188226e-05
4.295063787118635901e-05
4.174593745043253534e-05
4.761822423660078130e-05
4.973581688516581778e-05
5.386856821254504268e-05
5.641855846572063626e-05
5.984252037127824053e-05
5.989036067632902416e-05
5.632498412877495753e-05
5.477697702205297503e-05
5.835280922150687388e-05
6.063042723902789533e-05
6.083199449280485283e-05
6.288817533661728021e-05
6.576608273323181209e-05
6.435043980923538243e-05
5.641472272288616807e-05
5.508328276038199078e-05
4.945998129679551880e-05
4.859457329531302605e-05
5.116568926055720112e-05
5.511242824174367172e-05
5.148666250898159547e-05
4.594287230852422965e-05
5.018970005976619575e-05
5.795742424452576813e-05
5.891179483108466286e-05
4.955168979048352185e-05
5.257756239540611887e-05
4.918049811530877946e-05
4.810523214238138223e-05
4.775460885375615305e-05
5.184962032034334811e-05
4.643371683044072995e-05
4.363956967634585737e-05
3.616084185487089542e-05
4.780010153249136806e-05
4.511972155762933312e-05
3.554795731619542210e-05
4.371594343011153683e-05
4.122150507734900771e-05
3.856486099507172582e-05
3.951023334347603111e-05
3.298117501282504804e-05
3.677464992124512833e-05
3.883878423516229361e-05
5.635404761283879793e-05
4.873899455426489169e-05
4.556119981913298034e-05
3.774142541312919263e-05
3.625363145043358770e-05
4.530741568609109038e-05
3.986021909252457363e-05
3.092153594619340140e-05
3.166417419064870842e-05
2.943189033599580284e-05
4.122970924802515924e-05
3.301491851903648467e-05
4.223092652888560394e-05
3.410974164741453762e-05
3.446516008942523968e-05
4.440869579735995387e-05
4.218299746505671521e-05
4.025483326008938434e-05
3.118270626134567181e-05
3.103833769202424264e-05
3.667995223533004889e-05
3.365992145409890668e-05
4.229193740545866831e-05
2.396538230753364473e-05
3.360852969702676774e-05
2.556186363822376961e-05
2.092776037709853654e-05
2.508930936184761151e-05
2.466996495509299336e-05
3.482324798187441672e-05
2.998098497730694589e-05
2.476138448748166354e-05
2.607693361711405089e-05
2.907759406678422920e-05
3.094826461036426224e-05
4.221044582419786195e-05
3.864666997266397175e-05
3.118938582646890723e-05
3.193872808715525480e-05
2.889766299207785494e-05
3.311665127081475646e-05
2.602647816352110510e-05
2.570264122803145312e-05
2.316160720527982164e-05
3.673541337478880564e-05
4.053161548100980838e-05
3.502308574243606643e-05
3.121109019899037662e-05
2.729572846726924240e-05
3.097713887889597117e-05
3.446991953537370534e-05
2.793678082690931319e-05
2.238574933466352945e-05
2.671983331348215529e-05
3.233573805805356471e-05
3.785471934691919671e-05
3.254794108653591422e-05
3.049283852263329209e-05
3.383022309044747544e-05
3.092621878986179240e-05
4.111605722290079257e-05
3.048915903858251397e-05
3.117466188906625746e-05
3.050060294307321840e-05
3.343303884451032104e-05
3.892772619784601318e-05
3.262685448524038634e-05
3.848870002287618775e-05
3.142432009228812717e-05
2.591366200910272255e-05
2.646446003740088315e-05
2.133064744724855188e-05
2.008236626460657703e-05
2.005324955622889149e-05
2.264550242858653917e-05
2.129363851843812938e-05
3.023258102441417350e-05
2.429383170476917542e-05
2.450944814391675664e-05
1.693222345799938466e-05
2.575670502635851733e-05
3.374319872606612591e-05
3.430053875708161115e-05
2.991694861020910423e-05
2.278512178022218393e-05
2.486274888990891441e-05
3.266595178486042528e-05
2.090379069952241764e-05
2.036547467865190697e-05
3.253904234967741615e-05
3.606245873988278561e-05
3.201205317471256251e-05
3.521707460407696999e-05
2.841829629596226425e-05
3.248896682062074603e-05
2.458654014603212090e-05
2.997459500231336449e-05
2.311074455230155422e-05
2.464907909938141017e-05
2.239124392278135645e-05
4.147529783482539756e-05
2.313878927173718125e-05
2.728238826121831551e-05
1.979541059871081643e-05
2.881322423897714202e-05
3.813444351119521514e-05
2.317117806538426805e-05
2.787107969726143608e-05
2.362930840948962441e-05
2.646012016183085791e-05
2.061773501127461827e-05
3.001878926989220986e-05
3.221168341793756440e-05
2.251016315457654571e-05
2.501180508818201531e-05
2.297804823880866820e-05
2.344353857730574475e-05
2.762786697485530851e-05
2.295279605046829374e-05
2.055590567628939880e-05
2.913170037288637104e-05
2.697893187009192673e-05
2.489194708421571534e-05
2.774648365466703126e-05
3.407642024555457283e-05
3.429068293980819249e-05
2.991365990956396104e-05
2.730442097975682714e-05
2.351187374194374513e-05
3.107471906105274684e-05
2.620542900166888955e-05
2.086280984570088037e-05
2.045335731026831638e-05
2.628743588761750516e-05
2.237967636231630308e-05
2.301109142477386627e-05
3.091318123948916252e-05
1.799292359394577545e-05
1.755575366746420229e-05
2.947462843838621893e-05
