1.218749999999999944e-04
1.218749999999999944e-04
1.687499999999999818e-04
2.000000000000000367e-04
2.125000000000000153e-04
2.249999999999999396e-04
2.437499999999999346e-04
2.625000000000001464e-04
2.593749999999998401e-04
2.874999999999999951e-04
2.874999999999999951e-04
2.999999999999999195e-04
3.218750000000001124e-04
3.281250000000002914e-04
3.343749999999996031e-04
3.343750000000000368e-04
3.406249999999997821e-04
3.312499999999999473e-04
3.468750000000008285e-04
3.156249999999999334e-04
3.093749999999997544e-04
2.968750000000002637e-04
3.093749999999997544e-04
3.031249999999995753e-04
3.031250000000004427e-04
3.093749999999997544e-04
3.031250000000004427e-04
3.124999999999994102e-04
3.000000000000007869e-04
2.937499999999988731e-04
2.906250000000009520e-04
2.906249999999992173e-04
2.875000000000012962e-04
2.781249999999988592e-04
2.781250000000005940e-04
2.687499999999998918e-04
2.656250000000002359e-04
2.656250000000002359e-04
2.687499999999998918e-04
2.624999999999988454e-04
2.593750000000009243e-04
2.500000000000002220e-04
2.468749999999988315e-04
2.406250000000012546e-04
2.281249999999991618e-04
2.187500000000001943e-04
2.187500000000001943e-04
2.156250000000005385e-04
2.281249999999991618e-04
2.125000000000008826e-04
2.124999999999991479e-04
2.125000000000008826e-04
2.062499999999998362e-04
2.062499999999998362e-04
2.156249999999988037e-04
2.062500000000015710e-04
2.093749999999994921e-04
2.124999999999991479e-04
2.187500000000001943e-04
2.281250000000008965e-04
2.281250000000008965e-04
2.249999999999995060e-04
2.343749999999984734e-04
2.312499999999988176e-04
2.312500000000022871e-04
2.218749999999998501e-04
2.218749999999998501e-04
2.156250000000005385e-04
2.218749999999998501e-04
2.187500000000001943e-04
2.124999999999974132e-04
2.156250000000005385e-04
2.187500000000001943e-04
2.187500000000001943e-04
2.125000000000008826e-04
2.218749999999998501e-04
2.187500000000001943e-04
2.031249999999984457e-04
2.343750000000019429e-04
2.093749999999977573e-04
1.937500000000029476e-04
1.937499999999994782e-04
1.968749999999991340e-04
1.968749999999991340e-04
2.031250000000019151e-04
2.124999999999974132e-04
1.937500000000029476e-04
1.843749999999970413e-04
1.750000000000015432e-04
1.812500000000008549e-04
1.781249999999977296e-04
1.812500000000008549e-04
1.750000000000015432e-04
1.968749999999991340e-04
1.843750000000005107e-04
1.718749999999984179e-04
1.750000000000015432e-04
1.656249999999991063e-04
1.624999999999994504e-04
1.624999999999994504e-04
1.625000000000029199e-04
1.593749999999997946e-04
1.656249999999991063e-04
1.656249999999991063e-04
1.624999999999994504e-04
1.625000000000029199e-04
1.624999999999994504e-04
1.531250000000004829e-04
1.468749999999977018e-04
1.562500000000001388e-04
1.531250000000004829e-04
1.562500000000001388e-04
1.500000000000008271e-04
1.531250000000004829e-04
1.624999999999994504e-04
1.562500000000001388e-04
1.437499999999980460e-04
1.468750000000011713e-04
1.468750000000011713e-04
1.531249999999970135e-04
1.593750000000032641e-04
1.593749999999997946e-04
1.562500000000001388e-04
1.687499999999987621e-04
1.624999999999994504e-04
1.562500000000001388e-04
1.687499999999987621e-04
1.656250000000025757e-04
1.593749999999997946e-04
1.624999999999994504e-04
1.531250000000004829e-04
1.562500000000001388e-04
1.531250000000004829e-04
1.468749999999977018e-04
1.500000000000008271e-04
1.531250000000004829e-04
1.468749999999977018e-04
1.500000000000008271e-04
1.468750000000011713e-04
1.468750000000011713e-04
1.437499999999980460e-04
1.500000000000008271e-04
1.500000000000008271e-04
1.531250000000004829e-04
1.531249999999970135e-04
1.468750000000011713e-04
1.500000000000008271e-04
1.500000000000008271e-04
1.437499999999980460e-04
1.437499999999980460e-04
1.406250000000053291e-04
1.437499999999980460e-04
1.468749999999977018e-04
1.468750000000046407e-04
1.406249999999983902e-04
1.437499999999980460e-04
1.468749999999977018e-04
1.437500000000049849e-04
1.468749999999977018e-04
1.437499999999980460e-04
1.437500000000049849e-04
1.499999999999973577e-04
1.468749999999977018e-04
1.437500000000049849e-04
1.406249999999983902e-04
1.437499999999980460e-04
1.406249999999983902e-04
1.406250000000053291e-04
1.406249999999983902e-04
1.374999999999987343e-04
1.343749999999990785e-04
1.374999999999987343e-04
1.437500000000049849e-04
1.468749999999977018e-04
1.437499999999980460e-04
1.406249999999983902e-04
1.343749999999990785e-04
1.343750000000060174e-04
1.374999999999987343e-04
1.312499999999994227e-04
1.281249999999997669e-04
1.312499999999994227e-04
1.437499999999980460e-04
1.374999999999987343e-04
1.343750000000060174e-04
1.312499999999994227e-04
1.343749999999990785e-04
1.374999999999987343e-04
1.374999999999987343e-04
1.374999999999987343e-04
1.343750000000060174e-04
1.312499999999994227e-04
1.312499999999994227e-04
1.312499999999994227e-04
1.281249999999997669e-04
1.312499999999994227e-04
1.406249999999983902e-04
1.374999999999987343e-04
1.312499999999994227e-04
1.281249999999997669e-04
