-1.160810962052077552e-02
-1.160810962052077552e-02
2.199749867357339572e-03
1.258902116665928071e-02
1.102886499462603885e-02
-3.426535546345706174e-02
6.054248239545711313e-03
-6.970537717662053656e-03
1.132837534115235453e-02
-3.911533272398893396e-03
-1.569662811790581772e-02
-2.357359549484763089e-03
7.795406738836562627e-03
8.755477663944601779e-03
-2.877608853673132433e-03
3.821949394005541567e-03
8.450108158880885456e-03
-1.356576417943490542e-02
2.976396127058175689e-03
1.581884563669806038e-02
-1.553936273231024817e-02
-5.411444716786700804e-03
2.497275150709140842e-02
7.269847382027700561e-03
-1.573820446304708548e-03
-3.437887876786716729e-04
-1.084084202759002732e-02
1.195455248038781310e-02
-5.208636513163436219e-03
1.679893983457062326e-03
3.315973394526317702e-03
6.527103394493073002e-03
-4.067309801584486142e-03
-1.438053764473130186e-02
1.414924181657617810e-02
-1.871113308409973544e-03
1.023977330148476486e-02
-5.710855237185594874e-03
-5.457695360454295139e-03
-1.480900432243789644e-04
-1.033643561445983169e-02
1.553772407675346225e-02
-1.344674610640443115e-02
7.998533364975069643e-03
7.153775011878115916e-03
3.995217574371191793e-03
-2.652775753684208371e-04
-5.759052952243768828e-03
-6.235075693451523279e-03
8.697339836066481783e-03
1.384570936336842334e-02
6.554529863268682144e-04
4.476136998559573921e-04
-2.789337638792244167e-03
-1.783916232819943853e-03
-7.044825145373981301e-04
-1.268376698448751838e-03
1.604197186493076105e-03
-6.498244698803327946e-03
5.618860306437673674e-03
5.742448320819947688e-03
4.732547121684207991e-03
6.612288437495845994e-03
-1.578033695802770475e-02
1.347425003059279924e-02
-2.820397653163435325e-03
1.574532267811637465e-03
-3.715004796443210910e-03
4.819567015235455554e-03
-6.617225992221607844e-03
-3.398646811479222318e-03
-3.499215957983380088e-03
9.739349965052629399e-03
3.575261502360115029e-03
7.084623271268693234e-03
6.609224357407204875e-03
-6.760194681307479803e-03
-2.915933192188364942e-03
4.044641090637027259e-04
-2.817387059988914200e-03
-5.816033793562325194e-03
-1.279311340243767525e-02
9.385820362337954359e-03
1.343376548345705940e-02
-8.790616289418282103e-03
-3.081973783445983439e-03
-2.027203716210526641e-03
1.046533062211633947e-02
2.314150826847653775e-03
6.882337357008300183e-04
8.492940145795012385e-03
6.997383433019407906e-04
1.107770781488087719e-02
8.497909468919706555e-04
-1.067781258393351446e-02
9.559352667479224797e-03
-3.491196855634350060e-03
5.324996525218846088e-03
-7.183220499545714399e-03
5.728366982570634591e-03
7.849388749495853079e-03
-1.195404102800000368e-02
7.224062964465371994e-03
8.087339050493080883e-03
-2.014683709590028154e-02
7.416754849706379271e-03
-2.729972802714690505e-03
8.120054398847643962e-03
-2.433730533750691483e-03
2.119925226437668897e-03
-1.451820970193903881e-03
-9.010429593396117320e-03
7.879663163168966478e-03
-4.357738466958444024e-03
6.729436336177285760e-03
6.215903367335184893e-03
3.754345549362880785e-03
-2.785367298061003360e-04
-4.957119639080326268e-03
5.743345174570632650e-03
7.724755881905812083e-03
1.576216737529084755e-03
7.339890528088588439e-04
4.416459987800561149e-03
3.673321096709161737e-03
1.110019292080885456e-02
3.199017743634346989e-03
2.169253579811625254e-03
-5.440632559290864423e-03
-9.819273478005319244e-04
5.164882900620490491e-03
-3.148284337894741158e-03
-4.975091104842108147e-03
6.597683931302000815e-04
1.556875104654846520e-02
-3.469259487301937228e-03
-1.293314333614403733e-02
1.748278714155124258e-02
5.587811198260406176e-03
1.417008944121889158e-03
-3.658190870238248182e-03
-4.068099612188375014e-03
2.180292046160672847e-03
1.787509034603881886e-03
3.850625210814417887e-03
4.584485032686963502e-03
-6.772071935822715494e-03
-2.724084351933525605e-03
3.761817211246548665e-03
7.659249551678654067e-03
5.423022277695310756e-03
4.267371157939042758e-03
-5.809680905329628331e-03
-3.761843990814417449e-03
4.147609250459843855e-03
1.003832460567313789e-02
-1.551952284986168884e-03
4.126052698637139304e-03
7.510213303600909995e-04
-3.893264633351711801e-04
1.220767243915790723e-02
-7.786081477872575096e-03
-1.114981017961230725e-03
3.563922892764553874e-03
6.755019458393463072e-04
-7.892190884121907946e-03
6.778196637274247482e-03
8.454188698836517801e-04
7.621598153695285927e-03
-8.804057260520775641e-03
9.545901922958427432e-03
-2.703903318072020667e-03
1.346508081795039224e-03
6.327137123335158098e-03
7.174840890958461559e-03
-2.586416318925199853e-03
-4.679683052675909227e-03
1.100375946380055536e-02
-1.444424182770076559e-03
3.570127482138502062e-03
2.158010889606654104e-03
-5.472836129307434572e-04
1.455627944855400480e-02
-1.445649549703045822e-02
1.039014796648199401e-02
1.066848631984487761e-02
-7.059895716354597228e-03
-1.638471620121872974e-03
7.095762109440434395e-03
-1.109425016962878319e-02
9.605687388409972494e-03
3.492361481673117440e-03
-3.863552227955674434e-03
2.434410895368444017e-03
7.072148455479210227e-03
3.488957083213062305e-04
-3.705798221728534569e-03
-2.594485779878114018e-03
-7.132468705274230825e-03
6.178580027180080592e-03
