1.734815512577370100e-06
1.734815512577370100e-06
1.409445061639758023e-05
5.772362467126868069e-06
4.908521885838013077e-06
-1.094677642754504632e-06
7.991587125388832646e-06
-2.777893222116745164e-06
-2.779814897380106231e-06
3.777067647092735569e-06
1.232151257468672156e-06
4.390357215555695802e-07
4.533397202521882718e-06
-6.161086782086044877e-06
1.176862047991278359e-05
2.039199362258159454e-06
7.791995399131224076e-06
4.658972462934229952e-06
6.380887878520979939e-06
1.312208031301054234e-05
1.287958274964751126e-05
1.411242639548504485e-05
1.399094956333613027e-05
2.113853053131720117e-05
1.843641621768199457e-05
2.929981075716625583e-05
2.719296180586638911e-05
1.599021645404263836e-05
3.209766396672364408e-05
1.831339196378678480e-05
4.934000221723522372e-06
1.558387975642006040e-05
2.146323473084521538e-05
3.972078715541726979e-05
5.850955668407209487e-05
3.429926827358542596e-05
2.808018916056198577e-05
4.073343792221351123e-05
4.508080567156014240e-05
5.801746703504306879e-05
7.410474987423754101e-05
3.073449051704812973e-05
6.380146306739220563e-05
2.713476287752314420e-05
1.901289340899836589e-05
6.669698909789190111e-05
5.990244020992463447e-05
9.366512136921301135e-05
8.382943203955051104e-05
6.267186813602165785e-05
4.339179402990112067e-05
3.351109618421332925e-05
5.409103481390786783e-05
7.249535545739149711e-05
7.285165306036844868e-05
4.414531506569119301e-06
4.028386108956283351e-05
1.872354795651176573e-05
1.101252037667421746e-04
4.722947936386390211e-05
1.125860396520295126e-04
1.735454759597132579e-04
1.483647703111046212e-04
1.051465893411318575e-04
1.272612996707778166e-04
1.804412172781155732e-04
9.747246014768506939e-05
1.386368464242337950e-04
1.264699326011253788e-04
8.892502012258773902e-05
9.986069871281699761e-05
1.421897236131286490e-04
1.546702048322856626e-04
1.738836837770207921e-04
1.472550904821900986e-04
1.109106590568842421e-04
1.726141049527285531e-04
1.841465833543054487e-04
1.955732855432046335e-04
1.670329349785504292e-04
2.240047690307278572e-04
1.667287378364079586e-04
1.752092476170474811e-04
1.027632461063632263e-04
2.125831074835105028e-04
1.110432236544056650e-04
1.171066976617396449e-04
1.046142424208085231e-04
1.611156968195359696e-04
1.338659298042443879e-04
1.965085279440614840e-04
1.453254048104923868e-04
2.029339307263455794e-04
1.900242086865233659e-04
2.090149606157609696e-04
1.407137114419754198e-04
2.318782465060564846e-04
1.968519209007979498e-04
2.038261816892372735e-04
2.267792265371326721e-04
2.349610064502627438e-04
1.852868087155457033e-04
1.977074558627833767e-04
1.557209957798733058e-04
3.370384354024480444e-04
2.511323343696858501e-04
2.230165786478721657e-04
2.258111055368772213e-04
2.147401120371483785e-04
1.977598414555359341e-04
1.959639798130297095e-04
2.111723449296221133e-04
2.435189953793326367e-04
2.163330914495276147e-04
2.112719639697502316e-04
2.175483386555043808e-04
2.327169700819808895e-04
1.662823213504083242e-04
2.492219383167793012e-04
2.278002014968194544e-04
1.708635924266843631e-04
1.623291397674364589e-04
1.672038635547323793e-04
2.114093672478389863e-04
1.807749066884412059e-04
2.003674829911261668e-04
2.307515605171062134e-04
1.902523863552829653e-04
2.188229157642496148e-04
1.887944726988166622e-04
2.331158328150451098e-04
1.611971953785484857e-04
1.487152086294685205e-04
1.809406202877283931e-04
1.227555450906692158e-04
1.163501315790682611e-04
2.217117716387662085e-04
1.653981212985655702e-04
1.790715401774889415e-04
1.474970617696413910e-04
1.425603564051414196e-04
1.791874076797483895e-04
1.921409120129169423e-04
1.811019968478433384e-04
1.018312080027783395e-04
1.922002576719705758e-04
2.899897143873175764e-04
1.933556639261979626e-04
2.814336394028060795e-04
2.202288357651127626e-04
2.601806799518158186e-04
2.467722034040775725e-04
2.910794661303839348e-04
2.152573736893259593e-04
2.198434640003910090e-04
1.603276164079403543e-04
1.335552507004678091e-04
1.547149372616019036e-04
2.125970119983833229e-04
1.530879699060960775e-04
3.019513233866177870e-04
2.230305226955664466e-04
1.932565222961812879e-04
1.571611093922342661e-04
2.227774811647265096e-04
1.971033711853920067e-04
2.055917224446091041e-04
2.861619620286859345e-04
2.207605639998888591e-04
1.743499700523898355e-04
1.188408427559295433e-04
2.260488391012671627e-04
2.253885173502112593e-04
1.915790239621628643e-04
2.140284214089405168e-04
1.921946333602875256e-04
2.275588219262658640e-04
2.282018318986445138e-04
1.920885155417551005e-04
1.743177474633483826e-04
2.133215093440554710e-04
1.530743289670510876e-04
1.844253886851277002e-04
1.661168356061892837e-04
2.254214766512774304e-04
1.526319538971421252e-04
2.142690289144155713e-04
2.155794691134360619e-04
1.859525525471639185e-04
1.805039045610357107e-04
2.069103145423412116e-04
1.672629006925774320e-04
1.641836279659969478e-04
1.913778614461847383e-04
1.844744618715310480e-04
1.554976531021878827e-04
2.553601847594677565e-04
1.749391419600954123e-04
1.638831674828367113e-04
2.169934208069435044e-04
