2.580258991187677170e-04
2.580258991187677170e-04
2.580258991187677170e-04
2.580258991187676628e-04
2.580258991187677712e-04
2.580258991187677712e-04
3.179192251462500084e-04
3.179192251462500084e-04
3.179192251462500084e-04
3.179192251462500084e-04
3.179192251462500084e-04
3.088635831924998673e-04
3.088635831924998673e-04
3.088635831924998673e-04
3.088635831925003010e-04
3.088635831924998673e-04
2.908911376162497120e-04
2.908911376162497120e-04
2.908911376162497120e-04
2.908911376162497120e-04
2.908911376162497120e-04
3.167087335374995857e-04
3.167087335374995857e-04
3.167087335374995857e-04
3.167087335374995857e-04
3.167087335374995857e-04
2.813074562124998068e-04
2.813074562125006742e-04
2.813074562124998068e-04
2.813074562124998068e-04
2.813074562124998068e-04
2.770998561250001546e-04
2.770998561250001546e-04
2.770998561250001546e-04
2.770998561250001546e-04
2.770998561250001546e-04
2.710905897624991262e-04
2.710905897624991262e-04
2.710905897624991262e-04
2.710905897624991262e-04
2.710905897624991262e-04
2.329288820499993140e-04
2.329288820499993140e-04
2.329288820499993140e-04
2.329288820499993140e-04
2.329288820499993140e-04
2.508359290625001431e-04
2.508359290625001431e-04
2.508359290625001431e-04
2.508359290625001431e-04
2.508359290625001431e-04
2.227603261125005174e-04
2.227603261125005174e-04
2.227603261125005174e-04
2.227603261125005174e-04
2.227603261125005174e-04
2.424318925874999892e-04
2.424318925874999892e-04
2.424318925875017239e-04
2.424318925875017239e-04
2.424318925875017239e-04
2.637060660250004074e-04
2.637060660250004074e-04
2.637060660250004074e-04
2.637060660250004074e-04
2.637060660250004074e-04
2.342417218374991117e-04
2.342417218374991117e-04
2.342417218374991117e-04
2.342417218374991117e-04
2.342417218374991117e-04
2.585167035875010622e-04
2.585167035875010622e-04
2.585167035875010622e-04
2.585167035875010622e-04
2.585167035875010622e-04
2.180002589499997756e-04
2.180002589499997756e-04
2.180002589499997756e-04
2.180002589499997756e-04
2.180002589499997756e-04
2.218754849750009805e-04
2.218754849750009805e-04
2.218754849750009805e-04
2.218754849750009805e-04
2.218754849750009805e-04
2.318261715874986306e-04
2.318261715874986306e-04
2.318261715874986306e-04
2.318261715874986306e-04
2.318261715874986306e-04
1.981178684124992873e-04
1.981178684124992873e-04
1.981178684124992873e-04
1.981178684124992873e-04
1.981178684124992873e-04
2.329263191875007022e-04
2.329263191875007022e-04
2.329263191875007022e-04
2.329263191875007022e-04
2.329263191875007022e-04
2.269293241374988057e-04
2.269293241374988057e-04
2.269293241374988057e-04
2.269293241374988057e-04
2.269293241374988057e-04
2.089475273749988316e-04
2.089475273749988316e-04
2.089475273749988316e-04
2.089475273749988316e-04
2.089475273749988316e-04
1.951287385624986270e-04
1.951287385624986270e-04
1.951287385624986270e-04
1.951287385624986270e-04
1.951287385624986270e-04
1.955737323250002213e-04
1.955737323250002213e-04
1.955737323250002213e-04
1.955737323250002213e-04
1.955737323250002213e-04
1.739317825499991921e-04
1.739317825499991921e-04
1.739317825499991921e-04
1.739317825499991921e-04
1.739317825499991921e-04
2.019929722124995386e-04
2.019929722124995386e-04
2.019929722124960692e-04
2.019929722125030080e-04
2.019929722125030080e-04
2.037943067750014325e-04
2.037943067750014325e-04
2.037943067750014325e-04
2.037943067750014325e-04
2.037943067750014325e-04
1.802057884500024576e-04
1.802057884500024576e-04
1.802057884500024576e-04
1.802057884500024576e-04
1.802057884500024576e-04
1.887680838000005412e-04
1.887680838000005412e-04
1.887680838000005412e-04
1.887680838000005412e-04
1.887680838000005412e-04
2.166998775249978637e-04
2.166998775249978637e-04
2.166998775249978637e-04
2.166998775249978637e-04
2.166998775249978637e-04
1.951709938999984795e-04
1.951709938999984795e-04
1.951709938999984795e-04
1.951709938999984795e-04
1.951709938999984795e-04
1.787228207624988463e-04
1.787228207624988463e-04
1.787228207624988463e-04
1.787228207624988463e-04
1.787228207624988463e-04
1.867320514249981578e-04
1.867320514249981578e-04
1.867320514249981578e-04
1.867320514249981578e-04
1.867320514249981578e-04
1.787019725750030319e-04
1.787019725750030319e-04
1.787019725750030319e-04
1.787019725750030319e-04
1.787019725750030319e-04
1.847736454499981917e-04
1.847736454499981917e-04
1.847736454499981917e-04
1.847736454499981917e-04
1.847736454499981917e-04
1.670752718500034817e-04
1.670752718500034817e-04
1.670752718500034817e-04
1.670752718500034817e-04
1.670752718500034817e-04
1.770066933624997452e-04
1.770066933624997452e-04
1.770066933624997452e-04
1.770066933624997452e-04
1.770066933624997452e-04
1.696800433124978635e-04
1.696800433124978635e-04
1.696800433124978635e-04
1.696800433124978635e-04
1.696800433124978635e-04
1.896681664000018919e-04
1.896681664000018919e-04
1.896681664000018919e-04
1.896681664000018919e-04
1.896681664000018919e-04
1.796700080249971632e-04
1.796700080249971632e-04
1.796700080249971632e-04
1.796700080249971632e-04
