4.350063882441190799e-07
4.350063882441190799e-07
2.686571601628884309e-06
1.075191382060580736e-05
-1.011400015205055070e-05
-3.476568372740018731e-06
-1.740114075943210992e-05
-1.068112751756444823e-05
7.736534909597025944e-06
-9.831988457165152795e-06
-5.760372481233844155e-07
-2.631421674159639679e-05
-1.195809895015997881e-05
2.035318392668017395e-05
1.749890793600883399e-05
1.628298105149639241e-05
-1.496297018821479696e-05
1.193523096620907609e-05
7.844109675492205724e-05
5.438059576157172614e-05
6.443484854834480302e-05
-1.715919290745659964e-05
-2.166759796384809533e-05
-1.264537222667172500e-05
-3.516088170840703242e-05
-3.712649021103686664e-05
-3.401751318143908520e-05
-3.163571394804165493e-05
-2.668717574927370606e-05
3.218238030733289179e-06
1.125885045549779306e-05
-2.071326981045729099e-05
-5.741772618161888886e-05
-5.965386599360300579e-05
-4.507110037543782255e-05
-3.803141253122532817e-05
-1.082973374355589158e-05
1.196931851943361380e-05
6.465353173723542568e-06
-7.941306721548357928e-06
-2.999763479127892651e-05
-2.871199022713710747e-05
-3.181884528125067391e-05
-2.524809980197773029e-05
-6.499937017068191381e-06
-2.209845902445550792e-05
-6.743767579475701268e-05
-2.996783591058260754e-05
3.044506100380317548e-05
-1.963235542135066680e-06
-5.193766949851408299e-05
-1.326440145810181548e-05
-3.311169180353346064e-05
-1.017433429773006992e-05
-1.972401471928009187e-05
-6.744880470233027836e-05
-8.969044562956440814e-05
-1.706544582447122593e-05
-1.645314359155491957e-05
-7.690037405083671729e-06
-7.024885485762411008e-06
-1.992616867152463556e-05
1.816263359000203081e-05
8.869831215285728376e-05
6.147603434225601404e-05
8.359618530473511555e-05
1.175496759069361019e-04
9.165985460501957505e-05
1.754438873353691974e-04
1.339663008597113958e-04
9.372404228269459736e-05
6.910905393553434806e-05
4.802139170312358374e-05
4.472273966893425268e-05
5.263573576552715849e-05
-2.254720578775959439e-05
4.216105370602463154e-06
-2.939456858097599934e-05
3.143074704858861423e-05
4.142670037232676350e-05
9.728579941281623178e-05
5.798931867406764695e-05
1.022552180280911216e-04
9.373623082353788050e-05
1.822372828730323135e-05
-7.292577625328533486e-06
6.236895911282402949e-05
3.044179473210562037e-05
-2.080518086611249373e-05
-3.130196229239601280e-05
-2.941768923037102468e-05
-1.057049385799757601e-05
-3.893511527053306054e-05
-2.821076953818391075e-05
-1.046503641966012310e-05
1.651512587130810061e-06
-1.958551936187546971e-05
6.914833816651366760e-06
-7.739215097579688063e-05
-4.537588935793479550e-05
-2.535877883058645921e-05
-1.613700510283422318e-05
7.953683630290697693e-05
1.008823090646870924e-04
9.526414389249282522e-05
6.352429176992302473e-05
1.395305373108612912e-05
5.688026226202680391e-05
6.961050938336654781e-05
3.564677323897313954e-05
4.455460383034903771e-05
1.932484380606780405e-05
2.668554809215351042e-05
-1.085612088225218486e-06
7.556519998175303954e-06
6.274411087581199808e-06
2.896302884991541760e-05
-2.755295144929448270e-05
-2.286678731611146986e-05
4.032635386863603344e-05
-1.096452175630702186e-05
1.166298639621032862e-05
5.055894006034122867e-05
-2.134698811495638893e-06
3.420866556069768194e-05
-2.561215731056165623e-06
4.022552504423515529e-06
-3.986986959247929008e-06
2.097249744537066363e-06
1.066192510208452404e-04
6.077244620161792454e-05
8.971356535170116331e-05
1.144448474050818731e-04
7.814102811742884569e-05
1.695231557352627760e-05
3.034132666446254234e-05
6.331260614711453627e-05
4.076340700986946786e-05
6.500534834330551348e-05
3.530983454069769323e-06
-1.511536324372286799e-05
2.412772393434181595e-05
-1.558029183357234615e-05
-2.558318756662458782e-05
-4.748743654747755727e-05
-1.070921999968277305e-05
8.285043518796442186e-06
2.616538482147490186e-05
5.751921553098782169e-05
3.925304033458587583e-05
2.008935588193594413e-05
3.106744133418715137e-05
-7.396370263812457324e-06
-2.108154092184122419e-06
3.024478811575193049e-05
3.330139720425506766e-05
-6.867701412893723045e-06
8.389967797839403829e-06
2.825219256408217916e-05
-6.393290370887427798e-06
-6.925415255043532170e-05
-6.676793369031486236e-05
-2.470648658281504595e-05
-1.268818099475765848e-06
3.008158735884336465e-05
7.761948150886155418e-08
-1.459536214021284195e-05
-3.614901226534072975e-05
-3.456945189928006812e-05
-3.474632254274467869e-05
-1.104552041653050765e-05
1.142523772479364652e-05
2.465900726189573788e-05
-5.806257089346900102e-06
-3.727376824258499255e-05
1.019206381336346112e-05
-1.206068454262521072e-05
-1.137647035243105620e-06
6.896776916676117253e-06
6.935739344715585730e-05
2.143184938852016330e-06
-7.394942443372798380e-05
-1.397572747396935711e-05
4.572503762023671925e-05
-6.788656399692172272e-06
-1.056431008095159996e-05
6.527387125032646509e-06
4.096332210767883453e-05
6.835033580543381504e-05
4.055919739709423766e-05
4.833517574365231440e-05
-8.524604643511679569e-06
1.218010038606109902e-06
-3.920927613343394569e-05
1.562305433111532693e-05
2.883403904974102261e-06
1.135661608131499634e-05
3.061266339976498330e-05
7.772738137568069305e-06
4.815002681990421252e-05
