4.999999999999998207e-05
4.999999999999998207e-05
0.000000000000000000e+00
5.000000000000002272e-05
4.999999999999999562e-05
0.000000000000000000e+00
4.999999999999996851e-05
0.000000000000000000e+00
0.000000000000000000e+00
-5.999999999999999474e-04
4.999999999999996851e-05
0.000000000000000000e+00
0.000000000000000000e+00
4.999999999999999562e-05
5.000000000000002272e-05
9.999999999999999124e-05
5.000000000000000240e-05
0.000000000000000000e+00
1.000000000000000048e-04
2.500000000000000052e-04
2.000000000000000367e-04
1.999999999999999825e-04
1.499999999999999598e-04
2.500000000000000052e-04
2.500000000000000052e-04
2.000000000000000909e-04
1.999999999999998741e-04
1.499999999999999598e-04
2.500000000000002220e-04
1.999999999999996572e-04
2.000000000000000909e-04
2.500000000000002220e-04
1.499999999999999598e-04
2.000000000000000909e-04
9.999999999999982861e-05
1.499999999999999598e-04
2.000000000000000909e-04
2.000000000000000909e-04
1.499999999999999598e-04
1.499999999999999598e-04
1.499999999999999598e-04
1.499999999999999598e-04
1.499999999999999598e-04
1.499999999999999598e-04
1.499999999999999598e-04
1.499999999999999598e-04
1.499999999999999598e-04
1.499999999999999598e-04
2.500000000000002220e-04
1.499999999999999598e-04
2.000000000000005246e-04
2.499999999999993547e-04
2.500000000000002220e-04
1.499999999999999598e-04
1.499999999999999598e-04
1.999999999999996572e-04
2.000000000000005246e-04
1.499999999999999598e-04
1.999999999999996572e-04
2.000000000000005246e-04
2.000000000000005246e-04
1.499999999999990924e-04
1.500000000000008271e-04
1.499999999999990924e-04
2.500000000000002220e-04
1.500000000000008271e-04
1.999999999999987899e-04
2.000000000000005246e-04
1.499999999999990924e-04
2.000000000000005246e-04
2.500000000000002220e-04
2.000000000000005246e-04
1.999999999999987899e-04
1.500000000000008271e-04
2.500000000000002220e-04
1.999999999999987899e-04
2.000000000000005246e-04
1.500000000000008271e-04
1.999999999999987899e-04
1.500000000000008271e-04
1.499999999999990924e-04
2.000000000000005246e-04
2.500000000000002220e-04
2.999999999999999195e-04
2.999999999999999195e-04
2.999999999999999195e-04
2.500000000000002220e-04
2.999999999999999195e-04
2.500000000000002220e-04
2.500000000000002220e-04
3.499999999999996170e-04
2.999999999999999195e-04
2.999999999999999195e-04
2.999999999999999195e-04
2.500000000000002220e-04
3.499999999999996170e-04
3.000000000000016542e-04
2.500000000000002220e-04
2.999999999999981848e-04
3.000000000000016542e-04
2.500000000000002220e-04
2.999999999999981848e-04
2.500000000000002220e-04
2.500000000000002220e-04
2.500000000000002220e-04
2.999999999999981848e-04
2.500000000000002220e-04
2.000000000000022593e-04
1.499999999999973577e-04
2.500000000000002220e-04
2.500000000000002220e-04
2.500000000000002220e-04
1.500000000000008271e-04
2.500000000000002220e-04
3.000000000000016542e-04
1.999999999999987899e-04
1.999999999999987899e-04
2.500000000000002220e-04
2.500000000000002220e-04
1.999999999999987899e-04
2.500000000000002220e-04
2.500000000000002220e-04
2.500000000000002220e-04
2.500000000000002220e-04
2.500000000000002220e-04
2.500000000000002220e-04
3.000000000000016542e-04
1.999999999999987899e-04
2.999999999999981848e-04
2.500000000000002220e-04
3.000000000000016542e-04
3.499999999999996170e-04
3.499999999999996170e-04
3.000000000000016542e-04
2.999999999999981848e-04
3.499999999999996170e-04
3.000000000000016542e-04
3.499999999999996170e-04
4.000000000000010492e-04
3.499999999999996170e-04
3.999999999999975797e-04
4.000000000000010492e-04
3.499999999999996170e-04
3.499999999999996170e-04
3.499999999999996170e-04
4.000000000000010492e-04
3.499999999999996170e-04
3.499999999999996170e-04
3.000000000000016542e-04
2.999999999999981848e-04
4.000000000000045186e-04
3.999999999999975797e-04
3.999999999999975797e-04
4.000000000000045186e-04
2.999999999999947153e-04
3.500000000000030864e-04
3.499999999999961475e-04
3.000000000000016542e-04
2.500000000000002220e-04
3.500000000000030864e-04
3.499999999999961475e-04
2.500000000000002220e-04
3.500000000000030864e-04
3.000000000000016542e-04
2.500000000000002220e-04
2.999999999999947153e-04
2.500000000000002220e-04
3.000000000000016542e-04
3.500000000000030864e-04
3.999999999999975797e-04
3.500000000000030864e-04
3.999999999999975797e-04
3.000000000000016542e-04
3.499999999999961475e-04
2.500000000000002220e-04
3.000000000000016542e-04
3.000000000000016542e-04
3.499999999999961475e-04
3.000000000000016542e-04
3.000000000000016542e-04
2.500000000000002220e-04
2.999999999999947153e-04
2.500000000000002220e-04
2.500000000000002220e-04
3.000000000000016542e-04
2.500000000000002220e-04
3.000000000000016542e-04
1.999999999999987899e-04
2.500000000000002220e-04
2.500000000000002220e-04
1.999999999999987899e-04
2.500000000000002220e-04
2.500000000000002220e-04
1.999999999999987899e-04
1.999999999999987899e-04
2.000000000000057288e-04
2.500000000000002220e-04
2.999999999999947153e-04
3.000000000000016542e-04
1.999999999999987899e-04
