5.105623750186182594e-04
5.105623750186182594e-04
5.105623750186182594e-04
5.105623750186183678e-04
5.105623750186181510e-04
5.105623750186181510e-04
5.087681791750000779e-04
5.087681791750000779e-04
5.087681791750000779e-04
5.087681791750000779e-04
5.087681791750000779e-04
5.501402889275001581e-04
5.501402889275001581e-04
5.501402889275001581e-04
5.501402889275001581e-04
5.501402889274992908e-04
5.135154977125005321e-04
5.135154977125005321e-04
5.135154977125005321e-04
5.135154977125005321e-04
5.135154977125005321e-04
7.293047032749990638e-04
7.293047032749990638e-04
7.293047032749990638e-04
7.293047032749990638e-04
7.293047032749990638e-04
7.069880843999995501e-04
7.069880843999995501e-04
7.069880844000012848e-04
7.069880843999995501e-04
7.069880843999995501e-04
6.878693184000014837e-04
6.878693184000014837e-04
6.878693184000014837e-04
6.878693184000014837e-04
6.878693184000014837e-04
8.663534871749985211e-04
8.663534871749985211e-04
8.663534871749985211e-04
8.663534871749985211e-04
8.663534871749985211e-04
9.127198528250009268e-04
9.127198528250009268e-04
9.127198528250009268e-04
9.127198528250009268e-04
9.127198528250009268e-04
9.664544414999982902e-04
9.664544414999982902e-04
9.664544415000017596e-04
9.664544415000017596e-04
9.664544415000017596e-04
9.909440545999986805e-04
9.909440545999986805e-04
9.909440545999986805e-04
9.909440545999986805e-04
9.909440545999986805e-04
1.013612852175001244e-03
1.013612852175001244e-03
1.013612852175001244e-03
1.013612852175001244e-03
1.013612852175001244e-03
1.022093792324998973e-03
1.022093792324998973e-03
1.022093792324998973e-03
1.022093792324998973e-03
1.022093792324998973e-03
9.298620490000020222e-04
9.298620490000020222e-04
9.298620490000020222e-04
9.298620490000020222e-04
9.298620490000020222e-04
8.627469434749970856e-04
8.627469434749970856e-04
8.627469434749970856e-04
8.627469434749970856e-04
8.627469434749970856e-04
8.578817721500014981e-04
8.578817721500014981e-04
8.578817721500014981e-04
8.578817721500014981e-04
8.578817721500014981e-04
8.345679726999982728e-04
8.345679726999982728e-04
8.345679726999982728e-04
8.345679726999982728e-04
8.345679726999982728e-04
8.970487983750025096e-04
8.970487983750025096e-04
8.970487983750025096e-04
8.970487983750025096e-04
8.970487983750025096e-04
7.836915786749998336e-04
7.836915786749998336e-04
7.836915786749998336e-04
7.836915786749998336e-04
7.836915786749998336e-04
7.662717295249948934e-04
7.662717295249948934e-04
7.662717295249948934e-04
7.662717295249948934e-04
7.662717295249948934e-04
8.113958131999998713e-04
8.113958131999998713e-04
8.113958131999998713e-04
8.113958131999998713e-04
8.113958131999998713e-04
7.467599525750046041e-04
7.467599525750046041e-04
7.467599525750046041e-04
7.467599525750046041e-04
7.467599525750046041e-04
7.230324017750006105e-04
7.230324017750006105e-04
7.230324017750006105e-04
7.230324017750006105e-04
7.230324017750006105e-04
7.270590857499925619e-04
7.270590857499925619e-04
7.270590857499925619e-04
7.270590857499925619e-04
7.270590857499925619e-04
7.445755176500035155e-04
7.445755176500035155e-04
7.445755176500035155e-04
7.445755176500035155e-04
7.445755176500035155e-04
7.686518192250024750e-04
7.686518192250024750e-04
7.686518192250024750e-04
7.686518192250024750e-04
7.686518192250024750e-04
7.604219622250052435e-04
7.604219622250052435e-04
7.604219622250052435e-04
7.604219622250052435e-04
7.604219622250052435e-04
7.435748315999940461e-04
7.435748315999940461e-04
7.435748315999940461e-04
7.435748315999940461e-04
7.435748315999940461e-04
8.795166748000043944e-04
8.795166748000043944e-04
8.795166748000043944e-04
8.795166748000043944e-04
8.795166748000043944e-04
8.512051138999943145e-04
8.512051138999943145e-04
8.512051138999943145e-04
8.512051138999943145e-04
8.512051138999943145e-04
8.058276787999973934e-04
8.058276787999973934e-04
8.058276787999973934e-04
8.058276787999973934e-04
8.058276787999973934e-04
7.242520614000047541e-04
7.242520614000047541e-04
7.242520614000047541e-04
7.242520613999908763e-04
7.242520614000047541e-04
7.759091760000114135e-04
7.759091760000114135e-04
7.759091760000114135e-04
7.759091760000114135e-04
7.759091760000114135e-04
6.941381334999996433e-04
6.941381334999996433e-04
6.941381334999996433e-04
6.941381334999996433e-04
6.941381334999996433e-04
7.781029489999924387e-04
7.781029489999924387e-04
7.781029489999924387e-04
7.781029489999924387e-04
7.781029489999924387e-04
7.352283377499990724e-04
7.352283377499990724e-04
7.352283377499990724e-04
7.352283377499990724e-04
7.352283377499990724e-04
8.366029362500138067e-04
8.366029362500138067e-04
8.366029362500138067e-04
8.366029362500138067e-04
8.366029362500138067e-04
8.425306314999991830e-04
8.425306314999991830e-04
8.425306314999991830e-04
8.425306314999991830e-04
8.425306314999991830e-04
8.376892932500101807e-04
8.376892932500101807e-04
8.376892932500101807e-04
8.376892932500101807e-04
8.376892932500101807e-04
8.085723057499882849e-04
8.085723057499882849e-04
8.085723057499882849e-04
8.085723057499882849e-04
