9.999999999999996413e-05
9.999999999999996413e-05
2.000000000000000367e-04
9.999999999999993703e-05
1.000000000000000454e-04
1.000000000000000454e-04
1.999999999999999825e-04
0.000000000000000000e+00
1.000000000000000454e-04
-2.299999999999999961e-03
-1.000000000000000454e-04
0.000000000000000000e+00
0.000000000000000000e+00
0.000000000000000000e+00
1.000000000000000454e-04
0.000000000000000000e+00
0.000000000000000000e+00
9.999999999999982861e-05
0.000000000000000000e+00
3.000000000000000279e-04
3.000000000000000279e-04
2.000000000000000367e-04
1.999999999999999825e-04
3.999999999999999650e-04
2.999999999999999737e-04
4.000000000000000734e-04
1.999999999999998741e-04
3.000000000000001363e-04
3.999999999999999650e-04
3.000000000000001363e-04
9.999999999999982861e-05
2.999999999999999195e-04
2.000000000000000909e-04
9.999999999999982861e-05
1.000000000000002623e-04
2.000000000000000909e-04
1.999999999999996572e-04
0.000000000000000000e+00
1.000000000000002623e-04
2.000000000000000909e-04
9.999999999999982861e-05
2.000000000000000909e-04
1.000000000000002623e-04
9.999999999999939493e-05
1.000000000000002623e-04
1.999999999999996572e-04
1.000000000000002623e-04
1.000000000000002623e-04
1.999999999999996572e-04
0.000000000000000000e+00
2.000000000000005246e-04
1.999999999999996572e-04
2.999999999999999195e-04
1.999999999999996572e-04
3.000000000000007869e-04
1.999999999999996572e-04
1.000000000000002623e-04
0.000000000000000000e+00
1.999999999999996572e-04
1.000000000000002623e-04
9.999999999999939493e-05
1.000000000000002623e-04
1.000000000000002623e-04
0.000000000000000000e+00
1.000000000000002623e-04
0.000000000000000000e+00
9.999999999999939493e-05
0.000000000000000000e+00
2.000000000000005246e-04
9.999999999999939493e-05
0.000000000000000000e+00
1.000000000000002623e-04
0.000000000000000000e+00
1.000000000000002623e-04
9.999999999999939493e-05
1.000000000000011297e-04
0.000000000000000000e+00
9.999999999999939493e-05
2.000000000000005246e-04
9.999999999999939493e-05
0.000000000000000000e+00
2.000000000000005246e-04
1.999999999999987899e-04
2.000000000000005246e-04
2.999999999999999195e-04
2.999999999999999195e-04
2.999999999999999195e-04
2.000000000000005246e-04
3.999999999999993144e-04
2.999999999999999195e-04
2.000000000000005246e-04
2.999999999999999195e-04
2.999999999999999195e-04
2.999999999999999195e-04
2.000000000000005246e-04
3.999999999999993144e-04
2.999999999999999195e-04
2.999999999999999195e-04
2.000000000000005246e-04
2.999999999999999195e-04
2.000000000000005246e-04
2.999999999999999195e-04
2.999999999999999195e-04
2.000000000000005246e-04
9.999999999999939493e-05
2.000000000000005246e-04
1.999999999999987899e-04
2.000000000000005246e-04
2.000000000000005246e-04
1.999999999999987899e-04
9.999999999999939493e-05
2.000000000000022593e-04
1.999999999999987899e-04
1.999999999999987899e-04
2.000000000000022593e-04
9.999999999999939493e-05
2.999999999999981848e-04
1.000000000000028644e-04
1.999999999999987899e-04
9.999999999999939493e-05
9.999999999999939493e-05
2.000000000000022593e-04
1.999999999999987899e-04
1.999999999999987899e-04
2.000000000000022593e-04
1.999999999999987899e-04
1.999999999999987899e-04
2.000000000000022593e-04
2.999999999999981848e-04
2.000000000000022593e-04
3.999999999999975797e-04
4.000000000000010492e-04
5.000000000000004441e-04
2.999999999999981848e-04
4.000000000000010492e-04
5.000000000000004441e-04
4.000000000000010492e-04
3.999999999999975797e-04
4.000000000000010492e-04
5.000000000000004441e-04
5.000000000000004441e-04
4.000000000000010492e-04
3.999999999999975797e-04
5.999999999999998390e-04
4.000000000000010492e-04
4.000000000000010492e-04
3.999999999999975797e-04
4.000000000000010492e-04
3.000000000000016542e-04
3.999999999999975797e-04
4.000000000000010492e-04
6.999999999999992339e-04
5.999999999999998390e-04
5.000000000000004441e-04
5.000000000000004441e-04
5.000000000000004441e-04
4.000000000000010492e-04
5.000000000000004441e-04
2.999999999999947153e-04
4.000000000000045186e-04
5.000000000000004441e-04
3.999999999999975797e-04
3.999999999999975797e-04
4.000000000000045186e-04
3.000000000000016542e-04
2.999999999999947153e-04
4.000000000000045186e-04
3.999999999999975797e-04
3.999999999999975797e-04
5.000000000000004441e-04
6.000000000000033085e-04
3.999999999999975797e-04
6.000000000000033085e-04
3.999999999999975797e-04
3.999999999999975797e-04
5.000000000000004441e-04
4.000000000000045186e-04
5.000000000000004441e-04
3.999999999999975797e-04
3.999999999999975797e-04
3.000000000000016542e-04
3.999999999999975797e-04
4.000000000000045186e-04
3.000000000000016542e-04
2.999999999999947153e-04
4.000000000000045186e-04
2.999999999999947153e-04
2.000000000000057288e-04
3.999999999999975797e-04
1.999999999999987899e-04
1.999999999999987899e-04
3.000000000000016542e-04
3.000000000000016542e-04
1.999999999999987899e-04
3.999999999999975797e-04
3.000000000000016542e-04
5.000000000000004441e-04
3.999999999999975797e-04
4.000000000000045186e-04
3.999999999999975797e-04
