-3.608951347011668531e-05
-3.333777277703120490e-05
1.714012768161410349e-06
-3.837087437119635069e-06
-2.007982741325520237e-05
-2.744575187030307006e-05
-3.769997666402957748e-05
-1.798901131877528314e-05
9.633502853745312677e-05
-1.385460117475645347e-05
-1.011276530604732216e-05
1.314751877856679130e-05
5.401764974521938711e-05
5.652697882219115399e-05
3.439640055624693105e-05
7.649375683804748860e-05
1.041561165227022911e-04
8.228489637929214950e-05
1.001626977839009669e-04
9.498013865005816569e-05
1.572145686488113370e-04
6.837484655264347566e-05
2.030696822146182967e-04
1.260143679822078866e-04
2.493355780561756774e-04
2.461526422941062719e-04
1.335351083149305396e-04
2.019452930177578764e-04
8.515517542306838550e-05
2.685619017679385934e-04
2.526022455153764668e-04
2.444910083294615788e-04
2.004336021688146730e-04
2.315290655374724338e-04
2.715754347111243305e-04
1.256331802217403038e-04
2.352402004337506014e-04
2.912468078672958427e-04
2.713998401997486098e-04
2.909852385695188559e-04
1.780117504726064226e-04
3.115206799257919101e-04
1.755512023375871422e-04
4.136716117209005006e-05
2.276876315967513165e-04
1.886530694434895850e-04
2.788985418149536599e-04
2.428582501128317972e-04
2.449792861849431347e-04
2.136971367860951432e-04
2.322509546246465106e-04
2.950165620649869425e-04
3.570096767511188318e-04
2.133277464029248449e-04
-1.163488263493661634e-04
1.738305549956464802e-04
1.473381106489313197e-04
3.576758743282226760e-04
1.471122910388089622e-04
3.634593936805430303e-04
4.737105479382108797e-04
4.005377185247738225e-04
2.657926539981758651e-04
3.513089968834037791e-04
3.978955785246540700e-04
3.147626379487178383e-04
3.222546405226012212e-04
3.711180573233718860e-04
2.609870583007989353e-04
3.472635531416301546e-04
3.166608843301332854e-04
4.067733367545400824e-04
4.543941883010660376e-04
3.358912698736560287e-04
3.045969164361395087e-04
4.588910750022989760e-04
4.154633186441714088e-04
3.989947972584673153e-04
2.931068315277229885e-04
2.730962675148163044e-04
3.223916172778729106e-04
4.025950402262168382e-04
8.113696515366086714e-05
4.504456426595027096e-04
4.002528615050238159e-04
2.492585807374325668e-04
2.516534249590307581e-04
3.461764726662153180e-04
2.390258667386291336e-04
3.079403234966804348e-04
3.433819798850379357e-04
4.254914059718117869e-04
3.172898528287504405e-04
3.508233616074107886e-04
3.615389419096004531e-04
5.338641558267909204e-04
4.418891501654087506e-04
4.471246470920675620e-04
4.720293341460291003e-04
5.606861785132366549e-04
2.117382937587564129e-04
3.330162674686221180e-04
2.170995849208878781e-04
7.169469653423021782e-04
4.816627453507749124e-04
4.936922903961971087e-04
5.368685893483160498e-04
4.156335519400755629e-04
4.418606415423909084e-04
4.772145058549170926e-04
4.692107741188777936e-04
4.672264781682144985e-04
4.889883909982017940e-04
4.817778917800552563e-04
5.575809239939388817e-04
4.578388333200678062e-04
3.711738614775583756e-04
4.825817461266979080e-04
4.367673633218771556e-04
4.009386690757565930e-04
1.953502221869740652e-04
3.045865596220664884e-04
4.306535241642706069e-04
4.727442388912095339e-04
4.205409276085703141e-04
4.572018685866652277e-04
3.922024119251688035e-04
4.776313476835269967e-04
3.182778997032897905e-04
4.863589303241155903e-04
3.105791909856492339e-04
4.183063324791902460e-04
4.789788336907463417e-04
2.230590027103573902e-04
2.307433418682336423e-04
5.229353152795823689e-04
3.139628584261089372e-04
3.402158694747470236e-04
2.128078281753431611e-04
1.320207700814535201e-04
3.325307677197741896e-04
3.253392508888452994e-04
2.838877725128696738e-04
1.493286474456567703e-04
3.025771870071025660e-04
5.899403789282331445e-04
1.893456972990037457e-04
4.561770683775279167e-04
3.948340358714830245e-04
4.156404216235642934e-04
3.295250936492521987e-04
4.851759048012382891e-04
3.594899489876013376e-04
4.718341891649657782e-04
2.592283800364469926e-04
2.396541888600722814e-04
2.975042208905875896e-04
6.246304827559612249e-04
3.063150749085252755e-04
7.863318449032874469e-04
3.825332761255850755e-04
3.899919816756636237e-04
1.327588396531353965e-04
5.364353602921312358e-04
4.590544307898625220e-04
3.319278764966071549e-04
6.610421931370069615e-04
4.108083127203343565e-04
3.806816611806596029e-04
4.142777276427977995e-05
3.754319343407530596e-04
4.018646821659643820e-04
4.077666821924452734e-04
5.104012044743200249e-04
4.255703009441447193e-04
4.033149926065959789e-04
5.787772262362267384e-04
5.548623883786518718e-04
3.823178788557868302e-04
5.219069775108664544e-04
3.616047717152071073e-04
3.647741758054934280e-04
4.325372542623995287e-04
6.279461553528875584e-04
3.781537092208964168e-04
3.689345844204439118e-04
4.575049956674348550e-04
3.254177691651705118e-04
6.424804208808865269e-04
4.714366606517472746e-04
2.748511492036698201e-04
3.223047112292931615e-04
4.337779340062297706e-04
4.748731080290724549e-04
4.587467521606214405e-04
6.889105118705884934e-04
4.086985995677139272e-04
4.001309675700781554e-04
5.526880316146787209e-04
