-4.666079337134476646e-06
-4.666079337134476646e-06
-5.305645476738618527e-06
-3.594505281867554913e-06
-2.876197254586543295e-06
-1.975417490029940382e-06
-3.422174971845493019e-06
-6.103817598024363633e-06
-1.133562200550386478e-06
3.902519844167784413e-06
2.066898789898630184e-06
2.158439502686348987e-06
7.685667750223501571e-06
1.284264333456519580e-05
1.714182021217425245e-05
1.974822154604538582e-05
-1.701074537319158253e-05
1.529180407899843885e-05
1.662067941943234928e-05
2.392150107244361834e-05
3.010605021813717030e-05
3.924242003350286723e-05
2.019378369766400283e-05
4.073437449481076555e-05
3.116222051957606709e-05
2.846732757166847705e-05
2.896302606014700132e-05
2.596678225064152912e-05
3.235999873396622206e-05
2.318462267325571702e-05
2.851901055223038384e-05
2.537375775446548687e-05
2.667788926391523319e-05
2.228788640312728830e-05
1.798552168708056342e-05
2.129436304443288464e-05
2.425732402500102580e-06
-1.952091081758311475e-05
1.557713864475118726e-05
2.124429176664222041e-05
1.387731918178758406e-05
1.909642824671209382e-05
2.528237854626524950e-05
1.606224102523867714e-05
-1.558609165286384268e-05
-8.120005658085460709e-06
9.039439636815416179e-06
1.259910883266712744e-05
-3.385294169433450406e-07
-1.532359696021501350e-06
5.734122881406733541e-06
9.150840730498543962e-06
-8.849348395401079870e-06
2.028574433321495007e-05
2.433193644968412173e-05
-2.054200014178775291e-05
2.714809139270357718e-06
-9.172363109044567864e-07
4.993649449502868265e-07
5.283296238722812177e-06
-1.880165325651717012e-06
2.631949800768751402e-05
2.066888416507595139e-05
1.789012408348611416e-05
1.046168200069530485e-06
-5.895603613303990187e-06
4.998450952697908178e-06
5.271782771210098417e-06
-5.072146410434186237e-06
-1.194822975492115802e-05
-1.434367172592487805e-06
-1.057862967090983375e-05
1.321393236519696757e-05
4.477508682043662702e-06
1.734092767780026634e-05
-8.555121135955801037e-07
2.579690709758608591e-05
1.523128426672570868e-05
-9.964939104101233625e-06
-5.686808978389024105e-06
-2.122811219429365792e-05
2.527855403222645236e-06
1.688207852890144522e-05
-2.599499048105968768e-05
2.010218680226216748e-05
2.173306585984136063e-05
9.769448310770201260e-06
-3.741471782170435745e-06
-4.735631797814221500e-06
6.555570236876917534e-06
1.690426687517287974e-06
-6.407025042953762295e-06
1.445921168574670901e-06
-1.088210037547554521e-05
-6.158360779551230735e-06
8.431916162621178046e-06
3.924291946333369197e-05
4.865158943712089012e-05
4.308958286802777593e-05
2.114258215080155878e-05
2.324278921417288757e-05
-8.964911206277292877e-06
9.271827919654640482e-06
2.253310110944539701e-06
7.745879070331085359e-05
2.942408244610561496e-05
1.901524151737277180e-05
1.844134050710266592e-05
1.602241230358458779e-05
3.631537517989613661e-05
7.617790081404507418e-06
3.144398187338026673e-05
-6.201160666741145633e-06
3.213595130446833537e-06
2.693695777722382445e-05
2.423599756351535461e-05
2.366101564277300895e-05
2.645444214799397287e-06
2.731172489855993035e-05
5.729318776737102326e-06
-1.186294579458291309e-05
-3.860946559797184818e-06
1.685563749820317980e-05
2.529824013564052620e-05
5.508348457095024742e-05
3.022079857384341040e-05
3.573820014857176375e-05
2.946469048570321547e-05
4.169772578332953117e-05
2.853056179041857376e-05
5.871470251594956835e-05
3.659494695806841946e-05
2.818887039612860690e-05
8.076249688571124352e-06
-3.911081561724927269e-06
1.675695278358091400e-05
5.172139052245228186e-05
3.081498242085700667e-05
3.617330275140773210e-05
1.894545493641430767e-05
-5.694919233079076548e-06
1.532369115420095795e-05
2.005638930402398046e-05
1.913092325267484739e-05
-2.469587923492611026e-06
-3.834333985430760094e-06
2.745551901739418099e-05
-2.640759165473127723e-05
-3.773177099652968991e-06
4.803408851117296763e-06
1.496044117477168811e-05
-1.869612590965630261e-05
3.086213424197126187e-05
9.072480915861547146e-06
8.754965528545710640e-06
-1.569069974127756950e-05
-4.155142140227496839e-05
3.317748185516222748e-06
1.314844568067741193e-05
1.872623609955326174e-06
3.177009797017404935e-05
-1.301304816969661715e-05
-4.394001425822580131e-05
-1.022652640791932299e-05
-1.416263837406006587e-05
-3.151866279083037625e-06
-3.807340851924578828e-05
2.735821172983321503e-05
2.841143906717746859e-05
6.595009354626313325e-06
-5.745136696777564111e-05
9.714033099683661021e-06
-2.774524956450363788e-07
-2.461538730536005914e-05
-4.400648278668484181e-06
-2.323694489181349354e-05
1.185331457165261781e-05
1.460978663470058336e-05
-4.149699370792347963e-06
-2.485338181656970846e-05
-1.753380996305509143e-05
-7.960106643167819129e-06
7.863536755081668161e-07
6.748920714727546510e-06
1.792532853261974424e-05
-2.348418974840171813e-06
-1.355028416938353075e-05
-3.312031611635291029e-06
-3.560589916418166467e-05
1.503268668301416255e-05
-7.728160739794986966e-06
-1.848579181729093079e-05
1.089827459477277216e-05
7.164712975793463556e-06
9.432749903837134298e-06
2.203691907531890593e-05
1.975611236026963979e-05
6.424805503613129076e-06
1.681675528786286122e-05
3.807978984404769562e-05
