-1.135573964745617559e-04
-1.135573964745617559e-04
-9.050056628723268659e-05
-1.012622855256495313e-05
-4.633154265576422404e-05
-1.731221113629999309e-04
-6.845029704294347539e-05
-1.882235728629666482e-04
-1.616493544531749649e-05
-6.298903367252250973e-05
-1.047312467719052620e-04
-8.282985353247340754e-05
-4.777013194257051509e-05
-1.149716992472349375e-04
-5.428123095896353334e-05
-1.643564969029398526e-04
-1.433085596147520846e-05
1.016531738713410959e-04
-3.576945586303281743e-05
-6.825569077761883818e-05
-1.653431586277065435e-04
1.599177662185979898e-04
-3.513804902866013435e-05
8.774109706877197823e-05
3.305753797633315116e-05
2.199740613235690034e-04
-4.998313397663878277e-05
-2.785071716076004122e-04
-1.213911997552941102e-04
-1.196198433319750620e-04
1.764825325523133870e-04
5.066062632153034428e-05
1.528160873576211998e-04
-3.064025034404949110e-05
5.856380911950509471e-05
3.170841124244816456e-05
-1.292522669018580928e-04
-1.575373848794470177e-05
1.442663019872725272e-04
1.763441478459526479e-04
4.641818772199712839e-05
-1.787115912250669680e-04
3.104716403825591442e-04
-1.010263304053182765e-04
-2.318068268110096142e-04
-1.766485933245576234e-04
2.629532747278062743e-05
-1.154763705386585571e-04
-9.440648954495145517e-05
-2.409373662644043179e-04
5.390139758532086489e-05
-5.402848651669955871e-05
-1.757485085676080416e-04
-6.425873074533683393e-06
-4.054834533917528461e-05
-4.523674013228173862e-04
-4.498581487411001945e-05
-1.998067491513211280e-04
-4.035155863135742038e-05
-1.532805507480361484e-04
2.608580025054152429e-05
-1.347060017309331670e-05
-1.347439777745762512e-04
2.233700044484976388e-05
1.987497279856142995e-04
-8.364354003731477860e-05
-6.319038743640703615e-05
-5.494195809774282679e-05
-1.119733899201946770e-05
-1.501275458295481258e-04
-9.091959348950240383e-06
1.893190513158060639e-05
3.948996594118625580e-04
1.073114673317832057e-04
9.095233113498579769e-05
-2.359510617111482134e-05
-1.864598844747433759e-05
-9.280712874470964380e-05
-8.591861757167862379e-06
-8.073089753679596470e-05
-2.161376704492568024e-04
-2.079346584764607542e-04
7.147295234233297379e-05
-3.103037889005122452e-04
-2.542406027572496896e-05
-6.915433754528521604e-05
-2.434693037045576602e-04
-9.101289799673395464e-05
-6.287057222209568863e-05
3.179619613291606584e-05
3.097210658964399954e-04
-5.290245759681511117e-05
-7.586687762994870354e-05
2.258307450944130323e-04
2.003387051701110977e-04
3.473949086014727072e-04
3.259384453926372771e-04
8.351582054189066184e-05
1.636058968799147806e-04
2.902256707457695484e-04
4.421925857371888924e-04
3.752708085755784850e-04
6.100268940656405903e-05
-1.388470168777189429e-04
1.114419384151688064e-04
4.245811921066433570e-05
2.909622482150098222e-05
1.830873391170939612e-04
2.224891808282336569e-04
2.225489397744695452e-04
6.505096038722513185e-05
1.407356011000615581e-04
1.650407898381445193e-04
3.293115245739386410e-04
1.437080531587753285e-04
1.080953709973186960e-04
9.719604162938821901e-05
1.764351367228300660e-06
1.783559174626248023e-04
9.941214945285992144e-05
7.476285432517215668e-06
-4.493569860386514847e-05
-1.696708914522560008e-05
7.909756228485775864e-05
1.612721494339552919e-04
9.700448864435884389e-05
3.183546094689404526e-04
4.574046549166155273e-04
6.984814820114593203e-04
5.934332335328917907e-04
5.423757783731275595e-04
4.994318293682908916e-04
3.689813468739089330e-04
3.030379779005443197e-04
2.087048582808392894e-04
2.982043048262994489e-04
4.989468419722697945e-04
1.399055034454477209e-04
1.295549713162813532e-04
8.154426975437445435e-05
-9.956956039758324550e-05
1.078360033872627355e-04
2.513821006715488693e-04
7.505050354694731141e-05
1.423761994274741483e-04
3.790657592972479506e-04
4.958016351181981918e-04
1.650111001012533052e-04
4.075508217908918596e-04
4.046333719287531494e-04
3.794206593354942925e-04
5.517431034647302113e-04
6.722355093700116413e-04
5.698411711207995722e-04
6.908921270323276076e-04
4.299421100881772873e-04
3.230696471163696515e-04
6.482470704085585567e-04
5.353933651690567785e-04
3.985414535137010716e-04
7.519288182322725334e-04
5.083970226209544307e-04
4.668468392452496118e-04
2.895190841272210491e-04
2.784688081831632189e-04
2.357647899700054950e-04
5.180402444437959275e-05
5.430945498474670785e-04
6.664093834842788056e-04
3.649894656092556033e-04
-4.992490958954931557e-05
4.102460208201819114e-04
4.431682785437374150e-04
4.363776028171173493e-04
4.420874331785284994e-04
3.220748529386696646e-04
4.681212023172065528e-04
4.516333992299337297e-04
3.430622442692765617e-04
1.416846880601951852e-04
2.878637715042486889e-04
3.074164208172192048e-04
2.956343840381236987e-04
2.520545155704212448e-04
5.037497457180961646e-04
4.059090550470045855e-04
2.756740128688761615e-04
2.949934798550657433e-04
1.740361393203215812e-04
5.614035436920516986e-04
3.359981758705998800e-04
2.312071425976114369e-04
1.714210993313258768e-04
3.064818085789511315e-04
3.515369635351817124e-04
3.334823380072293730e-04
4.290957290749020103e-04
1.803414607550735127e-04
3.221352629765306119e-04
5.217319864954106379e-04
