6.250000000000000300e-06
6.250000000000000300e-06
-6.250000000000000300e-06
0.000000000000000000e+00
1.249999999999999890e-05
1.250000000000000229e-05
1.249999999999999890e-05
2.500000000000000459e-05
1.874999999999999497e-05
2.499999999999999781e-05
3.125000000000000065e-05
2.500000000000001136e-05
2.499999999999998426e-05
2.500000000000001136e-05
2.499999999999998426e-05
2.500000000000001136e-05
2.500000000000001136e-05
3.749999999999998994e-05
2.500000000000001136e-05
3.749999999999998994e-05
5.000000000000002272e-05
5.000000000000002272e-05
4.999999999999991430e-05
5.624999999999998491e-05
6.250000000000005551e-05
6.249999999999994709e-05
6.250000000000005551e-05
5.000000000000002272e-05
6.249999999999994709e-05
4.375000000000006054e-05
5.000000000000002272e-05
4.374999999999995212e-05
3.749999999999998994e-05
4.374999999999995212e-05
4.374999999999995212e-05
3.749999999999998994e-05
4.375000000000016896e-05
4.374999999999995212e-05
3.749999999999998994e-05
4.374999999999995212e-05
3.749999999999998994e-05
4.374999999999995212e-05
3.750000000000020678e-05
4.999999999999991430e-05
3.749999999999998994e-05
4.374999999999995212e-05
4.374999999999995212e-05
4.375000000000016896e-05
3.124999999999981092e-05
3.750000000000020678e-05
2.499999999999984873e-05
4.374999999999995212e-05
4.375000000000016896e-05
4.374999999999995212e-05
4.999999999999991430e-05
3.750000000000020678e-05
3.125000000000002776e-05
3.125000000000002776e-05
3.124999999999959407e-05
3.125000000000002776e-05
2.500000000000028241e-05
3.749999999999977310e-05
3.125000000000002776e-05
2.500000000000028241e-05
3.125000000000002776e-05
2.499999999999984873e-05
3.125000000000002776e-05
2.499999999999984873e-05
2.499999999999984873e-05
2.500000000000028241e-05
3.125000000000002776e-05
2.499999999999984873e-05
2.499999999999984873e-05
1.875000000000010339e-05
1.875000000000010339e-05
3.125000000000002776e-05
1.875000000000010339e-05
1.874999999999966971e-05
1.875000000000010339e-05
1.875000000000010339e-05
2.499999999999984873e-05
1.875000000000010339e-05
2.499999999999984873e-05
3.125000000000002776e-05
3.125000000000002776e-05
3.125000000000002776e-05
3.125000000000002776e-05
3.125000000000002776e-05
3.125000000000002776e-05
3.125000000000002776e-05
3.125000000000002776e-05
3.749999999999977310e-05
2.500000000000028241e-05
3.125000000000002776e-05
3.125000000000002776e-05
2.499999999999984873e-05
2.499999999999984873e-05
2.500000000000028241e-05
2.499999999999984873e-05
2.499999999999984873e-05
2.500000000000028241e-05
3.125000000000002776e-05
3.125000000000002776e-05
2.499999999999984873e-05
2.499999999999984873e-05
2.500000000000028241e-05
2.499999999999984873e-05
1.875000000000010339e-05
1.875000000000010339e-05
1.249999999999992437e-05
2.499999999999984873e-05
1.249999999999992437e-05
2.500000000000028241e-05
1.874999999999966971e-05
1.250000000000035805e-05
1.874999999999966971e-05
1.249999999999992437e-05
1.875000000000010339e-05
1.249999999999992437e-05
2.500000000000028241e-05
1.249999999999992437e-05
1.875000000000010339e-05
1.874999999999966971e-05
1.875000000000010339e-05
1.875000000000010339e-05
1.875000000000010339e-05
2.499999999999984873e-05
1.875000000000010339e-05
2.499999999999984873e-05
1.875000000000010339e-05
3.125000000000002776e-05
3.125000000000002776e-05
3.124999999999959407e-05
2.500000000000071609e-05
3.749999999999933942e-05
3.750000000000020678e-05
3.125000000000002776e-05
3.750000000000020678e-05
4.999999999999969746e-05
4.375000000000038580e-05
4.999999999999969746e-05
4.375000000000038580e-05
4.374999999999951844e-05
3.750000000000020678e-05
3.750000000000020678e-05
4.999999999999969746e-05
3.750000000000020678e-05
2.499999999999984873e-05
3.125000000000002776e-05
3.125000000000002776e-05
3.125000000000002776e-05
4.374999999999951844e-05
4.375000000000038580e-05
4.375000000000038580e-05
4.999999999999969746e-05
4.374999999999951844e-05
4.375000000000038580e-05
3.750000000000020678e-05
3.750000000000020678e-05
3.749999999999933942e-05
3.125000000000002776e-05
2.499999999999984873e-05
1.875000000000053707e-05
3.125000000000002776e-05
1.874999999999966971e-05
2.499999999999984873e-05
2.500000000000071609e-05
2.499999999999984873e-05
3.125000000000002776e-05
3.125000000000002776e-05
3.125000000000002776e-05
3.125000000000002776e-05
4.374999999999951844e-05
3.125000000000002776e-05
3.125000000000002776e-05
3.125000000000002776e-05
3.750000000000020678e-05
3.125000000000002776e-05
3.125000000000002776e-05
3.125000000000002776e-05
3.125000000000002776e-05
2.499999999999984873e-05
2.499999999999984873e-05
2.499999999999984873e-05
3.125000000000002776e-05
2.499999999999984873e-05
2.499999999999984873e-05
2.500000000000071609e-05
2.499999999999984873e-05
1.874999999999966971e-05
1.875000000000053707e-05
1.874999999999966971e-05
1.874999999999966971e-05
1.875000000000053707e-05
1.249999999999949069e-05
1.875000000000053707e-05
1.874999999999966971e-05
1.874999999999966971e-05
1.875000000000053707e-05
1.874999999999966971e-05
