-1.202859525761823534e-05
-1.202859525761823534e-05
-6.278614423926853760e-06
5.055891845628934789e-06
1.946778317041264472e-05
4.570235343592798927e-05
4.373353444986349814e-05
3.545214728717382968e-05
7.001049376764711951e-05
8.592676180896319238e-05
8.516830508042971815e-05
8.098823884505890192e-05
1.082153784910389049e-04
1.147037849458243386e-04
1.610893610966002143e-04
1.475835349973309008e-04
1.975893411847451375e-04
1.896683428963541473e-04
1.823493109576190818e-04
2.545417626445001247e-04
2.317285974298144424e-04
2.908990191352600618e-04
2.517273128210817390e-04
2.793786598314085268e-04
2.417106556134029915e-04
2.376411114726195706e-04
2.363611001685583801e-04
2.496295199989617686e-04
2.843068425990580295e-04
2.346717241969997758e-04
2.482600983189087174e-04
2.967543190779409201e-04
2.575012075354266017e-04
2.594513755180827275e-04
2.818652333482773997e-04
2.834149341737202121e-04
2.832894551518805315e-04
2.546082159300411263e-04
2.805431829706606095e-04
2.876019385675832041e-04
3.041568455897092349e-04
2.798129854788555804e-04
3.362868545790931307e-04
2.846027550305052500e-04
2.702635716644863351e-04
2.893196724782498563e-04
2.845240965392292765e-04
2.923081116499304244e-04
2.877528357263514636e-04
3.016528477326474444e-04
3.202823974826074505e-04
3.337260073816850081e-04
3.076771235752673306e-04
3.454211275002450066e-04
3.315241963228743316e-04
3.030666540899673578e-04
3.439667014104585974e-04
3.237224559766715970e-04
3.597181432546392443e-04
3.584162273986279956e-04
3.506798659520526940e-04
3.480784538316683552e-04
3.337775287137745295e-04
3.366184110245029615e-04
3.368560461094460834e-04
3.434506546433624408e-04
3.517449262373517627e-04
3.502143398126378315e-04
3.587363679846689024e-04
3.474689858915525065e-04
3.629775395523893167e-04
3.532400547818781433e-04
3.791778579218529899e-04
3.711285604746095146e-04
3.604442757545456288e-04
3.317768848498658940e-04
3.370705585208355615e-04
3.193948365751708707e-04
2.703721908892120496e-04
3.228549311371509134e-04
2.725532115759321528e-04
3.251703956568263720e-04
3.619031573443010075e-04
2.801205925919703077e-04
3.110157698937854320e-04
3.208087884640775655e-04
2.951494467966497837e-04
3.141053503510349287e-04
3.369561282973165817e-04
3.097163451313278415e-04
3.044307169428606130e-04
3.010559400946632991e-04
3.052105479977029745e-04
3.092368293264868839e-04
2.817148578495576317e-04
3.284690509817167481e-04
3.119463801706245931e-04
3.856033673574899012e-04
3.575221181320031860e-04
3.064310119986757286e-04
3.341147535911304089e-04
3.032144291825744631e-04
2.923104379100038841e-04
3.157272826559420764e-04
4.016336055716607234e-04
3.955014530685474483e-04
3.536076798704712587e-04
3.190032243756135699e-04
3.031579682364338169e-04
3.817957473408739588e-04
3.228886832502553261e-04
3.001848697863351845e-04
3.176014793071502140e-04
3.445606165390913134e-04
3.345698151306919499e-04
3.523463175261198899e-04
3.141687350360911068e-04
3.360542175583347557e-04
3.278515528117864619e-04
3.247168421012247563e-04
3.167193836439707866e-04
3.136113422668174167e-04
3.047357449927901030e-04
2.818659676639967415e-04
3.033263206715375304e-04
3.058385426060183931e-04
3.104138895277941401e-04
3.092493427976350517e-04
3.231103588969830298e-04
3.101456110279343648e-04
3.024788328787053615e-04
2.861908565057191822e-04
3.045305642723761252e-04
2.976000916881105240e-04
3.097011488684131564e-04
2.954390255816008448e-04
3.296430261361393832e-04
3.130173000620573021e-04
2.915258504385676019e-04
2.847702042254596222e-04
2.827877926616650939e-04
3.104399620506015367e-04
3.223794199547214134e-04
3.166060668799985933e-04
3.333010270738512304e-04
3.414238047696471767e-04
3.513790693849827562e-04
2.845314577371027553e-04
3.109163943104675809e-04
3.306353467378286837e-04
3.389150277026686808e-04
3.384458433712822512e-04
3.380809296080755644e-04
3.323140862159235098e-04
3.588400581184814087e-04
2.708609256591998360e-04
3.034014612532942579e-04
3.152382173547962907e-04
3.190011290463701243e-04
2.901032319595486797e-04
3.094560580718663800e-04
2.714615368004658080e-04
2.543382342796718376e-04
2.704299485527528191e-04
2.396718623263183190e-04
2.969047687377823763e-04
2.728715896918032513e-04
3.094903625040501538e-04
2.744282978062173584e-04
2.841241933575489043e-04
2.816211194618389868e-04
3.511762924413019960e-04
2.961623679178515545e-04
3.211966509217845100e-04
3.258514912038990019e-04
2.809624008452971111e-04
3.069872709424714685e-04
3.329230533468674480e-04
3.103511061324226716e-04
3.161125629134176052e-04
3.076883535708674344e-04
3.211581974245092397e-04
2.969634350877825568e-04
2.985890058333495745e-04
3.527956554822964108e-04
3.837621713937977574e-04
3.490672119257354211e-04
3.230075510609609069e-04
3.048004565169293301e-04
3.678608802513139153e-04
3.241260028632453327e-04
3.202022887194289069e-04
3.251521858294026401e-04
3.481484007235025047e-04
3.845332963807734927e-04
3.545877276724951344e-04
3.629740175981055472e-04
3.134632516461621776e-04
3.203769258606214976e-04
3.363249943584278867e-04
