4.999999999999999562e-05
4.999999999999999562e-05
5.000000000000000917e-05
2.499999999999998426e-05
2.500000000000001136e-05
4.999999999999999562e-05
2.500000000000001136e-05
2.500000000000001136e-05
4.999999999999996851e-05
-6.499999999999999702e-04
0.000000000000000000e+00
0.000000000000000000e+00
2.500000000000001136e-05
0.000000000000000000e+00
2.499999999999995715e-05
2.500000000000001136e-05
0.000000000000000000e+00
0.000000000000000000e+00
2.500000000000001136e-05
7.500000000000000698e-05
9.999999999999999124e-05
1.000000000000000048e-04
5.000000000000000240e-05
7.499999999999999343e-05
1.249999999999999755e-04
7.500000000000003409e-05
7.499999999999997988e-05
1.000000000000000454e-04
9.999999999999993703e-05
1.000000000000000454e-04
7.499999999999997988e-05
7.499999999999997988e-05
7.499999999999997988e-05
7.499999999999997988e-05
5.000000000000013115e-05
4.999999999999991430e-05
4.999999999999991430e-05
2.500000000000006557e-05
7.499999999999997988e-05
5.000000000000013115e-05
7.499999999999997988e-05
2.499999999999984873e-05
2.500000000000006557e-05
7.499999999999997988e-05
5.000000000000013115e-05
4.999999999999991430e-05
2.500000000000006557e-05
0.000000000000000000e+00
4.999999999999991430e-05
7.499999999999997988e-05
7.499999999999997988e-05
7.499999999999997988e-05
7.499999999999997988e-05
5.000000000000013115e-05
5.000000000000013115e-05
7.499999999999997988e-05
4.999999999999969746e-05
5.000000000000013115e-05
5.000000000000013115e-05
2.499999999999984873e-05
5.000000000000013115e-05
2.499999999999984873e-05
2.500000000000028241e-05
2.499999999999984873e-05
5.000000000000013115e-05
0.000000000000000000e+00
0.000000000000000000e+00
2.499999999999984873e-05
0.000000000000000000e+00
2.499999999999984873e-05
2.500000000000028241e-05
0.000000000000000000e+00
2.499999999999984873e-05
2.499999999999984873e-05
2.500000000000028241e-05
2.499999999999984873e-05
2.499999999999984873e-05
2.500000000000028241e-05
2.499999999999984873e-05
2.499999999999984873e-05
2.500000000000028241e-05
2.499999999999984873e-05
5.000000000000013115e-05
2.499999999999984873e-05
5.000000000000013115e-05
5.000000000000013115e-05
2.499999999999984873e-05
2.499999999999984873e-05
2.500000000000028241e-05
4.999999999999969746e-05
5.000000000000013115e-05
5.000000000000013115e-05
4.999999999999969746e-05
5.000000000000013115e-05
7.499999999999997988e-05
2.499999999999984873e-05
5.000000000000013115e-05
5.000000000000013115e-05
7.499999999999997988e-05
2.499999999999984873e-05
7.499999999999997988e-05
5.000000000000013115e-05
2.499999999999984873e-05
5.000000000000013115e-05
4.999999999999969746e-05
7.500000000000041356e-05
2.499999999999984873e-05
2.499999999999984873e-05
5.000000000000056483e-05
4.999999999999969746e-05
2.499999999999984873e-05
0.000000000000000000e+00
4.999999999999969746e-05
5.000000000000056483e-05
2.499999999999984873e-05
4.999999999999969746e-05
5.000000000000056483e-05
4.999999999999969746e-05
2.499999999999984873e-05
0.000000000000000000e+00
2.499999999999984873e-05
2.500000000000071609e-05
2.499999999999984873e-05
2.499999999999984873e-05
0.000000000000000000e+00
2.499999999999984873e-05
4.999999999999969746e-05
0.000000000000000000e+00
5.000000000000056483e-05
2.499999999999984873e-05
4.999999999999969746e-05
5.000000000000056483e-05
7.499999999999954620e-05
7.500000000000041356e-05
7.499999999999954620e-05
5.000000000000056483e-05
7.499999999999954620e-05
7.500000000000041356e-05
7.499999999999954620e-05
4.999999999999969746e-05
1.000000000000002623e-04
7.500000000000041356e-05
7.499999999999954620e-05
5.000000000000056483e-05
7.499999999999954620e-05
2.499999999999984873e-05
5.000000000000056483e-05
7.499999999999954620e-05
5.000000000000056483e-05
4.999999999999969746e-05
1.000000000000002623e-04
9.999999999999939493e-05
7.500000000000041356e-05
9.999999999999939493e-05
7.500000000000041356e-05
1.000000000000002623e-04
7.499999999999954620e-05
7.500000000000041356e-05
4.999999999999969746e-05
4.999999999999969746e-05
5.000000000000056483e-05
2.499999999999984873e-05
4.999999999999969746e-05
2.499999999999984873e-05
2.500000000000071609e-05
4.999999999999969746e-05
4.999999999999969746e-05
7.500000000000041356e-05
4.999999999999969746e-05
7.500000000000041356e-05
7.499999999999954620e-05
5.000000000000056483e-05
4.999999999999969746e-05
7.499999999999954620e-05
5.000000000000056483e-05
7.499999999999954620e-05
5.000000000000056483e-05
4.999999999999969746e-05
4.999999999999969746e-05
2.500000000000071609e-05
4.999999999999969746e-05
4.999999999999969746e-05
2.500000000000071609e-05
0.000000000000000000e+00
4.999999999999969746e-05
0.000000000000000000e+00
0.000000000000000000e+00
2.499999999999898137e-05
0.000000000000000000e+00
2.500000000000071609e-05
0.000000000000000000e+00
2.500000000000071609e-05
0.000000000000000000e+00
2.499999999999898137e-05
2.500000000000071609e-05
2.499999999999898137e-05
2.500000000000071609e-05
0.000000000000000000e+00
4.999999999999969746e-05
2.500000000000071609e-05
