-8.788954131588866403e-05
-4.635464828339763699e-05
-6.994004817073573577e-05
-8.756754008842904113e-05
-7.912072684845838921e-05
7.311016456412744446e-05
-1.197942706134824675e-04
-5.934733467327646395e-05
1.206901363204337940e-05
-8.799559396166500846e-05
4.296679342985498806e-05
-2.574773134256247431e-06
-5.377414191443108393e-05
-1.632361671219939581e-04
-1.413365998956805925e-04
3.731390416561453094e-05
-3.568670700815346208e-05
-1.367590757617165309e-04
-7.569261013884442946e-05
-1.259934845556642813e-04
4.475645688017948487e-05
-5.288463965413825463e-05
7.803704624720353422e-05
1.384098109262765774e-04
2.166210592626782727e-04
-3.139170913968314380e-05
1.598912836122678982e-04
1.675607988005367588e-04
5.417811498631408540e-05
2.840767356211415517e-04
1.737556188849964656e-04
4.608958236573812428e-05
9.267335450147129450e-05
1.604262449461657525e-04
2.190922097469183427e-04
1.283959091686881493e-04
1.063811838513117891e-04
2.281877757184247457e-04
2.173837472128070658e-04
4.048509140375244897e-04
7.353442333268844777e-05
3.609774808701615711e-04
4.732886540992353730e-05
-2.439394686390983225e-04
1.001425464366434426e-04
1.053198261899979116e-04
2.730912636721427589e-04
3.418062124573850724e-04
1.651383225613756167e-04
-1.672004341273236605e-04
1.965375510977196427e-04
2.105877162641434097e-04
3.117709080342478956e-04
3.823211795506153976e-05
-8.110600912942800278e-04
3.647897901259966602e-05
-7.021430468512335210e-05
3.406100745131368512e-04
8.014628904362552930e-05
2.408243261768916454e-04
6.380056894528252087e-04
5.692999729980385837e-04
3.653852521878775406e-04
3.178279547348950018e-04
8.819234881229931489e-05
5.433747077887574051e-05
2.566725125383584327e-04
2.955004839080288548e-04
2.890912600861383908e-06
3.197934248895251130e-04
2.726123923793011272e-04
3.588367454128160716e-04
5.188200257819630679e-04
1.319143671452138733e-05
5.676195267767525365e-05
4.533964364270559599e-04
4.521237057950600047e-04
1.365501355650167170e-04
-1.938587911709532818e-05
-9.045216578229542392e-05
-1.694470233459810515e-05
2.625961861220105220e-04
-2.716148877084378910e-04
6.277141773978200945e-04
3.724366366597564593e-04
8.905279661775011846e-05
5.347649460674119837e-05
3.360935165872547259e-04
3.047927180723775109e-04
1.676874985214737990e-04
6.744210580933440724e-05
3.247523233511628860e-04
1.795420855081886202e-04
-8.997995704262962136e-05
1.896308314783823334e-04
4.696793639276108934e-04
4.624450910490907063e-04
6.524865876222918359e-04
5.751597868126623325e-04
5.561665580557928479e-04
-2.424372107867611703e-05
2.515243683944845543e-04
-2.047484760971940432e-04
6.123037478324988570e-04
3.746704254794508415e-04
3.327636580756632156e-04
4.422464875588616451e-04
3.117802549219561570e-04
5.531638104336877859e-04
3.452727910975283976e-04
6.434549720530924333e-04
4.657122266849000880e-04
3.516357442734374672e-04
6.367609022959186404e-04
7.977403219356915542e-04
5.205272818749051567e-04
4.789113381420406768e-04
5.208209599629753939e-04
2.222195727874520799e-04
1.793000359029406354e-04
8.107133471213501252e-05
3.973558787642161860e-04
3.833524623857442748e-04
6.635905731613434000e-04
4.799572319029721257e-04
6.252135229409816475e-04
3.598245299727409474e-04
5.390007582697364796e-04
2.591901189923362381e-04
7.978343577761393135e-04
5.136248903845341829e-04
3.879651007103745997e-04
4.919182351805773123e-04
3.187717613180041099e-04
3.817235737813007290e-04
8.769140377076212189e-04
3.455149101014853841e-04
6.530196036536040083e-04
3.605080708268815215e-05
-3.548588805557528758e-05
4.549447285704388833e-04
6.047069971693019852e-04
3.390040887403245051e-04
6.532834781225460574e-05
2.433083183852602360e-04
7.052966653233738725e-04
-2.098778006924817419e-04
2.463404773962452055e-04
4.604538771211252879e-04
5.063785093923911518e-04
3.593474635934512662e-04
8.550578259693963901e-04
3.562423342415854677e-04
5.234089114019013778e-04
3.791159252237719102e-04
-1.588541343622296154e-05
5.737478218570402078e-04
8.531856395634918044e-04
4.344743595723343788e-04
1.168687002500945482e-03
3.328075110076156307e-04
3.243291958412442000e-04
4.713523122674700971e-04
4.359892522671771076e-04
4.618427465175045654e-04
9.784420367964230536e-05
7.704697748600608520e-04
1.653791438585017204e-04
2.811851395101427897e-04
-3.205811454343177047e-04
3.474203193327696226e-04
4.825486792050526219e-04
2.524142298305775967e-04
3.908297314083597485e-04
1.452591975237282895e-04
3.580910154887817498e-04
5.886863517474694163e-04
4.990762629084599666e-04
3.036018921385164049e-04
3.747960179367737510e-04
5.321538725056029762e-05
1.226708526615993833e-04
3.155276242594595715e-04
6.303310127542260943e-04
2.267491198431059729e-04
2.527222409298701677e-04
5.261076205798076444e-04
1.854832250884896894e-04
1.023357316068285172e-03
3.264387880399510777e-04
1.764655915792445739e-05
3.063331882771080927e-04
4.909841954656712915e-04
4.097193698662238148e-04
2.765083406472967908e-04
8.949612576181209533e-04
3.050546943015319812e-04
3.664767123510159763e-04
7.517659439386648046e-04
