-3.608280665012841837e-05
-3.608280665012841837e-05
-3.186847789748981086e-05
2.485019130915588903e-06
-5.768655777060871515e-06
-2.652641897071816857e-05
-3.111716917381102121e-05
-3.820354900518907471e-05
-5.628316749550776876e-06
6.996367105749357052e-05
-1.146140708563336830e-05
4.787763343827577955e-05
5.007999344108782225e-05
3.746017117656208484e-05
2.363036382746486197e-05
1.434481472628590382e-05
8.736014538790470851e-05
1.068380479587460741e-04
9.248830063590673944e-05
1.198186588808880515e-04
1.222907519196070325e-04
1.785333755428553104e-04
7.761110737014575989e-05
1.174840024198431365e-04
1.572961887497115185e-04
1.931175884415381461e-04
2.438500231836115972e-04
1.612931010779306007e-04
1.590426668673927679e-04
9.489078953528462534e-05
2.655018783137563787e-04
2.735180333175435408e-04
2.527378452121809005e-04
1.822911412219241356e-04
1.768333842804281630e-04
2.293336211121044244e-04
1.817764660057008541e-04
2.208598544903850325e-04
2.406482038157520265e-04
2.738770925816425006e-04
2.306653661889868090e-04
2.032030034371246074e-04
2.392099091927946120e-04
1.787895002980377512e-04
1.191268154769886678e-04
2.240130566288911496e-04
2.512637030687159267e-04
2.324639575697062810e-04
1.943877871806165558e-04
2.208968337491512557e-04
2.740802384852969453e-04
2.615907634435643558e-04
2.382024168294805122e-04
2.607028824890278429e-04
2.361204798386751236e-04
1.817544916544733269e-04
2.922620080365589956e-04
2.883359962346787597e-04
2.866623095432174750e-04
2.419771396500181027e-04
3.217244577484734691e-04
3.574039659550720671e-04
3.257421199371890452e-04
3.012866974430039591e-04
2.629413514885214909e-04
2.358455165332173920e-04
2.532659628062816637e-04
4.068051128029992469e-04
3.094065680304680654e-04
2.872035319256838193e-04
3.257302863453048758e-04
3.341032941559518576e-04
4.345757493329216459e-04
3.441156732417738340e-04
3.090722526266631576e-04
3.244225893332952637e-04
3.625301027270211307e-04
3.792835998090993144e-04
3.704345643136264243e-04
3.299692729168413052e-04
2.830683062402528094e-04
3.450117198884328218e-04
4.235848816147580465e-04
3.102639143612861972e-04
3.724696242972669324e-04
3.347063007996808892e-04
3.380570648001679501e-04
3.688928954392878268e-04
2.985363142791186419e-04
3.343221368208304511e-04
3.229512987541482971e-04
3.406802414254173073e-04
3.406781099020150805e-04
3.778592154137783155e-04
4.002956587960682100e-04
4.159022510776821946e-04
4.117151517295525309e-04
4.476702663680498517e-04
4.277539236454686034e-04
4.548242277788716592e-04
4.534839553507197252e-04
3.491659700305405067e-04
4.333574189789857201e-04
4.350526535947807361e-04
4.942857055478810935e-04
4.874051710359594836e-04
4.672074877696275053e-04
4.690863796810162967e-04
4.810216457098448473e-04
3.808522299912908693e-04
3.910966042734997927e-04
3.979382901651007387e-04
3.570954680931492931e-04
3.692281395526464394e-04
3.677403616357821647e-04
3.353762440738705664e-04
3.659148763190955833e-04
3.676964369230262264e-04
4.073655312009094587e-04
3.853438465419856129e-04
3.219595134318353757e-04
4.170347095033832829e-04
4.000926268545867970e-04
3.247675554938211917e-04
3.818062579465930639e-04
3.299200635193955122e-04
3.116578296946670434e-04
3.260933395115017674e-04
3.574729625217543116e-04
3.100365864412424344e-04
3.260614153077767696e-04
3.514966700901567265e-04
3.402144622572933486e-04
3.596386386597316687e-04
3.639866092584043145e-04
3.810064706257776379e-04
4.253814662575905459e-04
4.029925598771910700e-04
4.331589742374575280e-04
3.655533455155790534e-04
3.246293592695792540e-04
4.137008188838109390e-04
4.219524978541500104e-04
4.002411856482979147e-04
3.585641969969799447e-04
3.833462776459128918e-04
4.643631623295618738e-04
4.100974524750000683e-04
3.898583417232259762e-04
3.951886875945831434e-04
4.172057027371778304e-04
3.961617715368959125e-04
4.752806423322653018e-04
4.003880490000000236e-04
4.184257573118799201e-04
3.845454897728473043e-04
3.931856898375940546e-04
4.321822642250339186e-04
4.206563035200616696e-04
3.953182423881429486e-04
5.462160197620136159e-04
4.790461053225669730e-04
4.495432093207796242e-04
4.254508720897831608e-04
3.964035227443929443e-04
4.586302418854160123e-04
4.495068897973908406e-04
5.116267273184149644e-04
4.696314912546739606e-04
4.806963021053434204e-04
4.487188689736854030e-04
4.843592824581577361e-04
5.328823131609539132e-04
4.561393200539498594e-04
5.228346972536712656e-04
4.859800983982864864e-04
6.091691991301217968e-04
5.534995818283761082e-04
5.273562309717760854e-04
5.259535689123850943e-04
5.194538489856626029e-04
5.079398985792238364e-04
4.705112082561413445e-04
4.992453436205579465e-04
5.061459711068749812e-04
5.561010856585113515e-04
5.263797894627941787e-04
4.735253370142800122e-04
4.662738513836472976e-04
5.414126738276792139e-04
5.023319669756887151e-04
4.921267639002024907e-04
4.985954318676988350e-04
5.191962955990447881e-04
4.857688210204713641e-04
4.629476190913806022e-04
5.581157833276506608e-04
4.487436486932949720e-04
4.397384618890498587e-04
4.797589570557647676e-04
