-3.493815530219990251e-06
-3.493815530219990251e-06
-4.690099222770527376e-05
3.159649118344987073e-05
9.749092922461954913e-05
6.566320371703682213e-05
-1.215983298408218616e-05
4.542386485439919852e-05
-2.123734678249888930e-05
-1.069243904794348055e-05
8.643734091506871664e-05
1.046535645841117912e-04
2.274329342100145368e-05
1.916973180442482771e-04
1.316266975202040612e-04
4.474536366672055010e-05
3.678779332005888136e-05
8.451646209195473602e-05
3.285148333560528044e-04
3.302533670570539925e-04
1.785423622564508150e-04
-1.075712408713513923e-04
-1.497393926861434466e-04
4.053023018357748697e-05
-2.421664670393397500e-05
-1.341603029949567372e-04
-9.501436436210042302e-05
6.679933985509478589e-05
5.798132369250197371e-05
4.391580074170065018e-05
3.302620122198618446e-04
3.805870713620151946e-04
-1.129846827190306158e-04
-1.038387618343961094e-04
-7.555689725080583230e-05
-2.018181843865818337e-05
5.660807172347404048e-06
1.848880596746482752e-04
1.367218452656970840e-04
-1.828735146958138102e-05
1.818114874296838934e-05
-9.063113643748010873e-05
-1.345411511195493404e-04
-3.400888809359514653e-04
-1.438581736330490912e-04
-3.898604820307127738e-05
6.718173546360617365e-05
8.613613980656964486e-05
6.109287984301658980e-05
-1.530182758777698382e-04
-3.174842775379715931e-04
-5.868221846938581621e-05
-1.017282407040909220e-04
-1.606733370067559008e-04
6.184913402407232752e-05
-3.078003811793905697e-04
-4.334168029842544456e-04
-1.376173751275189261e-04
-2.660528731830424931e-04
-1.631431071089650686e-04
-1.567536952471471068e-04
-9.785498092895750233e-05
-2.629932388451550196e-04
-8.879142939832718184e-05
7.302695159694394533e-05
3.824471900024661863e-04
3.555131059513882974e-04
2.043816148358246210e-04
2.491658797403317749e-04
1.133516107429954900e-04
1.383992826511359908e-04
2.184152799848959603e-04
1.477181884084188823e-04
7.657908086144971094e-05
1.673787125966441636e-05
-1.428714697837563108e-05
2.373692846582287075e-04
1.133938049235894141e-06
2.148512718740391847e-04
3.418373254895357150e-04
3.422952450193861296e-04
3.236467314735591572e-04
4.317257186592371454e-04
3.289269301305353110e-04
3.453724245936484749e-04
1.809922393718466083e-04
3.616884839594547429e-04
2.711438872857740989e-04
5.211955955530811480e-05
-1.591090469084122105e-04
3.354078598505338960e-05
6.504163167164733750e-06
-6.197921335271416865e-05
-9.185559638780205205e-05
1.101334621758098820e-04
-8.474323514917614375e-06
-1.385033164211790790e-04
3.931648224408945680e-05
-1.556854032038756941e-04
-1.184674680487773912e-04
8.667347172419681556e-05
-9.560950075027108142e-05
1.924432930557884447e-04
2.061056090063573265e-04
2.329928959845517511e-04
9.392966653010148548e-05
1.431007500585224079e-04
4.089508088895854598e-04
5.176819154861789229e-04
5.036649040768281793e-04
6.945687197585925787e-04
2.963020528525817099e-04
2.761089562639540418e-04
2.985605450582795584e-04
2.636120590189250379e-04
1.350049747514958653e-04
2.760932439151986273e-04
-1.488424578965918954e-05
-1.960656843280617068e-05
7.311298829293377821e-05
1.346605021659286194e-04
1.337643980079405992e-04
3.686919108432107350e-04
2.608210176795466850e-04
1.172592057727683823e-04
6.148135014427680289e-07
4.484870851229061373e-05
1.768783392215311778e-04
1.048725931269700595e-04
1.798125316767595905e-04
9.782096856980615485e-05
2.665135642665461546e-04
1.943985054140284774e-04
1.715299271261017111e-04
-1.106807889783567589e-05
8.600951639081699795e-05
1.004474997294835248e-04
-6.347936583139812683e-05
1.261966195009733838e-04
-1.991081686867346434e-04
-3.601299481204023323e-05
-5.669940804153839053e-05
-1.476324164748632484e-04
-6.965470694808573171e-05
3.649507013747665951e-05
2.043547308403503848e-04
4.155008640935875519e-04
4.120873363149257784e-04
2.947899098799666717e-04
3.294519659498007513e-04
2.052945238730785604e-04
1.951189991551416369e-04
2.908713160820752819e-05
1.935989920873737447e-04
1.686335229038604666e-04
1.852762026537391193e-04
1.334312370175894102e-04
-8.136726136243055407e-05
4.135158025775353963e-06
-1.999294245713656437e-04
-3.814640919514999950e-04
-3.483696695063542847e-04
-1.472398657718088089e-04
-2.435306322290387016e-04
-2.802759147613187451e-05
-1.188532865050717646e-04
-4.134416231202919789e-04
-4.269904558604764588e-04
-1.106660719401020287e-04
-1.278181594344118821e-04
-3.098681635762545739e-04
-1.753224321774382588e-04
-1.011368034973259000e-04
-4.044096454336454372e-05
-3.592778987808742386e-04
-2.238919828592145223e-04
-1.878902297960394208e-04
-6.306809893530385125e-05
-8.464119467532782437e-06
-8.834793272072261061e-05
-1.911849233948714755e-04
-4.348588083438187368e-04
-3.010522483499755708e-04
-2.218551965142978588e-04
-3.241580188024784093e-04
-2.725311586893042204e-04
-2.808506107747632541e-04
-3.177625145411866470e-05
-9.573795577821897496e-05
-1.272152029159201447e-04
-2.968651423174151205e-05
-2.586349549247302093e-04
-1.197669907178067206e-04
7.969834110355122903e-05
5.543891569459447055e-05
2.601531200241424813e-05
9.604376247196455552e-05
1.303591258050573742e-06
2.250122039093582771e-04
2.129874733931558239e-04
