8.507059882312262289e-06
8.507059882312262289e-06
1.528792827065750259e-05
2.203695015734474794e-05
2.549701147991356720e-05
3.665974798772175802e-05
2.655046253430271008e-05
3.674036020862025964e-05
4.490931883061044516e-05
5.013728739489131669e-05
5.317610607780132170e-05
5.745433134274335885e-05
5.821662259553050944e-05
7.215826205886344269e-05
7.323166116557366934e-05
7.539801879641316873e-05
7.952009596823295112e-05
7.061444992673138188e-05
9.002707803817955323e-05
9.469557142294249275e-05
9.094872010262378126e-05
7.164451192553933367e-05
7.918219453273422914e-05
9.035022466119535522e-05
9.034598953183703429e-05
1.022971247033321873e-04
1.038950220448864314e-04
9.765606583522767892e-05
9.475012192661225185e-05
1.090896909172744955e-04
1.228348511583821079e-04
1.311836031518964774e-04
1.367848618043510101e-04
1.400634150907631437e-04
1.367288063458538261e-04
1.500022347429297298e-04
1.512432880399483537e-04
1.732489015848770464e-04
1.576488809957865556e-04
1.581181372019013764e-04
1.518862435641032960e-04
1.492271126046773588e-04
1.524788446167768541e-04
1.521749711701492203e-04
1.620910876742875928e-04
1.580367309028662959e-04
1.535875111342566157e-04
1.583358667853751456e-04
1.649913828758453604e-04
1.420307857329383694e-04
1.320565289770758710e-04
1.491649626330637801e-04
1.572994265899296806e-04
1.638859298893624583e-04
1.568453908358247162e-04
1.419078881226276678e-04
1.502500200969425492e-04
1.527771374267850035e-04
1.506635276007362023e-04
1.368591847299427400e-04
1.431694674314254456e-04
1.394618640069289484e-04
1.522401271565332337e-04
1.624134147584221921e-04
1.556897989438699170e-04
1.642257045395556503e-04
1.530826381259675628e-04
1.669815120266537889e-04
1.655045510404740128e-04
1.539733909694529501e-04
1.503944797907053044e-04
1.443703498382742367e-04
1.470470957232183906e-04
1.610439901131854867e-04
1.659391117465602861e-04
1.919034978985489914e-04
1.683749832852576844e-04
1.594061549727854299e-04
1.524829751331502337e-04
1.406646429402691467e-04
1.312228601513254489e-04
1.331308227803251754e-04
1.629789353934096852e-04
1.790198263567077674e-04
1.467286696754666053e-04
1.289040156944309956e-04
1.329540238312887368e-04
1.232819690772934962e-04
1.105483245296134953e-04
1.185107607899471560e-04
1.318505925766988440e-04
1.206927940600177607e-04
9.143230571795335493e-05
7.788672402564422725e-05
1.184871199222392590e-04
1.212219495034805306e-04
1.051575998709530779e-04
9.831391803816202923e-05
8.596509002689600720e-05
9.566237745439742923e-05
1.038947161171588363e-04
1.002381725438983295e-04
9.973861398915317977e-05
9.538403903319725430e-05
9.800061796116921187e-05
8.580959787529707228e-05
7.141218935857729377e-05
8.760060950319115136e-05
8.622974498151414480e-05
7.640886917270606205e-05
8.611687321979921705e-05
8.386588658115812223e-05
7.074645058535722342e-05
6.447746565552137099e-05
6.505045602289705187e-05
8.253277296432770527e-05
9.295098594663819824e-05
9.306145298682011457e-05
6.969750012908448866e-05
8.051579232803973696e-05
8.148774659688662325e-05
9.150179946937342379e-05
9.416742876910966231e-05
8.929834513060619372e-05
7.768859542389705553e-05
9.142700940478754035e-05
8.621088056592896010e-05
7.374209560895295112e-05
8.062583100687525928e-05
9.074254607455145560e-05
8.008860593156086338e-05
8.939580550015868710e-05
9.827163847475617331e-05
9.374487001201359249e-05
8.008225483524533672e-05
8.707144251851595129e-05
8.180350344777487237e-05
6.730000282195724992e-05
7.386660729169491901e-05
6.250484719227955566e-05
6.679525157471388752e-05
7.282680468057023404e-05
6.421553395341561554e-05
7.288191172505342763e-05
5.856870445297701622e-05
7.733836212042710656e-05
7.869918061942371423e-05
8.090245791136929654e-05
7.901959064215979822e-05
8.480870975491328068e-05
7.509676443473445318e-05
5.858426804405958421e-05
5.250839360915193765e-05
7.108812911460482553e-05
7.459100099826976304e-05
7.497031458569836104e-05
7.583225339136134835e-05
6.869123428798751263e-05
6.506103252346129295e-05
6.485847822745860469e-05
6.238643482037176113e-05
6.352895057060159445e-05
7.566105917367060840e-05
7.193290828100273870e-05
8.597610679994538430e-05
7.920354537849227938e-05
7.711228854878626748e-05
6.858511305374292988e-05
7.305872061103002579e-05
6.828410509718274568e-05
8.152659600391132244e-05
8.620974409101478386e-05
9.288114862715524112e-05
7.626810864946875768e-05
6.418543475783522467e-05
8.022397443174789089e-05
7.045676976891179777e-05
7.114831675636423824e-05
9.402745296283043785e-05
9.788051516790297057e-05
9.198215841466073073e-05
7.893122861224455278e-05
1.039854284745622692e-04
1.015269347133251898e-04
1.000449346755249991e-04
9.241519521663299486e-05
9.297919641326757301e-05
8.726104019340930051e-05
7.827944090021965451e-05
8.641038280177149034e-05
1.015016252092770799e-04
8.322922875714233726e-05
8.647165241137955149e-05
1.003701471553597457e-04
1.020058207905627512e-04
9.229750529926583624e-05
1.050263703983311814e-04
9.884386247649423751e-05
1.088328539020633201e-04
1.137983737606873547e-04
