5.999999999999997306e-04
9.000000000000004090e-04
6.999999999999996676e-04
5.000000000000000104e-04
7.000000000000001013e-04
9.999999999999991535e-04
2.000000000000005246e-04
9.000000000000006259e-04
-1.310000000000000053e-02
-4.000000000000001818e-04
-2.000000000000005246e-04
-1.999999999999996572e-04
-1.000000000000011297e-04
-9.999999999999939493e-05
1.000000000000002623e-04
-4.999999999999995767e-04
0.000000000000000000e+00
0.000000000000000000e+00
1.100000000000000283e-03
1.399999999999998468e-03
1.200000000000001413e-03
1.099999999999999416e-03
1.299999999999999940e-03
1.200000000000000112e-03
1.299999999999999723e-03
1.299999999999999940e-03
1.100000000000000066e-03
1.400000000000000203e-03
1.199999999999999678e-03
8.999999999999997585e-04
1.000000000000000888e-03
6.999999999999992339e-04
6.000000000000015737e-04
3.999999999999993144e-04
7.000000000000009687e-04
2.999999999999981848e-04
9.999999999999939493e-05
5.000000000000004441e-04
4.000000000000010492e-04
3.999999999999993144e-04
5.999999999999998390e-04
5.000000000000004441e-04
4.000000000000010492e-04
4.999999999999987094e-04
5.000000000000004441e-04
5.999999999999998390e-04
3.999999999999993144e-04
4.000000000000010492e-04
2.999999999999981848e-04
5.999999999999998390e-04
5.000000000000004441e-04
7.999999999999986289e-04
4.000000000000010492e-04
5.000000000000004441e-04
3.000000000000016542e-04
3.999999999999975797e-04
2.000000000000022593e-04
4.000000000000010492e-04
2.000000000000022593e-04
-3.000000000000051237e-04
9.999999999999939493e-05
-9.999999999999939493e-05
-9.999999999999939493e-05
-9.999999999999939493e-05
-2.000000000000022593e-04
-1.999999999999987899e-04
-3.999999999999975797e-04
-1.000000000000028644e-04
-9.999999999999939493e-05
-4.000000000000010492e-04
1.000000000000028644e-04
0.000000000000000000e+00
9.999999999999939493e-05
9.999999999999939493e-05
1.000000000000028644e-04
1.999999999999987899e-04
9.999999999999939493e-05
4.000000000000010492e-04
0.000000000000000000e+00
-1.000000000000028644e-04
1.000000000000028644e-04
3.999999999999975797e-04
7.999999999999986289e-04
8.999999999999980238e-04
8.000000000000020983e-04
8.000000000000020983e-04
6.999999999999992339e-04
9.000000000000014932e-04
7.999999999999986289e-04
7.999999999999986289e-04
8.999999999999980238e-04
1.000000000000004358e-03
9.000000000000014932e-04
9.000000000000014932e-04
6.999999999999922951e-04
1.000000000000004358e-03
7.000000000000061728e-04
6.999999999999922951e-04
4.000000000000045186e-04
5.000000000000004441e-04
4.999999999999935052e-04
3.000000000000016542e-04
3.999999999999975797e-04
2.000000000000057288e-04
3.999999999999975797e-04
5.000000000000004441e-04
3.999999999999975797e-04
3.999999999999975797e-04
3.000000000000085931e-04
1.999999999999987899e-04
1.999999999999987899e-04
2.999999999999947153e-04
1.000000000000098033e-04
9.999999999999592548e-05
1.000000000000028644e-04
2.999999999999947153e-04
3.000000000000016542e-04
1.000000000000028644e-04
9.999999999998898659e-05
2.000000000000126676e-04
9.999999999999592548e-05
1.000000000000028644e-04
3.999999999999975797e-04
1.999999999999987899e-04
3.000000000000016542e-04
1.999999999999987899e-04
3.999999999999975797e-04
8.000000000000020983e-04
5.000000000000004441e-04
7.999999999999951594e-04
1.200000000000006617e-03
1.299999999999995604e-03
1.000000000000000888e-03
1.400000000000005407e-03
1.499999999999987454e-03
1.400000000000012346e-03
1.799999999999989109e-03
1.500000000000008271e-03
1.600000000000004197e-03
1.799999999999989109e-03
1.600000000000011136e-03
1.700000000000000122e-03
1.799999999999996048e-03
1.399999999999998468e-03
1.399999999999998468e-03
1.500000000000001332e-03
1.099999999999989875e-03
1.300000000000009481e-03
1.299999999999995604e-03
1.500000000000001332e-03
2.099999999999990763e-03
1.899999999999998912e-03
2.200000000000021383e-03
1.899999999999985034e-03
1.700000000000020939e-03
1.399999999999998468e-03
1.599999999999990319e-03
1.500000000000001332e-03
1.199999999999992739e-03
1.200000000000006617e-03
1.399999999999984590e-03
9.000000000000119016e-04
9.000000000000119016e-04
1.099999999999989875e-03
1.000000000000000888e-03
1.099999999999989875e-03
1.200000000000020495e-03
1.299999999999995604e-03
1.499999999999987454e-03
1.799999999999996048e-03
1.300000000000009481e-03
1.500000000000001332e-03
1.099999999999989875e-03
1.200000000000006617e-03
1.299999999999995604e-03
1.299999999999995604e-03
1.100000000000003753e-03
1.200000000000006617e-03
8.999999999999980238e-04
1.100000000000003753e-03
7.999999999999951594e-04
1.100000000000003753e-03
7.999999999999951594e-04
6.999999999999922951e-04
8.000000000000090372e-04
5.999999999999894307e-04
5.000000000000281997e-04
3.999999999999837019e-04
5.000000000000004441e-04
1.999999999999918510e-04
3.000000000000085931e-04
5.000000000000004441e-04
5.000000000000004441e-04
7.999999999999951594e-04
4.000000000000114575e-04
1.000000000000000888e-03
8.000000000000090372e-04
7.999999999999812816e-04
7.000000000000061728e-04
