2.428715430587678148e-05
2.428715430587678148e-05
2.428715430587678148e-05
2.428715430587677810e-05
2.428715430587678487e-05
2.428715430587678487e-05
1.642824177875000134e-05
1.642824177874998778e-05
1.642824177874998778e-05
1.642824177874998778e-05
1.642824177874998778e-05
2.340799843937501549e-05
2.340799843937501549e-05
2.340799843937498839e-05
2.340799843937498839e-05
2.340799843937498839e-05
-3.286135041875002955e-06
-3.286135041875002955e-06
-3.286135041875002955e-06
-3.286135041875002955e-06
-3.286135041875002955e-06
2.428967566249999989e-05
2.428967566249999989e-05
2.428967566249999989e-05
2.428967566249999989e-05
2.428967566249999989e-05
2.351600718062497397e-05
2.351600718062497397e-05
2.351600718062502818e-05
2.351600718062502818e-05
2.351600718062502818e-05
5.360929493124981342e-06
5.360929493124981342e-06
5.360929493124981342e-06
5.360929493124981342e-06
5.360929493124981342e-06
3.091522120749997434e-05
3.091522120749997434e-05
3.091522120749997434e-05
3.091522120749997434e-05
3.091522120749997434e-05
1.824609407687495348e-05
1.824609407687495348e-05
1.824609407687495348e-05
1.824609407687495348e-05
1.824609407687495348e-05
1.541800117250003831e-05
1.541800117250003831e-05
1.541800117250003831e-05
1.541800117250003831e-05
1.541800117250003831e-05
2.267561057312493262e-05
2.267561057312493262e-05
2.267561057312493262e-05
2.267561057312493262e-05
2.267561057312504104e-05
1.850348134375002368e-05
1.850348134375002368e-05
1.850348134375002368e-05
1.850348134375002368e-05
1.850348134375002368e-05
2.352782983124990582e-05
2.352782983124990582e-05
2.352782983124990582e-05
2.352782983124990582e-05
2.352782983124990582e-05
1.613097149874998665e-05
1.613097149874998665e-05
1.613097149874998665e-05
1.613097149874998665e-05
1.613097149874998665e-05
1.802831615124993875e-05
1.802831615124993875e-05
1.802831615124993875e-05
1.802831615124993875e-05
1.802831615124993875e-05
1.017939775500007783e-05
1.017939775500007783e-05
1.017939775500007783e-05
1.017939775500007783e-05
1.017939775500007783e-05
2.321884761874990800e-05
2.321884761874990800e-05
2.321884761874990800e-05
2.321884761874990800e-05
2.321884761874990800e-05
2.037451296312497127e-05
2.037451296312497127e-05
2.037451296312497127e-05
2.037451296312497127e-05
2.037451296312497127e-05
8.067537723124981394e-06
8.067537723124981394e-06
8.067537723124981394e-06
8.067537723124981394e-06
8.067537723124981394e-06
1.668479350375000336e-05
1.668479350375000336e-05
1.668479350375000336e-05
1.668479350375000336e-05
1.668479350375000336e-05
1.111054526812507888e-05
1.111054526812507888e-05
1.111054526812507888e-05
1.111054526812507888e-05
1.111054526812507888e-05
1.933011518312510203e-05
1.933011518312510203e-05
1.933011518312510203e-05
1.933011518312510203e-05
1.933011518312510203e-05
2.536010166000017552e-05
2.536010166000017552e-05
2.536010166000017552e-05
2.536010166000017552e-05
2.536010166000017552e-05
1.169742207875017204e-05
1.169742207875017204e-05
1.169742207875017204e-05
1.169742207875017204e-05
1.169742207875017204e-05
1.788647277562501609e-05
1.788647277562501609e-05
1.788647277562501609e-05
1.788647277562501609e-05
1.788647277562501609e-05
2.065666765687507178e-05
2.065666765687507178e-05
2.065666765687507178e-05
2.065666765687507178e-05
2.065666765687507178e-05
1.484520462437504545e-05
1.484520462437504545e-05
1.484520462437504545e-05
1.484520462437504545e-05
1.484520462437504545e-05
4.880166255624793920e-06
4.880166255624793920e-06
4.880166255624793920e-06
4.880166255624793920e-06
4.880166255624793920e-06
1.361479749437512557e-05
1.361479749437512557e-05
1.361479749437512557e-05
1.361479749437512557e-05
1.361479749437512557e-05
1.772943296750014233e-05
1.772943296750014233e-05
1.772943296750014233e-05
1.772943296750014233e-05
1.772943296750014233e-05
2.073353712375020086e-05
2.073353712375020086e-05
2.073353712375020086e-05
2.073353712375020086e-05
2.073353712375020086e-05
1.582803426875001307e-05
1.582803426875001307e-05
1.582803426875001307e-05
1.582803426875001307e-05
1.582803426875001307e-05
1.072966211249993043e-05
1.072966211249993043e-05
1.072966211249993043e-05
1.072966211249993043e-05
1.072966211249993043e-05
1.518269535624987981e-05
1.518269535624987981e-05
1.518269535624987981e-05
1.518269535624987981e-05
1.518269535624987981e-05
2.315741791249995712e-05
2.315741791249995712e-05
2.315741791249995712e-05
2.315741791249995712e-05
2.315741791249995712e-05
2.310557920625006326e-05
2.310557920625006326e-05
2.310557920625006326e-05
2.310557920625006326e-05
2.310557920625006326e-05
1.872123555625004182e-05
1.872123555625004182e-05
1.872123555625004182e-05
1.872123555625004182e-05
1.872123555625004182e-05
2.172547546875009186e-05
2.172547546875009186e-05
2.172547546875009186e-05
2.172547546875009186e-05
2.172547546875009186e-05
2.438476246249994539e-05
2.438476246249994539e-05
2.438476246249994539e-05
2.438476246249994539e-05
2.438476246249994539e-05
3.045129203124979228e-05
3.045129203124979228e-05
3.045129203124979228e-05
3.045129203124979228e-05
