1.792533901934234564e-05
1.792533901934234564e-05
3.126266618558304344e-05
4.629262091349062302e-05
4.206186322797123012e-05
8.477853715405103685e-05
7.355162834343786926e-05
1.269722049013211063e-04
1.382053451131071142e-04
1.418026977084707596e-04
1.971510006342214183e-04
2.044369115754562927e-04
2.914075929041359814e-04
3.647617954829485143e-04
3.617797597481597904e-04
3.269017098030957413e-04
3.687071844176159630e-04
4.356948800285920242e-04
4.228846612583936349e-04
5.374627934688902542e-04
6.073064978302511463e-04
4.990869261511932109e-04
3.875472726520001743e-04
2.760412231701536712e-04
5.647437127418442060e-04
4.266130372414522753e-04
3.275636413775373512e-04
4.422920251716533357e-04
5.054115791249813583e-04
3.423520039458338715e-04
3.683700400198830494e-04
3.871993937831774701e-04
2.481121593227442190e-04
3.454111050800179328e-04
4.051577010191209638e-04
6.473525897252585537e-04
9.000628912261277037e-04
1.183225010771948860e-03
1.163674647923329530e-03
1.010392517864389106e-03
1.101477406518114321e-03
1.122019745887214981e-03
9.083266598537420577e-04
8.920371218579248307e-04
9.015632131657014270e-04
7.628157481534003637e-04
6.940073341024088904e-04
5.207335346373298535e-04
4.832831038292795256e-04
3.125201664193610895e-04
1.865564234719840897e-04
3.595470387622867747e-04
3.255478181074522581e-04
2.703973069291265574e-04
3.684693858190257743e-04
2.170427023688858981e-04
1.465764945685066323e-04
2.894408271014725642e-04
2.788687762933506065e-04
2.815742784108010710e-04
3.545173156158654137e-04
3.169694339728579280e-04
2.643084757654179384e-04
3.477786792611681221e-04
5.227643553933347675e-04
6.224462431649868677e-04
6.117738422730667480e-04
4.625879730646431653e-04
3.944346452389169144e-04
3.901414382951884363e-04
3.615257912503722082e-04
2.814726001361123053e-04
2.438765879286819427e-04
2.743966690648136364e-04
2.902470569399184797e-04
3.174762869964098400e-04
3.307724776426823610e-04
2.712266486977199520e-04
4.021235319946470099e-04
4.327445321141709655e-04
4.846071907174120952e-04
3.648406008434079695e-04
5.106072223135527111e-04
5.853894580898355571e-04
4.868193169986767543e-04
3.575580334000960647e-04
3.514553086976235363e-04
3.438592256266304048e-04
4.086785764947364896e-04
4.341885670609002545e-04
4.786600128952045452e-04
3.428864424517286125e-04
2.022512549046950880e-04
2.276659522770785316e-04
3.678729479386078083e-04
2.541487633376249278e-04
2.914722043545481256e-04
3.077497223085146061e-04
2.250572352586743818e-04
2.336843698049761997e-04
4.495531799371121906e-04
2.957016270013212988e-04
4.316282973420015878e-04
2.790530089455955931e-04
4.075561891738743725e-04
3.342293401811247122e-04
3.839885194008019198e-04
5.289279928604173620e-04
5.615141865948913846e-04
4.685563641597667583e-04
3.478793944200475607e-04
2.871908008845736049e-04
3.004851923957829740e-04
3.343524373384809678e-04
2.888522613559985075e-04
3.116498844732973339e-04
3.309154784378876002e-04
4.258446948544047927e-04
4.570019652856416315e-04
5.257831714118310629e-04
4.373045478889281412e-04
4.727450054460291540e-04
5.088661136376515515e-04
5.529954194702924042e-04
5.640265452875325991e-04
5.254438867954291936e-04
4.505972268713520634e-04
4.819979122530071436e-04
5.328171598169006984e-04
6.225034297440146247e-04
5.187043034471372493e-04
5.957335273709674084e-04
5.793691938968947852e-04
5.450161531772579337e-04
3.996480871464314077e-04
4.373260199539430459e-04
4.593887311834521370e-04
5.081406477511762887e-04
4.221056238851161879e-04
2.395463506559281086e-04
3.144037325721882326e-04
2.876044848107994767e-04
1.749865823974516843e-04
1.487311875454366827e-04
1.167921407407845891e-04
2.748688808491550617e-04
2.497413086217648015e-04
2.838046216862011306e-04
3.312260338947936589e-04
3.572918845033967727e-04
2.522454193716328064e-04
3.813442344053896704e-04
3.477782095284709385e-04
4.496203113344421354e-04
4.522630454424358959e-04
4.022119644577770714e-04
2.571909837953967326e-04
3.036538841065805627e-04
3.629114209822148496e-04
2.463798442295939140e-04
3.199637379225350742e-04
3.540589319417364322e-04
3.605051220638699760e-04
3.312930937813263199e-04
3.373995674582630500e-04
2.948410221232933281e-04
2.415969700830800093e-04
9.193392807205214012e-05
2.161957440129924635e-04
2.669592605304416111e-04
2.439806426366430969e-04
3.027478795818439039e-04
3.649632478595066232e-04
3.171355821098842398e-04
3.259565237847539265e-04
3.294080161158063902e-04
2.685279529455186776e-04
1.959431892810670206e-04
2.845982067185559572e-04
3.734524738199240801e-04
2.190415786955668409e-04
1.612723249273528836e-04
2.425095414899658408e-04
2.862523335291911053e-04
2.806365800189780657e-04
3.329133458507271826e-04
2.960520607420136230e-04
3.460135648563067434e-04
2.819352894629645334e-04
3.725554615012782733e-04
4.238389255668550959e-04
2.213591223014788056e-04
2.341916706640745360e-04
2.819746258495570146e-04
3.945169924346458856e-04
3.511304144119264947e-04
3.563838709670363869e-04
4.333387376220798615e-04
4.904005419010815103e-04
4.774658413086996234e-04
