-4.312867676371190894e-04
-4.312867676371190894e-04
2.169508945138504032e-04
2.041414528171745131e-04
5.179055321357341679e-04
-8.411594166994459595e-04
3.223402059210526234e-04
-4.750811810249307637e-05
-4.966070359972298796e-05
6.419748655484764418e-04
-1.089312451940443235e-03
-4.700329303933518813e-04
1.185842654180055498e-03
2.343840515955678493e-04
-3.290386552022160800e-04
4.023331990235457433e-04
8.619688981662048874e-04
-3.897100264473683101e-04
4.193587148891954677e-05
9.288834749321330398e-04
-5.541956136177284085e-04
9.458286701939048330e-05
8.572403389986147683e-04
6.187025769376734707e-04
-4.015693398753484092e-05
-2.397744874196674515e-04
3.302668845027701382e-04
5.605877098808862563e-04
3.463217210526465389e-06
-3.126071207756268150e-06
4.937425367590019681e-05
3.983321979972296624e-04
1.839680082825487575e-04
-6.870735242063713034e-04
7.497460672423821547e-04
1.813724795138504584e-04
5.582783580720222794e-04
4.964265741689774525e-05
3.125653194875344099e-04
-9.410690362229917269e-04
3.367779898656511617e-04
5.311406588725756800e-04
-3.692071679667584261e-04
9.588795780096949495e-04
2.164227779681438674e-04
-3.040569564515234816e-04
9.605635933088649270e-04
-5.126012970886432984e-04
-3.017524286177287324e-04
9.826611147423823869e-04
-4.911182527603877301e-04
5.583334625290864786e-04
1.292588146260386511e-05
-3.193238751343493650e-04
4.982112445512465806e-04
5.690486808310277894e-05
-1.583759788587263753e-04
5.766830700207762131e-04
-1.835121363324100294e-04
7.772913877146774703e-05
-7.527882492659298402e-05
4.880940647506923358e-05
-1.706925623545709619e-05
7.044566131024932593e-05
-6.009294626315754562e-05
4.022336461163436919e-04
-2.035173886537396809e-04
8.278269174598340552e-04
-4.328396540997231368e-05
-7.902975965374051115e-05
-2.711190723157889948e-04
6.725677942534622616e-04
6.193166300581722655e-04
-5.946173797008319495e-04
8.060372613296479249e-05
5.585284765540158430e-04
1.246988557465373432e-04
1.034603643628815434e-04
1.136806789958453440e-04
-2.329014885747923702e-04
7.447426342063710736e-04
2.060650418005544049e-04
-8.500130557382284263e-04
1.831907695927989521e-04
-5.879923248615012699e-05
9.188353992548477234e-04
-3.491208979667596163e-04
-1.709480836481983707e-04
1.818622742811634024e-04
8.110340905013845719e-04
-3.455124368739615620e-04
1.803969183324111852e-04
4.703887340373955062e-04
-1.491839016274244117e-04
2.922898065055405670e-04
-7.756127035997220642e-04
4.696425403947351862e-04
5.416364717936300588e-04
-7.922333756232684265e-05
9.785230627423809752e-04
2.012349992313033908e-04
-2.187999153462592827e-05
-2.852674804709222356e-05
8.580191578656509027e-04
6.009968932133707975e-06
-2.737464100706372278e-04
6.462374289667588423e-04
2.618545093005537200e-04
2.520112819265930837e-04
3.610563969459832517e-04
2.659788719778389404e-04
-2.995065614806100007e-04
4.876184650969526968e-05
1.525009525263163607e-04
-9.518730159265922919e-04
5.622661328531855518e-04
8.285928462714673565e-04
6.126837244570630669e-04
-3.627479881274237039e-04
-1.087769799487520173e-04
7.219904179778385833e-04
-3.039417259972226892e-05
-4.238758039404426359e-04
8.736997320304695780e-04
5.077825902243780776e-04
-3.147738171592820433e-04
-6.988312365844850937e-04
-5.443674776800556947e-04
9.117869248670348870e-04
1.270584711454310345e-04
-1.097577140415535724e-04
3.852173421038801449e-04
7.657944952493139779e-05
5.028720044252046883e-04
4.652411093088656968e-04
4.489307137119091795e-05
1.120941055304698619e-04
4.730823573808884408e-04
-2.329580243157908237e-04
3.002324036994463707e-04
2.593739159349045531e-04
-1.522700070775637182e-04
-2.775854143074671376e-05
-1.149133970447368397e-03
5.421785707243748087e-04
4.140531353241001800e-04
3.976019896537522080e-05
2.079056080443210386e-04
1.754517912493057386e-04
1.424531520221802849e-05
6.233589991274240960e-04
6.378182945623242506e-04
3.876458547867056570e-04
-3.003342434404442096e-04
-2.810824252216098662e-05
5.375244237229917510e-04
-5.062713170540175667e-04
6.437670053919680724e-04
-1.260340946911339688e-04
8.076438882908577865e-04
-2.479533907063721787e-04
-3.265084539265938890e-04
2.483274806523577682e-04
5.017861673836561398e-04
-8.672383944446013238e-04
1.317788376429363667e-03
-2.985976976842101560e-04
2.795145602188381373e-04
1.947108875415513862e-04
6.702169136288058104e-05
-1.239861384072157846e-05
6.370578164861494253e-04
-1.868524319459836935e-04
3.010433715235419361e-05
4.124663918019418063e-04
-4.550404537811622574e-05
-1.823473213573637008e-05
-2.745951470110793990e-04
-7.968001547645556237e-05
6.705999939473836213e-05
8.282888585761753741e-04
-5.784142478490288120e-04
-3.098708946855967261e-04
7.003810778296419570e-04
-1.659769941509715852e-04
3.850672451398903795e-04
5.189979868060953794e-04
4.258243922368419587e-04
-1.174162359875371986e-04
4.650927790401659934e-04
-1.920521154709017853e-05
-5.070834295304721406e-04
5.973766458822714343e-04
4.983645184321351673e-04
-1.758499659889195543e-04
4.453524184238229211e-04
-3.621964415720241304e-04
1.156305690337949832e-03
3.051904372299366064e-05
-1.194750631721606948e-03
