1.167775681465841242e-04
1.167775681465841242e-04
1.167775681465841242e-04
1.167775681465841242e-04
1.167775681465841242e-04
1.167775681465841242e-04
1.112990009787499920e-04
1.112990009787499920e-04
1.112990009787499920e-04
1.112990009787501004e-04
1.112990009787501004e-04
1.236616642874999606e-04
1.236616642874999606e-04
1.236616642874999606e-04
1.236616642874999606e-04
1.236616642874999606e-04
1.308875105912499399e-04
1.308875105912501568e-04
1.308875105912499399e-04
1.308875105912499399e-04
1.308875105912499399e-04
1.870571289962499016e-04
1.870571289962499016e-04
1.870571289962499016e-04
1.870571289962499016e-04
1.870571289962499016e-04
2.495133394712499737e-04
2.495133394712499737e-04
2.495133394712499737e-04
2.495133394712504074e-04
2.495133394712495400e-04
3.422503043875001205e-04
3.422503043875001205e-04
3.422503043875001205e-04
3.422503043875001205e-04
3.422503043875001205e-04
2.742042492500000941e-04
2.742042492500000941e-04
2.742042492500000941e-04
2.742042492500000941e-04
2.742042492500000941e-04
2.116485299499997266e-04
2.116485299500005940e-04
2.116485299500005940e-04
2.116485299500005940e-04
2.116485299500005940e-04
2.445996181374993778e-04
2.445996181374993778e-04
2.445996181374993778e-04
2.445996181374993778e-04
2.445996181374993778e-04
1.931403525375005592e-04
1.931403525375005592e-04
1.931403525375005592e-04
1.931403525375005592e-04
1.931403525375005592e-04
1.845792939124991927e-04
1.845792939124991927e-04
1.845792939124991927e-04
1.845792939124991927e-04
1.845792939124991927e-04
1.699873673499992938e-04
1.699873673499992938e-04
1.699873673499992938e-04
1.699873673499992938e-04
1.699873673499992938e-04
1.628739265749998971e-04
1.628739265749998971e-04
1.628739265749998971e-04
1.628739265749998971e-04
1.628739265749998971e-04
1.955564001374990313e-04
1.955564001374990313e-04
1.955564001374990313e-04
1.955564001374990313e-04
1.955564001374990313e-04
1.746505278000000383e-04
1.746505278000000383e-04
1.746505278000000383e-04
1.746505278000000383e-04
1.746505278000000383e-04
2.004823021874990729e-04
2.004823021874990729e-04
2.004823021874990729e-04
2.004823021874990729e-04
2.004823021874990729e-04
2.529886557749994047e-04
2.529886557749994047e-04
2.529886557749994047e-04
2.529886557749994047e-04
2.529886557749994047e-04
2.419724115125011787e-04
2.419724115125011787e-04
2.419724115125011787e-04
2.419724115125011787e-04
2.419724115125011787e-04
2.652530226249991130e-04
2.652530226249991130e-04
2.652530226249991130e-04
2.652530226249991130e-04
2.652530226249991130e-04
2.881461439124995139e-04
2.881461439124995139e-04
2.881461439124995139e-04
2.881461439124995139e-04
2.881461439124995139e-04
3.029942285374988276e-04
3.029942285374988276e-04
3.029942285374988276e-04
3.029942285374988276e-04
3.029942285374988276e-04
2.785930017750008758e-04
2.785930017750008758e-04
2.785930017750008758e-04
2.785930017750008758e-04
2.785930017750008758e-04
2.496422645999994694e-04
2.496422645999994694e-04
2.496422645999994694e-04
2.496422645999994694e-04
2.496422645999994694e-04
2.370572852750003900e-04
2.370572852750003900e-04
2.370572852750003900e-04
2.370572852750003900e-04
2.370572852750003900e-04
2.517255440375003317e-04
2.517255440375003317e-04
2.517255440375003317e-04
2.517255440375003317e-04
2.517255440375003317e-04
2.414663465875009629e-04
2.414663465875009629e-04
2.414663465875009629e-04
2.414663465875009629e-04
2.414663465875009629e-04
2.101180725750002865e-04
2.101180725750002865e-04
2.101180725750002865e-04
2.101180725750002865e-04
2.101180725750002865e-04
1.908577472999987978e-04
1.908577472999987978e-04
1.908577472999987978e-04
1.908577472999987978e-04
1.908577472999987978e-04
1.952865696875014101e-04
1.952865696875014101e-04
1.952865696875014101e-04
1.952865696875014101e-04
1.952865696875014101e-04
1.939547931500001932e-04
1.939547931500001932e-04
1.939547931500001932e-04
1.939547931500001932e-04
1.939547931500001932e-04
1.739925200500008762e-04
1.739925200500008762e-04
1.739925200500008762e-04
1.739925200500008762e-04
1.739925200500008762e-04
1.802776694374980115e-04
1.802776694374980115e-04
1.802776694374980115e-04
1.802776694374980115e-04
1.802776694374980115e-04
1.791217326500005314e-04
1.791217326500005314e-04
1.791217326500005314e-04
1.791217326500005314e-04
1.791217326500005314e-04
1.796476714499978256e-04
1.796476714499978256e-04
1.796476714499978256e-04
1.796476714499978256e-04
1.796476714499978256e-04
1.682229773999968647e-04
1.682229773999968647e-04
1.682229773999968647e-04
1.682229773999968647e-04
1.682229773999968647e-04
1.903130565999999746e-04
1.903130565999999746e-04
1.903130565999999746e-04
1.903130565999999746e-04
1.903130565999999746e-04
1.780790697000003697e-04
1.780790697000003697e-04
1.780790697000003697e-04
1.780790697000003697e-04
1.780790697000003697e-04
1.719951736499983341e-04
1.719951736499983341e-04
1.719951736499983341e-04
1.719951736499983341e-04
1.719951736499983341e-04
1.716689458750031427e-04
1.716689458750031427e-04
1.716689458750031427e-04
1.716689458750031427e-04
