4.664939180614530113e-05
4.664939180614530113e-05
4.664939180614530113e-05
4.664939180614528758e-05
4.664939180614531469e-05
4.664939180614531469e-05
7.305954029000001539e-05
7.305954029000001539e-05
7.305954029000001539e-05
7.305954028999996118e-05
7.305954029000001539e-05
-2.944783024999998028e-05
-2.944783024999998028e-05
-2.944783024999998028e-05
-2.944783025000003449e-05
-2.944783025000003449e-05
1.113852567999999710e-04
1.113852567999999710e-04
1.113852567999999710e-04
1.113852567999999710e-04
1.113852567999999710e-04
1.283635564199999638e-04
1.283635564199999638e-04
1.283635564199999638e-04
1.283635564199999638e-04
1.283635564199999638e-04
8.275764534999992782e-05
8.275764534999992782e-05
8.275764534999992782e-05
8.275764535000014466e-05
8.275764535000014466e-05
5.514849229999990027e-05
5.514849229999990027e-05
5.514849229999990027e-05
5.514849229999990027e-05
5.514849229999990027e-05
1.771085377499999509e-04
1.771085377499999509e-04
1.771085377499999509e-04
1.771085377499999509e-04
1.771085377499999509e-04
1.467004981200001508e-04
1.467004981200001508e-04
1.467004981200001508e-04
1.467004981200001508e-04
1.467004981200001508e-04
3.673596215699997253e-04
3.673596215699997253e-04
3.673596215699997253e-04
3.673596215699997253e-04
3.673596215699997253e-04
1.965784722000006590e-05
1.965784722000006590e-05
1.965784722000006590e-05
1.965784722000006590e-05
1.965784722000006590e-05
-5.744735915999988479e-05
-5.744735915999988479e-05
-5.744735915999988479e-05
-5.744735915999988479e-05
-5.744735915999988479e-05
1.525973198899998814e-04
1.525973198899998814e-04
1.525973198899998814e-04
1.525973198899998814e-04
1.525973198899998814e-04
-7.260627058000047873e-05
-7.260627058000047873e-05
-7.260627058000047873e-05
-7.260627058000047873e-05
-7.260627058000047873e-05
8.351444830000023106e-05
8.351444830000023106e-05
8.351444830000023106e-05
8.351444830000023106e-05
8.351444830000023106e-05
-5.186470392999978363e-05
-5.186470392999978363e-05
-5.186470392999978363e-05
-5.186470392999978363e-05
-5.186470392999978363e-05
1.652299748399997659e-04
1.652299748399997659e-04
1.652299748399997659e-04
1.652299748399997659e-04
1.652299748399997659e-04
6.794426910000043313e-05
6.794426910000043313e-05
6.794426910000043313e-05
6.794426910000043313e-05
6.794426910000043313e-05
2.863082350599999854e-04
2.863082350600008527e-04
2.863082350599999854e-04
2.863082350599999854e-04
2.863082350599999854e-04
2.414971938399998463e-04
2.414971938399998463e-04
2.414971938399998463e-04
2.414971938399998463e-04
2.414971938399998463e-04
2.325501360900001507e-04
2.325501360900001507e-04
2.325501360900001507e-04
2.325501360900001507e-04
2.325501360900001507e-04
2.086527188399998206e-04
2.086527188399998206e-04
2.086527188399998206e-04
2.086527188399998206e-04
2.086527188399998206e-04
2.685356709899999750e-04
2.685356709899999750e-04
2.685356709899999750e-04
2.685356709899999750e-04
2.685356709899999750e-04
4.212322021599993610e-04
4.212322021599993610e-04
4.212322021599993610e-04
4.212322021599993610e-04
4.212322021599993610e-04
2.853156826500002907e-04
2.853156826500002907e-04
2.853156826500002907e-04
2.853156826500002907e-04
2.853156826500002907e-04
3.590753742799997206e-04
3.590753742799997206e-04
3.590753742799997206e-04
3.590753742799997206e-04
3.590753742799997206e-04
4.069613570900007526e-04
4.069613570900007526e-04
4.069613570900007526e-04
4.069613570900007526e-04
4.069613570900007526e-04
2.864102186200014055e-04
2.864102186200014055e-04
2.864102186200014055e-04
2.864102186200014055e-04
2.864102186200014055e-04
3.147985026799998698e-04
3.147985026799998698e-04
3.147985026799998698e-04
3.147985026799998698e-04
3.147985026799998698e-04
4.004968639099992789e-04
4.004968639099992789e-04
4.004968639099992789e-04
4.004968639099992789e-04
4.004968639099992789e-04
4.814670618700014892e-04
4.814670618700014892e-04
4.814670618700014892e-04
4.814670618700014892e-04
4.814670618700014892e-04
3.527864589800006057e-04
3.527864589800006057e-04
3.527864589800006057e-04
3.527864589800006057e-04
3.527864589800006057e-04
3.400803859200003665e-04
3.400803859200003665e-04
3.400803859200003665e-04
3.400803859199968970e-04
3.400803859199968970e-04
5.195437801399985234e-04
5.195437801399985234e-04
5.195437801399985234e-04
5.195437801399985234e-04
5.195437801399985234e-04
5.651785658700031467e-04
5.651785658700031467e-04
5.651785658700031467e-04
5.651785658700031467e-04
5.651785658700031467e-04
4.795090852399985781e-04
4.795090852399985781e-04
4.795090852399985781e-04
4.795090852399985781e-04
4.795090852399985781e-04
5.354531374899967888e-04
5.354531374899967888e-04
5.354531374899967888e-04
5.354531374899967888e-04
5.354531374899967888e-04
7.334538420500011369e-04
7.334538420500011369e-04
7.334538420500011369e-04
7.334538420500011369e-04
7.334538420500011369e-04
5.873348167299979883e-04
5.873348167299979883e-04
5.873348167299979883e-04
5.873348167299979883e-04
5.873348167299979883e-04
4.567029093400024053e-04
4.567029093400024053e-04
4.567029093400024053e-04
4.567029093400024053e-04
