3.658570768587257409e-04
3.658570768587257409e-04
-4.587222334224376323e-04
4.698609809681440134e-04
7.613761600415512153e-05
3.411486260900277435e-04
2.659690003365651001e-04
2.645423643975069496e-04
8.408821473988919645e-04
-1.511470421011081033e-04
4.501397480997228022e-04
2.477052587867038455e-04
5.157013135872589443e-05
2.076809771565093707e-04
3.232549678767312681e-04
2.330265042036015061e-04
1.038921101634347581e-04
1.640513665249307591e-04
-1.934503120055402862e-04
2.816246988337949356e-04
2.294481501149588099e-04
-6.191028682867036684e-04
5.297443670332410010e-04
-1.203099454889196632e-04
8.737320427423811431e-05
5.750364726911354890e-04
-3.265086252908586811e-05
2.294352312700830010e-04
6.521865402354569755e-04
3.780470991440448153e-04
-1.501783530249312798e-04
-5.476877109529083507e-04
2.684213266759003305e-04
-1.076077782409968348e-05
3.766196147576179876e-04
-5.001375594044371597e-05
-4.793959684626022955e-05
6.417416319861495369e-04
-5.235195323393350073e-04
1.463799838988923477e-04
8.384485624155120498e-04
-2.187887171675902132e-04
-9.547127252216083826e-05
-4.325036116592795299e-04
-1.208434907257619276e-04
5.608987322894736297e-04
3.012408580443217201e-04
-6.195661495013871783e-05
3.238006039584491805e-04
1.705590479612190125e-04
1.503405256675898610e-04
-3.157245651288090663e-04
4.769809326357343782e-04
3.355692750789474391e-04
-4.664213961565102234e-04
-2.424386702202215374e-04
2.079416529972297548e-04
2.775416586952910922e-04
5.214329141135726556e-04
-9.053565240138500628e-04
1.350668238698062365e-04
3.675102402409978139e-04
-4.011443192659339824e-05
1.419426438891971051e-04
3.248727599238230082e-04
-7.850657207063814480e-05
-2.980945331440380819e-05
-3.127810691274171551e-05
6.806910422534617755e-04
-3.069548320138500846e-04
9.208178909972213055e-05
5.722938535318577991e-05
1.406008275623392423e-05
-1.928572427825486768e-04
1.443501440706370514e-04
4.910095962036009620e-04
1.264367463767301220e-04
-3.178776701911346231e-04
-9.008185909695383409e-05
-5.530997940941823759e-04
1.030530144731301584e-03
-5.820963924681437501e-04
2.537395786634359662e-04
2.061899985360098053e-04
-2.855058932133003324e-05
-6.977426315914123101e-04
5.981230691551250866e-04
4.958600922160688595e-05
-2.713340460249302061e-04
4.233070437008306514e-04
3.294423786842099605e-04
-4.508061656883655816e-04
1.573079598088649583e-04
3.714010153074778775e-04
-5.932852686994453256e-04
6.077420720152354461e-04
1.274584917479223284e-04
1.238572962700829061e-04
-1.763612953448751713e-04
4.489477848753503642e-05
7.898523551232682072e-04
-4.216847002409974260e-04
6.521898646814384970e-05
3.903471206869804644e-04
2.657272236163445156e-04
-9.321228343379499293e-04
5.041044609542938426e-04
1.192359187673040777e-05
-6.852984288088434517e-06
-1.400630695706436835e-05
-3.613683226842100138e-04
3.038880817368416754e-04
-1.101806520138505496e-04
-6.969003506440436119e-04
6.155179138144038081e-04
4.449435111980610397e-04
2.908499320831026830e-04
-1.863643495540155681e-04
-2.082154436371195377e-04
-3.504042676883666052e-04
1.000455274224390512e-04
7.050735355346258310e-04
-5.978055030526324004e-04
6.366460338227148547e-04
5.194976031980616527e-04
1.469727478296389139e-04
2.147012878282554549e-04
-5.164422765761775280e-04
1.946108166620500596e-04
-2.448841894321322071e-04
5.886092978864259501e-04
-3.254918435512468844e-04
5.725168987216061600e-04
-7.251507875623286470e-05
-2.138724380706356898e-04
1.067784287479226629e-04
2.828977228753453560e-04
-1.858771582077568818e-04
-3.101499753490298550e-04
1.201516164639881284e-04
4.797352259072028974e-04
-2.861844062562318713e-04
9.255784853462456496e-05
-8.721342339612116190e-05
4.018445124722991313e-04
-3.258486802880881245e-04
-2.901718343753471180e-04
-1.619664934722989807e-04
3.993029313518001860e-04
3.213047696939072551e-04
5.675561237257487068e-05
2.893625327105263378e-04
-4.654895862853183908e-04
6.983639202493181763e-05
1.742482467091410747e-04
-2.820809720360112349e-04
-2.500819946537474747e-05
6.282565104307486631e-04
-4.022005215858735772e-04
6.870649994736854893e-04
-4.531142539639897160e-04
-1.465335445498608391e-04
2.453917677202217817e-04
-4.844879656509468169e-06
1.216947667520770771e-04
2.604979210415504787e-04
-2.780748632146817084e-04
-3.560694993130185393e-04
4.734296707783938046e-04
-3.153385282700840037e-04
-5.206546906232692451e-04
2.920758942119121293e-04
4.696307566565104119e-04
3.631925889750579894e-05
-2.815861473836559631e-04
6.802618693310252818e-04
-7.554305506966771389e-04
5.018659687119116780e-04
-7.616255294681430893e-04
8.670999396149584038e-04
-5.707493998338003527e-05
-1.196328212811625935e-04
-1.343149310969529719e-04
-1.415717418047097304e-04
1.223864827495844271e-03
-4.497115795263160326e-04
4.644218182700832198e-04
-3.077978354168973973e-04
-1.480016958684202133e-04
-1.044153740013854803e-04
1.829462287936296783e-04
-4.611880097520788813e-04
2.713348242908593388e-04
4.803419554127424246e-04
-1.164843842950142455e-04
6.271869120872582137e-04
-3.450048953005536295e-04
-9.442364052368434207e-04
1.116001795249307524e-03
1.163425382133022323e-05
