-1.318746854605263165e-05
-1.318746854605263165e-05
6.770967076523545444e-05
3.941415810457064015e-05
-1.004615055886426335e-05
-6.225887203254847893e-06
2.733743366194597933e-04
6.487398189058171368e-05
-1.322426964695290474e-04
-1.614060038434932381e-06
2.683802207375347252e-05
1.990781472299143432e-06
-4.016948344736840206e-05
4.095790515373960716e-05
2.215734912638505369e-05
1.542025539871883563e-04
7.856688623614986166e-06
-7.161289876281165621e-05
1.692168351523544185e-05
-2.903809011876732271e-05
9.603087844390587350e-05
1.139269267963988284e-04
-5.628701743005536280e-05
3.728768082202212845e-05
6.773162178324101685e-05
-4.553226795637121353e-05
-8.497781687915510838e-05
1.522285092797788508e-05
9.396900865200831683e-05
-8.024904351038790289e-05
1.018289155886427594e-04
-5.614047180332415281e-05
-9.247843829639939596e-06
1.012663697912050652e-04
-6.141201619979232227e-05
8.236845984591414926e-05
-6.966621755263152898e-05
1.019468289909971617e-04
-6.514361014889097530e-06
1.852545092901661770e-04
-2.166584544632962038e-05
-8.045614486634354752e-05
-9.276765590131579205e-05
6.677601943490306738e-05
-1.389204333947368242e-04
1.543128991236149532e-04
-8.217807676350421565e-05
2.451972537316482719e-04
-2.761113407029087020e-05
8.295391571502776142e-05
-1.511888219165513289e-04
-4.428528539542932185e-05
7.628073602008306458e-05
-5.538359690962599714e-05
4.118185182652354080e-05
-5.628272343594184924e-05
4.926886797506919557e-05
1.946068828822715771e-04
-9.413758698649586469e-05
1.118045335457063839e-05
-3.216202346468144575e-05
-6.404567267520784070e-05
-4.560412451522829341e-07
-1.386696935238919707e-04
1.298341453237534691e-04
-1.996896736945990951e-05
-1.451180125893351347e-04
-2.871810772091417090e-05
9.731719375103884372e-05
-5.252303214162048605e-05
4.351916085180030508e-06
1.399463180148892210e-04
3.507672448407211409e-06
3.159558757271437208e-06
-9.235130812673133464e-05
1.910574967856649162e-04
-1.778090476904441684e-05
-6.297950949757618981e-05
1.369969840650975441e-05
-1.893067107167588619e-05
3.748803036702705316e-07
-3.513492002943212084e-05
-5.353774323303315489e-05
-3.736291282756233015e-05
1.960001021457755555e-04
-4.909161930886419591e-05
-4.846154731440448660e-05
-3.522473867070634833e-05
-8.083580124307516469e-06
-5.212607148026311005e-05
6.381331982583098722e-05
9.854880556198057119e-05
1.733282091135744836e-05
3.260465592867019952e-05
-4.339971102181429743e-05
2.875629494113575782e-06
-8.457654715650971423e-05
2.230807336288094609e-05
-1.034520695650970349e-04
-2.023390026350407878e-05
1.543551198178670083e-04
-4.573014254120497894e-05
-4.446944290062329174e-05
-2.609570263123266957e-05
1.057186833646121642e-04
-4.073351487292244544e-05
1.213502722690444364e-04
-1.259730884134350288e-04
-4.305054483171738295e-05
1.475534450661357758e-04
-2.005266959110111333e-04
1.179084735328946552e-04
-3.770791046329633172e-05
-2.414859789819946961e-05
-7.491992523372579486e-05
7.908707805747978818e-06
1.240961389581024836e-04
-8.011154598718840929e-05
8.644708235595573512e-05
-1.024036499113574125e-04
-2.191699871191131899e-05
-1.567961415581712800e-05
2.529907104397506774e-05
4.829628795671747112e-05
-4.370917258206372287e-05
1.832540490391274587e-04
-3.170421103012465618e-04
1.068595355443212932e-04
-1.645637612950143908e-05
1.832742807790868102e-05
8.933126170567861485e-05
-3.830176710318557685e-05
4.593707680505538897e-05
1.723979004570632117e-05
4.119261118317178900e-05
-1.355663990858723637e-05
3.705069325138517743e-06
8.019700891170357393e-05
4.335271091412745345e-05
-1.082126813088646854e-05
-1.172745653178670650e-04
4.539232822957069494e-05
1.281513184072020396e-05
-7.344571391862885715e-05
1.070793006436981379e-04
3.766784812326857274e-05
1.288278970872577551e-04
-1.216815391824792661e-04
-1.365308743182132561e-04
9.876015544321280898e-06
1.649549496246537940e-04
1.188293401800546815e-05
-9.555883882756224280e-05
-1.065464061087258640e-04
-6.791666626696673311e-05
-1.288523025484765525e-05
1.857653641159972896e-04
-6.543645922714685752e-05
-1.992657549099716759e-05
1.574681061859416762e-04
-1.524521444906508589e-04
-4.147807584452907394e-05
9.356975031371192984e-05
5.432666693732692009e-05
4.893621283933325544e-06
-6.616663472714669984e-05
9.770266355990295509e-05
-9.330563445256222568e-05
3.784480509522159496e-05
-4.871146755228530131e-05
2.198755583275623701e-05
1.552371149259003033e-04
-1.117586375692521637e-04
-1.528504822901661933e-04
1.170287172119114207e-04
1.906706398590719657e-04
-1.747980084189750330e-04
1.944618325138520662e-06
-6.894028764508318158e-05
3.889798755297784686e-05
8.651968704882274409e-05
1.267884422198753760e-04
-1.597325517108726198e-04
-6.818003188019308020e-06
-4.532288785283940941e-05
2.651462866932129646e-05
-5.528078932063706236e-05
-1.652428197763158553e-04
1.204095957738920584e-04
9.710877351904421972e-05
-9.337085412049715705e-06
2.153271770869112905e-04
-2.031992231565098086e-04
-1.175219434359417708e-04
2.439972342950138661e-04
-2.954089915200826602e-05
-2.432170878947361933e-05
4.738846403704987525e-05
1.325850046606630826e-05
1.151993577700838149e-05
