3.125000000000000150e-06
3.125000000000000150e-06
1.249999999999999890e-05
1.874999999999999836e-05
1.875000000000000175e-05
1.874999999999999497e-05
1.875000000000000852e-05
1.874999999999999497e-05
1.250000000000000568e-05
2.499999999999998426e-05
2.187500000000000317e-05
2.500000000000001136e-05
2.812499999999999245e-05
3.437500000000000885e-05
3.124999999999997355e-05
3.750000000000004415e-05
3.437499999999995464e-05
3.437500000000000885e-05
3.437500000000000885e-05
4.062500000000002524e-05
4.687499999999998742e-05
4.687500000000004163e-05
4.687499999999993321e-05
4.687500000000004163e-05
5.000000000000002272e-05
4.062499999999997103e-05
4.062499999999997103e-05
3.437500000000000885e-05
4.062499999999997103e-05
4.062500000000007945e-05
4.062499999999997103e-05
3.437499999999990043e-05
3.749999999999998994e-05
3.437500000000011727e-05
3.749999999999998994e-05
3.437499999999990043e-05
3.125000000000002776e-05
3.125000000000002776e-05
2.812499999999993824e-05
3.125000000000002776e-05
3.125000000000002776e-05
2.500000000000006557e-05
2.812499999999993824e-05
2.500000000000006557e-05
2.812499999999993824e-05
2.500000000000006557e-05
2.812499999999993824e-05
2.500000000000006557e-05
2.812499999999993824e-05
2.500000000000006557e-05
3.437499999999990043e-05
2.812500000000015508e-05
3.124999999999981092e-05
3.125000000000002776e-05
3.125000000000002776e-05
3.125000000000002776e-05
3.437499999999990043e-05
3.125000000000002776e-05
2.812500000000015508e-05
3.125000000000002776e-05
2.499999999999984873e-05
2.500000000000006557e-05
2.187499999999997606e-05
2.500000000000006557e-05
1.874999999999988655e-05
2.187499999999997606e-05
2.187500000000019290e-05
2.499999999999984873e-05
2.499999999999984873e-05
2.500000000000028241e-05
2.187499999999975922e-05
2.187500000000019290e-05
2.812499999999993824e-05
2.187500000000019290e-05
2.812499999999993824e-05
2.499999999999984873e-05
2.187500000000019290e-05
2.499999999999984873e-05
2.499999999999984873e-05
2.812499999999993824e-05
2.812500000000037192e-05
2.812499999999993824e-05
3.125000000000002776e-05
3.437499999999968359e-05
3.750000000000020678e-05
3.437500000000011727e-05
3.749999999999977310e-05
3.125000000000002776e-05
2.812499999999993824e-05
3.125000000000002776e-05
2.500000000000028241e-05
2.812499999999993824e-05
2.812499999999993824e-05
3.125000000000002776e-05
2.812499999999993824e-05
2.812499999999993824e-05
2.812499999999993824e-05
2.500000000000028241e-05
2.499999999999984873e-05
2.812499999999993824e-05
2.187500000000019290e-05
2.499999999999984873e-05
2.499999999999984873e-05
2.187500000000019290e-05
2.499999999999984873e-05
2.187500000000019290e-05
2.499999999999984873e-05
2.187500000000019290e-05
2.187499999999975922e-05
2.187500000000019290e-05
2.499999999999984873e-05
2.499999999999984873e-05
2.500000000000028241e-05
2.812499999999993824e-05
2.499999999999984873e-05
2.187500000000019290e-05
2.187499999999975922e-05
2.187500000000019290e-05
1.875000000000010339e-05
2.187499999999975922e-05
1.875000000000010339e-05
1.875000000000010339e-05
2.187499999999975922e-05
1.875000000000010339e-05
2.187500000000019290e-05
1.874999999999966971e-05
1.875000000000010339e-05
2.187500000000019290e-05
2.187499999999975922e-05
2.187500000000019290e-05
2.187499999999975922e-05
1.875000000000010339e-05
2.500000000000028241e-05
1.874999999999966971e-05
2.187500000000019290e-05
2.499999999999984873e-05
2.187500000000019290e-05
2.812499999999993824e-05
2.812499999999993824e-05
3.750000000000020678e-05
3.125000000000002776e-05
3.124999999999959407e-05
3.125000000000002776e-05
3.437500000000055095e-05
3.125000000000002776e-05
3.124999999999916039e-05
3.437500000000055095e-05
2.812499999999950456e-05
3.125000000000002776e-05
3.125000000000002776e-05
2.812500000000037192e-05
3.437499999999968359e-05
3.125000000000002776e-05
3.125000000000002776e-05
2.812500000000037192e-05
3.437499999999968359e-05
3.125000000000002776e-05
3.437500000000055095e-05
3.124999999999916039e-05
2.812500000000037192e-05
2.499999999999984873e-05
2.812500000000037192e-05
2.499999999999984873e-05
2.499999999999984873e-05
2.499999999999984873e-05
2.499999999999984873e-05
1.875000000000053707e-05
2.499999999999984873e-05
2.812500000000037192e-05
3.125000000000002776e-05
2.812499999999950456e-05
2.812500000000037192e-05
2.499999999999984873e-05
2.812499999999950456e-05
2.500000000000071609e-05
2.499999999999984873e-05
2.499999999999984873e-05
2.187500000000019290e-05
2.187500000000019290e-05
1.874999999999966971e-05
2.187500000000019290e-05
1.874999999999966971e-05
2.187500000000019290e-05
2.187500000000019290e-05
2.499999999999984873e-05
1.874999999999966971e-05
2.187500000000019290e-05
1.874999999999966971e-05
1.875000000000053707e-05
1.874999999999966971e-05
1.874999999999966971e-05
1.875000000000053707e-05
1.874999999999966971e-05
1.875000000000053707e-05
2.187499999999932554e-05
1.875000000000053707e-05
1.562500000000001388e-05
2.499999999999984873e-05
2.499999999999984873e-05
2.187500000000019290e-05
