1.645708286091007722e-06
1.645708286091007722e-06
-3.625714446897632115e-06
-2.208245993529089901e-05
4.409380581371635799e-05
7.609987354939562465e-06
-1.276384625192861222e-05
3.777786700354113236e-06
2.992285852343457009e-05
1.910537239879772642e-05
-2.339187007649456973e-05
5.610999700778052102e-05
7.020439545968315542e-05
7.669283907318913407e-05
1.290621577130224296e-04
1.238937584044919049e-04
5.829994739237065460e-05
3.179175926959487697e-05
8.743642909436744048e-05
1.697043293678035525e-04
5.283706622805084407e-05
-8.511700309732361802e-05
-1.106812547089219834e-04
-4.003311441280743566e-05
-3.695344819476531484e-06
-4.937178077568660228e-05
-4.834339860693148694e-05
-1.684015222913615162e-05
-8.393188348776448038e-06
5.773355242588706915e-05
1.173464721269112943e-04
1.828995823860424252e-04
1.631743668681906456e-04
1.934221153163662166e-04
1.155510536925419274e-04
1.600398930214907978e-04
1.888383615931132908e-04
1.102763910552084781e-04
1.408514504479541074e-04
2.157472271822058474e-04
1.871534756396897592e-04
-3.645989931300164244e-05
-6.024479441002483782e-05
-8.498572515058810950e-05
-2.668248685644414309e-05
7.225938456834057888e-05
-5.546318155325025145e-05
5.443775730640254551e-06
8.520162773884010221e-05
5.840164700998684566e-05
-6.287059325593702397e-05
4.044345866205389939e-06
5.476619970856688724e-05
1.300183210393157651e-04
4.258165765058663510e-05
-1.667932398241589453e-04
-1.190789995959562475e-04
-4.415751521769095689e-05
2.075633141274124682e-05
6.094445528859182559e-05
1.091311675054384978e-04
1.040229187658781029e-04
8.410950490223001452e-05
1.420141000370023221e-04
1.529158963045063047e-04
2.254461656576722817e-04
2.100123704451561935e-04
1.544134566717758617e-04
2.142318154820799236e-04
1.820081382923888214e-04
8.127830367321564609e-05
8.426139701001034155e-05
6.779620642660688645e-06
2.648833798346572621e-05
1.770974245651757428e-05
1.046768209178594589e-04
2.546398800102878113e-04
1.095347638777610655e-04
1.748399715157944456e-04
1.898345974851167739e-04
2.417201061373219773e-04
2.148639485550773998e-04
2.965888798414084704e-04
2.634682346460692770e-04
1.679771083793468733e-04
1.463877078240471974e-04
2.524585657202038647e-04
1.833339396011268718e-04
1.320586432065340432e-04
1.590923755880879753e-04
1.161406246197316250e-04
1.545369477202740427e-04
1.427234498052598610e-05
4.680741506213337289e-05
1.689394344435157791e-04
1.028915607061975379e-04
6.368056133077004688e-05
2.015559216950180144e-05
-6.263197228406625072e-06
9.104961973172009948e-05
1.238250048878342113e-04
3.505996195940497273e-05
1.484819679209437027e-04
1.807317414534992395e-04
2.528939315222800133e-04
8.537323688528886123e-05
8.985235666081337058e-05
1.602862623517609109e-04
2.171260020773502220e-04
1.395486425384007134e-04
1.474250682029776272e-04
1.602158434028666534e-04
5.302454914790644125e-05
3.506442131140374840e-05
3.395229441593983211e-06
-4.451174252295686529e-05
1.040815413819728974e-04
1.340717697875248859e-04
7.942295410501287733e-05
1.429110080195528099e-04
1.393571173302632360e-04
1.056069258336123085e-04
1.167201418823538006e-04
1.038169949811873494e-04
1.290698116633848258e-04
1.601651738756260102e-04
1.672309197644494816e-04
1.948815690901994913e-04
2.170018476732593626e-04
2.378733855898929050e-04
1.660529154570156152e-04
1.644927973174503677e-04
1.864300309453170712e-04
9.445828884757645483e-05
4.265838008166156214e-06
3.342366977854283050e-05
1.222908208298179034e-05
-1.282615466458025821e-05
1.719690329160528108e-05
1.825096029861583702e-06
4.045742378266936612e-05
9.183810417034976581e-05
6.053392063165574655e-07
6.127725407623074716e-05
4.589351713590872350e-05
2.538493085459947451e-04
2.918081595808530437e-04
1.829136688993315829e-04
1.492639909166371126e-04
1.676221597293192644e-04
3.132901853852843033e-05
1.341553317182331284e-04
5.820242744647430300e-05
7.289332739901510649e-05
1.052940318864159508e-04
6.666401291965939890e-05
4.149630390948289005e-05
5.072957484308915355e-05
1.708794378529887581e-05
-6.572942977278728449e-05
-1.799129483828210141e-04
-7.479062151993787211e-05
1.098351970085786888e-05
-1.111514547371683648e-04
1.188747553229063669e-04
6.778002844498587365e-05
-4.596297726422449159e-06
-1.131854947189481209e-04
-2.534828070999139982e-05
-9.342868329653697401e-06
-4.390274403576199802e-06
3.112387252635073764e-05
5.928910915287133321e-05
2.733110053476650592e-05
-1.004830864559380643e-04
-2.017514805707776304e-05
1.301985863833010626e-05
-2.589462710211876129e-05
1.957362316140631719e-05
1.467851616006043969e-04
8.035864327382569172e-05
-8.492051812147849432e-05
3.785473583484133542e-05
8.684314530960079992e-05
2.869621039280900732e-05
2.091084668442988459e-05
-2.157662433788232192e-05
6.730238538921184954e-05
8.699637391984538226e-05
1.010684487798840792e-04
1.903457170904232498e-04
7.372509367442603434e-05
-3.746263345227873742e-05
-2.713174851010080602e-05
1.139015559310507797e-04
2.898454768995861741e-05
9.719205760561067109e-05
7.183466409266259234e-05
2.055166206105241145e-06
1.151364673894761381e-04
