-1.760444997476454197e-03
-1.760444997476454197e-03
1.098423699365650742e-03
1.090849113756232804e-03
8.011673542936289215e-05
-1.791826895689750719e-03
-7.790832144321320658e-05
-4.109212353019390303e-04
-4.921604506149587083e-04
8.258740757174517187e-04
5.756439474764543131e-04
-1.339102958739612440e-03
8.972963836454295617e-04
1.650663685545706270e-03
-1.099779360218836478e-03
-2.283034542548477257e-04
6.208072194182827179e-04
-1.781028545706371514e-04
-7.675936145706374440e-05
-1.162846395094182779e-03
1.497005344958449429e-04
1.103744976119113526e-03
9.596524245429361452e-05
2.151366307673130234e-04
-1.184958173091412792e-03
2.655048330531855922e-03
-1.577129286698060722e-03
1.204691068371191009e-03
-1.295032790113573307e-03
2.802213555401661957e-04
9.971070770581718073e-04
-1.040538578368421004e-03
9.831460924376730307e-04
-7.205959950138503744e-04
8.294488679916896907e-04
-4.886976037313018901e-04
-4.324578811218836500e-04
9.065814873130193094e-05
1.618363177407202260e-03
1.221137039639889638e-04
-7.207361290083101439e-04
2.839128284515234080e-04
2.421861199335181153e-04
-3.136401039085872592e-04
1.216640098421052727e-04
-6.346359984903047992e-04
5.299053651246537133e-04
-1.557171778227145476e-04
-3.286737613240998208e-04
1.801964975437672992e-03
1.030739970886425209e-04
-1.150196328889196507e-03
-1.816023358282548537e-04
7.211255907562327556e-04
1.201839752301939179e-03
-1.225073396855955784e-03
6.948580791994460673e-04
1.954393265373929878e-05
6.242168843379504450e-04
-6.216034784321329727e-04
3.029836333047091802e-04
1.261814730221604529e-04
-8.629949566011079626e-04
5.590354854293627662e-05
9.910842761191133998e-04
-8.696384749445982415e-04
-4.727070033545706894e-04
1.174611807094183037e-03
6.758723458476453318e-04
-4.985300048698060142e-04
-4.842403366204987673e-04
7.812192314598340355e-04
-5.968754161329642080e-04
8.638085743185599207e-04
1.838645941210526047e-03
2.275547510581718558e-04
-1.676341103315789546e-03
-1.299011813462608994e-04
1.011519981099723818e-03
1.720766711110802497e-03
4.221578305927979266e-04
-9.816093206869800497e-04
6.894415899196676412e-04
-2.794710568698125647e-05
8.431532263407206032e-04
-1.904967745983379701e-03
1.360866988891970553e-04
-2.215846312216065983e-04
5.273720247146807330e-04
7.370022624155125532e-04
3.972782994072021970e-04
-1.321415750063711925e-03
1.239877695490305444e-03
-2.773203226288092557e-04
1.202826319196678359e-04
2.383465880969526038e-04
6.421528679584490376e-04
-1.156087232991685060e-04
9.574543407174507248e-04
-2.289012265927967138e-05
-1.443473440415517228e-04
3.210526714875344689e-04
6.530361824182828040e-04
-3.652999728476456764e-04
5.114206587506931606e-04
-1.225029177617728560e-04
-5.943539565429357269e-04
4.271303237950128950e-04
1.360913534085872803e-03
-1.186161742127423563e-03
1.153615057728537424e-04
6.080290421163429132e-04
2.618659253080331609e-03
-1.970117928180054045e-03
7.083078343489424000e-06
-1.326758595900281307e-04
1.597943822916898793e-03
-7.902325013545707932e-04
-6.407535475263168023e-04
2.283546678476452985e-04
7.762210774016620185e-04
-8.553157974515220724e-04
1.156145270656508406e-03
4.894790337894739524e-04
1.640521371412753671e-04
1.368843956182825422e-03
-1.501149864930762662e-04
1.879703971357341713e-03
-7.615486898060810916e-05
-9.181739667811650990e-04
-9.330381091966766238e-05
9.305024666149599305e-04
3.985930920498426122e-05
-3.008843281301944173e-04
6.122166163739610478e-04
9.152964561883678019e-04
-6.536333506924896231e-06
2.247507998531829421e-04
1.214617500277008488e-03
2.008692378698065384e-04
1.660732675235476741e-04
-5.395875234127447961e-04
1.557229441049863550e-03
-1.557865558559565211e-04
7.310687795290815583e-05
1.164228915936288411e-03
-7.515890379750679584e-04
-1.173660099343491747e-03
4.163105069168969441e-04
1.786366972963988192e-03
-1.309853807645429413e-03
-6.787936519889181675e-04
5.725774911358866293e-06
8.797934991828237905e-04
5.723006306177294555e-04
4.611528536703594916e-04
1.250881374127432721e-04
1.284587621642657718e-03
-1.726366489058148157e-04
3.147785516371161274e-04
1.546865641745154979e-03
-7.349206027285337672e-04
4.624000466149601196e-04
-4.562576298171756861e-04
-5.318118126980617144e-04
4.769802701772851705e-04
-1.028538358207754105e-03
8.154270107479238971e-05
2.273720328476447339e-04
1.123975815152354618e-04
6.670155003490295387e-04
-1.929003167562316767e-04
-2.150063771855954819e-04
1.413651427922435477e-03
1.169254397224376435e-03
3.753348121523572556e-04
2.427094654321310108e-04
1.001299056664819304e-03
-3.641371882797776738e-04
-1.501384026692521162e-03
1.369715551806094389e-03
5.333873561495852678e-04
-7.851417658199452698e-04
5.506445814099716896e-04
9.811077316177301000e-04
-1.325891392299181903e-04
1.196627733229919943e-03
8.438307307063706852e-04
-3.906704428504152726e-04
-1.562178878117270742e-06
4.679331941606634793e-04
-3.709494282188342817e-04
1.594532768565092712e-03
-1.012141939221604392e-03
1.306836154501382630e-03
2.960834235595580233e-04
4.829139463490353390e-04
-1.344495542282553302e-03
8.622526121080317796e-04
1.109486526241001969e-03
