5.854345137132887513e-05
5.854345137132887513e-05
5.854345137132887513e-05
5.854345137132888868e-05
5.854345137132886158e-05
5.854345137132886158e-05
6.473422941999997264e-05
6.473422942000002685e-05
6.473422942000002685e-05
6.473422942000002685e-05
6.473422942000002685e-05
8.572811817749998852e-05
8.572811817749998852e-05
8.572811817749998852e-05
8.572811817749998852e-05
8.572811817750009694e-05
2.545302286250002155e-05
2.545302286250002155e-05
2.545302286250002155e-05
2.545302286250002155e-05
2.545302286250002155e-05
9.925839899999999542e-05
9.925839899999999542e-05
9.925839899999999542e-05
9.925839899999999542e-05
9.925839899999999542e-05
1.320448470224998803e-04
1.320448470224998803e-04
1.320448470225000972e-04
1.320448470224998803e-04
1.320448470224998803e-04
1.453947328824999920e-04
1.453947328824999920e-04
1.453947328824999920e-04
1.453947328824999920e-04
1.453947328824999920e-04
1.321451883249998710e-04
1.321451883249998710e-04
1.321451883249998710e-04
1.321451883249998710e-04
1.321451883249998710e-04
1.120766994074998135e-04
1.120766994074998135e-04
1.120766994074998135e-04
1.120766994074998135e-04
1.120766994074998135e-04
1.360955520425003937e-04
1.360955520425003937e-04
1.360955520425003937e-04
1.360955520425003937e-04
1.360955520425003937e-04
1.220301970800002911e-04
1.220301970800002911e-04
1.220301970800002911e-04
1.220301970800002911e-04
1.220301970800002911e-04
6.369680676499966249e-05
6.369680676499966249e-05
6.369680676499966249e-05
6.369680676499966249e-05
6.369680676499966249e-05
9.956375044499997384e-05
9.956375044499997384e-05
9.956375044499997384e-05
9.956375044499997384e-05
9.956375044499997384e-05
6.347699132250046034e-05
6.347699132250046034e-05
6.347699132250046034e-05
6.347699132250046034e-05
6.347699132250046034e-05
1.159565230224998342e-04
1.159565230224998342e-04
1.159565230224998342e-04
1.159565230224998342e-04
1.159565230224998342e-04
6.697942192500014325e-05
6.697942192500014325e-05
6.697942192500014325e-05
6.697942192500014325e-05
6.697942192500014325e-05
8.751441789999966914e-05
8.751441789999966914e-05
8.751441789999966914e-05
8.751441789999966914e-05
8.751441789999966914e-05
1.104689219999996364e-04
1.104689219999996364e-04
1.104689219999996364e-04
1.104689219999996364e-04
1.104689219999996364e-04
4.236924157500002175e-05
4.236924157500002175e-05
4.236924157500002175e-05
4.236924157500002175e-05
4.236924157500002175e-05
8.674479810000072788e-05
8.674479810000072788e-05
8.674479810000072788e-05
8.674479810000072788e-05
8.674479810000072788e-05
3.682391224999956303e-05
3.682391224999956303e-05
3.682391224999956303e-05
3.682391224999956303e-05
3.682391224999956303e-05
9.464337162500002787e-05
9.464337162500002787e-05
9.464337162500002787e-05
9.464337162500002787e-05
9.464337162500002787e-05
6.513836699999914215e-05
6.513836699999914215e-05
6.513836699999914215e-05
6.513836699999914215e-05
6.513836699999914215e-05
5.347340039999967654e-05
5.347340039999967654e-05
5.347340039999967654e-05
5.347340039999967654e-05
5.347340039999967654e-05
4.620779272499972445e-05
4.620779272499972445e-05
4.620779272499972445e-05
4.620779272499972445e-05
4.620779272499972445e-05
8.186201349999998322e-05
8.186201349999998322e-05
8.186201349999998322e-05
8.186201349999998322e-05
8.186201349999998322e-05
8.094873077500036596e-05
8.094873077500036596e-05
8.094873077500036596e-05
8.094873077500036596e-05
8.094873077500036596e-05
5.680770702500004266e-05
5.680770702500004266e-05
5.680770702500004266e-05
5.680770702500004266e-05
5.680770702500004266e-05
8.840381272499919785e-05
8.840381272499919785e-05
8.840381272499919785e-05
8.840381272499919785e-05
8.840381272499919785e-05
6.737549012499934042e-05
6.737549012499934042e-05
6.737549012499934042e-05
6.737549012499934042e-05
6.737549012499934042e-05
6.611202962500048463e-05
6.611202962500048463e-05
6.611202962500048463e-05
6.611202962500048463e-05
6.611202962500048463e-05
1.915291525000049899e-05
1.915291525000049899e-05
1.915291525000049899e-05
1.915291525000049899e-05
1.915291525000049899e-05
5.290890392499990325e-05
5.290890392499990325e-05
5.290890392499990325e-05
5.290890392499990325e-05
5.290890392499990325e-05
6.141502564999991309e-05
6.141502564999991309e-05
6.141502564999991309e-05
6.141502564999991309e-05
6.141502564999991309e-05
8.642224197499999427e-05
8.642224197499999427e-05
8.642224197499999427e-05
8.642224197499999427e-05
8.642224197499999427e-05
1.103928557999993981e-04
1.103928557999993981e-04
1.103928557999993981e-04
1.103928557999993981e-04
1.103928557999993981e-04
1.339412476499997340e-04
1.339412476499997340e-04
1.339412476499997340e-04
1.339412476499997340e-04
1.339412476499997340e-04
1.076093073499994474e-04
1.076093073499994474e-04
1.076093073499994474e-04
1.076093073500011821e-04
1.076093073500011821e-04
9.717453947500134803e-05
9.717453947500134803e-05
9.717453947500134803e-05
9.717453947500134803e-05
9.717453947500134803e-05
9.793079947499963578e-05
9.793079947499963578e-05
9.793079947499963578e-05
9.793079947499963578e-05
