4.935264587402343750e-05
4.935264587402343750e-05
8.416175842285156250e-05
1.080036163330078125e-04
1.258850097656250000e-04
1.592636108398437500e-04
1.850128173828125000e-04
2.057552337646484375e-04
2.534389495849609375e-04
2.827644348144531250e-04
3.206729888916015625e-04
3.368854522705078125e-04
3.657341003417968750e-04
3.933906555175781250e-04
3.995895385742187500e-04
4.360675811767578125e-04
4.773139953613281250e-04
4.980564117431640625e-04
5.052089691162109375e-04
5.226135253906250000e-04
5.700588226318359375e-04
6.127357482910156250e-04
6.184577941894531250e-04
6.372928619384765625e-04
6.642341613769531250e-04
6.663799285888671875e-04
7.061958312988281250e-04
7.154941558837890625e-04
7.355213165283203125e-04
7.777214050292968750e-04
8.258819580078125000e-04
8.413791656494140625e-04
8.482933044433593750e-04
8.387565612792968750e-04
8.609294891357421875e-04
8.594989776611328125e-04
8.933544158935546875e-04
8.697509765625000000e-04
8.752346038818359375e-04
8.745193481445312500e-04
8.723735809326171875e-04
8.656978607177734375e-04
8.490085601806640625e-04
8.380413055419921875e-04
8.509159088134765625e-04
8.373260498046875000e-04
8.599758148193359375e-04
8.637905120849609375e-04
8.499622344970703125e-04
8.530616760253906250e-04
8.718967437744140625e-04
8.804798126220703125e-04
8.857250213623046875e-04
8.609294891357421875e-04
8.428096771240234375e-04
8.528232574462890625e-04
8.535385131835937500e-04
8.790493011474609375e-04
8.711814880371093750e-04
8.616447448730468750e-04
8.542537689208984375e-04
8.618831634521484375e-04
8.778572082519531250e-04
9.005069732666015625e-04
9.064674377441406250e-04
8.981227874755859375e-04
8.985996246337890625e-04
8.964538574218750000e-04
9.253025054931640625e-04
9.224414825439453125e-04
9.057521820068359375e-04
8.983612060546875000e-04
9.057521820068359375e-04
9.095668792724609375e-04
9.012222290039062500e-04
8.862018585205078125e-04
8.971691131591796875e-04
9.100437164306640625e-04
9.329319000244140625e-04
9.348392486572265625e-04
9.107589721679687500e-04
9.081363677978515625e-04
9.067058563232421875e-04
9.186267852783203125e-04
9.114742279052734375e-04
9.119510650634765625e-04
9.102821350097656250e-04
9.198188781738281250e-04
9.140968322753906250e-04
9.038448333740234375e-04
8.802413940429687500e-04
8.835792541503906250e-04
8.754730224609375000e-04
8.833408355712890625e-04
8.695125579833984375e-04
8.652210235595703125e-04
8.604526519775390625e-04
8.616447448730468750e-04
8.511543273925781250e-04
8.373260498046875000e-04
8.363723754882812500e-04
8.401870727539062500e-04
8.392333984375000000e-04
8.325576782226562500e-04
8.249282836914062500e-04
8.060932159423828125e-04
7.970333099365234375e-04
8.125305175781250000e-04
8.103847503662109375e-04
7.989406585693359375e-04
8.053779602050781250e-04
8.103847503662109375e-04
8.015632629394531250e-04
7.913112640380859375e-04
8.041858673095703125e-04
7.936954498291015625e-04
7.975101470947265625e-04
7.889270782470703125e-04
7.951259613037109375e-04
7.805824279785156250e-04
7.736682891845703125e-04
7.665157318115234375e-04
7.643699645996093750e-04
7.708072662353515625e-04
7.641315460205078125e-04
7.560253143310546875e-04
7.524490356445312500e-04
7.512569427490234375e-04
7.455348968505859375e-04
7.433891296386718750e-04
7.445812225341796875e-04
7.476806640625000000e-04
7.524490356445312500e-04
7.460117340087890625e-04
7.538795471191406250e-04
7.688999176025390625e-04
7.567405700683593750e-04
7.412433624267578125e-04
7.395744323730468750e-04
7.379055023193359375e-04
7.472038269042968750e-04
4.177093505859375000e-04
5.342960357666015625e-04
5.989074707031250000e-04
1.021385192871093750e-03
9.124279022216796875e-04
8.385181427001953125e-04
7.147789001464843750e-04
6.613731384277343750e-04
6.179809570312500000e-04
5.896091461181640625e-04
5.400180816650390625e-04
5.040168762207031250e-04
5.068778991699218750e-04
4.663467407226562500e-04
4.599094390869140625e-04
4.231929779052734375e-04
4.341602325439453125e-04
4.341602325439453125e-04
4.115104675292968750e-04
3.654956817626953125e-04
4.055500030517578125e-04
4.594326019287109375e-04
4.324913024902343750e-04
4.339218139648437500e-04
3.988742828369140625e-04
3.879070281982421875e-04
3.938674926757812500e-04
3.831386566162109375e-04
4.365444183349609375e-04
5.123615264892578125e-04
5.497932434082031250e-04
5.898475646972656250e-04
6.418228149414062500e-04
6.098747253417968750e-04
6.840229034423828125e-04
7.085800170898437500e-04
7.479190826416015625e-04
7.584095001220703125e-04
7.567405700683593750e-04
8.504390716552734375e-04
7.896423339843750000e-04
7.758140563964843750e-04
8.552074432373046875e-04
8.921623229980468750e-04
1.002311706542968750e-03
1.017093658447265625e-03
1.089096069335937500e-03
1.192808151245117188e-03
1.166105270385742188e-03
1.007795333862304688e-03
1.256942749023437500e-03
1.287937164306640625e-03
1.333951950073242188e-03
1.311540603637695312e-03
1.551628112792968750e-03
1.630306243896484375e-03
1.470327377319335938e-03
1.811265945434570312e-03
1.784563064575195312e-03
