4.196166992187500000e-05
4.196166992187500000e-05
3.814697265625000000e-05
3.623962402343750000e-05
3.814697265625000000e-05
4.768371582031250000e-05
2.098083496093750000e-05
2.098083496093750000e-05
5.722045898437500000e-05
4.768371582031250000e-05
7.057189941406250000e-05
6.294250488281250000e-05
3.433227539062500000e-05
9.536743164062500000e-05
7.247924804687500000e-05
4.386901855468750000e-05
1.163482666015625000e-04
1.316070556640625000e-04
1.354217529296875000e-04
1.125335693359375000e-04
1.068115234375000000e-04
1.068115234375000000e-04
7.629394531250000000e-05
1.544952392578125000e-04
1.621246337890625000e-04
1.525878906250000000e-04
1.621246337890625000e-04
1.220703125000000000e-04
1.602172851562500000e-04
1.583099365234375000e-04
1.144409179687500000e-04
1.544952392578125000e-04
2.288818359375000000e-04
2.765655517578125000e-04
2.288818359375000000e-04
2.002716064453125000e-04
2.040863037109375000e-04
1.697540283203125000e-04
2.460479736328125000e-04
2.059936523437500000e-04
2.174377441406250000e-04
2.784729003906250000e-04
2.346038818359375000e-04
1.697540283203125000e-04
2.326965332031250000e-04
2.212524414062500000e-04
2.822875976562500000e-04
3.032684326171875000e-04
3.166198730468750000e-04
2.365112304687500000e-04
1.449584960937500000e-04
2.441406250000000000e-04
2.613067626953125000e-04
2.326965332031250000e-04
2.746582031250000000e-04
3.051757812500000000e-04
2.574920654296875000e-04
2.307891845703125000e-04
2.555847167968750000e-04
2.670288085937500000e-04
2.803802490234375000e-04
3.623962402343750000e-04
3.337860107421875000e-04
2.689361572265625000e-04
3.242492675781250000e-04
2.937316894531250000e-04
3.089904785156250000e-04
3.242492675781250000e-04
3.356933593750000000e-04
3.490447998046875000e-04
2.994537353515625000e-04
3.452301025390625000e-04
3.585815429687500000e-04
2.918243408203125000e-04
3.490447998046875000e-04
3.395080566406250000e-04
3.700256347656250000e-04
3.643035888671875000e-04
3.700256347656250000e-04
3.852844238281250000e-04
3.681182861328125000e-04
4.177093505859375000e-04
4.482269287109375000e-04
4.539489746093750000e-04
3.890991210937500000e-04
4.272460937500000000e-04
4.501342773437500000e-04
4.253387451171875000e-04
4.100799560546875000e-04
4.177093505859375000e-04
4.329681396484375000e-04
4.940032958984375000e-04
5.035400390625000000e-04
4.787445068359375000e-04
4.711151123046875000e-04
4.730224609375000000e-04
4.577636718750000000e-04
4.196166992187500000e-04
4.653930664062500000e-04
4.997253417968750000e-04
4.558563232421875000e-04
4.768371582031250000e-04
4.749298095703125000e-04
5.130767822265625000e-04
5.245208740234375000e-04
4.787445068359375000e-04
4.768371582031250000e-04
4.940032958984375000e-04
5.264282226562500000e-04
5.550384521484375000e-04
5.092620849609375000e-04
5.550384521484375000e-04
4.558563232421875000e-04
4.272460937500000000e-04
4.787445068359375000e-04
5.512237548828125000e-04
5.588531494140625000e-04
5.073547363281250000e-04
5.455017089843750000e-04
5.989074707031250000e-04
5.645751953125000000e-04
5.779266357421875000e-04
5.550384521484375000e-04
5.741119384765625000e-04
5.416870117187500000e-04
4.653930664062500000e-04
5.760192871093750000e-04
5.722045898437500000e-04
5.455017089843750000e-04
5.149841308593750000e-04
5.588531494140625000e-04
5.550384521484375000e-04
6.408691406250000000e-04
6.065368652343750000e-04
6.961822509765625000e-04
7.686614990234375000e-04
7.114410400390625000e-04
7.133483886718750000e-04
6.675720214843750000e-04
6.256103515625000000e-04
6.980895996093750000e-04
8.296966552734375000e-04
6.103515625000000000e-04
7.286071777343750000e-04
6.446838378906250000e-04
6.237030029296875000e-04
6.980895996093750000e-04
7.228851318359375000e-04
6.980895996093750000e-04
8.163452148437500000e-04
7.610321044921875000e-04
8.373260498046875000e-04
7.667541503906250000e-04
8.640289306640625000e-04
8.335113525390625000e-04
7.400512695312500000e-04
8.373260498046875000e-04
8.068084716796875000e-04
8.773803710937500000e-04
7.648468017578125000e-04
8.449554443359375000e-04
8.163452148437500000e-04
8.277893066406250000e-04
7.858276367187500000e-04
6.999969482421875000e-04
6.313323974609375000e-04
6.732940673828125000e-04
6.999969482421875000e-04
7.438659667968750000e-04
7.228851318359375000e-04
7.247924804687500000e-04
7.476806640625000000e-04
6.847381591796875000e-04
7.038116455078125000e-04
7.648468017578125000e-04
6.313323974609375000e-04
6.389617919921875000e-04
7.171630859375000000e-04
7.667541503906250000e-04
6.923675537109375000e-04
6.809234619140625000e-04
6.122589111328125000e-04
6.008148193359375000e-04
6.141662597656250000e-04
6.923675537109375000e-04
6.675720214843750000e-04
7.476806640625000000e-04
6.370544433593750000e-04
5.664825439453125000e-04
6.656646728515625000e-04
6.504058837890625000e-04
7.114410400390625000e-04
7.038116455078125000e-04
6.389617919921875000e-04
5.817413330078125000e-04
6.828308105468750000e-04
6.313323974609375000e-04
6.523132324218750000e-04
6.427764892578125000e-04
7.152557373046875000e-04
