1.430511474609375000e-06
1.430511474609375000e-06
3.218650817871093750e-06
2.622604370117187500e-06
7.748603820800781250e-06
1.502037048339843750e-05
1.680850982666015625e-05
1.466274261474609375e-05
1.478195190429687500e-05
1.430511474609375000e-05
1.657009124755859375e-05
1.430511474609375000e-05
1.180171966552734375e-05
1.287460327148437500e-05
1.215934753417968750e-05
8.106231689453125000e-06
1.227855682373046875e-05
9.059906005859375000e-06
9.536743164062500000e-06
1.466274261474609375e-05
1.311302185058593750e-05
1.049041748046875000e-05
1.275539398193359375e-05
1.573562622070312500e-05
1.239776611328125000e-05
4.887580871582031250e-06
7.390975952148437500e-06
1.060962677001953125e-05
1.299381256103515625e-05
7.510185241699218750e-06
5.722045898437500000e-06
8.225440979003906250e-06
1.168251037597656250e-05
1.096725463867187500e-05
9.059906005859375000e-06
9.536743164062500000e-06
1.239776611328125000e-05
1.001358032226562500e-05
6.914138793945312500e-06
8.344650268554687500e-06
1.132488250732421875e-05
9.775161743164062500e-06
7.748603820800781250e-06
5.722045898437500000e-06
6.914138793945312500e-06
6.794929504394531250e-06
1.025199890136718750e-05
1.013278961181640625e-05
1.037120819091796875e-05
5.006790161132812500e-06
5.960464477539062500e-07
7.271766662597656250e-06
8.940696716308593750e-06
9.298324584960937500e-06
7.152557373046875000e-06
7.033348083496093750e-06
8.821487426757812500e-06
7.748603820800781250e-06
4.053115844726562500e-06
4.529953002929687500e-06
3.814697265625000000e-06
7.152557373046875000e-06
5.125999450683593750e-06
1.907348632812500000e-06
2.741813659667968750e-06
5.245208740234375000e-06
5.960464477539062500e-06
6.198883056640625000e-06
4.768371582031250000e-06
5.960464477539062500e-06
1.311302185058593750e-06
5.364418029785156250e-06
6.079673767089843750e-06
5.960464477539062500e-06
5.960464477539062500e-06
6.675720214843750000e-06
8.225440979003906250e-06
5.960464477539062500e-06
5.364418029785156250e-06
5.841255187988281250e-06
3.576278686523437500e-06
9.655952453613281250e-06
7.510185241699218750e-06
9.059906005859375000e-06
8.344650268554687500e-06
7.033348083496093750e-06
8.821487426757812500e-06
4.291534423828125000e-06
6.198883056640625000e-06
3.933906555175781250e-06
8.344650268554687500e-06
8.940696716308593750e-06
8.583068847656250000e-06
7.867813110351562500e-06
1.001358032226562500e-05
1.084804534912109375e-05
9.417533874511718750e-06
6.794929504394531250e-06
1.025199890136718750e-05
1.025199890136718750e-05
7.748603820800781250e-06
7.152557373046875000e-06
4.529953002929687500e-06
5.125999450683593750e-06
7.867813110351562500e-06
7.390975952148437500e-06
7.390975952148437500e-06
6.198883056640625000e-06
7.152557373046875000e-06
7.629394531250000000e-06
6.675720214843750000e-06
8.821487426757812500e-06
5.125999450683593750e-06
6.318092346191406250e-06
8.583068847656250000e-06
1.168251037597656250e-05
1.358985900878906250e-05
8.106231689453125000e-06
6.079673767089843750e-06
8.821487426757812500e-06
6.556510925292968750e-06
8.463859558105468750e-06
4.172325134277343750e-06
6.675720214843750000e-06
6.556510925292968750e-06
5.006790161132812500e-06
6.556510925292968750e-06
6.437301635742187500e-06
5.722045898437500000e-06
6.198883056640625000e-06
7.271766662597656250e-06
5.364418029785156250e-06
7.033348083496093750e-06
6.675720214843750000e-06
9.655952453613281250e-06
1.025199890136718750e-05
4.410743713378906250e-06
3.576278686523437500e-06
1.668930053710937500e-06
5.483627319335937500e-06
6.556510925292968750e-06
6.556510925292968750e-06
6.794929504394531250e-06
4.887580871582031250e-06
-7.152557373046875000e-07
-1.072883605957031250e-06
2.384185791015625000e-06
2.861022949218750000e-06
5.245208740234375000e-06
6.198883056640625000e-06
6.794929504394531250e-06
4.053115844726562500e-06
1.668930053710937500e-06
3.457069396972656250e-06
1.788139343261718750e-06
3.695487976074218750e-06
9.536743164062500000e-07
2.741813659667968750e-06
5.960464477539062500e-06
2.741813659667968750e-06
1.072883605957031250e-06
3.695487976074218750e-06
4.529953002929687500e-06
6.556510925292968750e-06
8.344650268554687500e-06
3.218650817871093750e-06
5.483627319335937500e-06
4.291534423828125000e-06
4.649162292480468750e-06
5.006790161132812500e-06
4.053115844726562500e-06
3.814697265625000000e-06
7.271766662597656250e-06
5.841255187988281250e-06
6.079673767089843750e-06
3.337860107421875000e-06
5.841255187988281250e-06
5.245208740234375000e-06
3.337860107421875000e-06
7.748603820800781250e-06
8.344650268554687500e-06
8.940696716308593750e-06
1.311302185058593750e-06
2.980232238769531250e-06
5.364418029785156250e-06
2.980232238769531250e-06
8.344650268554687500e-06
5.483627319335937500e-06
2.861022949218750000e-06
6.675720214843750000e-06
6.914138793945312500e-06
1.907348632812500000e-06
3.457069396972656250e-06
5.006790161132812500e-06
1.430511474609375000e-06
1.549720764160156250e-06
3.337860107421875000e-06
7.510185241699218750e-06
7.987022399902343750e-06
8.821487426757812500e-06
