3.814697265625000000e-06
3.814697265625000000e-06
9.536743164062500000e-07
-1.716613769531250000e-05
1.716613769531250000e-05
6.675720214843750000e-06
-9.536743164062500000e-06
-9.536743164062500000e-06
1.907348632812500000e-06
-1.907348632812500000e-06
5.722045898437500000e-06
-1.907348632812500000e-05
-2.193450927734375000e-05
-9.536743164062500000e-06
9.536743164062500000e-07
-1.525878906250000000e-05
2.956390380859375000e-05
2.098083496093750000e-05
-1.907348632812500000e-06
9.536743164062500000e-06
1.525878906250000000e-05
2.002716064453125000e-05
2.861022949218750000e-06
2.765655517578125000e-05
2.002716064453125000e-05
-1.335144042968750000e-05
1.525878906250000000e-05
1.716613769531250000e-05
-7.629394531250000000e-06
-4.768371582031250000e-06
-8.583068847656250000e-06
-2.861022949218750000e-06
2.002716064453125000e-05
1.811981201171875000e-05
1.907348632812500000e-05
2.002716064453125000e-05
1.335144042968750000e-05
1.621246337890625000e-05
3.242492675781250000e-05
1.907348632812500000e-05
5.722045898437500000e-06
3.623962402343750000e-05
3.242492675781250000e-05
3.814697265625000000e-06
5.722045898437500000e-06
-2.288818359375000000e-05
2.574920654296875000e-05
3.623962402343750000e-05
2.956390380859375000e-05
4.768371582031250000e-06
-1.239776611328125000e-05
3.623962402343750000e-05
5.340576171875000000e-05
1.716613769531250000e-05
-1.144409179687500000e-05
1.430511474609375000e-05
2.861022949218750000e-06
-2.861022949218750000e-06
1.907348632812500000e-06
1.621246337890625000e-05
3.814697265625000000e-06
2.098083496093750000e-05
2.861022949218750000e-06
-4.768371582031250000e-06
-9.536743164062500000e-07
2.956390380859375000e-05
2.384185791015625000e-05
-6.675720214843750000e-06
2.670288085937500000e-05
-5.722045898437500000e-06
-2.384185791015625000e-05
1.144409179687500000e-05
1.430511474609375000e-05
-6.675720214843750000e-06
2.384185791015625000e-05
7.629394531250000000e-06
1.144409179687500000e-05
1.144409179687500000e-05
1.335144042968750000e-05
2.765655517578125000e-05
2.002716064453125000e-05
2.765655517578125000e-05
-5.722045898437500000e-06
2.670288085937500000e-05
2.098083496093750000e-05
1.621246337890625000e-05
5.149841308593750000e-05
-1.907348632812500000e-06
1.811981201171875000e-05
1.049041748046875000e-05
1.525878906250000000e-05
4.100799560546875000e-05
2.098083496093750000e-05
1.716613769531250000e-05
3.051757812500000000e-05
2.098083496093750000e-05
7.629394531250000000e-06
2.288818359375000000e-05
6.484985351562500000e-05
4.768371582031250000e-05
3.433227539062500000e-05
9.536743164062500000e-06
1.716613769531250000e-05
1.621246337890625000e-05
4.673004150390625000e-05
5.435943603515625000e-05
2.098083496093750000e-05
3.337860107421875000e-05
1.907348632812500000e-05
4.673004150390625000e-05
5.817413330078125000e-05
3.814697265625000000e-05
8.583068847656250000e-06
2.574920654296875000e-05
2.574920654296875000e-05
5.245208740234375000e-05
6.389617919921875000e-05
4.768371582031250000e-05
3.147125244140625000e-05
4.100799560546875000e-05
2.384185791015625000e-05
3.910064697265625000e-05
2.670288085937500000e-05
4.959106445312500000e-05
4.291534423828125000e-05
3.814697265625000000e-05
3.433227539062500000e-05
3.528594970703125000e-05
2.288818359375000000e-05
2.574920654296875000e-05
3.623962402343750000e-05
3.147125244140625000e-05
4.959106445312500000e-05
2.861022949218750000e-05
2.479553222656250000e-05
3.623962402343750000e-05
1.144409179687500000e-05
3.051757812500000000e-05
4.768371582031250000e-06
3.051757812500000000e-05
2.861022949218750000e-05
1.907348632812500000e-05
2.002716064453125000e-05
1.907348632812500000e-06
-1.907348632812500000e-05
-1.716613769531250000e-05
-2.861022949218750000e-06
1.335144042968750000e-05
9.536743164062500000e-06
2.574920654296875000e-05
2.384185791015625000e-05
1.811981201171875000e-05
-1.811981201171875000e-05
2.861022949218750000e-06
1.907348632812500000e-06
-2.861022949218750000e-06
-9.536743164062500000e-06
-8.583068847656250000e-06
1.621246337890625000e-05
5.722045898437500000e-06
1.335144042968750000e-05
2.002716064453125000e-05
2.002716064453125000e-05
1.430511474609375000e-05
8.583068847656250000e-06
-2.765655517578125000e-05
-9.536743164062500000e-06
-9.536743164062500000e-06
-1.907348632812500000e-06
1.525878906250000000e-05
-7.629394531250000000e-06
-1.716613769531250000e-05
8.583068847656250000e-06
9.536743164062500000e-07
9.536743164062500000e-07
-1.335144042968750000e-05
2.002716064453125000e-05
2.288818359375000000e-05
-9.536743164062500000e-07
9.536743164062500000e-06
9.536743164062500000e-07
1.907348632812500000e-06
-2.098083496093750000e-05
-1.049041748046875000e-05
7.629394531250000000e-06
1.239776611328125000e-05
2.479553222656250000e-05
2.002716064453125000e-05
-1.716613769531250000e-05
3.814697265625000000e-06
3.814697265625000000e-06
-2.193450927734375000e-05
1.335144042968750000e-05
8.583068847656250000e-06
-8.583068847656250000e-06
-4.768371582031250000e-06
0.000000000000000000e+00
2.384185791015625000e-05
2.288818359375000000e-05
3.719329833984375000e-05
