8.583068847656250000e-06
8.583068847656250000e-06
9.536743164062500000e-06
2.861022949218750000e-06
2.098083496093750000e-05
3.910064697265625000e-05
2.861022949218750000e-05
1.430511474609375000e-05
3.433227539062500000e-05
1.907348632812500000e-05
3.719329833984375000e-05
1.811981201171875000e-05
1.621246337890625000e-05
4.959106445312500000e-05
2.765655517578125000e-05
4.100799560546875000e-05
6.580352783203125000e-05
5.722045898437500000e-05
5.054473876953125000e-05
6.771087646484375000e-05
6.580352783203125000e-05
7.915496826171875000e-05
5.626678466796875000e-05
9.727478027343750000e-05
9.059906005859375000e-05
6.198883056640625000e-05
8.487701416015625000e-05
1.029968261718750000e-04
9.536743164062500000e-05
9.536743164062500000e-05
7.152557373046875000e-05
8.487701416015625000e-05
1.077651977539062500e-04
8.964538574218750000e-05
9.441375732421875000e-05
1.430511474609375000e-04
1.516342163085937500e-04
1.239776611328125000e-04
1.296997070312500000e-04
1.258850097656250000e-04
1.430511474609375000e-04
1.659393310546875000e-04
1.525878906250000000e-04
1.344680786132812500e-04
1.602172851562500000e-04
1.792907714843750000e-04
1.745223999023437500e-04
1.726150512695312500e-04
2.021789550781250000e-04
1.611709594726562500e-04
1.373291015625000000e-04
1.754760742187500000e-04
1.907348632812500000e-04
1.678466796875000000e-04
1.564025878906250000e-04
1.726150512695312500e-04
1.754760742187500000e-04
1.630783081054687500e-04
1.611709594726562500e-04
1.897811889648437500e-04
2.012252807617187500e-04
2.136230468750000000e-04
1.935958862304687500e-04
1.916885375976562500e-04
1.974105834960937500e-04
1.831054687500000000e-04
2.050399780273437500e-04
1.993179321289062500e-04
2.279281616210937500e-04
2.422332763671875000e-04
2.403259277343750000e-04
2.679824829101562500e-04
2.517700195312500000e-04
2.307891845703125000e-04
2.508163452148437500e-04
2.536773681640625000e-04
2.965927124023437500e-04
2.851486206054687500e-04
2.794265747070312500e-04
2.765655517578125000e-04
2.698898315429687500e-04
2.908706665039062500e-04
2.975463867187500000e-04
3.290176391601562500e-04
2.880096435546875000e-04
2.965927124023437500e-04
3.290176391601562500e-04
2.965927124023437500e-04
3.213882446289062500e-04
3.347396850585937500e-04
3.337860107421875000e-04
3.433227539062500000e-04
3.404617309570312500e-04
3.099441528320312500e-04
3.242492675781250000e-04
3.252029418945312500e-04
3.423690795898437500e-04
3.118515014648437500e-04
3.366470336914062500e-04
3.232955932617187500e-04
3.309249877929687500e-04
3.290176391601562500e-04
3.404617309570312500e-04
3.643035888671875000e-04
4.024505615234375000e-04
3.910064697265625000e-04
3.862380981445312500e-04
3.633499145507812500e-04
3.662109375000000000e-04
3.652572631835937500e-04
3.404617309570312500e-04
3.576278686523437500e-04
3.013610839843750000e-04
3.318786621093750000e-04
3.290176391601562500e-04
3.547668457031250000e-04
3.623962402343750000e-04
3.547668457031250000e-04
3.499984741210937500e-04
3.719329833984375000e-04
3.728866577148437500e-04
3.519058227539062500e-04
3.433227539062500000e-04
3.662109375000000000e-04
3.719329833984375000e-04
3.414154052734375000e-04
3.576278686523437500e-04
3.671646118164062500e-04
3.871917724609375000e-04
3.604888916015625000e-04
3.538131713867187500e-04
3.309249877929687500e-04
3.356933593750000000e-04
3.204345703125000000e-04
3.576278686523437500e-04
3.862380981445312500e-04
3.614425659179687500e-04
3.633499145507812500e-04
3.423690795898437500e-04
3.423690795898437500e-04
3.671646118164062500e-04
3.900527954101562500e-04
3.919601440429687500e-04
3.767013549804687500e-04
3.433227539062500000e-04
3.423690795898437500e-04
3.767013549804687500e-04
3.957748413085937500e-04
3.814697265625000000e-04
3.910064697265625000e-04
3.833770751953125000e-04
3.776550292968750000e-04
3.719329833984375000e-04
3.938674926757812500e-04
3.890991210937500000e-04
4.053115844726562500e-04
3.833770751953125000e-04
3.862380981445312500e-04
4.186630249023437500e-04
4.148483276367187500e-04
4.501342773437500000e-04
4.577636718750000000e-04
4.386901855468750000e-04
4.472732543945312500e-04
4.472732543945312500e-04
3.871917724609375000e-04
4.110336303710937500e-04
4.205703735351562500e-04
4.024505615234375000e-04
4.415512084960937500e-04
4.358291625976562500e-04
4.358291625976562500e-04
4.453659057617187500e-04
4.425048828125000000e-04
4.596710205078125000e-04
4.634857177734375000e-04
4.434585571289062500e-04
4.549026489257812500e-04
4.510879516601562500e-04
4.673004150390625000e-04
4.816055297851562500e-04
4.777908325195312500e-04
4.367828369140625000e-04
4.673004150390625000e-04
4.768371582031250000e-04
4.653930664062500000e-04
4.720687866210937500e-04
4.749298095703125000e-04
4.434585571289062500e-04
4.682540893554687500e-04
4.882812500000000000e-04
4.749298095703125000e-04
4.920959472656250000e-04
4.711151123046875000e-04
4.568099975585937500e-04
4.777908325195312500e-04
4.673004150390625000e-04
4.930496215820312500e-04
4.844665527343750000e-04
4.901885986328125000e-04
