2.288818359375000000e-05
2.288818359375000000e-05
3.528594970703125000e-05
2.765655517578125000e-05
5.626678466796875000e-05
6.389617919921875000e-05
8.487701416015625000e-05
6.103515625000000000e-05
6.198883056640625000e-05
5.722045898437500000e-05
9.441375732421875000e-05
6.389617919921875000e-05
6.771087646484375000e-05
1.211166381835937500e-04
1.230239868164062500e-04
5.817413330078125000e-05
9.536743164062500000e-05
1.239776611328125000e-04
1.506805419921875000e-04
1.478195190429687500e-04
1.420974731445312500e-04
1.468658447265625000e-04
1.087188720703125000e-04
1.430511474609375000e-04
1.335144042968750000e-04
1.163482666015625000e-04
1.287460327148437500e-04
1.459121704101562500e-04
1.440048217773437500e-04
2.145767211914062500e-04
1.945495605468750000e-04
1.745223999023437500e-04
1.668930053710937500e-04
1.945495605468750000e-04
1.974105834960937500e-04
2.079010009765625000e-04
2.021789550781250000e-04
1.859664916992187500e-04
1.611709594726562500e-04
1.640319824218750000e-04
1.659393310546875000e-04
1.831054687500000000e-04
1.993179321289062500e-04
1.850128173828125000e-04
2.136230468750000000e-04
1.764297485351562500e-04
1.726150512695312500e-04
1.783370971679687500e-04
1.811981201171875000e-04
2.155303955078125000e-04
1.516342163085937500e-04
1.897811889648437500e-04
2.002716064453125000e-04
1.792907714843750000e-04
1.811981201171875000e-04
2.088546752929687500e-04
1.745223999023437500e-04
2.040863037109375000e-04
1.888275146484375000e-04
1.935958862304687500e-04
1.964569091796875000e-04
2.126693725585937500e-04
2.193450927734375000e-04
1.955032348632812500e-04
1.974105834960937500e-04
1.916885375976562500e-04
2.269744873046875000e-04
2.145767211914062500e-04
2.069473266601562500e-04
2.307891845703125000e-04
2.574920654296875000e-04
2.574920654296875000e-04
2.326965332031250000e-04
2.250671386718750000e-04
2.193450927734375000e-04
2.241134643554687500e-04
2.517700195312500000e-04
2.393722534179687500e-04
2.603530883789062500e-04
2.660751342773437500e-04
2.622604370117187500e-04
2.584457397460937500e-04
2.489089965820312500e-04
2.622604370117187500e-04
2.450942993164062500e-04
2.365112304687500000e-04
2.622604370117187500e-04
2.546310424804687500e-04
2.508163452148437500e-04
2.670288085937500000e-04
2.765655517578125000e-04
2.889633178710937500e-04
3.070831298828125000e-04
2.660751342773437500e-04
2.698898315429687500e-04
2.727508544921875000e-04
2.517700195312500000e-04
2.498626708984375000e-04
2.393722534179687500e-04
2.441406250000000000e-04
2.174377441406250000e-04
2.012252807617187500e-04
2.145767211914062500e-04
2.241134643554687500e-04
2.508163452148437500e-04
2.450942993164062500e-04
2.250671386718750000e-04
2.441406250000000000e-04
2.679824829101562500e-04
2.908706665039062500e-04
2.708435058593750000e-04
2.613067626953125000e-04
2.145767211914062500e-04
2.183914184570312500e-04
2.470016479492187500e-04
2.746582031250000000e-04
2.746582031250000000e-04
2.574920654296875000e-04
2.670288085937500000e-04
2.822875976562500000e-04
2.765655517578125000e-04
2.784729003906250000e-04
2.622604370117187500e-04
2.927780151367187500e-04
3.108978271484375000e-04
2.737045288085937500e-04
2.746582031250000000e-04
2.889633178710937500e-04
2.679824829101562500e-04
2.746582031250000000e-04
2.717971801757812500e-04
2.403259277343750000e-04
2.803802490234375000e-04
2.632141113281250000e-04
2.508163452148437500e-04
2.937316894531250000e-04
2.574920654296875000e-04
2.603530883789062500e-04
2.441406250000000000e-04
2.403259277343750000e-04
2.641677856445312500e-04
2.737045288085937500e-04
2.918243408203125000e-04
2.784729003906250000e-04
2.450942993164062500e-04
2.393722534179687500e-04
2.574920654296875000e-04
2.775192260742187500e-04
2.803802490234375000e-04
2.765655517578125000e-04
2.565383911132812500e-04
2.489089965820312500e-04
2.431869506835937500e-04
2.641677856445312500e-04
2.603530883789062500e-04
2.689361572265625000e-04
2.613067626953125000e-04
2.651214599609375000e-04
2.918243408203125000e-04
2.670288085937500000e-04
2.784729003906250000e-04
2.813339233398437500e-04
2.737045288085937500e-04
3.099441528320312500e-04
3.185272216796875000e-04
2.880096435546875000e-04
2.603530883789062500e-04
2.603530883789062500e-04
2.498626708984375000e-04
2.565383911132812500e-04
2.689361572265625000e-04
2.574920654296875000e-04
2.517700195312500000e-04
2.393722534179687500e-04
2.832412719726562500e-04
2.393722534179687500e-04
2.298355102539062500e-04
2.479553222656250000e-04
2.288818359375000000e-04
2.470016479492187500e-04
2.470016479492187500e-04
2.527236938476562500e-04
2.593994140625000000e-04
2.660751342773437500e-04
2.660751342773437500e-04
2.489089965820312500e-04
2.899169921875000000e-04
2.746582031250000000e-04
2.298355102539062500e-04
2.231597900390625000e-04
2.498626708984375000e-04
2.555847167968750000e-04
2.813339233398437500e-04
2.660751342773437500e-04
2.536773681640625000e-04
2.317428588867187500e-04
2.641677856445312500e-04
2.727508544921875000e-04
2.517700195312500000e-04
2.422332763671875000e-04
