5.078315734863281250e-05
5.078315734863281250e-05
9.024143218994140625e-05
1.180171966552734375e-04
1.757144927978515625e-04
2.183914184570312500e-04
2.399682998657226562e-04
2.697706222534179688e-04
3.050565719604492188e-04
3.110170364379882812e-04
3.488063812255859375e-04
3.772974014282226562e-04
4.042387008666992188e-04
4.434585571289062500e-04
4.835128784179687500e-04
5.025863647460937500e-04
5.638599395751953125e-04
6.215572357177734375e-04
6.375312805175781250e-04
6.487369537353515625e-04
6.490945816040039062e-04
6.439685821533203125e-04
6.351470947265625000e-04
6.654262542724609375e-04
6.749629974365234375e-04
6.576776504516601562e-04
6.574392318725585938e-04
6.676912307739257812e-04
6.687641143798828125e-04
6.563663482666015625e-04
6.439685821533203125e-04
6.510019302368164062e-04
6.548166275024414062e-04
6.654262542724609375e-04
6.523132324218750000e-04
6.519556045532226562e-04
6.529092788696289062e-04
6.532669067382812500e-04
6.723403930664062500e-04
6.654262542724609375e-04
6.723403930664062500e-04
6.794929504394531250e-04
6.612539291381835938e-04
6.514787673950195312e-04
6.545782089233398438e-04
6.511211395263671875e-04
6.613731384277343750e-04
6.582736968994140625e-04
6.538629531860351562e-04
6.374120712280273438e-04
6.221532821655273438e-04
6.383657455444335938e-04
6.353855133056640625e-04
6.232261657714843750e-04
6.121397018432617188e-04
6.113052368164062500e-04
6.057024002075195312e-04
5.899667739868164062e-04
5.980730056762695312e-04
6.020069122314453125e-04
6.066560745239257812e-04
6.085634231567382812e-04
5.942583084106445312e-04
5.933046340942382812e-04
5.891323089599609375e-04
5.947351455688476562e-04
5.929470062255859375e-04
5.748271942138671875e-04
5.948543548583984375e-04
5.921125411987304688e-04
5.811452865600585938e-04
5.871057510375976562e-04
5.797147750854492188e-04
5.652904510498046875e-04
5.773305892944335938e-04
5.880594253540039062e-04
5.890130996704101562e-04
5.797147750854492188e-04
5.755424499511718750e-04
5.820989608764648438e-04
5.749464035034179688e-04
5.728006362915039062e-04
5.849599838256835938e-04
5.953311920166015625e-04
5.848407745361328125e-04
5.784034729003906250e-04
5.930662155151367188e-04
5.804300308227539062e-04
5.695819854736328125e-04
5.450248718261718750e-04
5.590915679931640625e-04
5.857944488525390625e-04
5.972385406494140625e-04
5.749464035034179688e-04
6.049871444702148438e-04
6.015300750732421875e-04
5.708932876586914062e-04
5.917549133300781250e-04
6.034374237060546875e-04
5.879402160644531250e-04
5.810260772705078125e-04
5.714893341064453125e-04
5.625486373901367188e-04
5.577802658081054688e-04
5.702972412109375000e-04
5.639791488647460938e-04
5.556344985961914062e-04
5.491971969604492188e-04
5.408525466918945312e-04
5.583763122558593750e-04
5.472898483276367188e-04
5.521774291992187500e-04
5.170106887817382812e-04
5.210638046264648438e-04
5.248785018920898438e-04
5.458593368530273438e-04
5.506277084350585938e-04
5.213022232055664062e-04
5.170106887817382812e-04
5.356073379516601562e-04
5.365610122680664062e-04
5.407333374023437500e-04
5.207061767578125000e-04
5.295276641845703125e-04
5.350112915039062500e-04
5.265474319458007812e-04
5.283355712890625000e-04
5.356073379516601562e-04
5.437135696411132812e-04
5.432367324829101562e-04
5.468130111694335938e-04
5.462169647216796875e-04
5.501508712768554688e-04
5.354881286621093750e-04
5.370378494262695312e-04
5.443096160888671875e-04
5.213022232055664062e-04
5.214214324951171875e-04
5.184412002563476562e-04
5.333423614501953125e-04
5.408525466918945312e-04
5.446672439575195312e-04
5.506277084350585938e-04
5.379915237426757812e-04
5.164146423339843750e-04
5.158185958862304688e-04
5.546808242797851562e-04
5.503892898559570312e-04
5.537271499633789062e-04
5.553960800170898438e-04
5.513429641723632812e-04
5.488395690917968750e-04
5.383491516113281250e-04
5.477666854858398438e-04
5.420446395874023438e-04
5.422830581665039062e-04
5.366802215576171875e-04
5.408525466918945312e-04
5.410909652709960938e-04
5.407333374023437500e-04
5.390644073486328125e-04
5.564689636230468750e-04
5.536079406738281250e-04
5.528926849365234375e-04
5.559921264648437500e-04
5.257129669189453125e-04
5.375146865844726562e-04
5.301237106323242188e-04
5.393028259277343750e-04
5.505084991455078125e-04
5.415678024291992188e-04
5.401372909545898438e-04
5.341768264770507812e-04
5.247592926025390625e-04
5.333423614501953125e-04
5.244016647338867188e-04
5.261898040771484375e-04
5.350112915039062500e-04
5.295276641845703125e-04
5.342960357666015625e-04
5.267858505249023438e-04
5.319118499755859375e-04
5.117654800415039062e-04
5.276203155517578125e-04
5.525350570678710938e-04
5.433559417724609375e-04
5.605220794677734375e-04
5.642175674438476562e-04
5.513429641723632812e-04
5.705356597900390625e-04
5.670785903930664062e-04
5.592107772827148438e-04
5.763769149780273438e-04
5.770921707153320312e-04
5.723237991333007812e-04
5.781650543212890625e-04
5.900859832763671875e-04
6.054639816284179688e-04
6.128549575805664062e-04
6.115436553955078125e-04
