2.670288085937500000e-05
2.670288085937500000e-05
1.907348632812500000e-05
-5.722045898437500000e-05
4.196166992187500000e-05
9.155273437500000000e-05
1.525878906250000000e-05
6.484985351562500000e-05
4.959106445312500000e-05
-2.288818359375000000e-05
6.866455078125000000e-05
3.433227539062500000e-05
-4.196166992187500000e-05
6.103515625000000000e-05
1.220703125000000000e-04
-3.814697265625000000e-05
1.106262207031250000e-04
1.144409179687500000e-04
5.340576171875000000e-05
1.144409179687500000e-04
1.029968261718750000e-04
1.335144042968750000e-04
7.629394531250000000e-05
1.449584960937500000e-04
1.029968261718750000e-04
0.000000000000000000e+00
1.258850097656250000e-04
1.792907714843750000e-04
5.340576171875000000e-05
-1.525878906250000000e-05
-1.907348632812500000e-05
6.866455078125000000e-05
1.258850097656250000e-04
1.945495605468750000e-04
1.716613769531250000e-04
2.365112304687500000e-04
2.326965332031250000e-04
2.021789550781250000e-04
1.525878906250000000e-04
1.220703125000000000e-04
1.449584960937500000e-04
2.250671386718750000e-04
2.365112304687500000e-04
2.098083496093750000e-04
1.792907714843750000e-04
1.258850097656250000e-04
2.021789550781250000e-04
2.593994140625000000e-04
2.784729003906250000e-04
1.220703125000000000e-04
2.288818359375000000e-05
1.602172851562500000e-04
1.907348632812500000e-04
1.373291015625000000e-04
1.106262207031250000e-04
1.640319824218750000e-04
1.411437988281250000e-04
1.029968261718750000e-04
7.247924804687500000e-05
1.220703125000000000e-04
1.869201660156250000e-04
2.708435058593750000e-04
1.869201660156250000e-04
1.754760742187500000e-04
1.640319824218750000e-04
1.754760742187500000e-04
2.670288085937500000e-04
1.640319824218750000e-04
1.487731933593750000e-04
2.555847167968750000e-04
1.564025878906250000e-04
2.136230468750000000e-04
2.021789550781250000e-04
1.296997070312500000e-04
2.517700195312500000e-04
1.678466796875000000e-04
2.250671386718750000e-04
1.754760742187500000e-04
1.983642578125000000e-04
1.831054687500000000e-04
1.640319824218750000e-04
1.792907714843750000e-04
1.640319824218750000e-04
2.212524414062500000e-04
1.640319824218750000e-04
2.899169921875000000e-04
3.318786621093750000e-04
2.021789550781250000e-04
1.831054687500000000e-04
1.411437988281250000e-04
2.326965332031250000e-04
4.043579101562500000e-04
3.318786621093750000e-04
2.861022949218750000e-04
3.280639648437500000e-04
3.089904785156250000e-04
2.899169921875000000e-04
3.395080566406250000e-04
3.356933593750000000e-04
3.204345703125000000e-04
3.547668457031250000e-04
2.632141113281250000e-04
2.784729003906250000e-04
2.861022949218750000e-04
2.708435058593750000e-04
2.670288085937500000e-04
2.861022949218750000e-04
2.708435058593750000e-04
3.356933593750000000e-04
3.890991210937500000e-04
3.395080566406250000e-04
2.937316894531250000e-04
1.335144042968750000e-04
2.479553222656250000e-04
3.242492675781250000e-04
3.700256347656250000e-04
3.280639648437500000e-04
2.822875976562500000e-04
2.403259277343750000e-04
2.784729003906250000e-04
3.013610839843750000e-04
3.128051757812500000e-04
2.365112304687500000e-04
3.318786621093750000e-04
3.509521484375000000e-04
2.632141113281250000e-04
2.670288085937500000e-04
2.593994140625000000e-04
2.593994140625000000e-04
2.822875976562500000e-04
4.005432128906250000e-04
3.547668457031250000e-04
3.890991210937500000e-04
3.700256347656250000e-04
3.128051757812500000e-04
3.547668457031250000e-04
1.754760742187500000e-04
2.861022949218750000e-04
2.555847167968750000e-04
4.196166992187500000e-04
4.043579101562500000e-04
3.547668457031250000e-04
3.623962402343750000e-04
3.204345703125000000e-04
1.640319824218750000e-04
2.174377441406250000e-04
3.166198730468750000e-04
3.852844238281250000e-04
4.196166992187500000e-04
4.920959472656250000e-04
4.043579101562500000e-04
3.318786621093750000e-04
2.517700195312500000e-04
3.547668457031250000e-04
3.471374511718750000e-04
3.318786621093750000e-04
2.822875976562500000e-04
3.204345703125000000e-04
4.234313964843750000e-04
4.615783691406250000e-04
5.035400390625000000e-04
4.692077636718750000e-04
4.386901855468750000e-04
4.272460937500000000e-04
4.119873046875000000e-04
3.738403320312500000e-04
3.356933593750000000e-04
3.395080566406250000e-04
4.005432128906250000e-04
4.310607910156250000e-04
3.318786621093750000e-04
3.051757812500000000e-04
3.776550292968750000e-04
2.937316894531250000e-04
3.623962402343750000e-04
3.852844238281250000e-04
4.959106445312500000e-04
4.615783691406250000e-04
3.623962402343750000e-04
3.929138183593750000e-04
4.043579101562500000e-04
4.425048828125000000e-04
2.784729003906250000e-04
3.433227539062500000e-04
4.692077636718750000e-04
4.005432128906250000e-04
4.615783691406250000e-04
5.073547363281250000e-04
2.670288085937500000e-04
4.081726074218750000e-04
4.272460937500000000e-04
3.089904785156250000e-04
4.386901855468750000e-04
3.547668457031250000e-04
2.555847167968750000e-04
3.051757812500000000e-04
4.272460937500000000e-04
4.959106445312500000e-04
4.844665527343750000e-04
4.310607910156250000e-04
