7.152557373046875000e-06
7.152557373046875000e-06
9.059906005859375000e-06
1.430511474609375000e-06
2.193450927734375000e-05
1.907348632812500000e-05
1.478195190429687500e-05
2.193450927734375000e-05
3.433227539062500000e-05
2.098083496093750000e-05
3.242492675781250000e-05
2.813339233398437500e-05
3.099441528320312500e-05
4.053115844726562500e-05
4.053115844726562500e-05
3.337860107421875000e-05
5.435943603515625000e-05
6.008148193359375000e-05
5.865097045898437500e-05
7.057189941406250000e-05
8.249282836914062500e-05
8.726119995117187500e-05
8.392333984375000000e-05
9.012222290039062500e-05
9.250640869140625000e-05
8.964538574218750000e-05
9.775161743164062500e-05
1.049041748046875000e-04
1.049041748046875000e-04
9.632110595703125000e-05
1.029968261718750000e-04
1.244544982910156250e-04
1.320838928222656250e-04
1.401901245117187500e-04
1.516342163085937500e-04
1.511573791503906250e-04
1.478195190429687500e-04
1.454353332519531250e-04
1.516342163085937500e-04
1.525878906250000000e-04
1.583099365234375000e-04
1.540184020996093750e-04
1.497268676757812500e-04
1.564025878906250000e-04
1.544952392578125000e-04
1.544952392578125000e-04
1.778602600097656250e-04
1.726150512695312500e-04
1.783370971679687500e-04
1.845359802246093750e-04
1.721382141113281250e-04
2.036094665527343750e-04
1.978874206542968750e-04
2.126693725585937500e-04
2.069473266601562500e-04
2.193450927734375000e-04
2.150535583496093750e-04
1.983642578125000000e-04
2.160072326660156250e-04
2.326965332031250000e-04
2.374649047851562500e-04
2.293586730957031250e-04
2.250671386718750000e-04
2.188682556152343750e-04
2.303123474121093750e-04
2.307891845703125000e-04
2.365112304687500000e-04
2.307891845703125000e-04
2.384185791015625000e-04
2.317428588867187500e-04
2.427101135253906250e-04
2.679824829101562500e-04
2.856254577636718750e-04
2.727508544921875000e-04
2.946853637695312500e-04
2.880096435546875000e-04
3.008842468261718750e-04
2.865791320800781250e-04
2.822875976562500000e-04
2.727508544921875000e-04
2.641677856445312500e-04
2.632141113281250000e-04
2.536773681640625000e-04
2.732276916503906250e-04
2.665519714355468750e-04
2.651214599609375000e-04
2.708435058593750000e-04
2.775192260742187500e-04
2.894401550292968750e-04
2.856254577636718750e-04
2.908706665039062500e-04
3.018379211425781250e-04
2.970695495605468750e-04
2.980232238769531250e-04
3.056526184082031250e-04
3.142356872558593750e-04
3.209114074707031250e-04
3.147125244140625000e-04
3.423690795898437500e-04
3.466606140136718750e-04
3.376007080078125000e-04
3.366470336914062500e-04
3.480911254882812500e-04
3.466606140136718750e-04
3.557205200195312500e-04
3.585815429687500000e-04
3.571510314941406250e-04
3.690719604492187500e-04
3.786087036132812500e-04
3.728866577148437500e-04
3.757476806640625000e-04
3.819465637207031250e-04
3.695487976074218750e-04
3.786087036132812500e-04
3.919601440429687500e-04
3.910064697265625000e-04
3.991127014160156250e-04
3.843307495117187500e-04
3.705024719238281250e-04
3.848075866699218750e-04
3.857612609863281250e-04
3.919601440429687500e-04
3.995895385742187500e-04
4.105567932128906250e-04
4.286766052246093750e-04
4.210472106933593750e-04
4.196166992187500000e-04
4.134178161621093750e-04
4.100799560546875000e-04
4.281997680664062500e-04
4.200935363769531250e-04
4.258155822753906250e-04
4.324913024902343750e-04
4.158020019531250000e-04
4.296302795410156250e-04
4.501342773437500000e-04
4.358291625976562500e-04
4.277229309082031250e-04
4.115104675292968750e-04
4.091262817382812500e-04
4.200935363769531250e-04
4.320144653320312500e-04
4.372596740722656250e-04
4.258155822753906250e-04
4.177093505859375000e-04
4.062652587890625000e-04
4.281997680664062500e-04
4.301071166992187500e-04
4.272460937500000000e-04
4.315376281738281250e-04
4.258155822753906250e-04
4.158020019531250000e-04
4.196166992187500000e-04
4.100799560546875000e-04
4.010200500488281250e-04
4.177093505859375000e-04
4.067420959472656250e-04
4.057884216308593750e-04
4.138946533203125000e-04
4.067420959472656250e-04
4.034042358398437500e-04
4.038810729980468750e-04
4.110336303710937500e-04
3.986358642578125000e-04
4.048347473144531250e-04
3.933906555175781250e-04
3.910064697265625000e-04
3.976821899414062500e-04
4.096031188964843750e-04
4.057884216308593750e-04
3.972053527832031250e-04
4.014968872070312500e-04
4.034042358398437500e-04
4.014968872070312500e-04
4.143714904785156250e-04
4.143714904785156250e-04
4.262924194335937500e-04
4.339218139648437500e-04
4.129409790039062500e-04
4.315376281738281250e-04
4.363059997558593750e-04
4.348754882812500000e-04
4.243850708007812500e-04
4.363059997558593750e-04
4.444122314453125000e-04
4.501342773437500000e-04
4.539489746093750000e-04
4.358291625976562500e-04
4.253387451171875000e-04
4.343986511230468750e-04
4.377365112304687500e-04
4.248619079589843750e-04
4.315376281738281250e-04
4.138946533203125000e-04
4.191398620605468750e-04
4.320144653320312500e-04
4.329681396484375000e-04
4.391670227050781250e-04
4.324913024902343750e-04
4.291534423828125000e-04
