4.673004150390625000e-05
4.673004150390625000e-05
6.437301635742187500e-05
8.821487426757812500e-05
1.130104064941406250e-04
1.349449157714843750e-04
1.459121704101562500e-04
1.749992370605468750e-04
1.916885375976562500e-04
2.236366271972656250e-04
2.450942993164062500e-04
2.417564392089843750e-04
2.722740173339843750e-04
3.046989440917968750e-04
3.390312194824218750e-04
3.738403320312500000e-04
3.786087036132812500e-04
4.158020019531250000e-04
4.119873046875000000e-04
4.739761352539062500e-04
5.011558532714843750e-04
5.097389221191406250e-04
5.135536193847656250e-04
5.121231079101562500e-04
5.407333374023437500e-04
5.550384521484375000e-04
5.950927734375000000e-04
6.132125854492187500e-04
6.256103515625000000e-04
6.303787231445312500e-04
6.217956542968750000e-04
6.399154663085937500e-04
7.123947143554687500e-04
7.410049438476562500e-04
7.648468017578125000e-04
7.791519165039062500e-04
7.925033569335937500e-04
8.325576782226562500e-04
8.144378662109375000e-04
7.853507995605468750e-04
8.292198181152343750e-04
8.730888366699218750e-04
9.231567382812500000e-04
9.064674377441406250e-04
9.183883666992187500e-04
9.551048278808593750e-04
9.660720825195312500e-04
9.465217590332031250e-04
9.708404541015625000e-04
9.980201721191406250e-04
9.818077087402343750e-04
1.056194305419921875e-03
1.054763793945312500e-03
1.083850860595703125e-03
1.140594482421875000e-03
1.130580902099609375e-03
1.122951507568359375e-03
1.077175140380859375e-03
1.145362854003906250e-03
1.196861267089843750e-03
1.151084899902343750e-03
1.141071319580078125e-03
1.115322113037109375e-03
1.093387603759765625e-03
1.088142395019531250e-03
1.119136810302734375e-03
1.103878021240234375e-03
1.066684722900390625e-03
1.059532165527343750e-03
1.044273376464843750e-03
1.051902770996093750e-03
1.102447509765625000e-03
1.099586486816406250e-03
1.096725463867187500e-03
1.089096069335937500e-03
1.094818115234375000e-03
1.131057739257812500e-03
1.101016998291015625e-03
1.098155975341796875e-03
1.072406768798828125e-03
1.068592071533203125e-03
1.074314117431640625e-03
1.045703887939453125e-03
1.037597656250000000e-03
1.063346862792968750e-03
1.061439514160156250e-03
1.072406768798828125e-03
1.047611236572265625e-03
1.069068908691406250e-03
1.076221466064453125e-03
1.056671142578125000e-03
1.074314117431640625e-03
1.060485839843750000e-03
1.035690307617187500e-03
1.032352447509765625e-03
1.038551330566406250e-03
1.031398773193359375e-03
1.047134399414062500e-03
1.044750213623046875e-03
1.064777374267578125e-03
1.063346862792968750e-03
1.034736633300781250e-03
1.036167144775390625e-03
1.081943511962890625e-03
1.067638397216796875e-03
1.070976257324218750e-03
1.065731048583984375e-03
1.073360443115234375e-03
1.070976257324218750e-03
1.080989837646484375e-03
1.077651977539062500e-03
1.116752624511718750e-03
1.126289367675781250e-03
1.107215881347656250e-03
1.126289367675781250e-03
1.147270202636718750e-03
1.134872436523437500e-03
1.128196716308593750e-03
1.119136810302734375e-03
1.121997833251953125e-03
1.106262207031250000e-03
1.125335693359375000e-03
1.105308532714843750e-03
1.102447509765625000e-03
1.128673553466796875e-03
1.146316528320312500e-03
1.155376434326171875e-03
1.140594482421875000e-03
1.144409179687500000e-03
1.146793365478515625e-03
1.130104064941406250e-03
1.131057739257812500e-03
1.136779785156250000e-03
1.127243041992187500e-03
1.124382019042968750e-03
1.130104064941406250e-03
1.111507415771484375e-03
1.113414764404296875e-03
1.100063323974609375e-03
1.118183135986328125e-03
1.109600067138671875e-03
1.110076904296875000e-03
1.109123229980468750e-03
1.128196716308593750e-03
1.104831695556640625e-03
1.121520996093750000e-03
1.123428344726562500e-03
1.109600067138671875e-03
1.123905181884765625e-03
1.150131225585937500e-03
1.109600067138671875e-03
1.111507415771484375e-03
1.080989837646484375e-03
1.065254211425781250e-03
1.044750213623046875e-03
1.035213470458984375e-03
1.027584075927734375e-03
1.035213470458984375e-03
1.032352447509765625e-03
1.023769378662109375e-03
1.017093658447265625e-03
1.021385192871093750e-03
1.023769378662109375e-03
1.024723052978515625e-03
1.024723052978515625e-03
1.007080078125000000e-03
1.005172729492187500e-03
9.870529174804687500e-04
9.970664978027343750e-04
1.005649566650390625e-03
1.016616821289062500e-03
9.946823120117187500e-04
1.011848449707031250e-03
1.011848449707031250e-03
1.033306121826171875e-03
1.011371612548828125e-03
1.016616821289062500e-03
1.021385192871093750e-03
9.984970092773437500e-04
1.008033752441406250e-03
1.008033752441406250e-03
9.965896606445312500e-04
9.775161743164062500e-04
9.932518005371093750e-04
1.003265380859375000e-03
9.870529174804687500e-04
9.903907775878906250e-04
9.865760803222656250e-04
9.727478027343750000e-04
9.942054748535156250e-04
1.009941101074218750e-03
9.922981262207031250e-04
9.670257568359375000e-04
9.465217590332031250e-04
9.450912475585937500e-04
9.303092956542968750e-04
9.589195251464843750e-04
9.613037109375000000e-04
9.598731994628906250e-04
9.636878967285156250e-04
