6.294250488281250000e-05
6.294250488281250000e-05
9.250640869140625000e-05
9.727478027343750000e-05
8.583068847656250000e-05
1.306533813476562500e-04
1.668930053710937500e-04
1.802444458007812500e-04
1.630783081054687500e-04
1.688003540039062500e-04
2.326965332031250000e-04
2.145767211914062500e-04
2.336502075195312500e-04
2.784729003906250000e-04
2.555847167968750000e-04
2.470016479492187500e-04
2.908706665039062500e-04
3.232955932617187500e-04
3.547668457031250000e-04
3.509521484375000000e-04
3.538131713867187500e-04
3.871917724609375000e-04
3.738403320312500000e-04
4.520416259765625000e-04
4.510879516601562500e-04
4.539489746093750000e-04
4.844665527343750000e-04
5.149841308593750000e-04
5.197525024414062500e-04
5.025863647460937500e-04
4.749298095703125000e-04
5.178451538085937500e-04
5.664825439453125000e-04
6.036758422851562500e-04
6.027221679687500000e-04
6.408691406250000000e-04
6.513595581054687500e-04
6.580352783203125000e-04
6.961822509765625000e-04
6.551742553710937500e-04
6.494522094726562500e-04
6.685256958007812500e-04
6.599426269531250000e-04
6.771087646484375000e-04
6.809234619140625000e-04
7.066726684570312500e-04
7.543563842773437500e-04
7.362365722656250000e-04
7.219314575195312500e-04
7.162094116210937500e-04
6.771087646484375000e-04
7.200241088867187500e-04
7.619857788085937500e-04
7.886886596679687500e-04
7.867813110351562500e-04
8.707046508789062500e-04
8.935928344726562500e-04
8.926391601562500000e-04
8.983612060546875000e-04
8.602142333984375000e-04
9.012222290039062500e-04
9.393692016601562500e-04
9.384155273437500000e-04
9.555816650390625000e-04
9.536743164062500000e-04
9.984970092773437500e-04
1.008987426757812500e-03
9.937286376953125000e-04
1.004219055175781250e-03
9.918212890625000000e-04
1.024246215820312500e-03
1.045227050781250000e-03
1.059532165527343750e-03
1.095771789550781250e-03
1.070022583007812500e-03
1.044273376464843750e-03
1.189231872558593750e-03
1.169204711914062500e-03
1.121520996093750000e-03
1.191139221191406250e-03
1.169204711914062500e-03
1.223564147949218750e-03
1.217842102050781250e-03
1.293182373046875000e-03
1.296997070312500000e-03
1.309394836425781250e-03
1.351356506347656250e-03
1.312255859375000000e-03
1.367568969726562500e-03
1.401901245117187500e-03
1.372337341308593750e-03
1.482963562011718750e-03
1.535415649414062500e-03
1.435279846191406250e-03
1.417160034179687500e-03
1.403808593750000000e-03
1.339912414550781250e-03
1.369476318359375000e-03
1.343727111816406250e-03
1.355171203613281250e-03
1.312255859375000000e-03
1.299858093261718750e-03
1.305580139160156250e-03
1.328468322753906250e-03
1.351356506347656250e-03
1.376152038574218750e-03
1.367568969726562500e-03
1.365661621093750000e-03
1.380920410156250000e-03
1.375198364257812500e-03
1.320838928222656250e-03
1.332283020019531250e-03
1.276016235351562500e-03
1.287460327148437500e-03
1.337051391601562500e-03
1.327514648437500000e-03
1.314163208007812500e-03
1.320838928222656250e-03
1.281738281250000000e-03
1.257896423339843750e-03
1.296043395996093750e-03
1.303672790527343750e-03
1.274108886718750000e-03
1.272201538085937500e-03
1.268386840820312500e-03
1.285552978515625000e-03
1.248359680175781250e-03
1.278877258300781250e-03
1.272201538085937500e-03
1.243591308593750000e-03
1.243591308593750000e-03
1.242637634277343750e-03
1.302719116210937500e-03
1.245498657226562500e-03
1.204490661621093750e-03
1.233100891113281250e-03
1.202583312988281250e-03
1.219749450683593750e-03
1.263618469238281250e-03
1.265525817871093750e-03
1.260757446289062500e-03
1.280784606933593750e-03
1.255989074707031250e-03
1.267433166503906250e-03
1.240730285644531250e-03
1.252174377441406250e-03
1.281738281250000000e-03
1.281738281250000000e-03
1.267433166503906250e-03
1.263618469238281250e-03
1.244544982910156250e-03
1.261711120605468750e-03
1.313209533691406250e-03
1.296997070312500000e-03
1.281738281250000000e-03
1.285552978515625000e-03
1.283645629882812500e-03
1.281738281250000000e-03
1.331329345703125000e-03
1.313209533691406250e-03
1.303672790527343750e-03
1.325607299804687500e-03
1.319885253906250000e-03
1.290321350097656250e-03
1.310348510742187500e-03
1.278877258300781250e-03
1.292228698730468750e-03
1.289367675781250000e-03
1.281738281250000000e-03
1.288414001464843750e-03
1.303672790527343750e-03
1.307487487792968750e-03
1.300811767578125000e-03
1.326560974121093750e-03
1.326560974121093750e-03
1.274108886718750000e-03
1.277923583984375000e-03
1.279830932617187500e-03
1.271247863769531250e-03
1.246452331542968750e-03
1.243591308593750000e-03
1.286506652832031250e-03
1.289367675781250000e-03
1.302719116210937500e-03
1.291275024414062500e-03
1.274108886718750000e-03
1.308441162109375000e-03
1.274108886718750000e-03
1.243591308593750000e-03
1.285552978515625000e-03
1.263618469238281250e-03
1.296997070312500000e-03
1.300811767578125000e-03
1.302719116210937500e-03
1.279830932617187500e-03
1.277923583984375000e-03
1.284599304199218750e-03
1.286506652832031250e-03
1.278877258300781250e-03
1.315116882324218750e-03
