2.384185791015625000e-05
2.384185791015625000e-05
5.340576171875000000e-05
5.269050598144531250e-05
6.723403930664062500e-05
7.438659667968750000e-05
8.082389831542968750e-05
8.678436279296875000e-05
9.322166442871093750e-05
9.989738464355468750e-05
1.132488250732421875e-04
1.173019409179687500e-04
1.220703125000000000e-04
1.370906829833984375e-04
1.296997070312500000e-04
1.373291015625000000e-04
1.494884490966796875e-04
1.466274261474609375e-04
1.466274261474609375e-04
1.449584960937500000e-04
1.614093780517578125e-04
1.652240753173828125e-04
1.521110534667968750e-04
1.664161682128906250e-04
1.585483551025390625e-04
1.485347747802734375e-04
1.583099365234375000e-04
1.642704010009765625e-04
1.709461212158203125e-04
1.831054687500000000e-04
1.933574676513671875e-04
1.807212829589843750e-04
1.823902130126953125e-04
1.738071441650390625e-04
1.704692840576171875e-04
1.840591430664062500e-04
2.036094665527343750e-04
1.904964447021484375e-04
1.921653747558593750e-04
1.873970031738281250e-04
1.778602600097656250e-04
1.816749572753906250e-04
1.759529113769531250e-04
1.838207244873046875e-04
1.888275146484375000e-04
1.869201660156250000e-04
2.017021179199218750e-04
1.993179321289062500e-04
1.974105834960937500e-04
1.928806304931640625e-04
1.790523529052734375e-04
1.845359802246093750e-04
1.978874206542968750e-04
1.797676086425781250e-04
1.735687255859375000e-04
1.804828643798828125e-04
1.771450042724609375e-04
1.721382141113281250e-04
1.680850982666015625e-04
1.621246337890625000e-04
1.699924468994140625e-04
1.747608184814453125e-04
1.831054687500000000e-04
1.904964447021484375e-04
1.826286315917968750e-04
1.704692840576171875e-04
1.697540283203125000e-04
1.692771911621093750e-04
1.869201660156250000e-04
1.823902130126953125e-04
1.678466796875000000e-04
1.778602600097656250e-04
1.900196075439453125e-04
1.769065856933593750e-04
1.759529113769531250e-04
1.773834228515625000e-04
1.819133758544921875e-04
1.859664916992187500e-04
2.007484436035156250e-04
2.102851867675781250e-04
1.983642578125000000e-04
2.005100250244140625e-04
1.966953277587890625e-04
2.038478851318359375e-04
1.955032348632812500e-04
1.881122589111328125e-04
1.859664916992187500e-04
1.847743988037109375e-04
1.957416534423828125e-04
1.852512359619140625e-04
1.742839813232421875e-04
1.826286315917968750e-04
1.945495605468750000e-04
2.026557922363281250e-04
1.947879791259765625e-04
1.771450042724609375e-04
1.816749572753906250e-04
1.778602600097656250e-04
1.826286315917968750e-04
1.778602600097656250e-04
1.857280731201171875e-04
1.790523529052734375e-04
1.747608184814453125e-04
1.740455627441406250e-04
1.718997955322265625e-04
1.645088195800781250e-04
1.649856567382812500e-04
1.611709594726562500e-04
1.575946807861328125e-04
1.571178436279296875e-04
1.623630523681640625e-04
1.645088195800781250e-04
1.621246337890625000e-04
1.659393310546875000e-04
1.647472381591796875e-04
1.754760742187500000e-04
1.645088195800781250e-04
1.540184020996093750e-04
1.540184020996093750e-04
1.533031463623046875e-04
1.466274261474609375e-04
1.451969146728515625e-04
1.349449157714843750e-04
1.432895660400390625e-04
1.432895660400390625e-04
1.404285430908203125e-04
1.366138458251953125e-04
1.454353332519531250e-04
1.440048217773437500e-04
1.456737518310546875e-04
1.468658447265625000e-04
1.509189605712890625e-04
1.480579376220703125e-04
1.463890075683593750e-04
1.466274261474609375e-04
1.525878906250000000e-04
1.459121704101562500e-04
1.354217529296875000e-04
1.268386840820312500e-04
1.266002655029296875e-04
1.354217529296875000e-04
1.220703125000000000e-04
1.220703125000000000e-04
1.227855682373046875e-04
1.173019409179687500e-04
1.151561737060546875e-04
1.192092895507812500e-04
1.208782196044921875e-04
1.270771026611328125e-04
1.273155212402343750e-04
1.246929168701171875e-04
1.175403594970703125e-04
1.201629638671875000e-04
1.213550567626953125e-04
1.204013824462890625e-04
1.263618469238281250e-04
1.204013824462890625e-04
1.220703125000000000e-04
1.211166381835937500e-04
1.237392425537109375e-04
1.230239868164062500e-04
1.184940338134765625e-04
1.194477081298828125e-04
1.285076141357421875e-04
1.301765441894531250e-04
1.201629638671875000e-04
1.168251037597656250e-04
1.144409179687500000e-04
1.149177551269531250e-04
1.163482666015625000e-04
1.060962677001953125e-04
1.063346862792968750e-04
1.096725463867187500e-04
1.056194305419921875e-04
1.080036163330078125e-04
1.053810119628906250e-04
1.056194305419921875e-04
1.037120819091796875e-04
9.775161743164062500e-05
9.965896606445312500e-05
1.003742218017578125e-04
1.015663146972656250e-04
9.512901306152343750e-05
1.139640808105468750e-04
1.146793365478515625e-04
1.127719879150390625e-04
1.072883605957031250e-04
1.022815704345703125e-04
1.027584075927734375e-04
1.144409179687500000e-04
1.158714294433593750e-04
1.065731048583984375e-04
1.037120819091796875e-04
1.018047332763671875e-04
9.727478027343750000e-05
1.046657562255859375e-04
1.068115234375000000e-04
1.237392425537109375e-04
1.177787780761718750e-04
1.130104064941406250e-04
