2.384185791015625000e-06
2.384185791015625000e-06
5.245208740234375000e-06
4.291534423828125000e-06
7.152557373046875000e-06
1.573562622070312500e-05
1.096725463867187500e-05
1.621246337890625000e-05
3.290176391601562500e-05
1.955032348632812500e-05
4.291534423828125000e-05
3.528594970703125000e-05
3.767013549804687500e-05
3.862380981445312500e-05
3.242492675781250000e-05
4.529953002929687500e-05
4.863739013671875000e-05
5.435943603515625000e-05
4.434585571289062500e-05
5.435943603515625000e-05
6.580352783203125000e-05
6.723403930664062500e-05
5.054473876953125000e-05
6.771087646484375000e-05
5.722045898437500000e-05
4.148483276367187500e-05
5.245208740234375000e-05
6.341934204101562500e-05
8.106231689453125000e-05
6.818771362304687500e-05
5.722045898437500000e-05
6.532669067382812500e-05
7.295608520507812500e-05
6.914138793945312500e-05
6.771087646484375000e-05
6.389617919921875000e-05
6.580352783203125000e-05
7.820129394531250000e-05
7.867813110351562500e-05
7.534027099609375000e-05
7.867813110351562500e-05
7.629394531250000000e-05
6.675720214843750000e-05
6.103515625000000000e-05
5.245208740234375000e-05
5.102157592773437500e-05
7.057189941406250000e-05
6.818771362304687500e-05
6.008148193359375000e-05
4.768371582031250000e-05
3.242492675781250000e-05
5.531311035156250000e-05
6.914138793945312500e-05
5.531311035156250000e-05
5.435943603515625000e-05
6.484985351562500000e-05
6.532669067382812500e-05
4.482269287109375000e-05
4.053115844726562500e-05
5.817413330078125000e-05
6.103515625000000000e-05
5.912780761718750000e-05
5.769729614257812500e-05
5.245208740234375000e-05
5.960464477539062500e-05
5.578994750976562500e-05
7.057189941406250000e-05
6.151199340820312500e-05
7.009506225585937500e-05
6.675720214843750000e-05
5.292892456054687500e-05
6.818771362304687500e-05
6.914138793945312500e-05
7.104873657226562500e-05
6.818771362304687500e-05
6.246566772460937500e-05
7.247924804687500000e-05
6.580352783203125000e-05
6.818771362304687500e-05
6.818771362304687500e-05
7.343292236328125000e-05
7.200241088867187500e-05
5.054473876953125000e-05
6.341934204101562500e-05
5.817413330078125000e-05
5.388259887695312500e-05
6.484985351562500000e-05
4.816055297851562500e-05
5.340576171875000000e-05
5.531311035156250000e-05
6.151199340820312500e-05
6.818771362304687500e-05
6.961822509765625000e-05
5.960464477539062500e-05
5.769729614257812500e-05
5.435943603515625000e-05
5.245208740234375000e-05
5.292892456054687500e-05
6.628036499023437500e-05
5.865097045898437500e-05
5.626678466796875000e-05
5.006790161132812500e-05
3.957748413085937500e-05
4.196166992187500000e-05
4.482269287109375000e-05
4.959106445312500000e-05
4.148483276367187500e-05
5.054473876953125000e-05
5.722045898437500000e-05
6.103515625000000000e-05
4.529953002929687500e-05
5.245208740234375000e-05
2.670288085937500000e-05
3.623962402343750000e-05
4.243850708007812500e-05
5.578994750976562500e-05
6.628036499023437500e-05
6.437301635742187500e-05
5.865097045898437500e-05
5.006790161132812500e-05
5.197525024414062500e-05
5.340576171875000000e-05
4.959106445312500000e-05
4.816055297851562500e-05
5.817413330078125000e-05
4.005432128906250000e-05
5.006790161132812500e-05
5.292892456054687500e-05
4.673004150390625000e-05
5.292892456054687500e-05
5.626678466796875000e-05
6.151199340820312500e-05
6.914138793945312500e-05
4.100799560546875000e-05
4.529953002929687500e-05
6.151199340820312500e-05
3.910064697265625000e-05
3.242492675781250000e-05
2.193450927734375000e-05
2.670288085937500000e-05
4.053115844726562500e-05
4.673004150390625000e-05
5.769729614257812500e-05
3.910064697265625000e-05
1.811981201171875000e-05
2.717971801757812500e-05
3.814697265625000000e-05
3.671646118164062500e-05
3.767013549804687500e-05
5.435943603515625000e-05
4.434585571289062500e-05
4.243850708007812500e-05
3.337860107421875000e-05
3.814697265625000000e-05
3.671646118164062500e-05
3.862380981445312500e-05
2.431869506835937500e-05
3.147125244140625000e-05
5.054473876953125000e-05
3.623962402343750000e-05
3.242492675781250000e-05
3.194808959960937500e-05
3.862380981445312500e-05
3.671646118164062500e-05
4.673004150390625000e-05
1.430511474609375000e-05
2.574920654296875000e-05
3.147125244140625000e-05
3.385543823242187500e-05
4.577636718750000000e-05
3.957748413085937500e-05
3.528594970703125000e-05
3.767013549804687500e-05
3.623962402343750000e-05
4.100799560546875000e-05
2.002716064453125000e-05
3.337860107421875000e-05
3.957748413085937500e-05
2.908706665039062500e-05
3.862380981445312500e-05
2.861022949218750000e-05
1.907348632812500000e-05
1.478195190429687500e-05
2.479553222656250000e-05
4.482269287109375000e-05
2.861022949218750000e-05
3.767013549804687500e-05
3.242492675781250000e-05
1.859664916992187500e-05
3.242492675781250000e-05
2.861022949218750000e-05
2.622604370117187500e-05
3.147125244140625000e-05
2.622604370117187500e-05
2.717971801757812500e-05
3.337860107421875000e-05
3.147125244140625000e-05
4.529953002929687500e-05
4.053115844726562500e-05
4.005432128906250000e-05
