1.907348632812500000e-06
1.907348632812500000e-06
-5.722045898437500000e-06
-2.861022949218750000e-05
2.288818359375000000e-05
7.629394531250000000e-06
-2.098083496093750000e-05
-3.433227539062500000e-05
1.144409179687500000e-05
-1.144409179687500000e-05
3.051757812500000000e-05
-2.670288085937500000e-05
-3.433227539062500000e-05
-4.005432128906250000e-05
-9.536743164062500000e-06
-5.149841308593750000e-05
2.479553222656250000e-05
1.907348632812500000e-05
-1.144409179687500000e-05
4.959106445312500000e-05
-1.144409179687500000e-05
7.629394531250000000e-06
-9.536743164062500000e-06
2.861022949218750000e-05
4.196166992187500000e-05
-6.675720214843750000e-05
-7.629394531250000000e-06
5.722045898437500000e-06
-9.536743164062500000e-06
-3.814697265625000000e-06
-1.716613769531250000e-05
-7.629394531250000000e-06
3.814697265625000000e-06
-1.907348632812500000e-05
-1.144409179687500000e-05
6.675720214843750000e-05
6.294250488281250000e-05
4.196166992187500000e-05
2.098083496093750000e-05
1.144409179687500000e-05
4.386901855468750000e-05
7.629394531250000000e-05
4.386901855468750000e-05
1.525878906250000000e-05
-2.098083496093750000e-05
-3.051757812500000000e-05
3.623962402343750000e-05
3.433227539062500000e-05
6.294250488281250000e-05
1.716613769531250000e-05
-5.149841308593750000e-05
-1.144409179687500000e-05
1.907348632812500000e-06
-3.814697265625000000e-05
-4.577636718750000000e-05
4.386901855468750000e-05
6.675720214843750000e-05
9.536743164062500000e-06
5.722045898437500000e-06
2.288818359375000000e-05
3.433227539062500000e-05
4.768371582031250000e-05
4.386901855468750000e-05
1.907348632812500000e-05
-3.051757812500000000e-05
0.000000000000000000e+00
1.335144042968750000e-05
1.144409179687500000e-05
1.525878906250000000e-05
0.000000000000000000e+00
2.098083496093750000e-05
9.536743164062500000e-05
3.814697265625000000e-05
-3.814697265625000000e-06
2.479553222656250000e-05
-1.716613769531250000e-05
1.907348632812500000e-05
2.861022949218750000e-05
3.242492675781250000e-05
3.623962402343750000e-05
3.051757812500000000e-05
6.675720214843750000e-05
3.814697265625000000e-06
4.386901855468750000e-05
7.057189941406250000e-05
4.768371582031250000e-05
6.675720214843750000e-05
2.098083496093750000e-05
-5.722045898437500000e-06
-3.433227539062500000e-05
-3.814697265625000000e-05
7.438659667968750000e-05
2.479553222656250000e-05
-3.814697265625000000e-06
1.525878906250000000e-05
1.335144042968750000e-05
-5.722045898437500000e-06
1.907348632812500000e-06
4.196166992187500000e-05
4.196166992187500000e-05
2.288818359375000000e-05
3.814697265625000000e-06
-9.536743164062500000e-06
-2.479553222656250000e-05
3.623962402343750000e-05
2.098083496093750000e-05
-3.242492675781250000e-05
5.722045898437500000e-06
1.335144042968750000e-05
2.288818359375000000e-05
-1.525878906250000000e-05
-9.536743164062500000e-06
-9.918212890625000000e-05
-4.386901855468750000e-05
-3.814697265625000000e-06
2.098083496093750000e-05
7.820129394531250000e-05
1.144409179687500000e-05
2.479553222656250000e-05
5.722045898437500000e-05
3.433227539062500000e-05
3.051757812500000000e-05
3.051757812500000000e-05
2.861022949218750000e-05
6.675720214843750000e-05
0.000000000000000000e+00
1.144409179687500000e-05
1.144409179687500000e-05
-1.144409179687500000e-05
3.242492675781250000e-05
2.670288085937500000e-05
3.623962402343750000e-05
5.149841308593750000e-05
-1.525878906250000000e-05
9.536743164062500000e-06
7.438659667968750000e-05
9.536743164062500000e-06
3.814697265625000000e-05
-1.335144042968750000e-05
-2.479553222656250000e-05
1.525878906250000000e-05
-1.907348632812500000e-05
-4.386901855468750000e-05
-2.098083496093750000e-05
-3.814697265625000000e-05
-5.912780761718750000e-05
-2.288818359375000000e-05
4.959106445312500000e-05
-2.861022949218750000e-05
1.716613769531250000e-05
3.242492675781250000e-05
-3.433227539062500000e-05
-4.005432128906250000e-05
-3.433227539062500000e-05
-8.201599121093750000e-05
-5.531311035156250000e-05
-5.531311035156250000e-05
-5.340576171875000000e-05
-5.722045898437500000e-06
1.907348632812500000e-06
1.907348632812500000e-06
3.433227539062500000e-05
4.196166992187500000e-05
0.000000000000000000e+00
4.196166992187500000e-05
-1.716613769531250000e-05
-4.959106445312500000e-05
-2.098083496093750000e-05
-5.722045898437500000e-06
1.716613769531250000e-05
1.907348632812500000e-05
-5.722045898437500000e-06
-2.288818359375000000e-05
-1.335144042968750000e-05
2.288818359375000000e-05
-3.051757812500000000e-05
-2.098083496093750000e-05
-1.907348632812500000e-05
-4.005432128906250000e-05
-7.629394531250000000e-06
-2.670288085937500000e-05
-6.484985351562500000e-05
-1.087188720703125000e-04
-8.392333984375000000e-05
-3.623962402343750000e-05
-4.196166992187500000e-05
1.907348632812500000e-06
-1.335144042968750000e-05
-6.103515625000000000e-05
-2.098083496093750000e-05
9.536743164062500000e-06
-3.433227539062500000e-05
-1.716613769531250000e-05
-3.814697265625000000e-05
-2.098083496093750000e-05
-3.433227539062500000e-05
-1.716613769531250000e-05
4.768371582031250000e-05
1.335144042968750000e-05
-5.722045898437500000e-06
