1.144409179687500000e-04
1.144409179687500000e-04
9.155273437500000000e-05
-1.678466796875000000e-04
2.021789550781250000e-04
3.890991210937500000e-04
-6.103515625000000000e-05
1.144409179687500000e-05
3.509521484375000000e-04
-2.288818359375000000e-05
2.899169921875000000e-04
-8.010864257812500000e-05
-1.106262207031250000e-04
1.373291015625000000e-04
4.501342773437500000e-04
-5.722045898437500000e-05
4.768371582031250000e-04
4.920959472656250000e-04
3.433227539062500000e-04
5.455017089843750000e-04
6.027221679687500000e-04
5.722045898437500000e-04
1.564025878906250000e-04
5.989074707031250000e-04
4.692077636718750000e-04
-1.831054687500000000e-04
3.738403320312500000e-04
5.607604980468750000e-04
2.632141113281250000e-04
1.144409179687500000e-05
-2.326965332031250000e-04
1.220703125000000000e-04
5.683898925781250000e-04
8.659362792968750000e-04
3.890991210937500000e-04
7.514953613281250000e-04
6.408691406250000000e-04
7.057189941406250000e-04
5.798339843750000000e-04
6.484985351562500000e-04
7.400512695312500000e-04
9.422302246093750000e-04
9.117126464843750000e-04
4.005432128906250000e-04
6.217956542968750000e-04
4.844665527343750000e-04
9.422302246093750000e-04
9.956359863281250000e-04
9.002685546875000000e-04
3.547668457031250000e-04
-1.335144042968750000e-04
7.629394531250000000e-04
9.002685546875000000e-04
5.607604980468750000e-04
6.446838378906250000e-04
7.705688476562500000e-04
6.904602050781250000e-04
3.509521484375000000e-04
2.403259277343750000e-04
4.692077636718750000e-04
5.760192871093750000e-04
8.888244628906250000e-04
7.209777832031250000e-04
4.158020019531250000e-04
3.776550292968750000e-04
3.967285156250000000e-04
6.866455078125000000e-04
3.318786621093750000e-04
2.975463867187500000e-04
5.645751953125000000e-04
3.623962402343750000e-04
6.561279296875000000e-04
7.934570312500000000e-04
4.501342773437500000e-04
8.888244628906250000e-04
5.073547363281250000e-04
8.964538574218750000e-04
6.904602050781250000e-04
6.065368652343750000e-04
8.468627929687500000e-04
9.231567382812500000e-04
8.544921875000000000e-04
4.844665527343750000e-04
9.002685546875000000e-04
7.667541503906250000e-04
9.078979492187500000e-04
1.201629638671875000e-03
6.256103515625000000e-04
5.340576171875000000e-04
3.852844238281250000e-04
6.675720214843750000e-04
1.171112060546875000e-03
1.174926757812500000e-03
9.307861328125000000e-04
1.213073730468750000e-03
1.121520996093750000e-03
8.049011230468750000e-04
1.022338867187500000e-03
1.251220703125000000e-03
1.163482666015625000e-03
1.152038574218750000e-03
1.026153564453125000e-03
1.049041748046875000e-03
1.110076904296875000e-03
1.216888427734375000e-03
1.056671142578125000e-03
1.022338867187500000e-03
1.018524169921875000e-03
1.392364501953125000e-03
1.522064208984375000e-03
1.178741455078125000e-03
1.144409179687500000e-03
2.250671386718750000e-04
7.400512695312500000e-04
8.926391601562500000e-04
1.380920410156250000e-03
1.548767089843750000e-03
1.216888427734375000e-03
1.075744628906250000e-03
1.346588134765625000e-03
1.335144042968750000e-03
1.285552978515625000e-03
8.964538574218750000e-04
1.316070556640625000e-03
1.476287841796875000e-03
9.384155273437500000e-04
1.182556152343750000e-03
1.251220703125000000e-03
1.281738281250000000e-03
1.319885253906250000e-03
1.487731933593750000e-03
1.285552978515625000e-03
1.575469970703125000e-03
1.026153564453125000e-03
1.018524169921875000e-03
1.426696777343750000e-03
5.416870117187500000e-04
8.964538574218750000e-04
6.523132324218750000e-04
9.841918945312500000e-04
1.194000244140625000e-03
1.323699951171875000e-03
1.365661621093750000e-03
1.018524169921875000e-03
4.653930664062500000e-04
3.051757812500000000e-04
7.896423339843750000e-04
1.045227050781250000e-03
1.205444335937500000e-03
1.491546630859375000e-03
1.296997070312500000e-03
1.098632812500000000e-03
8.735656738281250000e-04
1.052856445312500000e-03
8.087158203125000000e-04
9.765625000000000000e-04
9.002685546875000000e-04
8.544921875000000000e-04
1.232147216796875000e-03
1.247406005859375000e-03
1.346588134765625000e-03
1.251220703125000000e-03
1.289367675781250000e-03
1.235961914062500000e-03
1.403808593750000000e-03
7.934570312500000000e-04
6.942749023437500000e-04
8.239746093750000000e-04
1.201629638671875000e-03
1.209259033203125000e-03
9.422302246093750000e-04
9.269714355468750000e-04
1.068115234375000000e-03
9.422302246093750000e-04
1.182556152343750000e-03
1.003265380859375000e-03
1.155853271484375000e-03
1.220703125000000000e-03
9.841918945312500000e-04
1.247406005859375000e-03
1.186370849609375000e-03
1.068115234375000000e-03
3.890991210937500000e-04
7.247924804687500000e-04
9.918212890625000000e-04
1.022338867187500000e-03
1.304626464843750000e-03
1.102447509765625000e-03
5.340576171875000000e-04
1.010894775390625000e-03
1.045227050781250000e-03
7.286071777343750000e-04
1.220703125000000000e-03
1.163482666015625000e-03
1.129150390625000000e-03
9.002685546875000000e-04
1.270294189453125000e-03
1.644134521484375000e-03
1.506805419921875000e-03
1.277923583984375000e-03
