4.994869232177734375e-05
4.994869232177734375e-05
9.012222290039062500e-05
1.246929168701171875e-04
1.752376556396484375e-04
2.167224884033203125e-04
2.388954162597656250e-04
2.698898315429687500e-04
3.012418746948242188e-04
3.197193145751953125e-04
3.508329391479492188e-04
3.763437271118164062e-04
3.987550735473632812e-04
4.345178604125976562e-04
4.793405532836914062e-04
5.129575729370117188e-04
5.567073822021484375e-04
6.115436553955078125e-04
6.362199783325195312e-04
6.389617919921875000e-04
6.424188613891601562e-04
6.422996520996093750e-04
6.437301635742187500e-04
6.626844406127929688e-04
6.600618362426757812e-04
6.560087203979492188e-04
6.560087203979492188e-04
6.651878356933593750e-04
6.703138351440429688e-04
6.563663482666015625e-04
6.535053253173828125e-04
6.521940231323242188e-04
6.535053253173828125e-04
6.588697433471679688e-04
6.512403488159179688e-04
6.425380706787109375e-04
6.407499313354492188e-04
6.489753723144531250e-04
6.494522094726562500e-04
6.551742553710937500e-04
6.597042083740234375e-04
6.657838821411132812e-04
6.654262542724609375e-04
6.471872329711914062e-04
6.647109985351562500e-04
6.632804870605468750e-04
6.504058837890625000e-04
6.464719772338867188e-04
6.469488143920898438e-04
6.316900253295898438e-04
6.291866302490234375e-04
6.333589553833007812e-04
6.277561187744140625e-04
6.221532821655273438e-04
6.144046783447265625e-04
5.995035171508789062e-04
6.033182144165039062e-04
6.028413772583007812e-04
6.084442138671875000e-04
6.079673767089843750e-04
6.004571914672851562e-04
5.959272384643554688e-04
6.008148193359375000e-04
6.035566329956054688e-04
5.985498428344726562e-04
5.952119827270507812e-04
5.955696105957031250e-04
5.897283554077148438e-04
5.880594253540039062e-04
5.940198898315429688e-04
5.769729614257812500e-04
5.730390548706054688e-04
5.803108215332031250e-04
5.755424499511718750e-04
5.899667739868164062e-04
5.860328674316406250e-04
5.922317504882812500e-04
5.799531936645507812e-04
5.748271942138671875e-04
5.689859390258789062e-04
5.631446838378906250e-04
5.571842193603515625e-04
5.687475204467773438e-04
5.824565887451171875e-04
5.755424499511718750e-04
5.803108215332031250e-04
5.805492401123046875e-04
5.714893341064453125e-04
5.617141723632812500e-04
5.769729614257812500e-04
5.602836608886718750e-04
5.542039871215820312e-04
5.768537521362304688e-04
5.654096603393554688e-04
5.565881729125976562e-04
5.779266357421875000e-04
5.757808685302734375e-04
5.661249160766601562e-04
5.869865417480468750e-04
5.803108215332031250e-04
5.800724029541015625e-04
5.728006362915039062e-04
5.640983581542968750e-04
5.639791488647460938e-04
5.670785903930664062e-04
5.626678466796875000e-04
5.569458007812500000e-04
5.476474761962890625e-04
5.412101745605468750e-04
5.433559417724609375e-04
5.344152450561523438e-04
5.249977111816406250e-04
5.187988281250000000e-04
5.176067352294921875e-04
5.238056182861328125e-04
5.297660827636718750e-04
5.278587341308593750e-04
5.214214324951171875e-04
5.187988281250000000e-04
5.234479904174804688e-04
5.233287811279296875e-04
5.207061767578125000e-04
5.100965499877929688e-04
5.154609680175781250e-04
5.146265029907226562e-04
5.203485488891601562e-04
5.220174789428710938e-04
5.226135253906250000e-04
5.207061767578125000e-04
5.371570587158203125e-04
5.351305007934570312e-04
5.366802215576171875e-04
5.351305007934570312e-04
5.344152450561523438e-04
5.313158035278320312e-04
5.264282226562500000e-04
5.222558975219726562e-04
5.220174789428710938e-04
5.228519439697265625e-04
5.297660827636718750e-04
5.288124084472656250e-04
5.347728729248046875e-04
5.347728729248046875e-04
5.285739898681640625e-04
5.344152450561523438e-04
5.364418029785156250e-04
5.449056625366210938e-04
5.511045455932617188e-04
5.445480346679687500e-04
5.437135696411132812e-04
5.507469177246093750e-04
5.505084991455078125e-04
5.551576614379882812e-04
5.655288696289062500e-04
5.613565444946289062e-04
5.545616149902343750e-04
5.526542663574218750e-04
5.500316619873046875e-04
5.463361740112304688e-04
5.477666854858398438e-04
5.524158477783203125e-04
5.410909652709960938e-04
5.406141281127929688e-04
5.422830581665039062e-04
5.453824996948242188e-04
5.300045013427734375e-04
5.360841751098632812e-04
5.526542663574218750e-04
5.459785461425781250e-04
5.518198013305664062e-04
5.426406860351562500e-04
5.438327789306640625e-04
5.426406860351562500e-04
5.446672439575195312e-04
5.518198013305664062e-04
5.447864532470703125e-04
5.424022674560546875e-04
5.401372909545898438e-04
5.406141281127929688e-04
5.366802215576171875e-04
5.283355712890625000e-04
5.348920822143554688e-04
5.398988723754882812e-04
5.494356155395507812e-04
5.584955215454101562e-04
5.549192428588867188e-04
5.658864974975585938e-04
5.823373794555664062e-04
5.773305892944335938e-04
5.810260772705078125e-04
5.859136581420898438e-04
5.934238433837890625e-04
5.919933319091796875e-04
5.813837051391601562e-04
5.949735641479492188e-04
5.897283554077148438e-04
5.887746810913085938e-04
5.974769592285156250e-04
6.092786788940429688e-04
6.173849105834960938e-04
