5.340576171875000000e-05
5.340576171875000000e-05
7.057189941406250000e-05
7.629394531250000000e-05
1.411437988281250000e-04
1.525878906250000000e-04
1.697540283203125000e-04
1.583099365234375000e-04
1.792907714843750000e-04
1.201629638671875000e-04
1.811981201171875000e-04
1.506805419921875000e-04
2.040863037109375000e-04
3.013610839843750000e-04
2.479553222656250000e-04
2.155303955078125000e-04
2.136230468750000000e-04
2.841949462890625000e-04
2.918243408203125000e-04
3.967285156250000000e-04
3.299713134765625000e-04
3.433227539062500000e-04
3.471374511718750000e-04
4.444122314453125000e-04
4.768371582031250000e-04
4.119873046875000000e-04
4.520416259765625000e-04
4.768371582031250000e-04
4.444122314453125000e-04
4.825592041015625000e-04
4.158020019531250000e-04
4.730224609375000000e-04
5.779266357421875000e-04
5.664825439453125000e-04
4.901885986328125000e-04
5.607604980468750000e-04
5.187988281250000000e-04
5.283355712890625000e-04
5.207061767578125000e-04
5.435943603515625000e-04
5.378723144531250000e-04
5.550384521484375000e-04
5.168914794921875000e-04
4.463195800781250000e-04
4.749298095703125000e-04
5.283355712890625000e-04
5.779266357421875000e-04
5.607604980468750000e-04
5.798339843750000000e-04
5.474090576171875000e-04
5.340576171875000000e-04
6.618499755859375000e-04
6.389617919921875000e-04
6.065368652343750000e-04
5.836486816406250000e-04
6.465911865234375000e-04
6.656646728515625000e-04
6.637573242187500000e-04
6.275177001953125000e-04
6.732940673828125000e-04
7.705688476562500000e-04
8.201599121093750000e-04
7.610321044921875000e-04
6.961822509765625000e-04
7.419586181640625000e-04
7.133483886718750000e-04
7.247924804687500000e-04
7.190704345703125000e-04
7.648468017578125000e-04
7.972717285156250000e-04
7.896423339843750000e-04
8.201599121093750000e-04
7.820129394531250000e-04
7.381439208984375000e-04
7.972717285156250000e-04
7.648468017578125000e-04
8.163452148437500000e-04
8.773803710937500000e-04
8.602142333984375000e-04
9.098052978515625000e-04
8.563995361328125000e-04
8.544921875000000000e-04
8.449554443359375000e-04
9.708404541015625000e-04
9.231567382812500000e-04
9.918212890625000000e-04
1.035690307617187500e-03
9.937286376953125000e-04
9.841918945312500000e-04
1.020431518554687500e-03
1.058578491210937500e-03
1.052856445312500000e-03
1.045227050781250000e-03
1.037597656250000000e-03
1.081466674804687500e-03
1.098632812500000000e-03
1.031875610351562500e-03
1.062393188476562500e-03
1.123428344726562500e-03
1.167297363281250000e-03
1.186370849609375000e-03
1.205444335937500000e-03
1.205444335937500000e-03
1.155853271484375000e-03
1.167297363281250000e-03
1.104354858398437500e-03
1.163482666015625000e-03
1.197814941406250000e-03
1.197814941406250000e-03
1.163482666015625000e-03
1.176834106445312500e-03
1.247406005859375000e-03
1.098632812500000000e-03
1.127243041992187500e-03
1.247406005859375000e-03
1.245498657226562500e-03
1.258850097656250000e-03
1.251220703125000000e-03
1.201629638671875000e-03
1.256942749023437500e-03
1.216888427734375000e-03
1.243591308593750000e-03
1.205444335937500000e-03
1.276016235351562500e-03
1.350402832031250000e-03
1.207351684570312500e-03
1.359939575195312500e-03
1.298904418945312500e-03
1.266479492187500000e-03
1.287460327148437500e-03
1.253128051757812500e-03
1.377105712890625000e-03
1.411437988281250000e-03
1.237869262695312500e-03
1.432418823242187500e-03
1.432418823242187500e-03
1.293182373046875000e-03
1.348495483398437500e-03
1.363754272460937500e-03
1.445770263671875000e-03
1.432418823242187500e-03
1.413345336914062500e-03
1.548767089843750000e-03
1.504898071289062500e-03
1.371383666992187500e-03
1.346588134765625000e-03
1.419067382812500000e-03
1.502990722656250000e-03
1.617431640625000000e-03
1.623153686523437500e-03
1.562118530273437500e-03
1.623153686523437500e-03
1.707077026367187500e-03
1.640319824218750000e-03
1.747131347656250000e-03
1.579284667968750000e-03
1.623153686523437500e-03
1.613616943359375000e-03
1.758575439453125000e-03
1.710891723632812500e-03
1.661300659179687500e-03
1.586914062500000000e-03
1.451492309570312500e-03
1.451492309570312500e-03
1.590728759765625000e-03
1.548767089843750000e-03
1.506805419921875000e-03
1.453399658203125000e-03
1.602172851562500000e-03
1.470565795898437500e-03
1.501083374023437500e-03
1.478195190429687500e-03
1.420974731445312500e-03
1.489639282226562500e-03
1.501083374023437500e-03
1.426696777343750000e-03
1.554489135742187500e-03
1.527786254882812500e-03
1.466751098632812500e-03
1.529693603515625000e-03
1.512527465820312500e-03
1.440048217773437500e-03
1.417160034179687500e-03
1.407623291015625000e-03
1.424789428710937500e-03
1.501083374023437500e-03
1.413345336914062500e-03
1.455307006835937500e-03
1.464843750000000000e-03
1.419067382812500000e-03
1.483917236328125000e-03
1.344680786132812500e-03
1.497268676757812500e-03
1.451492309570312500e-03
1.415252685546875000e-03
1.470565795898437500e-03
1.466751098632812500e-03
1.499176025390625000e-03
1.430511474609375000e-03
1.499176025390625000e-03
