1.907348632812500000e-05
1.907348632812500000e-05
4.005432128906250000e-05
3.623962402343750000e-05
8.201599121093750000e-05
6.294250488281250000e-05
9.155273437500000000e-05
5.912780761718750000e-05
3.623962402343750000e-05
9.536743164062500000e-06
1.068115234375000000e-04
3.814697265625000000e-05
4.196166992187500000e-05
8.201599121093750000e-05
8.010864257812500000e-05
6.294250488281250000e-05
8.010864257812500000e-05
8.201599121093750000e-05
5.912780761718750000e-05
1.487731933593750000e-04
1.468658447265625000e-04
1.773834228515625000e-04
1.163482666015625000e-04
1.430511474609375000e-04
1.602172851562500000e-04
8.201599121093750000e-05
1.296997070312500000e-04
1.373291015625000000e-04
1.201629638671875000e-04
1.049041748046875000e-04
9.346008300781250000e-05
1.029968261718750000e-04
1.163482666015625000e-04
1.373291015625000000e-04
1.506805419921875000e-04
1.850128173828125000e-04
2.346038818359375000e-04
2.098083496093750000e-04
1.335144042968750000e-04
1.258850097656250000e-04
1.316070556640625000e-04
1.888275146484375000e-04
1.621246337890625000e-04
1.220703125000000000e-04
1.468658447265625000e-04
1.239776611328125000e-04
1.811981201171875000e-04
1.831054687500000000e-04
2.117156982421875000e-04
1.506805419921875000e-04
9.536743164062500000e-05
1.792907714843750000e-04
1.907348632812500000e-04
1.373291015625000000e-04
1.564025878906250000e-04
1.583099365234375000e-04
1.697540283203125000e-04
1.811981201171875000e-04
1.754760742187500000e-04
1.583099365234375000e-04
1.392364501953125000e-04
1.640319824218750000e-04
1.392364501953125000e-04
1.811981201171875000e-04
1.754760742187500000e-04
1.468658447265625000e-04
1.773834228515625000e-04
1.258850097656250000e-04
1.354217529296875000e-04
1.888275146484375000e-04
1.583099365234375000e-04
2.021789550781250000e-04
2.079010009765625000e-04
1.735687255859375000e-04
1.792907714843750000e-04
1.087188720703125000e-04
2.155303955078125000e-04
2.346038818359375000e-04
2.365112304687500000e-04
2.613067626953125000e-04
2.403259277343750000e-04
2.155303955078125000e-04
2.021789550781250000e-04
2.269744873046875000e-04
2.441406250000000000e-04
2.384185791015625000e-04
2.574920654296875000e-04
2.231597900390625000e-04
1.831054687500000000e-04
1.678466796875000000e-04
2.174377441406250000e-04
2.937316894531250000e-04
2.899169921875000000e-04
2.250671386718750000e-04
2.822875976562500000e-04
3.376007080078125000e-04
2.613067626953125000e-04
2.574920654296875000e-04
2.975463867187500000e-04
3.147125244140625000e-04
3.032684326171875000e-04
2.994537353515625000e-04
2.880096435546875000e-04
3.089904785156250000e-04
3.204345703125000000e-04
3.013610839843750000e-04
2.975463867187500000e-04
3.166198730468750000e-04
3.070831298828125000e-04
3.395080566406250000e-04
3.337860107421875000e-04
3.204345703125000000e-04
2.632141113281250000e-04
3.318786621093750000e-04
3.337860107421875000e-04
3.414154052734375000e-04
3.471374511718750000e-04
3.547668457031250000e-04
2.975463867187500000e-04
2.937316894531250000e-04
3.070831298828125000e-04
3.452301025390625000e-04
3.242492675781250000e-04
2.994537353515625000e-04
3.471374511718750000e-04
3.070831298828125000e-04
3.223419189453125000e-04
3.280639648437500000e-04
3.356933593750000000e-04
3.261566162109375000e-04
3.376007080078125000e-04
3.204345703125000000e-04
3.242492675781250000e-04
2.937316894531250000e-04
2.365112304687500000e-04
2.593994140625000000e-04
2.155303955078125000e-04
2.346038818359375000e-04
2.422332763671875000e-04
2.822875976562500000e-04
2.593994140625000000e-04
2.880096435546875000e-04
3.108978271484375000e-04
3.089904785156250000e-04
2.593994140625000000e-04
2.365112304687500000e-04
2.708435058593750000e-04
2.899169921875000000e-04
2.593994140625000000e-04
3.166198730468750000e-04
2.937316894531250000e-04
2.765655517578125000e-04
2.441406250000000000e-04
2.880096435546875000e-04
2.632141113281250000e-04
2.479553222656250000e-04
2.098083496093750000e-04
2.613067626953125000e-04
3.166198730468750000e-04
3.261566162109375000e-04
3.108978271484375000e-04
3.280639648437500000e-04
3.070831298828125000e-04
3.070831298828125000e-04
2.937316894531250000e-04
2.460479736328125000e-04
2.841949462890625000e-04
2.727508544921875000e-04
2.651214599609375000e-04
2.479553222656250000e-04
2.059936523437500000e-04
1.945495605468750000e-04
2.365112304687500000e-04
2.136230468750000000e-04
2.441406250000000000e-04
2.326965332031250000e-04
2.117156982421875000e-04
2.880096435546875000e-04
2.841949462890625000e-04
2.727508544921875000e-04
2.689361572265625000e-04
2.460479736328125000e-04
1.335144042968750000e-04
1.983642578125000000e-04
2.441406250000000000e-04
2.441406250000000000e-04
2.746582031250000000e-04
2.956390380859375000e-04
1.888275146484375000e-04
2.079010009765625000e-04
2.441406250000000000e-04
1.964569091796875000e-04
2.346038818359375000e-04
2.346038818359375000e-04
2.231597900390625000e-04
2.059936523437500000e-04
2.727508544921875000e-04
3.108978271484375000e-04
3.108978271484375000e-04
2.784729003906250000e-04
