2.574920654296875000e-05
2.574920654296875000e-05
2.241134643554687500e-05
2.384185791015625000e-05
3.194808959960937500e-05
3.910064697265625000e-05
4.291534423828125000e-05
5.245208740234375000e-05
6.103515625000000000e-05
6.246566772460937500e-05
7.724761962890625000e-05
8.106231689453125000e-05
8.869171142578125000e-05
1.034736633300781250e-04
1.230239868164062500e-04
1.273155212402343750e-04
1.516342163085937500e-04
1.564025878906250000e-04
1.449584960937500000e-04
1.606941223144531250e-04
1.854896545410156250e-04
1.916885375976562500e-04
1.993179321289062500e-04
2.136230468750000000e-04
2.245903015136718750e-04
2.131462097167968750e-04
2.398490905761718750e-04
2.551078796386718750e-04
2.555847167968750000e-04
2.570152282714843750e-04
2.655982971191406250e-04
2.837181091308593750e-04
3.147125244140625000e-04
3.266334533691406250e-04
3.356933593750000000e-04
3.681182861328125000e-04
3.786087036132812500e-04
3.700256347656250000e-04
3.771781921386718750e-04
4.034042358398437500e-04
4.243850708007812500e-04
4.429817199707031250e-04
4.644393920898437500e-04
4.529953002929687500e-04
5.040168762207031250e-04
4.935264587402343750e-04
5.049705505371093750e-04
5.307197570800781250e-04
5.297660827636718750e-04
5.197525024414062500e-04
4.887580871582031250e-04
5.564689636230468750e-04
5.817413330078125000e-04
5.898475646972656250e-04
5.974769592285156250e-04
6.093978881835937500e-04
6.666183471679687500e-04
6.270408630371093750e-04
6.194114685058593750e-04
6.160736083984375000e-04
5.974769592285156250e-04
5.974769592285156250e-04
5.459785461425781250e-04
5.822181701660156250e-04
5.645751953125000000e-04
5.540847778320312500e-04
5.531311035156250000e-04
5.159378051757812500e-04
5.216598510742187500e-04
5.607604980468750000e-04
5.226135253906250000e-04
5.135536193847656250e-04
5.130767822265625000e-04
5.230903625488281250e-04
4.954338073730468750e-04
4.820823669433593750e-04
5.149841308593750000e-04
4.515647888183593750e-04
4.668235778808593750e-04
4.773139953613281250e-04
4.658699035644531250e-04
4.763603210449218750e-04
4.787445068359375000e-04
4.673004150390625000e-04
4.520416259765625000e-04
4.491806030273437500e-04
4.687309265136718750e-04
4.549026489257812500e-04
4.444122314453125000e-04
4.529953002929687500e-04
4.582405090332031250e-04
4.515647888183593750e-04
4.634857177734375000e-04
4.587173461914062500e-04
4.434585571289062500e-04
4.310607910156250000e-04
4.591941833496093750e-04
4.448890686035156250e-04
4.725456237792968750e-04
4.529953002929687500e-04
4.467964172363281250e-04
4.296302795410156250e-04
4.129409790039062500e-04
4.315376281738281250e-04
4.196166992187500000e-04
4.119873046875000000e-04
4.181861877441406250e-04
4.434585571289062500e-04
4.348754882812500000e-04
4.429817199707031250e-04
4.630088806152343750e-04
4.568099975585937500e-04
4.420280456542968750e-04
4.682540893554687500e-04
4.801750183105468750e-04
4.673004150390625000e-04
4.878044128417968750e-04
4.959106445312500000e-04
4.730224609375000000e-04
4.715919494628906250e-04
4.739761352539062500e-04
4.658699035644531250e-04
4.434585571289062500e-04
4.763603210449218750e-04
4.701614379882812500e-04
4.568099975585937500e-04
4.477500915527343750e-04
4.429817199707031250e-04
4.472732543945312500e-04
4.434585571289062500e-04
4.310607910156250000e-04
4.444122314453125000e-04
4.572868347167968750e-04
4.329681396484375000e-04
4.425048828125000000e-04
4.463195800781250000e-04
4.067420959472656250e-04
4.281997680664062500e-04
4.158020019531250000e-04
4.220008850097656250e-04
4.158020019531250000e-04
4.296302795410156250e-04
4.234313964843750000e-04
3.972053527832031250e-04
4.143714904785156250e-04
3.900527954101562500e-04
4.172325134277343750e-04
3.991127014160156250e-04
3.948211669921875000e-04
3.881454467773437500e-04
3.952980041503906250e-04
3.795623779296875000e-04
3.862380981445312500e-04
3.881454467773437500e-04
3.547668457031250000e-04
3.671646118164062500e-04
3.619194030761718750e-04
3.581047058105468750e-04
3.795623779296875000e-04
3.652572631835937500e-04
3.762245178222656250e-04
3.752708435058593750e-04
3.838539123535156250e-04
3.767013549804687500e-04
3.824234008789062500e-04
3.676414489746093750e-04
3.657341003417968750e-04
3.685951232910156250e-04
3.762245178222656250e-04
3.657341003417968750e-04
3.705024719238281250e-04
3.538131713867187500e-04
3.747940063476562500e-04
3.557205200195312500e-04
3.561973571777343750e-04
3.447532653808593750e-04
3.418922424316406250e-04
3.509521484375000000e-04
3.223419189453125000e-04
3.204345703125000000e-04
3.309249877929687500e-04
3.280639648437500000e-04
3.118515014648437500e-04
3.218650817871093750e-04
3.275871276855468750e-04
3.147125244140625000e-04
3.232955932617187500e-04
3.104209899902343750e-04
2.980232238769531250e-04
3.075599670410156250e-04
3.004074096679687500e-04
3.056526184082031250e-04
3.113746643066406250e-04
3.147125244140625000e-04
2.894401550292968750e-04
2.846717834472656250e-04
2.932548522949218750e-04
3.128051757812500000e-04
3.142356872558593750e-04
3.008842468261718750e-04
