7.438659667968750000e-05
7.438659667968750000e-05
8.773803710937500000e-05
7.629394531250000000e-06
1.964569091796875000e-04
1.850128173828125000e-04
8.392333984375000000e-05
5.149841308593750000e-05
1.831054687500000000e-04
9.155273437500000000e-05
3.242492675781250000e-04
5.531311035156250000e-05
2.479553222656250000e-05
1.754760742187500000e-04
1.735687255859375000e-04
6.675720214843750000e-05
3.414154052734375000e-04
3.776550292968750000e-04
2.708435058593750000e-04
4.196166992187500000e-04
3.604888916015625000e-04
4.043579101562500000e-04
2.593994140625000000e-04
4.463195800781250000e-04
5.321502685546875000e-04
2.136230468750000000e-04
4.024505615234375000e-04
4.177093505859375000e-04
3.643035888671875000e-04
3.433227539062500000e-04
2.479553222656250000e-04
3.604888916015625000e-04
6.256103515625000000e-04
6.084442138671875000e-04
5.455017089843750000e-04
6.847381591796875000e-04
7.190704345703125000e-04
6.561279296875000000e-04
6.694793701171875000e-04
5.912780761718750000e-04
6.179809570312500000e-04
8.163452148437500000e-04
7.019042968750000000e-04
4.386901855468750000e-04
5.455017089843750000e-04
4.863739013671875000e-04
7.839202880859375000e-04
8.087158203125000000e-04
8.811950683593750000e-04
5.950927734375000000e-04
2.975463867187500000e-04
6.198883056640625000e-04
7.076263427734375000e-04
4.997253417968750000e-04
5.607604980468750000e-04
7.438659667968750000e-04
7.038116455078125000e-04
5.779266357421875000e-04
6.160736083984375000e-04
6.961822509765625000e-04
7.724761962890625000e-04
8.831024169921875000e-04
7.572174072265625000e-04
6.332397460937500000e-04
6.313323974609375000e-04
6.389617919921875000e-04
7.171630859375000000e-04
6.446838378906250000e-04
7.553100585937500000e-04
8.029937744140625000e-04
6.504058837890625000e-04
8.926391601562500000e-04
9.078979492187500000e-04
7.057189941406250000e-04
8.487701416015625000e-04
6.580352783203125000e-04
9.136199951171875000e-04
9.059906005859375000e-04
9.136199951171875000e-04
9.746551513671875000e-04
9.632110595703125000e-04
1.062393188476562500e-03
8.869171142578125000e-04
1.039505004882812500e-03
9.899139404296875000e-04
1.066207885742187500e-03
1.230239868164062500e-03
1.029968261718750000e-03
9.498596191406250000e-04
8.735656738281250000e-04
9.822845458984375000e-04
1.255035400390625000e-03
1.194000244140625000e-03
1.094818115234375000e-03
1.205444335937500000e-03
1.241683959960937500e-03
1.062393188476562500e-03
1.049041748046875000e-03
1.245498657226562500e-03
1.340866088867187500e-03
1.209259033203125000e-03
1.132965087890625000e-03
1.094818115234375000e-03
1.155853271484375000e-03
1.289367675781250000e-03
1.203536987304687500e-03
1.081466674804687500e-03
1.205444335937500000e-03
1.228332519531250000e-03
1.317977905273437500e-03
1.264572143554687500e-03
1.319885253906250000e-03
9.155273437500000000e-04
1.031875610351562500e-03
1.184463500976562500e-03
1.379013061523437500e-03
1.497268676757812500e-03
1.323699951171875000e-03
1.289367675781250000e-03
1.457214355468750000e-03
1.392364501953125000e-03
1.436233520507812500e-03
1.281738281250000000e-03
1.358032226562500000e-03
1.428604125976562500e-03
1.173019409179687500e-03
1.379013061523437500e-03
1.375198364257812500e-03
1.283645629882812500e-03
1.325607299804687500e-03
1.411437988281250000e-03
1.398086547851562500e-03
1.550674438476562500e-03
1.287460327148437500e-03
1.377105712890625000e-03
1.604080200195312500e-03
1.331329345703125000e-03
1.380920410156250000e-03
1.226425170898437500e-03
1.302719116210937500e-03
1.413345336914062500e-03
1.590728759765625000e-03
1.399993896484375000e-03
1.453399658203125000e-03
1.241683959960937500e-03
1.138687133789062500e-03
1.386642456054687500e-03
1.523971557617187500e-03
1.386642456054687500e-03
1.695632934570312500e-03
1.615524291992187500e-03
1.565933227539062500e-03
1.388549804687500000e-03
1.619338989257812500e-03
1.514434814453125000e-03
1.472473144531250000e-03
1.562118530273437500e-03
1.560211181640625000e-03
1.783370971679687500e-03
1.625061035156250000e-03
1.674652099609375000e-03
1.718521118164062500e-03
1.667022705078125000e-03
1.609802246093750000e-03
1.617431640625000000e-03
1.338958740234375000e-03
1.371383666992187500e-03
1.394271850585937500e-03
1.501083374023437500e-03
1.527786254882812500e-03
1.438140869140625000e-03
1.440048217773437500e-03
1.407623291015625000e-03
1.363754272460937500e-03
1.535415649414062500e-03
1.255035400390625000e-03
1.331329345703125000e-03
1.483917236328125000e-03
1.445770263671875000e-03
1.462936401367187500e-03
1.399993896484375000e-03
1.287460327148437500e-03
9.632110595703125000e-04
1.178741455078125000e-03
1.403808593750000000e-03
1.325607299804687500e-03
1.470565795898437500e-03
1.314163208007812500e-03
1.005172729492187500e-03
1.319885253906250000e-03
1.415252685546875000e-03
1.346588134765625000e-03
1.392364501953125000e-03
1.289367675781250000e-03
1.218795776367187500e-03
1.291275024414062500e-03
1.346588134765625000e-03
1.525878906250000000e-03
1.459121704101562500e-03
1.489639282226562500e-03
