1.430511474609375000e-06
1.430511474609375000e-06
9.536743164062500000e-07
-5.722045898437500000e-06
1.430511474609375000e-06
4.768371582031250000e-07
3.814697265625000000e-06
6.675720214843750000e-06
9.059906005859375000e-06
-5.245208740234375000e-06
1.001358032226562500e-05
-4.768371582031250000e-07
1.430511474609375000e-06
1.049041748046875000e-05
6.198883056640625000e-06
-5.722045898437500000e-06
5.722045898437500000e-06
5.722045898437500000e-06
8.583068847656250000e-06
1.859664916992187500e-05
2.241134643554687500e-05
1.764297485351562500e-05
8.583068847656250000e-06
2.670288085937500000e-05
2.717971801757812500e-05
9.059906005859375000e-06
2.622604370117187500e-05
2.717971801757812500e-05
3.433227539062500000e-05
2.384185791015625000e-05
1.382827758789062500e-05
1.573562622070312500e-05
2.527236938476562500e-05
1.716613769531250000e-05
1.239776611328125000e-05
2.861022949218750000e-05
3.194808959960937500e-05
2.765655517578125000e-05
3.004074096679687500e-05
3.862380981445312500e-05
4.100799560546875000e-05
3.528594970703125000e-05
2.861022949218750000e-05
1.907348632812500000e-05
2.908706665039062500e-05
1.764297485351562500e-05
4.148483276367187500e-05
4.434585571289062500e-05
3.671646118164062500e-05
2.336502075195312500e-05
4.291534423828125000e-06
3.337860107421875000e-05
3.433227539062500000e-05
1.764297485351562500e-05
1.478195190429687500e-05
2.574920654296875000e-05
2.384185791015625000e-05
1.335144042968750000e-05
9.059906005859375000e-06
1.621246337890625000e-05
1.335144042968750000e-05
2.384185791015625000e-05
2.336502075195312500e-05
1.907348632812500000e-05
1.430511474609375000e-05
1.573562622070312500e-05
2.193450927734375000e-05
1.382827758789062500e-05
7.152557373046875000e-06
2.050399780273437500e-05
9.059906005859375000e-06
2.717971801757812500e-05
2.670288085937500000e-05
2.241134643554687500e-05
3.004074096679687500e-05
1.192092895507812500e-05
2.241134643554687500e-05
1.907348632812500000e-05
1.716613769531250000e-05
1.716613769531250000e-05
1.096725463867187500e-05
1.668930053710937500e-05
2.861022949218750000e-06
1.001358032226562500e-05
9.059906005859375000e-06
9.536743164062500000e-06
3.051757812500000000e-05
2.002716064453125000e-05
2.574920654296875000e-05
1.955032348632812500e-05
2.765655517578125000e-05
2.574920654296875000e-05
2.861022949218750000e-05
1.955032348632812500e-05
3.099441528320312500e-05
3.862380981445312500e-05
3.004074096679687500e-05
2.002716064453125000e-05
2.717971801757812500e-05
2.145767211914062500e-05
1.430511474609375000e-05
2.050399780273437500e-05
1.811981201171875000e-05
1.144409179687500000e-05
1.716613769531250000e-05
1.001358032226562500e-05
1.001358032226562500e-05
1.096725463867187500e-05
1.955032348632812500e-05
1.907348632812500000e-05
2.431869506835937500e-05
3.099441528320312500e-05
3.337860107421875000e-06
9.536743164062500000e-07
9.059906005859375000e-06
1.811981201171875000e-05
2.574920654296875000e-05
1.621246337890625000e-05
1.811981201171875000e-05
1.907348632812500000e-05
9.059906005859375000e-06
1.096725463867187500e-05
-9.536743164062500000e-07
1.096725463867187500e-05
2.527236938476562500e-05
1.049041748046875000e-05
1.478195190429687500e-05
1.811981201171875000e-05
1.478195190429687500e-05
8.583068847656250000e-06
1.096725463867187500e-05
8.583068847656250000e-06
1.573562622070312500e-05
1.096725463867187500e-05
1.430511474609375000e-05
1.907348632812500000e-05
7.629394531250000000e-06
1.478195190429687500e-05
-4.768371582031250000e-06
4.768371582031250000e-07
1.192092895507812500e-05
1.764297485351562500e-05
2.002716064453125000e-05
1.144409179687500000e-05
-1.049041748046875000e-05
-5.245208740234375000e-06
1.287460327148437500e-05
8.583068847656250000e-06
1.716613769531250000e-05
2.145767211914062500e-05
2.050399780273437500e-05
1.239776611328125000e-05
-1.907348632812500000e-06
2.861022949218750000e-06
-9.536743164062500000e-07
4.291534423828125000e-06
-3.814697265625000000e-06
6.198883056640625000e-06
1.192092895507812500e-05
1.001358032226562500e-05
8.583068847656250000e-06
8.106231689453125000e-06
-3.814697265625000000e-06
8.106231689453125000e-06
1.096725463867187500e-05
-9.536743164062500000e-07
6.675720214843750000e-06
2.241134643554687500e-05
1.478195190429687500e-05
3.337860107421875000e-06
-5.245208740234375000e-06
-3.814697265625000000e-06
5.245208740234375000e-06
4.291534423828125000e-06
1.049041748046875000e-05
4.768371582031250000e-06
7.152557373046875000e-06
7.629394531250000000e-06
4.768371582031250000e-06
9.536743164062500000e-06
6.675720214843750000e-06
9.536743164062500000e-06
-3.337860107421875000e-06
1.192092895507812500e-05
1.859664916992187500e-05
1.764297485351562500e-05
2.527236938476562500e-05
2.479553222656250000e-05
9.536743164062500000e-06
1.478195190429687500e-05
1.907348632812500000e-05
-1.907348632812500000e-06
1.001358032226562500e-05
7.152557373046875000e-06
5.722045898437500000e-06
1.907348632812500000e-06
1.525878906250000000e-05
1.668930053710937500e-05
1.144409179687500000e-05
9.059906005859375000e-06
