5.149841308593750000e-05
5.149841308593750000e-05
7.247924804687500000e-05
6.151199340820312500e-05
1.215934753417968750e-04
1.335144042968750000e-04
1.316070556640625000e-04
1.721382141113281250e-04
2.083778381347656250e-04
1.749992370605468750e-04
2.622604370117187500e-04
2.374649047851562500e-04
2.441406250000000000e-04
2.923011779785156250e-04
3.256797790527343750e-04
3.376007080078125000e-04
4.029273986816406250e-04
4.234313964843750000e-04
3.876686096191406250e-04
4.477500915527343750e-04
5.321502685546875000e-04
5.521774291992187500e-04
5.068778991699218750e-04
5.569458007812500000e-04
5.517005920410156250e-04
4.982948303222656250e-04
5.960464477539062500e-04
6.327629089355468750e-04
6.675720214843750000e-04
6.027221679687500000e-04
5.884170532226562500e-04
6.675720214843750000e-04
7.452964782714843750e-04
7.438659667968750000e-04
7.529258728027343750e-04
8.029937744140625000e-04
8.134841918945312500e-04
8.215904235839843750e-04
8.416175842285156250e-04
8.578300476074218750e-04
8.869171142578125000e-04
9.050369262695312500e-04
9.083747863769531250e-04
8.826255798339843750e-04
9.245872497558593750e-04
9.193420410156250000e-04
1.008510589599609375e-03
1.032352447509765625e-03
1.015186309814453125e-03
9.789466857910156250e-04
8.764266967773437500e-04
1.070499420166015625e-03
1.091957092285156250e-03
1.073837280273437500e-03
1.071929931640625000e-03
1.135826110839843750e-03
1.173019409179687500e-03
1.073837280273437500e-03
1.073837280273437500e-03
1.173973083496093750e-03
1.149654388427734375e-03
1.130580902099609375e-03
1.076698303222656250e-03
1.084327697753906250e-03
1.089572906494140625e-03
1.071929931640625000e-03
1.094341278076171875e-03
1.029968261718750000e-03
1.048088073730468750e-03
1.097202301025390625e-03
1.064300537109375000e-03
1.115798950195312500e-03
1.140594482421875000e-03
1.136779785156250000e-03
1.133918762207031250e-03
1.075744628906250000e-03
1.154899597167968750e-03
1.068115234375000000e-03
1.078605651855468750e-03
1.084804534912109375e-03
1.066207885742187500e-03
1.074314117431640625e-03
1.017570495605468750e-03
1.076221466064453125e-03
1.039981842041015625e-03
1.033782958984375000e-03
1.076698303222656250e-03
1.044273376464843750e-03
1.080513000488281250e-03
1.079559326171875000e-03
1.078128814697265625e-03
1.091957092285156250e-03
1.105785369873046875e-03
1.063823699951171875e-03
1.075744628906250000e-03
1.070022583007812500e-03
1.083850860595703125e-03
1.057624816894531250e-03
1.129627227783203125e-03
1.087665557861328125e-03
1.070022583007812500e-03
1.040935516357421875e-03
1.012325286865234375e-03
1.059532165527343750e-03
1.092433929443359375e-03
1.073360443115234375e-03
1.051425933837890625e-03
1.086235046386718750e-03
1.120090484619140625e-03
1.140594482421875000e-03
1.155376434326171875e-03
1.166343688964843750e-03
1.054286956787109375e-03
1.107692718505859375e-03
1.146793365478515625e-03
1.156806945800781250e-03
1.203536987304687500e-03
1.175403594970703125e-03
1.127719879150390625e-03
1.134872436523437500e-03
1.139163970947265625e-03
1.147747039794921875e-03
1.107692718505859375e-03
1.160621643066406250e-03
1.202106475830078125e-03
1.148223876953125000e-03
1.161575317382812500e-03
1.170158386230468750e-03
1.145839691162109375e-03
1.168727874755859375e-03
1.152038574218750000e-03
1.162052154541015625e-03
1.212120056152343750e-03
1.119136810302734375e-03
1.135826110839843750e-03
1.186370849609375000e-03
1.097679138183593750e-03
1.106739044189453125e-03
1.040458679199218750e-03
1.078128814697265625e-03
1.092433929443359375e-03
1.135826110839843750e-03
1.149177551269531250e-03
1.099109649658203125e-03
1.055717468261718750e-03
1.039981842041015625e-03
1.113414764404296875e-03
1.101493835449218750e-03
1.092910766601562500e-03
1.130580902099609375e-03
1.118183135986328125e-03
1.074790954589843750e-03
1.054286956787109375e-03
1.064300537109375000e-03
1.005172729492187500e-03
1.044273376464843750e-03
9.937286376953125000e-04
9.961128234863281250e-04
1.050472259521484375e-03
1.022815704345703125e-03
1.021862030029296875e-03
1.027107238769531250e-03
1.034736633300781250e-03
1.012802124023437500e-03
1.039028167724609375e-03
9.598731994628906250e-04
9.803771972656250000e-04
1.018524169921875000e-03
1.020431518554687500e-03
1.008510589599609375e-03
9.837150573730468750e-04
9.789466857910156250e-04
1.018524169921875000e-03
9.946823120117187500e-04
1.020908355712890625e-03
9.555816650390625000e-04
1.000881195068359375e-03
1.033306121826171875e-03
9.603500366210937500e-04
9.961128234863281250e-04
9.899139404296875000e-04
9.746551513671875000e-04
9.040832519531250000e-04
9.598731994628906250e-04
9.999275207519531250e-04
9.770393371582031250e-04
1.004695892333984375e-03
9.698867797851562500e-04
9.069442749023437500e-04
9.660720825195312500e-04
9.641647338867187500e-04
9.164810180664062500e-04
9.641647338867187500e-04
9.303092956542968750e-04
8.983612060546875000e-04
9.093284606933593750e-04
9.436607360839843750e-04
1.010894775390625000e-03
9.784698486328125000e-04
9.469985961914062500e-04
