1.835823059082031250e-05
1.835823059082031250e-05
2.026557922363281250e-05
2.217292785644531250e-05
3.767013549804687500e-05
4.529953002929687500e-05
5.030632019042968750e-05
5.650520324707031250e-05
8.392333984375000000e-05
9.775161743164062500e-05
1.134872436523437500e-04
1.187324523925781250e-04
1.266002655029296875e-04
1.432895660400390625e-04
1.420974731445312500e-04
1.556873321533203125e-04
1.833438873291015625e-04
2.012252807617187500e-04
2.152919769287109375e-04
2.346038818359375000e-04
2.493858337402343750e-04
2.722740173339843750e-04
2.872943878173828125e-04
3.259181976318359375e-04
3.254413604736328125e-04
3.352165222167968750e-04
3.468990325927734375e-04
3.514289855957031250e-04
3.740787506103515625e-04
3.960132598876953125e-04
4.391670227050781250e-04
4.484653472900390625e-04
4.837512969970703125e-04
4.847049713134765625e-04
4.611015319824218750e-04
4.601478576660156250e-04
4.467964172363281250e-04
4.446506500244140625e-04
4.565715789794921875e-04
4.432201385498046875e-04
4.396438598632812500e-04
4.453659057617187500e-04
4.534721374511718750e-04
4.272460937500000000e-04
4.308223724365234375e-04
4.258155822753906250e-04
4.248619079589843750e-04
4.210472106933593750e-04
4.239082336425781250e-04
4.150867462158203125e-04
4.162788391113281250e-04
4.286766052246093750e-04
4.286766052246093750e-04
4.255771636962890625e-04
3.981590270996093750e-04
3.964900970458984375e-04
3.921985626220703125e-04
3.802776336669921875e-04
3.716945648193359375e-04
3.662109375000000000e-04
3.592967987060546875e-04
3.678798675537109375e-04
3.623962402343750000e-04
3.726482391357421875e-04
3.726482391357421875e-04
3.762245178222656250e-04
3.862380981445312500e-04
3.771781921386718750e-04
3.674030303955078125e-04
3.678798675537109375e-04
3.540515899658203125e-04
3.530979156494140625e-04
3.573894500732421875e-04
3.547668457031250000e-04
3.495216369628906250e-04
3.485679626464843750e-04
3.590583801269531250e-04
3.583431243896484375e-04
3.421306610107421875e-04
3.349781036376953125e-04
3.383159637451171875e-04
3.399848937988281250e-04
3.340244293212890625e-04
3.292560577392578125e-04
3.182888031005859375e-04
3.144741058349609375e-04
3.271102905273437500e-04
3.147125244140625000e-04
3.089904785156250000e-04
3.032684326171875000e-04
3.027915954589843750e-04
3.027915954589843750e-04
2.987384796142578125e-04
2.872943878173828125e-04
2.877712249755859375e-04
2.913475036621093750e-04
2.801418304443359375e-04
2.748966217041015625e-04
2.691745758056640625e-04
2.601146697998046875e-04
2.589225769042968750e-04
2.591609954833984375e-04
2.617835998535156250e-04
2.608299255371093750e-04
2.582073211669921875e-04
2.543926239013671875e-04
2.493858337402343750e-04
2.486705780029296875e-04
2.360343933105468750e-04
2.422332763671875000e-04
2.367496490478515625e-04
2.424716949462890625e-04
2.281665802001953125e-04
2.212524414062500000e-04
2.253055572509765625e-04
2.248287200927734375e-04
2.291202545166015625e-04
2.198219299316406250e-04
2.191066741943359375e-04
2.205371856689453125e-04
2.162456512451171875e-04
2.169609069824218750e-04
2.076625823974609375e-04
2.100467681884765625e-04
2.098083496093750000e-04
1.983642578125000000e-04
2.083778381347656250e-04
2.055168151855468750e-04
2.009868621826171875e-04
2.021789550781250000e-04
1.978874206542968750e-04
1.983642578125000000e-04
2.079010009765625000e-04
2.012252807617187500e-04
2.102851867675781250e-04
2.126693725585937500e-04
2.119541168212890625e-04
1.981258392333984375e-04
1.950263977050781250e-04
1.912117004394531250e-04
1.990795135498046875e-04
2.131462097167968750e-04
2.076625823974609375e-04
2.105236053466796875e-04
1.966953277587890625e-04
2.050399780273437500e-04
1.945495605468750000e-04
1.955032348632812500e-04
2.000331878662109375e-04
1.964569091796875000e-04
1.933574676513671875e-04
1.897811889648437500e-04
1.783370971679687500e-04
1.800060272216796875e-04
1.826286315917968750e-04
1.940727233886718750e-04
1.909732818603515625e-04
1.912117004394531250e-04
1.969337463378906250e-04
1.921653747558593750e-04
1.926422119140625000e-04
1.943111419677734375e-04
1.969337463378906250e-04
1.943111419677734375e-04
2.005100250244140625e-04
1.890659332275390625e-04
1.938343048095703125e-04
1.983642578125000000e-04
2.028942108154296875e-04
2.012252807617187500e-04
1.990795135498046875e-04
1.981258392333984375e-04
1.976490020751953125e-04
2.005100250244140625e-04
1.971721649169921875e-04
1.916885375976562500e-04
1.950263977050781250e-04
1.940727233886718750e-04
1.962184906005859375e-04
1.966953277587890625e-04
1.907348632812500000e-04
1.964569091796875000e-04
1.914501190185546875e-04
1.895427703857421875e-04
1.897811889648437500e-04
1.945495605468750000e-04
1.859664916992187500e-04
1.947879791259765625e-04
1.804828643798828125e-04
1.821517944335937500e-04
1.854896545410156250e-04
1.754760742187500000e-04
1.933574676513671875e-04
1.890659332275390625e-04
1.873970031738281250e-04
1.845359802246093750e-04
1.926422119140625000e-04
1.919269561767578125e-04
1.854896545410156250e-04
1.869201660156250000e-04
