2.670288085937500000e-05
2.670288085937500000e-05
4.923343658447265625e-05
6.163120269775390625e-05
8.320808410644531250e-05
9.250640869140625000e-05
9.608268737792968750e-05
1.128911972045898438e-04
1.168251037597656250e-04
1.065731048583984375e-04
1.238584518432617188e-04
1.333951950073242188e-04
1.273155212402343750e-04
1.243352890014648438e-04
1.293420791625976562e-04
1.336336135864257812e-04
1.429319381713867188e-04
1.691579818725585938e-04
1.704692840576171875e-04
1.608133316040039062e-04
1.496076583862304688e-04
1.493692398071289062e-04
1.438856124877929688e-04
1.547336578369140625e-04
1.636743545532226562e-04
1.592636108398437500e-04
1.621246337890625000e-04
1.643896102905273438e-04
1.641511917114257812e-04
1.561641693115234375e-04
1.471042633056640625e-04
1.528263092041015625e-04
1.683235168457031250e-04
1.695156097412109375e-04
1.661777496337890625e-04
1.541376113891601562e-04
1.535415649414062500e-04
1.579523086547851562e-04
1.763105392456054688e-04
1.667737960815429688e-04
1.672506332397460938e-04
1.736879348754882812e-04
1.618862152099609375e-04
1.639127731323242188e-04
1.597404479980468750e-04
1.643896102905273438e-04
1.744031906127929688e-04
1.666545867919921875e-04
1.628398895263671875e-04
1.564025878906250000e-04
1.494884490966796875e-04
1.527070999145507812e-04
1.515150070190429688e-04
1.496076583862304688e-04
1.484155654907226562e-04
1.457929611206054688e-04
1.459121704101562500e-04
1.392364501953125000e-04
1.552104949951171875e-04
1.577138900756835938e-04
1.543760299682617188e-04
1.487731933593750000e-04
1.422166824340820312e-04
1.533031463623046875e-04
1.504421234130859375e-04
1.484155654907226562e-04
1.422166824340820312e-04
1.330375671386718750e-04
1.392364501953125000e-04
1.437664031982421875e-04
1.388788223266601562e-04
1.386404037475585938e-04
1.404285430908203125e-04
1.333951950073242188e-04
1.358985900878906250e-04
1.405477523803710938e-04
1.324415206909179688e-04
1.281499862670898438e-04
1.345872879028320312e-04
1.312494277954101562e-04
1.267194747924804688e-04
1.225471496582031250e-04
1.319646835327148438e-04
1.296997070312500000e-04
1.267194747924804688e-04
1.227855682373046875e-04
1.273155212402343750e-04
1.295804977416992188e-04
1.246929168701171875e-04
1.183748245239257812e-04
1.178979873657226562e-04
1.261234283447265625e-04
1.336336135864257812e-04
1.182556152343750000e-04
1.357793807983398438e-04
1.302957534790039062e-04
1.107454299926757812e-04
1.245737075805664062e-04
1.401901245117187500e-04
1.320838928222656250e-04
1.335144042968750000e-04
1.291036605834960938e-04
1.254081726074218750e-04
1.204013824462890625e-04
1.295804977416992188e-04
1.308917999267578125e-04
1.293420791625976562e-04
1.305341720581054688e-04
1.275539398193359375e-04
1.381635665893554688e-04
1.295804977416992188e-04
1.256465911865234375e-04
1.192092895507812500e-04
1.178979873657226562e-04
1.182556152343750000e-04
1.237392425537109375e-04
1.229047775268554688e-04
1.112222671508789062e-04
1.124143600463867188e-04
1.181364059448242188e-04
1.195669174194335938e-04
1.189708709716796875e-04
1.096725463867187500e-04
1.100301742553710938e-04
1.125335693359375000e-04
1.130104064941406250e-04
1.114606857299804688e-04
1.146793365478515625e-04
1.138448715209960938e-04
1.091957092285156250e-04
1.114606857299804688e-04
1.087188720703125000e-04
1.076459884643554688e-04
1.034736633300781250e-04
1.064538955688476562e-04
1.095533370971679688e-04
1.071691513061523438e-04
1.038312911987304688e-04
9.536743164062500000e-05
1.001358032226562500e-04
1.082420349121093750e-04
1.083612442016601562e-04
1.026391983032226562e-04
1.055002212524414062e-04
1.024007797241210938e-04
9.965896606445312500e-05
1.087188720703125000e-04
1.097917556762695312e-04
1.091957092285156250e-04
1.040697097778320312e-04
1.039505004882812500e-04
1.047849655151367188e-04
1.015663146972656250e-04
1.055002212524414062e-04
1.080036163330078125e-04
1.006126403808593750e-04
1.028776168823242188e-04
9.953975677490234375e-05
9.751319885253906250e-05
9.989738464355468750e-05
1.047849655151367188e-04
1.094341278076171875e-04
1.053810119628906250e-04
1.045465469360351562e-04
1.057386398315429688e-04
9.894371032714843750e-05
9.906291961669921875e-05
9.226799011230468750e-05
9.369850158691406250e-05
1.025199890136718750e-04
1.037120819091796875e-04
1.020431518554687500e-04
9.787082672119140625e-05
9.810924530029296875e-05
9.870529174804687500e-05
9.977817535400390625e-05
9.858608245849609375e-05
1.028776168823242188e-04
9.882450103759765625e-05
9.489059448242187500e-05
9.691715240478515625e-05
9.548664093017578125e-05
8.380413055419921875e-05
9.036064147949218750e-05
9.167194366455078125e-05
9.119510650634765625e-05
9.715557098388671875e-05
9.703636169433593750e-05
9.179115295410156250e-05
9.059906005859375000e-05
9.274482727050781250e-05
9.167194366455078125e-05
9.214878082275390625e-05
8.773803710937500000e-05
8.714199066162109375e-05
8.964538574218750000e-05
9.250640869140625000e-05
9.417533874511718750e-05
9.810924530029296875e-05
1.022815704345703125e-04
