1.478195190429687500e-05
1.478195190429687500e-05
3.480911254882812500e-05
3.767013549804687500e-05
5.912780761718750000e-05
5.912780761718750000e-05
5.912780761718750000e-05
7.486343383789062500e-05
7.104873657226562500e-05
7.724761962890625000e-05
9.965896606445312500e-05
9.346008300781250000e-05
8.535385131835937500e-05
9.918212890625000000e-05
1.235008239746093750e-04
1.373291015625000000e-04
1.425743103027343750e-04
1.468658447265625000e-04
1.311302185058593750e-04
1.435279846191406250e-04
1.759529113769531250e-04
1.883506774902343750e-04
1.645088195800781250e-04
1.587867736816406250e-04
1.502037048339843750e-04
1.449584960937500000e-04
1.797676086425781250e-04
1.821517944335937500e-04
1.916885375976562500e-04
1.573562622070312500e-04
1.487731933593750000e-04
1.783370971679687500e-04
2.002716064453125000e-04
1.907348632812500000e-04
1.854896545410156250e-04
1.912117004394531250e-04
1.893043518066406250e-04
2.002716064453125000e-04
2.040863037109375000e-04
1.878738403320312500e-04
1.845359802246093750e-04
1.964569091796875000e-04
1.988410949707031250e-04
1.931190490722656250e-04
1.845359802246093750e-04
2.026557922363281250e-04
2.136230468750000000e-04
2.164840698242187500e-04
2.102851867675781250e-04
2.036094665527343750e-04
1.788139343261718750e-04
2.217292785644531250e-04
2.088546752929687500e-04
1.983642578125000000e-04
1.983642578125000000e-04
2.164840698242187500e-04
2.021789550781250000e-04
1.902580261230468750e-04
1.888275146484375000e-04
2.508163452148437500e-04
2.403259277343750000e-04
2.207756042480468750e-04
2.245903015136718750e-04
2.117156982421875000e-04
2.207756042480468750e-04
2.155303955078125000e-04
2.121925354003906250e-04
2.079010009765625000e-04
2.107620239257812500e-04
2.174377441406250000e-04
2.369880676269531250e-04
2.388954162597656250e-04
2.460479736328125000e-04
2.474784851074218750e-04
2.455711364746093750e-04
2.312660217285156250e-04
2.441406250000000000e-04
2.450942993164062500e-04
2.441406250000000000e-04
2.493858337402343750e-04
2.517700195312500000e-04
2.460479736328125000e-04
2.317428588867187500e-04
2.622604370117187500e-04
2.541542053222656250e-04
2.560615539550781250e-04
2.417564392089843750e-04
2.436637878417968750e-04
2.675056457519531250e-04
2.660751342773437500e-04
2.398490905761718750e-04
2.446174621582031250e-04
2.470016479492187500e-04
2.279281616210937500e-04
2.379417419433593750e-04
2.317428588867187500e-04
2.212524414062500000e-04
2.250671386718750000e-04
2.212524414062500000e-04
2.079010009765625000e-04
2.150535583496093750e-04
2.040863037109375000e-04
1.935958862304687500e-04
2.279281616210937500e-04
2.551078796386718750e-04
2.431869506835937500e-04
2.245903015136718750e-04
2.121925354003906250e-04
2.298355102539062500e-04
2.446174621582031250e-04
2.470016479492187500e-04
2.441406250000000000e-04
2.126693725585937500e-04
2.236366271972656250e-04
2.231597900390625000e-04
2.245903015136718750e-04
2.245903015136718750e-04
2.145767211914062500e-04
2.074241638183593750e-04
2.093315124511718750e-04
2.183914184570312500e-04
2.255439758300781250e-04
2.160072326660156250e-04
2.145767211914062500e-04
2.198219299316406250e-04
2.198219299316406250e-04
2.293586730957031250e-04
2.427101135253906250e-04
2.269744873046875000e-04
2.355575561523437500e-04
2.336502075195312500e-04
2.217292785644531250e-04
2.374649047851562500e-04
2.183914184570312500e-04
2.040863037109375000e-04
2.093315124511718750e-04
2.083778381347656250e-04
2.036094665527343750e-04
1.959800720214843750e-04
2.198219299316406250e-04
2.040863037109375000e-04
2.098083496093750000e-04
2.107620239257812500e-04
2.255439758300781250e-04
2.160072326660156250e-04
2.217292785644531250e-04
2.169609069824218750e-04
2.269744873046875000e-04
2.160072326660156250e-04
2.350807189941406250e-04
2.322196960449218750e-04
2.245903015136718750e-04
2.169609069824218750e-04
2.250671386718750000e-04
2.136230468750000000e-04
2.164840698242187500e-04
2.045631408691406250e-04
1.945495605468750000e-04
1.945495605468750000e-04
2.045631408691406250e-04
2.012252807617187500e-04
2.079010009765625000e-04
2.050399780273437500e-04
1.926422119140625000e-04
1.940727233886718750e-04
1.854896545410156250e-04
1.912117004394531250e-04
1.983642578125000000e-04
1.859664916992187500e-04
1.878738403320312500e-04
1.816749572753906250e-04
1.921653747558593750e-04
1.974105834960937500e-04
1.969337463378906250e-04
1.988410949707031250e-04
1.716613769531250000e-04
1.921653747558593750e-04
2.012252807617187500e-04
1.912117004394531250e-04
1.959800720214843750e-04
1.873970031738281250e-04
1.831054687500000000e-04
1.564025878906250000e-04
1.649856567382812500e-04
1.645088195800781250e-04
1.659393310546875000e-04
1.645088195800781250e-04
1.664161682128906250e-04
1.554489135742187500e-04
1.769065856933593750e-04
1.783370971679687500e-04
1.616477966308593750e-04
1.797676086425781250e-04
1.683235168457031250e-04
1.568794250488281250e-04
1.573562622070312500e-04
1.707077026367187500e-04
1.969337463378906250e-04
1.797676086425781250e-04
1.678466796875000000e-04
