-1.144409179687500000e-05
-1.144409179687500000e-05
3.051757812500000000e-05
-7.629394531250000000e-06
-1.525878906250000000e-05
2.670288085937500000e-05
-5.722045898437500000e-05
-6.103515625000000000e-05
3.814697265625000000e-05
4.196166992187500000e-05
7.629394531250000000e-06
-6.103515625000000000e-05
-2.670288085937500000e-05
-1.144409179687500000e-05
3.814697265625000000e-05
-8.010864257812500000e-05
-1.907348632812500000e-05
1.029968261718750000e-04
9.536743164062500000e-05
5.340576171875000000e-05
8.010864257812500000e-05
7.247924804687500000e-05
-3.433227539062500000e-05
1.220703125000000000e-04
6.484985351562500000e-05
-8.773803710937500000e-05
7.247924804687500000e-05
1.182556152343750000e-04
-3.814697265625000000e-06
-4.959106445312500000e-05
-1.068115234375000000e-04
7.629394531250000000e-06
1.640319824218750000e-04
1.754760742187500000e-04
-1.144409179687500000e-05
8.010864257812500000e-05
2.288818359375000000e-05
6.484985351562500000e-05
4.196166992187500000e-05
8.010864257812500000e-05
1.754760742187500000e-04
1.716613769531250000e-04
9.536743164062500000e-05
-2.670288085937500000e-05
7.629394531250000000e-05
6.103515625000000000e-05
1.831054687500000000e-04
2.098083496093750000e-04
1.335144042968750000e-04
6.484985351562500000e-05
-8.392333984375000000e-05
1.335144042968750000e-04
1.068115234375000000e-04
3.433227539062500000e-05
5.722045898437500000e-05
1.602172851562500000e-04
8.773803710937500000e-05
-2.670288085937500000e-05
-4.959106445312500000e-05
4.196166992187500000e-05
7.247924804687500000e-05
1.487731933593750000e-04
4.959106445312500000e-05
-3.814697265625000000e-06
6.484985351562500000e-05
1.144409179687500000e-05
3.051757812500000000e-05
-7.629394531250000000e-06
1.525878906250000000e-05
4.959106445312500000e-05
-1.907348632812500000e-05
5.340576171875000000e-05
9.536743164062500000e-05
4.959106445312500000e-05
1.182556152343750000e-04
5.722045898437500000e-05
1.144409179687500000e-04
9.918212890625000000e-05
6.866455078125000000e-05
8.010864257812500000e-05
1.106262207031250000e-04
1.106262207031250000e-04
8.392333984375000000e-05
1.678466796875000000e-04
1.029968261718750000e-04
6.866455078125000000e-05
8.010864257812500000e-05
-3.814697265625000000e-06
1.144409179687500000e-05
-1.907348632812500000e-05
-7.629394531250000000e-06
9.918212890625000000e-05
9.155273437500000000e-05
8.773803710937500000e-05
1.258850097656250000e-04
8.010864257812500000e-05
4.577636718750000000e-05
4.959106445312500000e-05
1.525878906250000000e-04
1.220703125000000000e-04
3.814697265625000000e-05
0.000000000000000000e+00
3.433227539062500000e-05
5.722045898437500000e-05
7.247924804687500000e-05
1.907348632812500000e-05
-1.144409179687500000e-05
-4.577636718750000000e-05
2.670288085937500000e-05
5.722045898437500000e-05
9.536743164062500000e-05
8.773803710937500000e-05
-1.106262207031250000e-04
-2.288818359375000000e-05
-3.814697265625000000e-06
9.155273437500000000e-05
1.296997070312500000e-04
4.577636718750000000e-05
1.144409179687500000e-05
9.918212890625000000e-05
1.564025878906250000e-04
1.144409179687500000e-04
4.577636718750000000e-05
1.220703125000000000e-04
1.411437988281250000e-04
4.196166992187500000e-05
1.220703125000000000e-04
1.373291015625000000e-04
1.182556152343750000e-04
1.068115234375000000e-04
9.536743164062500000e-05
-3.814697265625000000e-06
1.373291015625000000e-04
6.103515625000000000e-05
4.959106445312500000e-05
1.716613769531250000e-04
-1.144409179687500000e-05
-2.288818359375000000e-05
-3.433227539062500000e-05
7.629394531250000000e-05
4.196166992187500000e-05
1.564025878906250000e-04
9.918212890625000000e-05
3.433227539062500000e-05
-6.866455078125000000e-05
-1.258850097656250000e-04
-3.051757812500000000e-05
3.814697265625000000e-06
5.722045898437500000e-05
1.983642578125000000e-04
1.258850097656250000e-04
9.155273437500000000e-05
-5.722045898437500000e-05
-1.907348632812500000e-05
-3.814697265625000000e-06
6.866455078125000000e-05
1.106262207031250000e-04
2.288818359375000000e-05
6.866455078125000000e-05
4.959106445312500000e-05
6.866455078125000000e-05
6.103515625000000000e-05
8.773803710937500000e-05
8.392333984375000000e-05
1.144409179687500000e-04
-1.144409179687500000e-05
-5.340576171875000000e-05
-3.051757812500000000e-05
1.525878906250000000e-05
6.484985351562500000e-05
-4.959106445312500000e-05
-2.670288085937500000e-05
1.907348632812500000e-05
7.629394531250000000e-06
6.484985351562500000e-05
-7.629394531250000000e-06
-6.103515625000000000e-05
-4.196166992187500000e-05
-3.433227539062500000e-05
5.340576171875000000e-05
2.670288085937500000e-05
-2.670288085937500000e-05
-1.754760742187500000e-04
-8.773803710937500000e-05
-6.866455078125000000e-05
-6.103515625000000000e-05
7.629394531250000000e-06
-1.144409179687500000e-05
-1.068115234375000000e-04
-5.722045898437500000e-05
-2.670288085937500000e-05
-1.182556152343750000e-04
3.814697265625000000e-06
4.196166992187500000e-05
1.144409179687500000e-05
-4.959106445312500000e-05
4.577636718750000000e-05
9.918212890625000000e-05
6.866455078125000000e-05
4.196166992187500000e-05
