8.138796745152354053e-05
8.138796745152354053e-05
1.969995602493075063e-04
1.955631907894737355e-04
1.941351713988918350e-04
1.927153445290860200e-04
1.913040252770083476e-04
1.899010560941830333e-04
1.885062794321329914e-04
1.871200103878113089e-04
1.857419338642659831e-04
1.843723649584490167e-04
1.830111461218839747e-04
1.816581198060937714e-04
1.803136011080332286e-04
1.789774324792241765e-04
1.776496139196683498e-04
1.763299878808862776e-04
1.750190270083098673e-04
1.737161011080333786e-04
1.724218403739612507e-04
1.711357721606650457e-04
1.698580540166207652e-04
1.685888434903044103e-04
1.673279830332408472e-04
1.660753150969527733e-04
1.648311547783939263e-04
1.635955020775625712e-04
1.623680418975067055e-04
1.611489317867031978e-04
1.599383292936289169e-04
1.587362344182829954e-04
1.575421745152356945e-04
1.563567797783927543e-04
1.551797351108039069e-04
1.540108829639879467e-04
1.528506959833798168e-04
1.516987015235471761e-04
1.505552146814394254e-04
1.494200779085866349e-04
1.482934487534630710e-04
1.471750121191141292e-04
1.460650831024926793e-04
1.449636617036004563e-04
1.438705903739623260e-04
1.427857115650962155e-04
1.417096554709148040e-04
1.406416343490302784e-04
1.395821208448749795e-04
1.385311149584497747e-04
1.374884591412734586e-04
1.364543109418272365e-04
1.354283552631591059e-04
1.344110647506918665e-04
1.334021243074804547e-04
1.324016914819921981e-04
1.314094511772855023e-04
1.304257184903071659e-04
1.294504934210519848e-04
1.284837759695268977e-04
1.275252510387833715e-04
1.265753912742372672e-04
1.256338815789469904e-04
1.247007219529108063e-04
1.237760699445977775e-04
1.228599255540165774e-04
1.219521312326877355e-04
1.210526869806077821e-04
1.201620654432116603e-04
1.192794788781176285e-04
1.184055574792262228e-04
1.175399861495837056e-04
1.166829224376730173e-04
1.158342087950129523e-04
1.149941603185607175e-04
1.141624619113573713e-04
1.133391135734063832e-04
1.125244304016632252e-04
1.117180972991689558e-04
1.109201142659270445e-04
1.101307963988912286e-04
1.093498286011095055e-04
1.085773684210526724e-04
1.078134158587241986e-04
1.070578133656515524e-04
1.063108760387815321e-04
1.055721312326861339e-04
1.048422091412763019e-04
1.041204795706358877e-04
1.034074151662050384e-04
1.027027008310248124e-04
1.020064941135746805e-04
1.013189525623271747e-04
1.006396035318542909e-04
9.996891966759097192e-05
9.930674342105254293e-05
9.865291724376473725e-05
9.800775623268996595e-05
9.737094529085887906e-05
9.674279951523562238e-05
9.612300380886298901e-05
9.551171572022218448e-05
9.490893524930800462e-05
9.431481994459645080e-05
9.372905470914419390e-05
9.315163954293562143e-05
9.258304709141261524e-05
9.202280470914023236e-05
9.147122749307567968e-05
9.092784279778227952e-05
9.039328081717618035e-05
8.986706890581723506e-05
8.934936461218664916e-05
8.884032548476562818e-05
8.833979397506949716e-05
8.784761253462572417e-05
8.736409626038804666e-05
8.688908760387699381e-05
8.642242901662003374e-05
8.596459314404690522e-05
8.551510734071746112e-05
8.507428670360278611e-05
8.464181613573526497e-05
8.421801073407036986e-05
8.380271295014077304e-05
8.339592278392912728e-05
8.299779778393745477e-05
8.260802285318599725e-05
8.222691308864063520e-05
8.185431094182710199e-05
8.149037396121966426e-05
8.113478704985938039e-05
8.078786530471213090e-05
8.044945117728630191e-05
8.011970221606656839e-05
7.979830332409745819e-05
7.948572714681564899e-05
7.918150103878099366e-05
7.888594009695590326e-05
7.859888677285223335e-05
7.832034106647692284e-05
7.805046052631811615e-05
7.778924515235499659e-05
7.753637984764596980e-05
7.729217970914303848e-05
7.705648718836499711e-05
7.682961738226731785e-05
7.661094009695640361e-05
7.640124307479317922e-05
7.619973857340631151e-05
7.600705678670327536e-05
7.582304016620286524e-05
7.564737361496001733e-05
7.548021468144205937e-05
7.532203601107873014e-05
7.517220740996949369e-05
7.503088642659555552e-05
7.489838815789157112e-05
7.477423995845208782e-05
7.465875692520829165e-05
7.455209660664832705e-05
7.445378635733898576e-05
7.436398372576147331e-05
7.428316135734205905e-05
7.421053150969206258e-05
7.414688192521057264e-05
7.409158240997276712e-05
7.404494806094105708e-05
7.400697887811544251e-05
7.397751731302165679e-05
7.395687846260476372e-05
7.394458968143849398e-05
7.394112361495952523e-05
7.394616516620544644e-05
7.395987188365399367e-05
7.398208621883783920e-05
7.401312326869857738e-05
7.405266793629114441e-05
7.410087777007939858e-05
7.415759522160642048e-05
7.422313538781380449e-05
7.429718317174260900e-05
7.437989612188791733e-05
7.447127423822197390e-05
7.457131752077947318e-05
7.467986842105145406e-05
7.479708448753646932e-05
7.492312326869490779e-05
7.505751211911090848e-05
7.520072368421767961e-05
7.535275796398399617e-05
7.551298476454401665e-05
7.568234937672946305e-05
7.586006405817247167e-05
7.604644390581810631e-05
7.624164646814063362e-05
7.644519909972766203e-05
7.665788954293664692e-05
7.687877250692198849e-05
7.710847818559810052e-05
