1.044867797783933746e-04
1.044867797783933746e-04
1.042093369113573378e-04
1.039268524930747834e-04
1.036391689750693307e-04
1.033467590027700137e-04
1.030491499307479610e-04
1.027469719529086958e-04
1.024402250692520557e-04
1.021285941828254957e-04
1.018127094875347560e-04
1.014925709833794029e-04
1.011678635734073253e-04
1.008393749999999395e-04
1.005064750692519389e-04
1.001699515235457156e-04
9.982948926592818267e-05
9.948524584487512465e-05
9.913737880886427760e-05
9.878604570637120920e-05
9.843124653739591945e-05
9.807313885041614443e-05
9.771188019390550025e-05
9.734731301939058765e-05
9.698006752077584572e-05
9.660967105263110200e-05
9.623659626038782999e-05
9.586084314404516235e-05
9.548241170360093066e-05
9.510145948753417205e-05
9.471830159279775660e-05
9.433278047091438190e-05
9.394505367035961563e-05
9.355527873961206123e-05
9.316361322714772006e-05
9.276989958448712131e-05
9.237476800554034195e-05
9.197774584487547478e-05
9.157914819944582355e-05
9.117913261772869066e-05
9.077785664819964379e-05
9.037547783933511797e-05
8.997168109418311049e-05
8.956693905817162543e-05
8.916140927977753150e-05
8.875493421052656207e-05
8.834782894736898512e-05
8.794009349030480066e-05
8.753188538781174477e-05
8.712320463988895008e-05
8.671420879501415269e-05
8.630505540166161921e-05
8.589574445983308437e-05
8.548659106648315298e-05
8.507759522160662086e-05
8.466859937673008873e-05
8.426007617728676485e-05
8.385186807479110688e-05
8.344444771468152722e-05
8.303750000000081899e-05
8.263118247922411619e-05
8.222596779778375969e-05
8.182138331024914335e-05
8.141821675900287603e-05
8.101599549861521893e-05
8.061503462603904213e-05
8.021549168975034699e-05
7.981752423822686959e-05
7.942097472299174121e-05
7.902615824099696457e-05
7.863307479224427438e-05
7.824188192520793728e-05
7.785289473684255807e-05
7.746579813019353195e-05
7.708090720221633108e-05
7.669837950138435473e-05
7.631821502770107235e-05
7.594057132963988321e-05
7.556560595567939076e-05
7.519331890581612554e-05
7.482386772853302781e-05
7.445725242382142395e-05
7.409378808864285765e-05
7.373347472299212474e-05
7.337631232686922522e-05
7.302261599723049862e-05
7.267222818559560676e-05
7.232546398892002182e-05
7.198248095567801041e-05
7.164296398892017192e-05
7.130754328254704233e-05
7.097606128808955916e-05
7.064851800554078354e-05
7.032538608033218896e-05
7.000635041551177273e-05
6.969172610803327228e-05
6.938182825484869032e-05
6.907602666204881725e-05
6.877542416897607092e-05
6.847939058171777227e-05
6.818824099722939347e-05
6.790229051246467196e-05
6.762122403047160502e-05
6.734535664819872591e-05
6.707516101108097761e-05
6.681000692520741580e-05
6.655052458448725006e-05
6.629671398892048040e-05
6.604873268697963873e-05
6.580642313019392786e-05
6.557010041551188106e-05
6.533976454293696778e-05
6.511573060941945601e-05
6.489799861495761102e-05
6.468641101108237035e-05
6.448144044321132973e-05
6.428308691135663222e-05
6.409119286703533758e-05
6.390638850415665539e-05
6.372820117728564271e-05
6.355710353185724248e-05
6.339309556786625055e-05
6.323617728531787108e-05
6.308682132964184286e-05
6.294471260387748957e-05
6.281000865650775145e-05
6.268302458448810066e-05
6.256391793628933440e-05
6.245221606648171386e-05
6.234886426592818609e-05
6.225338988919554284e-05
6.216595048476325491e-05
6.208686114958679447e-05
6.201612188365401845e-05
6.195373268698053937e-05
6.189985110803541968e-05
6.185494979224492873e-05
6.181839854570506110e-05
6.179082756232676110e-05
6.177239439058082593e-05
6.176294148199298895e-05
6.176262638504445568e-05
6.177160664819734970e-05
6.178988227146728351e-05
6.181776835180452512e-05
6.185510734071919536e-05
6.190237188365664556e-05
6.195924688365619937e-05
6.202604743767159423e-05
6.210293109418230095e-05
6.218974030471058345e-05
6.228710526315697771e-05
6.239439577562615191e-05
6.251239958448596978e-05
6.264080159279657167e-05
6.277975934903048949e-05
6.292974549861572731e-05
6.309028739612254633e-05
6.326170013850468399e-05
6.344445637119014436e-05
6.363824099723039418e-05
6.384336911357396671e-05
6.405968317174486060e-05
6.428749826869681328e-05
6.452681440443329419e-05
6.477794667589936717e-05
6.504089508310370582e-05
6.531565962603937125e-05
6.560239785318409955e-05
6.590110976454309488e-05
6.621211045706315579e-05
6.653555747922548780e-05
6.687113573407114930e-05
6.721931786703681799e-05
6.758026142659155633e-05
6.795365131579030049e-05
6.834011772853011701e-05
6.873934556786941152e-05
6.915149238227030759e-05
6.957703081717468707e-05
7.001580332410134444e-05
7.046765235456733945e-05
7.093305055401802339e-05
7.141215547091551985e-05
7.190465200830782611e-05
7.241101281163682402e-05
7.293139542936290243e-05
7.346548476454273224e-05
7.401375346260258281e-05
7.457620152354765830e-05
7.515282894736755037e-05
7.574395083102467008e-05
7.634956717451554797e-05
7.696967797783844933e-05
7.760444078947631441e-05
7.825417070636900285e-05
7.891855263157838973e-05
7.959821675900327631e-05
8.029284799169165987e-05
8.100260387811260288e-05
