1.227249065096952703e-04
1.227249065096952703e-04
3.142211409279775658e-04
3.070670221606655072e-04
3.000564300554013804e-04
1.087406674168974949e-03
1.095772498268698502e-03
1.094525029432133652e-03
1.093168537049860577e-03
1.091704281509696395e-03
1.090133680747921649e-03
1.088458625346259631e-03
1.086680060595571554e-03
1.084799877077562494e-03
1.082819335180050871e-03
1.080740640581719786e-03
1.078564265927978161e-03
1.076292259349031361e-03
1.073926668975069137e-03
1.071467494806091492e-03
1.068918202908591270e-03
1.066278793282544185e-03
1.063551471606652421e-03
1.060737340720218497e-03
1.057838606301941126e-03
1.054855740997229230e-03
1.051791108033238442e-03
1.048646440443220390e-03
1.045421895775618115e-03
1.042120467451529420e-03
1.038742943213290942e-03
1.035291056094185536e-03
1.031765908933515719e-03
1.028169392313017794e-03
1.024503081717462183e-03
1.020768552631570736e-03
1.016966907894746586e-03
1.013099722991683826e-03
1.009169046052631191e-03
1.005175507271464930e-03
1.001121784972296147e-03
9.970085093490288486e-04
9.928369407894849230e-04
9.886097576177269031e-04
9.843272749307449554e-04
9.799916984071996295e-04
9.756047610803425529e-04
9.711667780470875644e-04
9.666807427285359355e-04
9.621474428670312440e-04
9.575679813019349895e-04
9.529448788088701328e-04
9.482782929362831847e-04
9.435713746537427449e-04
9.388245966066438575e-04
9.340395342797777611e-04
9.292177631579010000e-04
9.243611738227186514e-04
9.194707115650971319e-04
9.145487396121781964e-04
9.095952579639965396e-04
9.046134175900236163e-04
8.996038486842050652e-04
8.945681267313043694e-04
8.895084574099820784e-04
8.844248407202104367e-04
8.793205851800600659e-04
8.741956907894754547e-04
8.690529934210489138e-04
8.638931232687052653e-04
8.587174982686990310e-04
8.535278514543026551e-04
8.483267036011044038e-04
8.431137396121834993e-04
8.378917953601183743e-04
8.326622887811635509e-04
8.274256925207557067e-04
8.221846849030545190e-04
8.169403687673243430e-04
8.116941620498474563e-04
8.064477977839379363e-04
8.012025363573344050e-04
7.959599532548489176e-04
7.907216239612241404e-04
7.854892815096908842e-04
7.802640287396106489e-04
7.750471260387914452e-04
7.698415668282582169e-04
7.646468784626020421e-04
7.594657392659270867e-04
7.542998822714780394e-04
7.491499376731103332e-04
7.440179536011143346e-04
7.389053479916890543e-04
7.338135387811584032e-04
7.287442590027670697e-04
7.236992416897597424e-04
7.186786443905968103e-04
7.136862482686884279e-04
7.087215806786673067e-04
7.037870048476335683e-04
6.988839387119111235e-04
6.940139577562426387e-04
6.891783223684222470e-04
6.843789231302105369e-04
6.796165477839233304e-04
6.748940322021945715e-04
6.702115339335401600e-04
6.655715737534512177e-04
6.609744667590150558e-04
6.564232063711872289e-04
6.519179501384975151e-04
6.474612188365619359e-04
6.430544304016766466e-04
6.386982150276832026e-04
6.343950934903086480e-04
6.301456959833667826e-04
6.259525432825568947e-04
6.218161080332462731e-04
6.177387534626044285e-04
6.137214248615047163e-04
6.097663279085729915e-04
6.058737777008410541e-04
6.020466101108040702e-04
5.982856128808888840e-04
5.945920463988757509e-04
5.909681163434876705e-04
5.874153981994673090e-04
5.839340495152195443e-04
5.805275363573447756e-04
5.771961738227360250e-04
5.739413798476339368e-04
5.707650450138268550e-04
5.676689023545872237e-04
5.646540547091516427e-04
5.617219200138440227e-04
5.588750190443220189e-04
5.561130367035954647e-04
5.534394390581814926e-04
5.508543836564988583e-04
5.483597610803359057e-04
5.459573043628818123e-04
5.436485889889208778e-04
5.414347177978007242e-04
5.393177389196451843e-04
5.372981249999880804e-04
5.353788694598543563e-04
5.335602873961231563e-04
5.318445844875174799e-04
5.302328635734265827e-04
5.287265425900217197e-04
5.273282998614903239e-04
5.260375051939075730e-04
5.248576246537628442e-04
5.237894459833719596e-04
5.228343871190865855e-04
5.219940235457187772e-04
5.212699307479140565e-04
5.206635266620518454e-04
5.201765443213213214e-04
5.198104016620741508e-04
5.195662015235469333e-04
5.194461495844626686e-04
5.194515062327265120e-04
5.195830592105155077e-04
5.198436443905607440e-04
5.202340495152613098e-04
5.207555349722725602e-04
5.214103064404562726e-04
5.221989941135707358e-04
5.231239612188409716e-04
5.241859954986105574e-04
5.253874601800490041e-04
5.267291430055554002e-04
5.282127770082911677e-04
5.298399376731377508e-04
5.316122004847823046e-04
5.335308258310467178e-04
5.355975467450924121e-04
5.378139387119396098e-04
5.401811045706306214e-04
5.427009349030509355e-04
5.453750051939154631e-04
5.482047333794926036e-04
5.511915373961062681e-04
5.543365200831318340e-04
5.576422022160743008e-04
5.611093715373882684e-04
5.647394459833421365e-04
5.685344736842401492e-04
5.724958725761841727e-04
5.766244304016565625e-04
5.809228254847476070e-04
5.853913729224335949e-04
5.900324359418562814e-04
5.948475900276750661e-04
5.998371502770327712e-04
6.050047403046987515e-04
6.103494148199384295e-04
6.158744823407391600e-04
