-2.752835076177286401e-04
-2.752835076177286401e-04
4.747153012465373835e-04
6.599296052631582407e-04
6.765065408587253235e-04
6.927236357340727131e-04
7.085843559556785111e-04
7.240927977839339315e-04
7.392517970914117692e-04
7.540645048476459292e-04
7.685347022160669492e-04
7.826645948753466545e-04
7.964595394736847037e-04
8.099207963988917097e-04
8.230530921052633259e-04
8.358589473684199106e-04
8.483421433518028437e-04
8.605058310249286829e-04
8.723534764542937442e-04
8.838882306094180547e-04
8.951135595567875219e-04
9.060319840720251067e-04
9.166485457063715259e-04
9.269654501385046763e-04
9.369858483379497893e-04
9.467128912742338309e-04
9.561519355955686028e-04
9.653032963988922299e-04
9.741726454293685167e-04
9.827618732686956016e-04
9.910757063711916892e-04
9.991157202216029154e-04
1.006886326177285074e-03
1.014391620498614199e-03
1.021632863573408712e-03
1.028614781855959059e-03
1.035340841412740742e-03
1.041814193213294604e-03
1.048037358033250543e-03
1.054014747229908844e-03
1.059748881578947977e-03
1.065242912049860213e-03
1.070501565096949881e-03
1.075526731301942873e-03
1.080322822022160290e-03
1.084892358033245907e-03
1.089238490304705875e-03
1.093365630193909865e-03
1.097276613573408555e-03
1.100973331024920898e-03
1.104461769390593928e-03
1.107743504155114800e-03
1.110822001385042279e-03
1.113700727146817171e-03
1.116383462603870447e-03
1.118873358725777645e-03
1.121173251385033931e-03
1.123286921745160483e-03
1.125217520775614877e-03
1.126967884349031057e-03
1.128543054016620251e-03
1.129944290166204346e-03
1.131175689058176725e-03
1.132241662049865427e-03
1.133143469529071523e-03
1.133886783241014329e-03
1.134472548476442300e-03
1.134905491689763846e-03
1.135189078947371200e-03
1.135326776315781494e-03
1.135319844182816618e-03
1.135174269390581969e-03
1.134892257617717282e-03
1.134476329639907966e-03
1.133932157202213742e-03
1.133259740304704000e-03
1.132465065789484138e-03
1.131551284626025611e-03
1.130520287396130641e-03
1.129375855263153872e-03
1.128122084487537258e-03
1.126761810941831476e-03
1.125298185595563494e-03
1.123735304709147509e-03
1.122075373961209377e-03
1.120322489612191053e-03
1.118479802631577869e-03
1.116550463988924546e-03
1.114538254847641241e-03
1.112446011080348018e-03
1.110276883656502456e-03
1.108035283933508919e-03
1.105723102493072485e-03
1.103345380886425198e-03
1.100903064404454290e-03
1.098402139889195772e-03
1.095844182825461699e-03
1.093233289473694025e-03
1.090571980609411629e-03
1.087864352493084219e-03
1.085113240997248596e-03
1.082322742382249570e-03
1.079495062326879529e-03
1.076634612188362428e-03
1.073744542936294621e-03
1.070827375346250498e-03
1.067886575484747191e-03
1.064926554709147433e-03
1.061949518698077077e-03
1.058959248614960158e-03
1.055959210526299930e-03
1.052952870498641280e-03
1.049942434210512920e-03
1.046932313019388605e-03
1.043925657894739789e-03
1.040926250000004383e-03
1.037935979916887463e-03
1.034959574099714175e-03
1.031999238227165883e-03
1.029060013850419120e-03
1.026143161357323530e-03
1.023253092105283479e-03
1.020392957063701034e-03
1.017566852493073659e-03
1.014776984072013333e-03
1.012026502770074776e-03
1.009320450138517788e-03
1.006660086565108747e-03
1.004050138504131162e-03
1.001493126731284322e-03
9.989928324100061374e-04
9.965530367035957404e-04
9.941759452908593975e-04
9.918659695291043299e-04
9.896249999999662261e-04
9.874583933518199519e-04
9.853670948753723291e-04
9.833574065097050454e-04
9.814296433517388785e-04
9.795885318559793831e-04
9.778378531855869138e-04
9.761798130193954925e-04
9.746185076177360518e-04
9.731583483379435684e-04
9.717993351800457980e-04
9.705480851800729614e-04
9.694058587257914361e-04
9.683786426592511098e-04
9.674661218836699828e-04
9.666742832409591646e-04
9.660053324099804328e-04
9.654630505540329199e-04
9.650499584487604032e-04
9.647714127423712149e-04
9.646277285318416439e-04
9.646255228532019110e-04
9.647651108033450384e-04
9.650521641274278917e-04
9.654879432132446038e-04
9.660781198060908181e-04
9.668239542936496456e-04
9.677298580332283073e-04
9.687986668975301363e-04
9.700338469529057317e-04
9.714398095568010927e-04
9.730174999999785523e-04
9.747722749307852208e-04
9.767066551246428308e-04
9.788244217451280704e-04
9.811284106648054948e-04
9.836220879501644809e-04
9.863092347645596725e-04
9.891920567866863134e-04
9.922749653739904030e-04
9.955617416897433181e-04
9.990536461218502140e-04
1.002755720221598645e-03
1.006670799861525412e-03
1.010802666205012912e-03
1.015154155124625701e-03
1.019728417590015646e-03
1.024528604570640322e-03
1.029559442520755486e-03
1.034822191828294047e-03
1.040322524238190827e-03
1.046061700138517514e-03
1.052044130886442552e-03
1.058273597645403852e-03
1.064751045706385790e-03
1.071482777008331277e-03
1.078470682132931513e-03
1.085717596952917585e-03
1.093228247922461982e-03
1.101004840720204436e-03
1.109050841412745347e-03
1.117370031163439359e-03
1.125965876038775848e-03
1.134841211911347125e-03
1.143998559556796968e-03
1.153443275623250441e-03
