-1.428271468144044309e-04
-1.428271468144044309e-04
-1.467293074792244386e-04
-1.505873545706371333e-04
-6.135063711911357075e-05
1.581742590027700982e-04
1.619024861495845197e-04
1.655891204986150497e-04
1.692329016620497742e-04
1.728350900277008783e-04
1.763969459833795170e-04
1.799165789473683615e-04
1.833965096952911312e-04
1.868354778393351533e-04
1.902353739612187324e-04
1.935949376731306050e-04
1.969160595567862569e-04
2.001987396121887239e-04
2.034423476454292300e-04
2.066487742382271640e-04
2.098167590027697448e-04
2.129488227146816674e-04
2.160424445983386704e-04
2.191007756232681535e-04
2.221225554016616720e-04
2.251084141274249661e-04
2.280596121883643121e-04
2.309755193905822096e-04
2.338573961218832001e-04
2.367039819944601400e-04
2.395171675900276478e-04
2.422975831024940657e-04
2.450439681440435766e-04
2.477588434903052125e-04
2.504403185595565490e-04
2.530902839335182758e-04
2.557081094182829181e-04
2.582956855955685638e-04
2.608523822714677379e-04
2.633775692520764350e-04
2.658737673130193505e-04
2.683403462603890094e-04
2.707766759002770696e-04
2.731846468144033535e-04
2.755642590027695960e-04
2.779155124653757969e-04
2.802390373961207576e-04
2.825348337950148864e-04
2.848035318559552498e-04
2.870457617728527921e-04
2.892615235457057787e-04
2.914520775623274246e-04
2.936161634349027799e-04
2.957556717451525347e-04
2.978699722991709486e-04
2.999603254847608286e-04
3.020261011080355162e-04
3.040685595567856753e-04
3.060870706371194433e-04
3.080841551246563115e-04
3.100572922437663803e-04
3.120083725761772786e-04
3.139380263157895423e-04
3.158468836565089116e-04
3.177336842105273756e-04
3.196003185595552160e-04
3.214461565096953660e-04
3.232730886426615768e-04
3.250792243767314238e-04
3.268670844875330717e-04
3.286360387811625150e-04
3.303860872576197538e-04
3.321184903047093295e-04
3.338338781163421864e-04
3.355309903047103137e-04
3.372110872576147833e-04
3.388754293628844227e-04
3.405233864265944099e-04
3.421549584487516837e-04
3.437720360110821383e-04
3.453739889196644208e-04
3.469601869806084038e-04
3.485337811634375837e-04
3.500916204986111169e-04
3.516374861495842608e-04
3.531694875346276519e-04
3.546888850415527705e-04
3.561963088642670916e-04
3.576904986149556653e-04
3.591739750692518607e-04
3.606461080332447333e-04
3.621075277008278803e-04
3.635576038781181130e-04
3.649988573407210446e-04
3.664287673130171841e-04
3.678504847645439058e-04
3.692627493074793210e-04
3.706661911357343742e-04
3.720620706371170761e-04
3.734491274238298242e-04
3.748292520775603487e-04
3.762018144044254608e-04
3.775687049861510547e-04
3.789274030470933530e-04
3.802816897506937355e-04
3.816303047091407219e-04
3.829719875346263014e-04
3.843105193905814454e-04
3.856440096952906682e-04
3.869737188365654501e-04
3.882983864265908414e-04
3.896211634349042163e-04
3.909401592797762115e-04
3.922566343490321850e-04
3.935712188365692032e-04
3.948832825484693831e-04
3.961947160664863743e-04
3.975036288088595882e-04
3.988131717451576241e-04
4.001220844875308380e-04
4.014309972299179297e-04
4.027392797783940770e-04
4.040494529085891795e-04
4.053602562326882874e-04
4.066729501384994117e-04
4.079875346260433688e-04
4.093033795013814591e-04
4.106230055401713375e-04
4.119457825484673652e-04
4.132704501385101037e-04
4.146007894736819521e-04
4.159336495844906390e-04
4.172721814404492524e-04
4.186144944598180206e-04
4.199631094182962321e-04
4.213167659279787314e-04
4.226767243767290405e-04
4.240429847645471595e-04
4.254161772853162771e-04
4.267963019390572099e-04
4.281839889196600857e-04
4.295792382271526599e-04
4.309833102493082491e-04
4.323962049861476697e-04
4.338172922437669166e-04
4.352478324099670615e-04
4.366890858725769320e-04
4.381397922437815784e-04
4.396012119113473782e-04
4.410733448753437203e-04
4.425574515235577988e-04
4.440516412742290253e-04
4.455596952908577602e-04
4.470790927977863483e-04
4.486117243767268059e-04
4.501569598337959444e-04
4.517160595567878967e-04
4.532896537396066683e-04
4.548764819944720039e-04
4.564784349030473476e-04
4.580955124653673938e-04
4.597277146814460203e-04
4.613763019390496045e-04
4.630406440443296523e-04
4.647213711911415968e-04
4.664191135733963822e-04
4.681345013850465864e-04
4.698669044321326926e-04
4.716182132964014118e-04
4.733871675900239162e-04
4.751750277008290335e-04
4.769824238227207691e-04
4.788093559556713674e-04
4.806558240997294007e-04
4.825224584487503021e-04
4.844105193905767770e-04
4.863193767313117588e-04
4.882490304709066753e-04
4.902013711911359928e-04
4.921751385041570059e-04
4.941715927977846645e-04
4.961913642659299128e-04
4.982344529085858120e-04
5.003008587257662398e-04
5.023918421052514516e-04
5.045061426592889475e-04
5.066462811634392382e-04
5.088116274238052572e-04
5.110021814404702711e-04
5.132179432132816244e-04
5.154614335180079943e-04
5.177307617728471589e-04
5.200278185595597069e-04
5.223513434903098718e-04
5.247032271468166087e-04
5.270828393351828511e-04
5.294920706371136765e-04
5.319290304709040074e-04
5.343962396121976210e-04
5.368930678670419399e-04
