-2.386701869806093983e-04
-2.386701869806093983e-04
-2.405506855955679400e-04
-3.502617728531854605e-05
2.442146329639889243e-04
2.459974515235457894e-04
2.477474999999999383e-04
2.494672991689750362e-04
2.511543282548479600e-04
2.528111080332409114e-04
2.544363781163436027e-04
2.560313988919666467e-04
2.575961703601106940e-04
2.591313227146814849e-04
2.606362257617728453e-04
2.621127700831028633e-04
2.635590650969525835e-04
2.649782617728533088e-04
2.663678393351799102e-04
2.677296883656513429e-04
2.690644390581720460e-04
2.703708310249301056e-04
2.716507548476462114e-04
2.729035803324094192e-04
2.741299376731298060e-04
2.753304570637122445e-04
2.765051385041558674e-04
2.776533518005540671e-04
2.787776177285306717e-04
2.798754155124661899e-04
2.809498961218832511e-04
2.819997991689755790e-04
2.830257548476463117e-04
2.840271329639879744e-04
2.850064542936278644e-04
2.859618282548478940e-04
2.868945152354578088e-04
2.878051454293633488e-04
2.886930886426605086e-04
2.895602354570613046e-04
2.904046952908589246e-04
2.912283587257619155e-04
2.920312257617737467e-04
2.928132963988926835e-04
2.935758310249302061e-04
2.943169390581742983e-04
2.950404016620472580e-04
2.957430678670359969e-04
2.964268282548473271e-04
2.970923130193921929e-04
2.977388919667579154e-04
2.983684556786703884e-04
2.989784833795014474e-04
2.995727562326855331e-04
3.001487534626066239e-04
3.007089958448738026e-04
3.012515927977854613e-04
3.017778047091392024e-04
3.022895221606661242e-04
3.027842243767293884e-04
3.032644321329658332e-04
3.037288850415535701e-04
3.041801038781120903e-04
3.046155678670357803e-04
3.050371675900297175e-04
3.054455332409944379e-04
3.058400346260398139e-04
3.062219321329634480e-04
3.065905955678717432e-04
3.069466551246548269e-04
3.072913711911311185e-04
3.076228531855955406e-04
3.079436218836606454e-04
3.082536772853194940e-04
3.085517590027675450e-04
3.088391274238266870e-04
3.091170429362841143e-04
3.093842451523561021e-04
3.096426246537373195e-04
3.098902908587261584e-04
3.101297645429386407e-04
3.103604155124603525e-04
3.105828739612195855e-04
3.107965096952915174e-04
3.110025831024980369e-04
3.112010941828217969e-04
3.113926731301980277e-04
3.115766897506914990e-04
3.117550346260350436e-04
3.119264473684241201e-04
3.120921883656528617e-04
3.122516274238207323e-04
3.124066551246501566e-04
3.125566412742405986e-04
3.127009556786672362e-04
3.128414889196663717e-04
3.129776108033270610e-04
3.131105817174503758e-04
3.132391412742387138e-04
3.133651800554006217e-04
3.134880678670390330e-04
3.136090650969515503e-04
3.137269113573405710e-04
3.138434972299181114e-04
3.139575623268692217e-04
3.140716274238272709e-04
3.141831717451484818e-04
3.142953462603875758e-04
3.144068905817191950e-04
3.145178047091433393e-04
3.146293490304680196e-04
3.147415235457071137e-04
3.148543282548432742e-04
3.149683933518013235e-04
3.150837188365673835e-04
3.152015650969564042e-04
3.153206717451464969e-04
3.154429293628843722e-04
3.155677077562313304e-04
3.156950069252081881e-04
3.158260872576160172e-04
3.159609487534617567e-04
3.160995914127454065e-04
3.162426454293640332e-04
3.163907409972285811e-04
3.165426177285310394e-04
3.167001662049903632e-04
3.168640166204966802e-04
3.170322783933449129e-04
3.172081024930759052e-04
3.173895983379568242e-04
3.175786565096927472e-04
3.177733864265994135e-04
3.179769390581690947e-04
3.181874238227105911e-04
3.184061011080319137e-04
3.186329709141330624e-04
3.188686634348972260e-04
3.191131786703660378e-04
3.193671468144088088e-04
3.196305678670255390e-04
3.199040720221618672e-04
3.201876592797761600e-04
3.204813296398892342e-04
3.207863434903021616e-04
3.211020706371248146e-04
3.214297714681513263e-04
3.217688157894638135e-04
3.221198337950148538e-04
3.224840858725847026e-04
3.228596814404335880e-04
3.232491412742469206e-04
3.236518351800513060e-04
3.240677631578953166e-04
3.244975554016621411e-04
3.249424722991667291e-04
3.254012534626010700e-04
3.258745290858761079e-04
3.263641897506969203e-04
3.268677146814405465e-04
3.273882548476478305e-04
3.279245498614899446e-04
3.284772299168917109e-04
3.290469252077640738e-04
3.296330055401683334e-04
3.302367313019333173e-04
3.308581024930798420e-04
3.314977493074702797e-04
3.321550415512491972e-04
3.328318698060939163e-04
3.335269736842103039e-04
3.342409833795023655e-04
3.349751592797781119e-04
3.357282409972295323e-04
3.365027493074865261e-04
3.372967936288023827e-04
3.381116343490267462e-04
3.389485318559606886e-04
3.398055955678644380e-04
3.406847160664916441e-04
3.415858933518006735e-04
3.425097576177232872e-04
3.434556786703693576e-04
3.444249168974983233e-04
3.454174722991656954e-04
3.464327146814466518e-04
3.474731648199363976e-04
3.485369321329714887e-04
3.496252770083113637e-04
3.507388296398808447e-04
3.518769598337967430e-04
3.530409279778393139e-04
3.542307340720224351e-04
3.554463781163461067e-04
3.566878601108033897e-04
3.579564404432092339e-04
3.592527493074815226e-04
3.605748961218874227e-04
3.619254016620568337e-04
3.633042659279689390e-04
