-4.979823753462604919e-05
-4.979823753462604919e-05
-3.049445290858726135e-05
4.951685595567868238e-05
4.936876038781164080e-05
4.921593836565095177e-05
4.905807479224381300e-05
4.889611495844875338e-05
4.872911357340720334e-05
4.855770083102495726e-05
4.838250692520772818e-05
4.820227146814403578e-05
4.801825484764546880e-05
4.783014196675899454e-05
4.763793282548482982e-05
4.744194252077557367e-05
4.724185595567878971e-05
4.703830332409967598e-05
4.683096952908579608e-05
4.662016966759002009e-05
4.640558864265926110e-05
4.618817174515256301e-05
4.596697368421044823e-05
4.574293975069228593e-05
4.551575484764563972e-05
4.528510387811633849e-05
4.505224722991694672e-05
4.481592451523533360e-05
4.457708102493097672e-05
4.433571675900257504e-05
4.409183171745142960e-05
4.384511080332445347e-05
4.359618421052630262e-05
4.334505193905806124e-05
4.309171398891994617e-05
4.283617036011043953e-05
4.257842105263170973e-05
4.231909626038776219e-05
4.205756578947372412e-05
4.179477493074777207e-05
4.152977839335194633e-05
4.126352146814398977e-05
4.099568905817168284e-05
4.072628116343502552e-05
4.045592797783932430e-05
4.018399930747927271e-05
3.991144044321326412e-05
3.963699099722960140e-05
3.936254155124680604e-05
3.908651662049835926e-05
3.881017659279834345e-05
3.853289127423798269e-05
3.825529085872561921e-05
3.797674515235464551e-05
3.769819944598367181e-05
3.741933864265939436e-05
3.713984764542937675e-05
3.686067174515222922e-05
3.658118074792221161e-05
3.630168975069262768e-05
3.602251385041548015e-05
3.574333795013876630e-05
3.546447714681405516e-05
3.518656163434882161e-05
3.490833102493115167e-05
3.463136080332409467e-05
3.435439058171747134e-05
3.407868074792232832e-05
3.380391620498622920e-05
3.352978185595587024e-05
3.325659279778368782e-05
3.298466412742385306e-05
3.271399584487549861e-05
3.244458795013819077e-05
3.217675554016610068e-05
3.190986842105262081e-05
3.164518698061009883e-05
3.138176592797732242e-05
3.112023545706393488e-05
3.086028047091403034e-05
3.060253116343465002e-05
3.034698753462622758e-05
3.009301939058172184e-05
2.984157202216061039e-05
2.959233033241002314e-05
2.934560941828283018e-05
2.910140927977816414e-05
2.885941481994488966e-05
2.862025623268657851e-05
2.838361842105296268e-05
2.815013157894761392e-05
2.791948060941809584e-05
2.769198060941814588e-05
2.746700138504159019e-05
2.724580332409990910e-05
2.702775623268649507e-05
2.681286011080395021e-05
2.660174515235367784e-05
2.639378116343514200e-05
2.618959833795017969e-05
2.598919667590052565e-05
2.579289127423818259e-05
2.559973684210497397e-05
2.541130886426611751e-05
2.522666204986170196e-05
2.504642659279790115e-05
2.486997229916897492e-05
2.469792936288066343e-05
2.453092797783957418e-05
2.436802285318579592e-05
2.420952908587219871e-05
2.405639196675826014e-05
2.390735110803423463e-05
2.376366689750726569e-05
2.362470914127334787e-05
2.349110803324082342e-05
2.336254847645422017e-05
2.323903047091440549e-05
2.312086911357338209e-05
2.300869459833775749e-05
2.290124653739605137e-05
2.280010041551348149e-05
2.270399584487509809e-05
2.261419321329585091e-05
2.253037742382373726e-05
2.245191828254781280e-05
2.238007617728476201e-05
2.231390581717510729e-05
2.225466759002772688e-05
2.220110110803287518e-05
2.215415166205002978e-05
2.211381925207745597e-05
2.207978878116315102e-05
2.205300554016659254e-05
2.203252423822743555e-05
2.201897506925228759e-05
2.201267313019315136e-05
2.201330332410062623e-05
2.202086565096864068e-05
2.203567520775613631e-05
2.205804709141338110e-05
2.208735110803290019e-05
2.212484764543051069e-05
2.216959141274153083e-05
2.222189750692576959e-05
2.228208102493002551e-05
2.234982686980663269e-05
2.242608033240986454e-05
2.251021121883658299e-05
2.260221952908505333e-05
2.270273545706448515e-05
2.281112880886393413e-05
2.292834487534634730e-05
2.305406855955711987e-05
2.318798476454251439e-05
2.333072368421000575e-05
2.348228531856046131e-05
2.364298476454241432e-05
2.381187673130159138e-05
2.399053670360147550e-05
2.417801939058258909e-05
2.437463988919606750e-05
2.458071329639825026e-05
2.479592451523626728e-05
2.502090373961238928e-05
2.525533587257634827e-05
2.549922091412640951e-05
2.575318905817178261e-05
2.601661011080325797e-05
2.629042936288118054e-05
2.657370152354607273e-05
2.686768698060941485e-05
2.717144044321259666e-05
2.748559210526309304e-05
2.781045706371203935e-05
2.814509002770256008e-05
2.849075138504006399e-05
2.884681094182835193e-05
2.921389889196709250e-05
2.959170013850428299e-05
2.998052977839366084e-05
3.037975761772861855e-05
3.079095914127350647e-05
3.121255886426570897e-05
3.164613227146784169e-05
3.209041897506929170e-05
3.254667936288153929e-05
3.301428324099710959e-05
3.349323060941773733e-05
3.398446675900376746e-05
3.448704639889225293e-05
3.500159972299153599e-05
3.552844182825361935e-05
3.606725761772910238e-05
3.661773199446077820e-05
3.718144044321299718e-05
3.775649238227027360e-05
3.834477839335329735e-05
3.894503808864191452e-05
3.955821675900254158e-05
