-1.616447368421052477e-05
-1.616447368421052477e-05
1.546322541551246594e-04
1.552520498614959105e-04
1.558447472299168655e-04
1.564100311634349528e-04
1.569485318559557226e-04
1.574605644044321535e-04
1.579464439058172239e-04
1.584058552631579554e-04
1.588397437673129582e-04
1.592481094182824491e-04
1.596315824099723852e-04
1.599895325484765925e-04
1.603232202216065515e-04
1.606326454293626957e-04
1.609178081717456757e-04
1.611790235457061932e-04
1.614169217451525903e-04
1.616311876731302624e-04
1.618227666204982533e-04
1.619913434903049940e-04
1.621378635734073599e-04
1.622620117728529147e-04
1.623641031855958296e-04
1.624444529085868061e-04
1.625036911357346202e-04
1.625418178670358024e-04
1.625591481994462587e-04
1.625559972299175579e-04
1.625323649584479654e-04
1.624885664819938208e-04
1.624255470914128668e-04
1.623429916897504988e-04
1.622409002770084513e-04
1.621202181440444673e-04
1.619809452908594141e-04
1.618230817174515571e-04
1.616475727146812411e-04
1.614537880886427260e-04
1.612426731301928873e-04
1.610142278393360618e-04
1.607687673130199155e-04
1.605069217451510558e-04
1.602283760387818168e-04
1.599337603878118672e-04
1.596230747922446763e-04
1.592972645429353851e-04
1.589556994459834574e-04
1.585990096952902967e-04
1.582278254847659799e-04
1.578421468144044354e-04
1.574419736842091327e-04
1.570279362880892815e-04
1.566003497229916802e-04
1.561592139889197983e-04
1.557051592797776413e-04
1.552378704986149410e-04
1.547582929362877058e-04
1.542661114958456675e-04
1.537622714681448344e-04
1.532461426592794662e-04
1.527189854570645128e-04
1.521804847645427672e-04
1.516312707756217043e-04
1.510707132963990534e-04
1.505003878116348282e-04
1.499196641274250230e-04
1.493291724376736435e-04
1.487292278393344269e-04
1.481195152354571054e-04
1.475012950138496898e-04
1.468742520775619120e-04
1.462383864265955069e-04
1.455946433517978089e-04
1.449430228531861653e-04
1.442832098337964303e-04
1.436167797783920869e-04
1.429427873961223311e-04
1.422618628808859642e-04
1.415746364265939305e-04
1.408811080332392912e-04
1.401815927977844572e-04
1.394760907202207550e-04
1.387652319944608637e-04
1.380493317174515816e-04
1.373283898891946436e-04
1.366030367036027288e-04
1.358729570637134260e-04
1.351390962603862128e-04
1.344011391966760255e-04
1.336600311634354027e-04
1.329151419667568695e-04
1.321677319944605800e-04
1.314171710526321202e-04
1.306644044321344372e-04
1.299097472299160644e-04
1.291525692520782004e-04
1.283944459833791241e-04
1.276344321329645620e-04
1.268734729916887877e-04
1.261118836565107426e-04
1.253493490304714852e-04
1.245871295013842306e-04
1.238249099723004454e-04
1.230623753462594533e-04
1.223007860110814082e-04
1.215404570637096393e-04
1.207804432132933425e-04
1.200223199445994704e-04
1.192657721606690813e-04
1.185111149584472390e-04
1.177586634349032935e-04
1.170087326869823086e-04
1.162616378116328175e-04
1.155176939058172314e-04
1.147765858725731392e-04
1.140395740997224294e-04
1.133060283933541579e-04
1.125768940443243327e-04
1.118521710526294843e-04
1.111318594182834907e-04
1.104165893351799488e-04
1.097069909972298030e-04
1.090024342105255784e-04
1.083035491689747498e-04
1.076109660664813228e-04
1.069250000000007694e-04
1.062450207756256149e-04
1.055722887811604005e-04
1.049064889196704708e-04
1.042485664819910174e-04
1.035978912742388514e-04
1.029554085872595726e-04
1.023208033240977088e-04
1.016953358725751488e-04
1.010780609418324150e-04
1.004705540166156430e-04
9.987155470914457767e-05
9.928263850415494640e-05
9.870380540166409644e-05
9.813474030470614728e-05
9.757607340720245159e-05
9.702874999999860917e-05
9.649150969529007860e-05
9.596624307479581506e-05
9.545231994459793534e-05
9.495037049861432266e-05
9.445976454293403268e-05
9.398239265928295949e-05
9.351730955678774770e-05
9.306514542936281109e-05
9.262590027700814965e-05
9.220083448753177424e-05
9.178868767312914345e-05
9.139103531856027085e-05
9.100724722991768156e-05
9.063858379501285589e-05
9.028441481994525786e-05
8.994505540166342072e-05
8.962176592797535535e-05
8.931360110803199248e-05
8.902150623268934027e-05
8.874548130193699036e-05
8.848647160665176759e-05
8.824353185595684712e-05
8.801760734072211489e-05
8.780964335180010960e-05
8.761869459833482310e-05
8.744570637119267187e-05
8.729099376731178084e-05
8.715455678670255835e-05
8.703671052631700711e-05
8.693777008310366039e-05
8.685836565096999307e-05
8.679786703600506081e-05
8.675784972299663278e-05
8.673736842105400635e-05
8.673736842105400635e-05
8.675784972298969389e-05
8.679944252077548272e-05
8.686183171745243126e-05
8.694596260387654763e-05
8.705120498615423474e-05
8.717913434902815895e-05
8.732880540165965932e-05
8.750116343490127457e-05
8.769652354570500741e-05
8.791425554017032185e-05
8.815593490304335367e-05
8.842124653739985574e-05
8.870987534625660031e-05
8.902308171745629273e-05
8.936055055401917468e-05
8.972291204985619051e-05
9.010985110803268472e-05
9.052231301939078767e-05
9.096061288088944097e-05
9.142412049861076140e-05
9.191378116343851268e-05
