-4.773403739612187965e-04
-4.773403739612187965e-04
-4.811013711911358800e-04
-7.005235457063709210e-05
4.884292659279778487e-04
4.919949030470915788e-04
4.954949999999998765e-04
4.989345983379500724e-04
5.023086565096959201e-04
5.056222160664818228e-04
5.088727562326872053e-04
5.120627977839332934e-04
5.151923407202213881e-04
5.182626454293629698e-04
5.212724515235456907e-04
5.242255401662057265e-04
5.271181301939051669e-04
5.299565235457066176e-04
5.327356786703598204e-04
5.354593767313026859e-04
5.381288781163440921e-04
5.407416620498602111e-04
5.433015096952924228e-04
5.458071606648188384e-04
5.482598753462596120e-04
5.506609141274244890e-04
5.530102770083117347e-04
5.553067036011081342e-04
5.575552354570613434e-04
5.597508310249323799e-04
5.618997922437665021e-04
5.639995983379511579e-04
5.660515096952926234e-04
5.680542659279759488e-04
5.700129085872557289e-04
5.719236565096957881e-04
5.737890304709156175e-04
5.756102908587266975e-04
5.773861772853210172e-04
5.791204709141226092e-04
5.808093905817178493e-04
5.824567174515238310e-04
5.840624515235474934e-04
5.856265927977853669e-04
5.871516620498604122e-04
5.886338781163485967e-04
5.900808033240945161e-04
5.914861357340719938e-04
5.928536565096946542e-04
5.941846260387843859e-04
5.954777839335158307e-04
5.967369113573407768e-04
5.979569667590028947e-04
5.991455124653710662e-04
6.002975069252132478e-04
6.014179916897476053e-04
6.025031855955709226e-04
6.035556094182784048e-04
6.045790443213322485e-04
6.055684487534587768e-04
6.065288642659316665e-04
6.074577700831071403e-04
6.083602077562241806e-04
6.092311357340715605e-04
6.100743351800594350e-04
6.108910664819888758e-04
6.116800692520796279e-04
6.124438642659268961e-04
6.131811911357434863e-04
6.138933102493096539e-04
6.145827423822622371e-04
6.152457063711910812e-04
6.158872437673212907e-04
6.165073545706389879e-04
6.171035180055350899e-04
6.176782548476533741e-04
6.182340858725682287e-04
6.187684903047122043e-04
6.192852493074746389e-04
6.197805817174523169e-04
6.202595290858772814e-04
6.207208310249207051e-04
6.211657479224391709e-04
6.215930193905830348e-04
6.220051662049960739e-04
6.224021883656435938e-04
6.227853462603960555e-04
6.231533795013829979e-04
6.235100692520700871e-04
6.238528947368482402e-04
6.241843767313057234e-04
6.245032548476414647e-04
6.248133102493003133e-04
6.251132825484811972e-04
6.254019113573344724e-04
6.256829778393327435e-04
6.259552216066541219e-04
6.262211634349007516e-04
6.264782825484774276e-04
6.267303601108012434e-04
6.269761357340780661e-04
6.272181301939031006e-04
6.274538227146811420e-04
6.276869944598362228e-04
6.279151246537384434e-04
6.281432548476545419e-04
6.283663434902969636e-04
6.285906925207751517e-04
6.288137811634383900e-04
6.290356094182866786e-04
6.292586980609360392e-04
6.294830470914142273e-04
6.297086565096865485e-04
6.299367867036026469e-04
6.301674376731347671e-04
6.304031301939128085e-04
6.306413434902929938e-04
6.308858587257687445e-04
6.311354155124626608e-04
6.313900138504163762e-04
6.316521745152320344e-04
6.319218975069235134e-04
6.321991828254908130e-04
6.324852908587280664e-04
6.327814819944571623e-04
6.330852354570620788e-04
6.334003324099807264e-04
6.337280332409933603e-04
6.340645567866898258e-04
6.344162049861518105e-04
6.347791966759136484e-04
6.351573130193854944e-04
6.355467728531988270e-04
6.359538781163381893e-04
6.363748476454211822e-04
6.368122022160638274e-04
6.372659418282661248e-04
6.377373268697944519e-04
6.382263573407320756e-04
6.387342936288176176e-04
6.392611357340510780e-04
6.398081440443237344e-04
6.403753185595523201e-04
6.409626592797784683e-04
6.415726869806043231e-04
6.422041412742496291e-04
6.428595429363026525e-04
6.435376315789276269e-04
6.442396675900297076e-04
6.449681717451694052e-04
6.457193628808671759e-04
6.464982825484938411e-04
6.473036703601026121e-04
6.481355263157906332e-04
6.489951108033242821e-04
6.498849445983334583e-04
6.508025069252021400e-04
6.517490581717522158e-04
6.527283795013938406e-04
6.537354293628810931e-04
6.547765096952956609e-04
6.558490997229798891e-04
6.569544598337834218e-04
6.580938504155281477e-04
6.592660110803366669e-04
6.604734626038666345e-04
6.617162049861596840e-04
6.629954986149405594e-04
6.643100831024983943e-04
6.656637396121878325e-04
6.670539473684206078e-04
6.684819667590047310e-04
6.699503185595562238e-04
6.714564819944590646e-04
6.730054986149730523e-04
6.745935872576047654e-04
6.762232686980534924e-04
6.778970637119213771e-04
6.796111911357288760e-04
6.813694321329832881e-04
6.831717867036013470e-04
6.850195152354465744e-04
6.869113573407387152e-04
6.888498337949966466e-04
6.908349445983313908e-04
6.928654293628933036e-04
6.949463296398727952e-04
6.970738642659429773e-04
6.992505540166227274e-04
7.014776592797616894e-04
7.037539196675934861e-04
7.060818559556786278e-04
7.084614681440448702e-04
7.108927562326922134e-04
7.133757202216067794e-04
7.159128808864184679e-04
7.185054986149630452e-04
7.211497922437748453e-04
7.238508033241136674e-04
7.266085318559378781e-04
