-8.763904986149586782e-04
-8.763904986149586782e-04
-1.534370914127423675e-04
1.734293628808856146e-05
5.049365650969532722e-04
1.219810886426592710e-03
1.323218144044322180e-03
1.351153379501385081e-03
1.378692853185595028e-03
1.405836565096953324e-03
1.432594598337950942e-03
1.458954349030471345e-03
1.484928421052631939e-03
1.510514293628806293e-03
1.535717008310250736e-03
1.560531523545707205e-03
1.584970443213297442e-03
1.609023684210522664e-03
1.632696288088646142e-03
1.656005900277004311e-03
1.678919750692526441e-03
1.701473130193906225e-03
1.723653434903046205e-03
1.745465706371192305e-03
1.766899861495842272e-03
1.787981108033243061e-03
1.808681717451528226e-03
1.829034459833789317e-03
1.849014127423824483e-03
1.868638365650973632e-03
1.887907174515229825e-03
1.906818033240990917e-03
1.925373462603886809e-03
1.943573462603875868e-03
1.961428116343491568e-03
1.978929861495837272e-03
1.996081218836570637e-03
2.012887229916902887e-03
2.029355457063709844e-03
2.045475817174520483e-03
2.061258393351798890e-03
2.076695623268690061e-03
2.091800110803329615e-03
2.106566814404436938e-03
2.121005817174517749e-03
2.135099473684204385e-03
2.148878033241000129e-03
2.162313767313017721e-03
2.175429362880884621e-03
2.188219778393341031e-03
2.200685013850428584e-03
2.212822548476461870e-03
2.224652548476452329e-03
2.236154847645430155e-03
2.247344570637119232e-03
2.258211634349027719e-03
2.268773684210537156e-03
2.279018116343484168e-03
2.288955013850416109e-03
2.298589418282537267e-03
2.307906204986165388e-03
2.316923019390570992e-03
2.325637340720235202e-03
2.334051689750676895e-03
2.342161024930747293e-03
2.349975429362896606e-03
2.357494903047069323e-03
2.364719445983376467e-03
2.371649058171776403e-03
2.378283739612185865e-03
2.384638614958439762e-03
2.390701080332402473e-03
2.396473656509690020e-03
2.401968947368438023e-03
2.407176869806099129e-03
2.412102465373933136e-03
2.416753296398926887e-03
2.421121800554010273e-03
2.425220581717457691e-03
2.429042077562310054e-03
2.432588808864238894e-03
2.435873379501407587e-03
2.438878144044337448e-03
2.441620747922451651e-03
2.444096149584434885e-03
2.446311911357385016e-03
2.448257950138504890e-03
2.449951911357300949e-03
2.451388753462624415e-03
2.452555872576173135e-03
2.453483518005533659e-03
2.454146481994462503e-03
2.454562409972299575e-03
2.454723739612196809e-03
2.454640554016646048e-03
2.454310332409975759e-03
2.453735595567857475e-03
2.452918864265907217e-03
2.451857617728564476e-03
2.450556897506894760e-03
2.449019224376736137e-03
2.447244598337949828e-03
2.445238060941823388e-03
2.442994570637124774e-03
2.440524210526318072e-03
2.437816897506911440e-03
2.434887756232684275e-03
2.431731745152349022e-03
2.428353905817248748e-03
2.424746675900230075e-03
2.420925180055405468e-03
2.416879335180033284e-03
2.412624265928003942e-03
2.408142326869783245e-03
2.403448642659289369e-03
2.398553296398903134e-03
2.393433601108052589e-03
2.388112243767281928e-03
2.382584182825497887e-03
2.376846897506917911e-03
2.370905429362912820e-03
2.364767340720164146e-03
2.358427590027689646e-03
2.351881135734146255e-03
2.345148144044240102e-03
2.338218531856006699e-03
2.331087257617714403e-03
2.323766925207804146e-03
2.316270138504161746e-03
2.308564127423806678e-03
2.300684182825474267e-03
2.292617700831001137e-03
2.284367202216031068e-03
2.275932686980675079e-03
2.267321717451475926e-03
2.258531772853233921e-03
2.249562853185615996e-03
2.240425041551197261e-03
2.231105734072036384e-03
2.221627617728538784e-03
2.211968005540132509e-03
2.202144542936268490e-03
2.192154709141358460e-03
2.182006066481945172e-03
2.171691052631596897e-03
2.161209667590036076e-03
2.150574515235370576e-03
2.139783074792289685e-03
2.128832825484761049e-03
2.117726288088650488e-03
2.106476066481954845e-03
2.095069556786732790e-03
2.083514321329638097e-03
2.071807839335249035e-03
2.059962714681395912e-03
2.047971385041535974e-03
2.035836371191201977e-03
2.023562714681403918e-03
2.011150415512419354e-03
1.998596952908604507e-03
1.985919972299188263e-03
1.973094265927954893e-03
1.960145041551286660e-03
1.947069778393317740e-03
1.933858393351861604e-03
1.920520969529049271e-03
1.907060027700857585e-03
1.893480609418296545e-03
1.879772631578902065e-03
1.865951218836536807e-03
1.852006288088681174e-03
1.837942880886400676e-03
1.823776121883724510e-03
1.809483324099692148e-03
1.795092216066496160e-03
1.780577590027698776e-03
1.765967174515215010e-03
1.751243324099815979e-03
1.736418642659220968e-03
1.721490609418285800e-03
1.706461745152265674e-03
1.691332049861493658e-03
1.676106565096924239e-03
1.660785290858723950e-03
1.645368227146892792e-03
1.629862936288140052e-03
1.614259335180057153e-03
1.598572548476395738e-03
1.582797534625979274e-03
1.566944376731382871e-03
1.550990387811645999e-03
1.534965817174493985e-03
1.518860581717462743e-03
1.502677202216085028e-03
1.486415678670305329e-03
1.470073490304757424e-03
1.453663240997216111e-03
1.437182409972315167e-03
1.420628476454299793e-03
1.404006481994457545e-03
