5.224338988919668731e-05
5.224338988919668731e-05
5.210466845567866888e-05
5.196342624653739169e-05
5.181958448753466533e-05
5.167337950138500683e-05
5.152457496537398048e-05
5.137348597645434792e-05
5.122011253462602784e-05
5.106429709141274784e-05
5.090635474376737800e-05
5.074628549168970146e-05
5.058393178670366266e-05
5.041968749999996974e-05
5.025323753462596944e-05
5.008497576177285780e-05
4.991474463296409134e-05
4.974262292243756232e-05
4.956868940443213880e-05
4.939302285318560460e-05
4.921562326869795972e-05
4.903656942520807221e-05
4.885594009695275013e-05
4.867365650969529382e-05
4.849003376038792286e-05
4.830483552631555100e-05
4.811829813019391500e-05
4.793042157202258118e-05
4.774120585180046533e-05
4.755072974376708603e-05
4.735915079639887830e-05
4.716639023545719095e-05
4.697252683517980781e-05
4.677763936980603061e-05
4.658180661357386003e-05
4.638494979224356066e-05
4.618738400277017098e-05
4.598887292243773739e-05
4.578957409972291177e-05
4.558956630886434533e-05
4.538892832409982189e-05
4.518773891966755898e-05
4.498584054709155525e-05
4.478346952908581272e-05
4.458070463988876575e-05
4.437746710526328103e-05
4.417391447368449256e-05
4.397004674515240033e-05
4.376594269390587238e-05
4.356160231994447504e-05
4.335710439750707634e-05
4.315252770083080960e-05
4.294787222991654219e-05
4.274329553324157649e-05
4.253879761080331043e-05
4.233429968836504437e-05
4.213003808864338243e-05
4.192593403739555344e-05
4.172222385734076361e-05
4.151875000000040949e-05
4.131559123961205809e-05
4.111298389889187985e-05
4.091069165512457168e-05
4.070910837950143801e-05
4.050799774930760946e-05
4.030751731301952107e-05
4.010774584487517350e-05
3.990876211911343480e-05
3.971048736149587061e-05
3.951307912049848228e-05
3.931653739612213719e-05
3.912094096260396864e-05
3.892644736842127903e-05
3.873289906509676597e-05
3.854045360110816554e-05
3.834918975069217736e-05
3.815910751385053618e-05
3.797028566481994161e-05
3.778280297783969538e-05
3.759665945290806277e-05
3.741193386426651390e-05
3.722862621191071197e-05
3.704689404432142882e-05
3.686673736149606237e-05
3.668815616343461261e-05
3.651130799861524931e-05
3.633611409279780338e-05
3.616273199446001091e-05
3.599124047783900521e-05
3.582148199446008596e-05
3.565377164127352116e-05
3.548803064404477958e-05
3.532425900277039177e-05
3.516269304016609448e-05
3.500317520775588637e-05
3.484586305401663614e-05
3.469091412742434516e-05
3.453801333102440863e-05
3.438771208448803546e-05
3.423969529085888613e-05
3.409412049861469673e-05
3.395114525623233598e-05
3.381061201523580251e-05
3.367267832409936296e-05
3.353758050554048881e-05
3.340500346260370790e-05
3.327526229224362503e-05
3.314835699446024020e-05
3.302436634348981936e-05
3.290321156509696393e-05
3.278505020775594053e-05
3.266988227146848389e-05
3.255786530470972800e-05
3.244899930747880551e-05
3.234320550554118517e-05
3.224072022160566486e-05
3.214154345567831611e-05
3.204559643351766879e-05
3.195319425207832770e-05
3.186410058864282135e-05
3.177855176592862124e-05
3.169654778393312528e-05
3.161808864265893554e-05
3.154341066482092143e-05
3.147235630193874478e-05
3.140500432825387572e-05
3.134151229224405033e-05
3.128195896814466720e-05
3.122610803324085693e-05
3.117443213296409305e-05
3.112669494459777142e-05
3.108297524238162746e-05
3.104343057479339724e-05
3.100806094182700923e-05
3.097686634349026968e-05
3.094992555401770984e-05
3.092747489612246437e-05
3.090919927285253055e-05
3.089541378116338055e-05
3.088619719529041296e-05
3.088147074099649447e-05
3.088131319252222784e-05
3.088580332409867485e-05
3.089494113573364176e-05
3.090888417590226256e-05
3.092755367035959768e-05
3.095118594182832278e-05
3.097962344182809968e-05
3.101302371883579712e-05
3.105146554709115048e-05
3.109487015235529173e-05
3.114355263157848885e-05
3.119719788781307596e-05
3.125619979224298489e-05
3.132040079639828584e-05
3.138987967451524475e-05
3.146487274930786365e-05
3.154514369806127316e-05
3.163085006925234199e-05
3.172222818559507218e-05
3.181912049861519709e-05
3.192168455678698336e-05
3.202984158587243030e-05
3.214374913434840664e-05
3.226340720221664710e-05
3.238897333794968358e-05
3.252044754155185291e-05
3.265782981301968563e-05
3.280119892659204978e-05
3.295055488227154744e-05
3.310605522853157789e-05
3.326777873961274390e-05
3.343556786703557465e-05
3.360965893351840900e-05
3.379013071329577816e-05
3.397682565789515025e-05
3.417005886426505851e-05
3.436967278393470576e-05
3.457574619113515380e-05
3.478851540858734354e-05
3.500790166205067222e-05
3.523382617728366972e-05
3.546652527700901170e-05
3.570607773545775993e-05
3.595232600415391305e-05
3.620550640581841201e-05
3.646569771468145121e-05
3.673274238227136612e-05
3.700687673130129141e-05
3.728810076177382915e-05
3.757641447368377519e-05
3.787197541551233504e-05
3.817478358725777399e-05
3.848483898891922467e-05
3.880222039473815721e-05
3.912708535318450143e-05
3.945927631578919487e-05
3.979910837950163816e-05
4.014642399584582994e-05
4.050130193905630144e-05
