-6.436466551246538496e-04
-6.436466551246538496e-04
-6.419930263157894905e-04
-1.838924722991690198e-04
2.739503324099723958e-04
6.821004570637119024e-04
6.913031786703598570e-04
7.003470914127432959e-04
7.092309349030468356e-04
7.179591204986156446e-04
7.265303878116339056e-04
7.349466274238223087e-04
7.432109903047099883e-04
7.513228462603877347e-04
7.592866066481991985e-04
7.671010110803320320e-04
7.747685803324109305e-04
7.822918351800562525e-04
7.896707756232679981e-04
7.969079224376708626e-04
8.040045360110815303e-04
8.109631371191142885e-04
8.177818351800571206e-04
8.244663019390582187e-04
8.310159072022135773e-04
8.374331717451548307e-04
8.437187257617703717e-04
8.498744598337999723e-04
8.559022645429313625e-04
8.618027700831067117e-04
8.675784972299142861e-04
8.732300761772858466e-04
8.787612880886419564e-04
8.841696121883665938e-04
8.894613504155102213e-04
8.946333518005597507e-04
8.996900277008258728e-04
9.046326385041582319e-04
9.094630747922445579e-04
9.141813365650952594e-04
9.187893144044292915e-04
9.232907894736880339e-04
9.276832409972311788e-04
9.319717105263150558e-04
9.361580886426551507e-04
9.402392243767349056e-04
9.442226800554023858e-04
9.481046745152404975e-04
9.518908795013783508e-04
9.555800346260426292e-04
9.591752908587256043e-04
9.626791689750641146e-04
9.660891481994490770e-04
9.694102700831055963e-04
9.726437950138486221e-04
9.757909833795000432e-04
9.788512049861489150e-04
9.818282409972331481e-04
9.847233518005538144e-04
9.875396883656517577e-04
9.902747299168970785e-04
9.929322576177207482e-04
9.955154224376774885e-04
9.980235941828285995e-04
1.000458033240995970e-03
1.002822520775617510e-03
1.005114536011084136e-03
1.007342271468147921e-03
1.009500055401658936e-03
1.011593559556787925e-03
1.013624674515239965e-03
1.015591509695289163e-03
1.017499106648202256e-03
1.019348725761773378e-03
1.021138476454297450e-03
1.022872139889191567e-03
1.024554757617729406e-03
1.026180027700829278e-03
1.027758033240996904e-03
1.029283732686986363e-03
1.030762167590029699e-03
1.032192707756229844e-03
1.033579764542935653e-03
1.034920817174503349e-03
1.036222167590042376e-03
1.037481925207750511e-03
1.038701980609429976e-03
1.039886114958449292e-03
1.041032437673117261e-03
1.042146620498604626e-03
1.043225512465384419e-03
1.044274155124660930e-03
1.045292548476448036e-03
1.046283843490300458e-03
1.047246779778396308e-03
1.048185768698056686e-03
1.049099549861515213e-03
1.049993795013831610e-03
1.050864722991678990e-03
1.051718005540172585e-03
1.052553012465387572e-03
1.053372894736837040e-03
1.054178912742384511e-03
1.054968545706372329e-03
1.055751876731292338e-03
1.056521973684221294e-03
1.057283878116335729e-03
1.058040110803334932e-03
1.058791932132957525e-03
1.059538711911348075e-03
1.060282340720225536e-03
1.061027229916911008e-03
1.061772749307465791e-03
1.062520789473692107e-03
1.063270720221609622e-03
1.064029473684210969e-03
1.064793268698044360e-03
1.065565886426603215e-03
1.066349217451523224e-03
1.067143891966756963e-03
1.067953060941831400e-03
1.068774203601102757e-03
1.069614252077577543e-03
1.070470685595570348e-03
1.071347915512443905e-03
1.072245311634356657e-03
1.073163504155122405e-03
1.074108164819967404e-03
1.075076772853178486e-03
1.076073739612173896e-03
1.077098434903056567e-03
1.078154009695284077e-03
1.079240463988939691e-03
1.080360318559528410e-03
1.081516094182832788e-03
1.082705900277008970e-03
1.083934778393358389e-03
1.085203988919675178e-03
1.086512271468137447e-03
1.087865297783957574e-03
1.089259916897483693e-03
1.090701170360086625e-03
1.092190318559588258e-03
1.093726731301924993e-03
1.095312929362879384e-03
1.096951433517984187e-03
1.098644764542966445e-03
1.100391031855940671e-03
1.102193386426586486e-03
1.104054979224389221e-03
1.105974549861499234e-03
1.107955249307512879e-03
1.110000228531804467e-03
1.112106336565110709e-03
1.114279875346291249e-03
1.116519584487496441e-03
1.118828614958461420e-03
1.121207596952888963e-03
1.123658421052664558e-03
1.126180457063724605e-03
1.128780006925178547e-03
1.131454549861521386e-03
1.134207867035968986e-03
1.137039328254874082e-03
1.139952084487555473e-03
1.142947396121862802e-03
1.146026523545701226e-03
1.149190727146809365e-03
1.152441897506933932e-03
1.155783815789485081e-03
1.159214591412716100e-03
1.162735484764559901e-03
1.166351537396109750e-03
1.170061488919654780e-03
1.173867229916941701e-03
1.177771911357317070e-03
1.181776163434927751e-03
1.185879355955654635e-03
1.190087160664821120e-03
1.194397686980624984e-03
1.198813455678654494e-03
1.203336987534636693e-03
1.207968912742385381e-03
1.212711752077544336e-03
1.217566135734066135e-03
1.222531433518025956e-03
1.227612686980628087e-03
1.232812416897488550e-03
1.238126842105280456e-03
1.243561634348994138e-03
1.249118684210542840e-03
1.254796101108041073e-03
1.260600186980570525e-03
1.266527160664859819e-03
1.272580803324097065e-03
1.278764265927989641e-03
1.285079439058145478e-03
1.291522541551237691e-03
1.298101765928011408e-03
1.304816481994458544e-03
