-2.671656648199446276e-04
-2.671656648199446276e-04
-2.465457202216066700e-04
2.719374930747922949e-04
2.742553462603878711e-04
2.765265650969528756e-04
2.787524099722993309e-04
2.809341412742382294e-04
2.830717590027701132e-04
2.851652631578945486e-04
2.872133933518009226e-04
2.892211911357340723e-04
2.911823545706372467e-04
2.931031855955678472e-04
2.949811634349029134e-04
2.968162880886428788e-04
2.986110803324094030e-04
3.003630193905816939e-04
3.020746260387818447e-04
3.037459002770085542e-04
3.053768421052626900e-04
3.069674515235459866e-04
3.085177285318567095e-04
3.100289335180054714e-04
3.115023268698054876e-04
3.129366481994461449e-04
3.143318975069257087e-04
3.156905955678654049e-04
3.170089612188385989e-04
3.182932963988922836e-04
3.195385595567857423e-04
3.207485318559542831e-04
3.219219529085881604e-04
3.230575623268689550e-04
3.241604016620529966e-04
3.252266897506902316e-04
3.262589473684192332e-04
3.272546537396135713e-04
3.282188504155139630e-04
3.291477562326877021e-04
3.300426315789445342e-04
3.309047368421080826e-04
3.317340720221592654e-04
3.325318975069251753e-04
3.332969529085891280e-04
3.340292382271459193e-04
3.347312742382254486e-04
3.354005401662047553e-04
3.360420775623297607e-04
3.366495844875326549e-04
3.372293628808881866e-04
3.377788919667577827e-04
3.382994321329633319e-04
3.387897229916898845e-04
3.392522853185586662e-04
3.396858587257634010e-04
3.400904432132936805e-04
3.404698199446012929e-04
3.408202077562309806e-04
3.411441274238265209e-04
3.414403185595556167e-04
3.417113019390551065e-04
3.419558171745204489e-04
3.421738642659273577e-04
3.423692243767276211e-04
3.425368559556787873e-04
3.426805401662083583e-04
3.428015373961208756e-04
3.428960664819923065e-04
3.429679085872570921e-04
3.430183240997267125e-04
3.430422714681448382e-04
3.430473130193872899e-04
3.430284072022185549e-04
3.429868144044292966e-04
3.429237950138483426e-04
3.428418698060986536e-04
3.427359972299169610e-04
3.426124792243745443e-04
3.424662742382289515e-04
3.423011634349042154e-04
3.421171468144038053e-04
3.419129639889197103e-04
3.416898753462599414e-04
3.414491412742394483e-04
3.411907617728512920e-04
3.409122160664829204e-04
3.406185457063733157e-04
3.403072299168960479e-04
3.399795290858730057e-04
3.396329224376742895e-04
3.392737119113538313e-04
3.388955955678681076e-04
3.385036149584491616e-04
3.380965096952924520e-04
3.376755401662025202e-04
3.372381855955668140e-04
3.367882271468197741e-04
3.363244044321291037e-04
3.358467174515225584e-04
3.353564265927977406e-04
3.348522714681431700e-04
3.343380332410036959e-04
3.338086703601056415e-04
3.332717451523595220e-04
3.327196952908548222e-04
3.321588227146801686e-04
3.315866066482056618e-04
3.310043074792184958e-04
3.304119252077533653e-04
3.298094598337963923e-04
3.291981717451555878e-04
3.285780609418309517e-04
3.279503878116304949e-04
3.273113711911371237e-04
3.266685734072058422e-04
3.260144321329538908e-04
3.253552493074907126e-04
3.246885041551170192e-04
3.240154570637171494e-04
3.233361080332355919e-04
3.226517174515219910e-04
3.219597645429395083e-04
3.212640304709121764e-04
3.205632548476528010e-04
3.198586980609346986e-04
3.191490997229845528e-04
3.184357202216173133e-04
3.177185595567913468e-04
3.169988781163424196e-04
3.162766759002774708e-04
3.155519529085826225e-04
3.148247091412786913e-04
3.140949445983379218e-04
3.133664404432121020e-04
3.126328947368403610e-04
3.119018698060915806e-04
3.111695844875417283e-04
3.104360387811561095e-04
3.097050138504142680e-04
3.089727285318574768e-04
3.082417036011086964e-04
3.075131994459898155e-04
3.067846952908501179e-04
3.060587119113611365e-04
3.053352493074742990e-04
3.046155678670392497e-04
3.038971468144052723e-04
3.031825069252092053e-04
3.024729085872590595e-04
3.017645706371099856e-04
3.010637950138575492e-04
3.003655401662003177e-04
2.996735872576247739e-04
2.989866759002743346e-04
2.983048060941836943e-04
2.976304986149549969e-04
2.969612326869860985e-04
2.962995290858722042e-04
2.956441274238261196e-04
2.949962880886419780e-04
2.943572714681416680e-04
2.937258171745102397e-04
2.931031855955765208e-04
2.924881163434839282e-04
2.918843905817258833e-04
2.912882271468089646e-04
2.907021468143977661e-04
2.901261495844922877e-04
2.895627562326877347e-04
2.890081855955739520e-04
2.884649584487461449e-04
2.879330747922459466e-04
2.874150554016616232e-04
2.869071191135691423e-04
2.864117867036053422e-04
2.859315789473654279e-04
2.854614542936312338e-04
2.850077146814428142e-04
2.845665789473691976e-04
2.841405678670333446e-04
2.837284210526272443e-04
2.833301385041578357e-04
2.829495013850422125e-04
2.825839889196643528e-04
2.822336011080311957e-04
2.818983379501427411e-04
2.815832409972310324e-04
2.812820083102490765e-04
2.809996814404427945e-04
2.807350000000041756e-04
2.804879639889124032e-04
2.802598337950240603e-04
2.800493490304617472e-04
2.798577700831028636e-04
2.796876177285356757e-04
2.795351108033153342e-04
2.794040304709213829e-04
2.792931163434902997e-04
2.792036288088647900e-04
