-1.638831855955678613e-04
-1.638831855955678613e-04
-1.631042659279778421e-04
-1.623581163434903224e-04
-1.616522991689751053e-04
8.591055401662052579e-05
1.603490581717451503e-04
1.597541551246537523e-04
1.591895013850416220e-04
1.586651800554015777e-04
1.581711080332411264e-04
1.577123268698062434e-04
1.572863157894733178e-04
1.568930747922441925e-04
1.565326038781161572e-04
1.562023822714682028e-04
1.559024099722992451e-04
1.556352077562324614e-04
1.553957340720223644e-04
1.551890304709140078e-04
1.550050138504157661e-04
1.548537673130190480e-04
1.547302493074792333e-04
1.546319390581724941e-04
1.545613573407200562e-04
1.545159833795015612e-04
1.544932963988914464e-04
1.545008587257620629e-04
1.545311080332406259e-04
1.545815235457063432e-04
1.546596675900280965e-04
1.547579778393348357e-04
1.548789750692525571e-04
1.550201385041548308e-04
1.551839889196680866e-04
1.553705263157897226e-04
1.555721883656499896e-04
1.557940166204991456e-04
1.560360110803328537e-04
1.562981717451528488e-04
1.565754570637106075e-04
1.568678670360113339e-04
1.571804432132957452e-04
1.575081440443213895e-04
1.578509695290865322e-04
1.582063988919664779e-04
1.585819944598344453e-04
1.589651523545695597e-04
1.593634349030476419e-04
1.597768421052643550e-04
1.602003324099711759e-04
1.606339058171741760e-04
1.610800831024937138e-04
1.615388642659280546e-04
1.620052077562321446e-04
1.624791135734077185e-04
1.629656232686980954e-04
1.634571745152361283e-04
1.639588088642642688e-04
1.644680055401664953e-04
1.649797229916916824e-04
1.655015235457052425e-04
1.660283656509699279e-04
1.665577285318558393e-04
1.670921329639876718e-04
1.676315789473706297e-04
1.681735457063696093e-04
1.687205540166197143e-04
1.692650415512485934e-04
1.698145706371199243e-04
1.703640997229912551e-04
1.709161495844872813e-04
1.714631578947339169e-04
1.720152077562334125e-04
1.725622160664835175e-04
1.731092243767318878e-04
1.736511911357343368e-04
1.741956786703597465e-04
1.747326038781162744e-04
1.752670083102498416e-04
1.757963711911357529e-04
1.763206925207757431e-04
1.768399722991680773e-04
1.773542105263162250e-04
1.778583656509690608e-04
1.783574792243777102e-04
1.788490304709140083e-04
1.793304986149584640e-04
1.798069252077552638e-04
1.802682271468160347e-04
1.807244875346256802e-04
1.811681440443187879e-04
1.815991966759022969e-04
1.820201662049852898e-04
1.824285318559569491e-04
1.828242936288086012e-04
1.832074515235454504e-04
1.835754847645445359e-04
1.839309141274218795e-04
1.842686980609402336e-04
1.845913573407208241e-04
1.849014127423831422e-04
1.851887811634353453e-04
1.854635457063692761e-04
1.857206648199459520e-04
1.859550969529125131e-04
1.861744044321274327e-04
1.863735457063725454e-04
1.865525207756235648e-04
1.867113296398908995e-04
1.868499722991676104e-04
1.869634072022181848e-04
1.870591966758976266e-04
1.871272576177314406e-04
1.871751523545676921e-04
1.872003601108042370e-04
1.871978393351812764e-04
1.871701108033252403e-04
1.871222160664820500e-04
1.870415512465369023e-04
1.869407202216046004e-04
1.868071191135703413e-04
1.866483102493099455e-04
1.864592520775636142e-04
1.862449861495807379e-04
1.860004709141327428e-04
1.857231855955654432e-04
1.854156509695295552e-04
1.850803878116341616e-04
1.847098337950138502e-04
1.843090304709145422e-04
1.838779778393362374e-04
1.834091135734065847e-04
1.829074792243784442e-04
1.823705540166184469e-04
1.818033795013829224e-04
1.811958725761765587e-04
1.805555955678717073e-04
1.798749861495821389e-04
1.791616066482044911e-04
1.784078947368386570e-04
1.776163711911353527e-04
1.767845152354577398e-04
1.759148476454287791e-04
1.750073684210519398e-04
1.740545152354548708e-04
1.730638504155168622e-04
1.720328531855941367e-04
1.709564819944581204e-04
1.698372576177283044e-04
1.686802216066506099e-04
1.674727700831032950e-04
1.662249861495851411e-04
1.649293074792203273e-04
1.635907756232686527e-04
1.622043490304737878e-04
1.607750692520781843e-04
1.592928531855934693e-04
1.577677839335184240e-04
1.561922991689737583e-04
1.545689196675893717e-04
1.528951246537388342e-04
1.511709141274290846e-04
1.493988088642622669e-04
1.475737673130167460e-04
1.456983102493120130e-04
1.437699168975042907e-04
1.417885872576213346e-04
1.397543213296388587e-04
1.376671191135742101e-04
1.355244598337940198e-04
1.333263434903052269e-04
1.310752908587273224e-04
1.287662603878109158e-04
1.264017728531859064e-04
1.239793074792223948e-04
1.214988642659307894e-04
1.189604432132937428e-04
1.163665650969515630e-04
1.137071468144054687e-04
1.109922714681473022e-04
1.082168975069242034e-04
1.053785041551236201e-04
1.024821329639914735e-04
9.951770083102551290e-05
9.649781163434748010e-05
9.340986149584257214e-05
9.025889196675671022e-05
8.704238227146693374e-05
8.376537396122610279e-05
8.042030470913758000e-05
7.700717451523605983e-05
7.353102493074664681e-05
6.998681440443035862e-05
6.637706371191362531e-05
6.269421052632062619e-05
5.894581717451330416e-05
5.512684210525961581e-05
5.123980609418252175e-05
4.727966759002916186e-05
