-1.238268005540166358e-04
-1.238268005540166358e-04
-1.290574099722991861e-04
-1.341846675900277208e-04
2.094386426592797519e-05
1.441354293628809035e-04
1.489601939058171674e-04
1.536828670360111128e-04
1.583084903047091759e-04
1.628370637119114922e-04
1.672685872576175738e-04
1.716018005540166994e-04
1.758442659279780759e-04
1.799884210526314123e-04
1.840430886426592388e-04
1.880032271468145503e-04
1.918726177285320043e-04
1.956525207756228645e-04
1.993416759002771682e-04
2.029438642659284892e-04
2.064565650969525656e-04
2.098848199445979210e-04
2.132248476454296805e-04
2.164829501385039448e-04
2.196540858725765273e-04
2.227445567867035285e-04
2.257518421052637225e-04
2.286784626038783352e-04
2.315256786703592806e-04
2.342922299168976805e-04
2.369806371191138933e-04
2.395909002770087864e-04
2.421268005540159335e-04
2.445858171745149759e-04
2.469704709141280069e-04
2.492807617728532918e-04
2.515179501385049129e-04
2.536845567867023615e-04
2.557793213296402288e-04
2.578047645429362711e-04
2.597596260387816103e-04
2.616489473684213002e-04
2.634676869806094196e-04
2.652208864265918897e-04
2.669110664819934059e-04
2.685344459833812619e-04
2.700935457063697448e-04
2.715921468144054385e-04
2.730277285318549740e-04
2.744028116343517204e-04
2.757173961218817998e-04
2.769740027700837853e-04
2.781726315789472687e-04
2.793120221606642389e-04
2.803972160664823521e-04
2.814269529085866584e-04
2.824012326869823619e-04
2.833225761772854845e-04
2.841909833795012302e-04
2.850089750692508250e-04
2.857752908587279927e-04
2.864924515235435509e-04
2.871591966758998971e-04
2.877805678670360134e-04
2.883527839335174592e-04
2.888796260387838793e-04
2.893610941828248656e-04
2.897984487534623066e-04
2.901929501385042132e-04
2.905445983379488506e-04
2.908546537396146381e-04
2.911243767313026476e-04
2.913550277008278289e-04
2.915453462603891099e-04
2.916991135734070539e-04
2.918150692520771194e-04
2.918969944598337474e-04
2.919411080332424968e-04
2.919537119113572998e-04
2.919322853185586653e-04
2.918780886426580734e-04
2.917923822714704740e-04
2.916764265927969391e-04
2.915314819944628266e-04
2.913575484764507895e-04
2.911571468144080743e-04
2.909277562326804956e-04
2.906744182825556078e-04
2.903946121883653475e-04
2.900933795013833916e-04
2.897669390581718296e-04
2.894178116343466833e-04
2.890497783933493325e-04
2.886590581717488058e-04
2.882519529085851573e-04
2.878234210526367520e-04
2.873785041551252251e-04
2.869184626038794039e-04
2.864395152354475005e-04
2.859492243767365605e-04
2.854425484764555598e-04
2.849245290858677671e-04
2.843939058171825185e-04
2.838519390581661916e-04
2.833011495844903194e-04
2.827390166204972466e-04
2.821705817174502418e-04
2.815933240997228748e-04
2.810110249307461172e-04
2.804224238227154276e-04
2.798287811634388167e-04
2.792313573407173566e-04
2.786326731301948245e-04
2.780314681440423930e-04
2.774277423822739397e-04
2.768252770083100278e-04
2.762253324099725460e-04
2.756241274238235839e-04
2.750279639889205430e-04
2.744343213296404627e-04
2.738469806094143144e-04
2.732621606648215351e-04
2.726874238227136593e-04
2.721164681440471633e-04
2.715568559556735817e-04
2.710048060941827597e-04
2.704628393351837801e-04
2.699322160664846537e-04
2.694141966759003304e-04
2.689087811634308101e-04
2.684159695290830316e-04
2.679395429362879666e-04
2.674782409972376040e-04
2.670333240997191382e-04
2.666073130193902241e-04
2.661976869806140233e-04
2.658069667589996188e-04
2.654389335180057374e-04
2.650910664819955409e-04
2.647658864265850509e-04
2.644621329639940122e-04
2.641835872576187016e-04
2.639302493074799361e-04
2.637008587257627656e-04
2.635004570637131116e-04
2.633265235457080133e-04
2.631815789473634926e-04
2.630668836565083768e-04
2.629799168975058277e-04
2.629269806094236550e-04
2.629055540166180815e-04
2.629168975069248737e-04
2.629635318559531143e-04
2.630429362880937205e-04
2.631601523545648580e-04
2.633139196676001492e-04
2.635054986149520939e-04
2.637348891966762032e-04
2.640058725761756930e-04
2.643146675900334697e-04
2.646675761772826485e-04
2.650620775623280245e-04
2.654994321329567919e-04
2.659809002770185948e-04
2.665077423822589942e-04
2.670812188365762063e-04
2.677013296398869646e-04
2.683693351800617299e-04
2.690852354570588689e-04
2.698528116343509864e-04
2.706708033240953770e-04
2.715392105263128575e-04
2.724605540166194495e-04
2.734360941828231639e-04
2.744658310249448174e-04
2.755497645429219600e-04
2.766916759002827075e-04
2.778890443213347106e-04
2.791456509695228183e-04
2.804614958448817252e-04
2.818353185595617871e-04
2.832721606648089252e-04
2.847695013850418122e-04
2.863311218836567251e-04
2.879545013850376423e-04
2.896434210526363517e-04
2.913966204986240260e-04
2.932178808864177588e-04
2.951059418282581115e-04
2.970608033240965118e-04
2.990875069252135754e-04
3.011810110803217477e-04
3.033488781163454218e-04
3.055860664819970429e-04
3.078963573407214604e-04
3.102822714681485738e-04
3.127412880886415447e-04
3.152759279778302726e-04
3.178874515235574627e-04
3.205771191135686760e-04
