2.500184037396122218e-05
2.500184037396122218e-05
2.463680055401663176e-05
2.427617209141273063e-05
2.391995498614960685e-05
2.356799168975067633e-05
2.322051852493076779e-05
2.287722039473683499e-05
2.253817607340721741e-05
2.220354310941826878e-05
2.187308518005541785e-05
2.154680228531852910e-05
2.122477319944600978e-05
2.090691914819945265e-05
2.059316135734069438e-05
2.028365737534627844e-05
1.997809210526317212e-05
1.967678064404429971e-05
1.937948666897511708e-05
1.908613140581713564e-05
1.879695117728533323e-05
1.851170966066484043e-05
1.823040685595571147e-05
1.795312153739605544e-05
1.767977493074787167e-05
1.741028826177299683e-05
1.714466153047088885e-05
1.688305228531863326e-05
1.662514542936270948e-05
1.637117728531863742e-05
1.612091153047100558e-05
1.587450571329635744e-05
1.563180228531858319e-05
1.539288002077557511e-05
1.515758137119111500e-05
1.492614265927974700e-05
1.469824878808881786e-05
1.447397853185578617e-05
1.425348943905817116e-05
1.403638763850423472e-05
1.382306700138495603e-05
1.361329120498622463e-05
1.340690270083106338e-05
1.320421658587245077e-05
1.300483898891973290e-05
1.280908500692512931e-05
1.261679709141274707e-05
1.242773891966760837e-05
1.224230436288090921e-05
1.206017832409977952e-05
1.188143957756232841e-05
1.170600934903044676e-05
1.153388763850413459e-05
1.136507444598350031e-05
1.119956977146811024e-05
1.103729484072007213e-05
1.087824965373981965e-05
1.072243421052616018e-05
1.056976973684217724e-05
1.042033500692511258e-05
1.027397247229918167e-05
1.013076090720216836e-05
9.990700311634506323e-06
9.853633137119110000e-06
9.719716932133064952e-06
9.588715373961284941e-06
9.460864785318422523e-06
9.335928843490258824e-06
9.213907548476577003e-06
9.094958448753378416e-06
8.978845221606661028e-06
8.865646641274208678e-06
8.755362707756238205e-06
8.647914646814315251e-06
8.543302458448656655e-06
8.441526142659479259e-06
8.342506925207698182e-06
8.246244806094180785e-06
8.152818559556710906e-06
8.062070637119070349e-06
7.974001038781259112e-06
7.888688538781277876e-06
7.805975588642474761e-06
7.725862188365933969e-06
7.648505886426572656e-06
7.573591585872604948e-06
7.501355609418249720e-06
7.431640408587288776e-06
7.364367209141287757e-06
7.299772333794682377e-06
7.237540685595686765e-06
7.177829813019434915e-06
7.120560941828359830e-06
7.065655297783593469e-06
7.013191655124871235e-06
6.963091239612024044e-06
6.915354051246786621e-06
6.869901315789423563e-06
6.826890581717237269e-06
6.786006752077791346e-06
6.747486149584654147e-06
6.711171225761390635e-06
6.677140754847736212e-06
6.645237188365737957e-06
6.615539300554047070e-06
6.587968317174446031e-06
6.562603012465369201e-06
6.539285837950164701e-06
6.518095567867050050e-06
6.498953427978024569e-06
6.481859418282220897e-06
6.466734764542939398e-06
6.453737015235530908e-06
6.442708621883994069e-06
6.433492036010809642e-06
6.426402354570582426e-06
6.421045706371140624e-06
6.417737188365571152e-06
6.416161703601220775e-06
6.416555574792308370e-06
6.418682479224398219e-06
6.422699965373708519e-06
6.428450484764671596e-06
6.436012811634420766e-06
6.445229397506737831e-06
6.456179016620707672e-06
6.468861668975246088e-06
6.483277354570353077e-06
6.499189750692460285e-06
6.516913954293787267e-06
6.536056094182812748e-06
6.556931267313057324e-06
6.579303150969434758e-06
6.603171745152595570e-06
6.628694598337890598e-06
6.655635387811751486e-06
6.683994113573310872e-06
6.713928324099654316e-06
6.745201696675695580e-06
6.777971779778520223e-06
6.812002250692608327e-06
6.847450657894828610e-06
6.884317001384747392e-06
6.922443732687230677e-06
6.961909626038544421e-06
7.002635907202422669e-06
7.044543801939130018e-06
7.087790858725752027e-06
7.132140754847636141e-06
7.177829813019434915e-06
7.224542936288061434e-06
7.272516447368385095e-06
7.321514023545753341e-06
7.371693213296384370e-06
7.422896468144059984e-06
7.475202562326780861e-06
7.528532721606546324e-06
7.582886945983573213e-06
7.638186461218776646e-06
7.694510041551241505e-06
7.751778912742316591e-06
7.809914300554218064e-06
7.868994979224296082e-06
7.929020948753418008e-06
7.989755886426497603e-06
8.051514889196838623e-06
8.113904085872486113e-06
8.177238573407177510e-06
8.241282029085826577e-06
8.306113227146867672e-06
8.371653393352083278e-06
8.437823753462605353e-06
8.504781855955519457e-06
8.572370152354607392e-06
8.640588642659001797e-06
8.709516101108221234e-06
8.778837430747660903e-06
8.848946502770143122e-06
8.919449445983712935e-06
8.990661357340589896e-06
9.062188365650987454e-06
9.134266793628690803e-06
9.206896641274350465e-06
9.279920360110880881e-06
9.353337950138498891e-06
9.427149411356987654e-06
9.501354743767431374e-06
9.575953947368529007e-06
9.650868247922279874e-06
9.726097645429768179e-06
9.801563365650824838e-06
9.877344182825618935e-06
9.953361322714415066e-06
1.002953601108051360e-05
1.010610457063704920e-05
1.018267313019401848e-05
1.025939923822698913e-05
1.033644044321326352e-05
1.041340287396153724e-05
1.049052285318537864e-05
