2.762445533240997890e-04
2.762445533240997890e-04
3.564471260387811077e-04
3.549127614265929799e-04
3.533804449445984534e-04
3.518504916897506694e-04
3.503229016620500614e-04
3.487975173130193271e-04
3.472748112880886390e-04
3.457547835872577802e-04
3.442371191135734469e-04
3.427224480609418131e-04
3.412104553324100085e-04
3.397012984764549021e-04
3.381951350415503266e-04
3.366919650277019199e-04
3.351919459833787446e-04
3.336949203601108707e-04
3.322015183518014364e-04
3.307109522160652307e-04
3.292241672437678027e-04
3.277406907894733420e-04
3.262608379501390557e-04
3.247844511772846054e-04
3.233118455678680656e-04
3.218430211218842318e-04
3.203779778393339717e-04
3.189168732686993579e-04
3.174597074099699823e-04
3.160067953601117252e-04
3.145578220221621757e-04
3.131131024930750711e-04
3.116727943213281476e-04
3.102365824099728719e-04
3.088049394044320439e-04
3.073780228531868691e-04
3.059553601108024046e-04
3.045374238227153280e-04
3.031243715373964365e-04
3.017160457063697288e-04
3.003126038781146756e-04
2.989140460526330118e-04
2.975206873268715357e-04
2.961322126038765101e-04
2.947489369806103460e-04
2.933711755540163724e-04
2.919984556786700547e-04
2.906312500000011317e-04
2.892695585180061341e-04
2.879133812326885311e-04
2.865627181440413840e-04
2.852180418975065745e-04
2.838787222991696890e-04
2.825457046398902050e-04
2.812182011772829116e-04
2.798969996537399585e-04
2.785816274238246681e-04
2.772727146814410459e-04
2.759696312326850864e-04
2.746731648199454701e-04
2.733828427977820497e-04
2.720989802631607057e-04
2.708218923130160938e-04
2.695511063019392917e-04
2.682872524238238965e-04
2.670298580332401694e-04
2.657793957756247882e-04
2.645357081024930779e-04
2.632992676592817161e-04
2.620697593490282917e-04
2.608471831717466827e-04
2.596318542243750138e-04
2.584239300554048990e-04
2.572232531163377856e-04
2.560299809556826345e-04
2.548442711218824874e-04
2.536659660664804250e-04
2.524953808864319194e-04
2.513325155817126844e-04
2.501773701523574145e-04
2.490302596952903569e-04
2.478908691135733866e-04
2.467595135041550369e-04
2.456363504155095745e-04
2.445212222991731410e-04
2.434144442520769225e-04
2.423157011772862635e-04
2.412257808171724971e-04
2.401438954293642902e-04
2.390706752077552399e-04
2.380062777008334907e-04
2.369502302631519564e-04
2.359030055401716008e-04
2.348647610803319963e-04
2.338351817867019566e-04
2.328147403047112207e-04
2.318034366343459107e-04
2.308009556786748406e-04
2.298079276315742603e-04
2.288240373961233920e-04
2.278496000692534218e-04
2.268844581024935525e-04
2.259289265927992563e-04
2.249828479916858581e-04
2.240463798476484414e-04
2.231196797091404560e-04
2.222029051246500464e-04
2.212958985457098848e-04
2.203988175207734213e-04
2.195116620498614723e-04
2.186347472299156325e-04
2.177679155124685739e-04
2.169113244459841550e-04
2.160651315789435811e-04
2.152291793628829941e-04
2.144037828947370494e-04
2.135887846260384193e-04
2.127846572022099036e-04
2.119909279778495192e-04
2.112080695983314937e-04
2.104360820637182772e-04
2.096751229224425028e-04
2.089248770775556374e-04
2.081856596260409087e-04
2.074579432132933610e-04
2.067410976454298055e-04
2.060355955678591644e-04
2.053415945290903988e-04
2.046587794321333420e-04
2.039876229224454884e-04
2.033281249999990825e-04
2.026801281163406743e-04
2.020437898199375915e-04
2.014194252077591840e-04
2.008068767313034297e-04
2.002061443905842064e-04
1.996177008310243139e-04
1.990410734072009524e-04
1.984768923130181273e-04
1.979246849030530386e-04
1.973849238227146086e-04
1.968576090720167149e-04
1.963425831024920298e-04
1.958403185595564144e-04
1.953506578947356020e-04
1.948734435595622649e-04
1.944091481994453252e-04
1.939577718143986607e-04
1.935193144044361491e-04
1.930936184210557682e-04
1.926811565096941958e-04
1.922819286703583708e-04
1.918956198060928209e-04
1.915228601108015516e-04
1.911633344875429685e-04
1.908173580332378494e-04
1.904847731994466220e-04
1.901657375346227363e-04
1.898605661357355423e-04
1.895689439058087511e-04
1.892911859418394682e-04
1.890271346952909770e-04
1.887774203601089162e-04
1.885414127423754027e-04
1.883197420360152585e-04
1.881119355955709893e-04
1.879187811634347449e-04
1.877396485457025199e-04
1.875750103878179309e-04
1.874248666897532223e-04
1.872892174515153330e-04
1.871682202216132240e-04
1.870620325484656510e-04
1.869704968836607972e-04
1.868937707756243571e-04
1.868320117728583529e-04
1.867853774238162345e-04
1.867537101800653687e-04
1.867371675900175720e-04
1.867359072022165001e-04
1.867497714681462528e-04
1.867792330332435080e-04
1.868239768005527934e-04
1.868843178670365202e-04
1.869602562326877493e-04
1.870517918975064808e-04
1.871592399584481869e-04
1.872822853185643344e-04
1.874212430747895786e-04
1.875762707756190029e-04
1.877473684210526073e-04
1.879345360110834529e-04
1.881377735456976619e-04
1.883573961218854009e-04
1.885932461911446478e-04
1.888457963988912636e-04
1.891144165512489983e-04
1.893998943905753074e-04
1.897017572714682077e-04
1.900206353878108878e-04
