-1.333061772853186147e-04
-1.333061772853186147e-04
-1.338229362880886931e-04
-1.343107063711911466e-04
-1.130265373961218770e-04
1.351954986149584944e-04
1.355937811634349232e-04
1.359643351800553972e-04
1.363071606648200520e-04
1.366235180055401510e-04
1.369121468144043766e-04
1.371743074792244801e-04
1.374099999999999194e-04
1.376204847645429337e-04
1.378057617728533062e-04
1.379670914127425173e-04
1.381032132963986529e-04
1.382141274238227972e-04
1.383048753462604377e-04
1.383691551246537393e-04
1.384132686980611877e-04
1.384346952908585213e-04
1.384346952908585213e-04
1.384120083102492738e-04
1.383704155124652196e-04
1.383073961218838320e-04
1.382242105263157238e-04
1.381221191135741100e-04
1.379998614958444746e-04
1.378612188365651615e-04
1.377036703601114756e-04
1.375259556786697680e-04
1.373343767313022108e-04
1.371238919667594133e-04
1.368982825484758165e-04
1.366550277008314954e-04
1.363979085872574215e-04
1.361244044321332364e-04
1.358370360110792985e-04
1.355345429362893317e-04
1.352194459833793577e-04
1.348904847645422331e-04
1.345489196675911728e-04
1.341947506925201053e-04
1.338279778393351022e-04
1.334498614958441742e-04
1.330616620498622713e-04
1.326608587257620958e-04
1.322512326869798235e-04
1.318315235457065762e-04
1.314029916897512321e-04
1.309643767313014434e-04
1.305169390581721600e-04
1.300619390581722601e-04
1.296006371191132239e-04
1.291305124653738257e-04
1.286553462603876388e-04
1.281713573407193552e-04
1.276823268698068850e-04
1.271895152354565045e-04
1.266904016620504572e-04
1.261862465373958866e-04
1.256795706371209576e-04
1.251678531855940357e-04
1.246523545706378772e-04
1.241368559556782492e-04
1.236150554016629544e-04
1.230945152354556704e-04
1.225714542936288953e-04
1.220471329639889052e-04
1.215215512465374348e-04
1.209984903047106597e-04
1.204716481994442395e-04
1.199485872576174644e-04
1.194255263157906893e-04
1.189049861495834054e-04
1.183857063711910712e-04
1.178676869806102173e-04
1.173547091412735499e-04
1.168442520775633126e-04
1.163375761772857814e-04
1.158346814404426911e-04
1.153368282548472568e-04
1.148440166204977436e-04
1.143575069252108362e-04
1.138747783933496960e-04
1.134008725761775915e-04
1.129332686980611539e-04
1.124719667590021177e-04
1.120194875346269131e-04
1.115745706371188556e-04
1.111384764542946296e-04
1.107112049861472963e-04
1.102940166204987443e-04
1.098856509695305544e-04
1.094886288088639525e-04
1.091016897506926625e-04
1.087273545706361755e-04
1.083631024930750003e-04
1.080114542936286282e-04
1.076724099723005285e-04
1.073472299168969774e-04
1.070346537396116987e-04
1.067346814404429578e-04
1.064523545706384106e-04
1.061813711911337166e-04
1.059280332409984204e-04
1.056885595567859382e-04
1.054667313019393843e-04
1.052600277008323287e-04
1.050709695290859974e-04
1.048995567867038597e-04
1.047457894736841810e-04
1.046096675900269612e-04
1.044924515235454154e-04
1.043954016620510239e-04
1.043159972299156218e-04
1.042592797783955388e-04
1.042202077562309759e-04
1.042038227146799972e-04
1.042088642659276532e-04
1.042340720221624634e-04
1.042832271468136646e-04
1.043550692520784501e-04
1.044483379501384007e-04
1.045668144044314268e-04
1.047079778393345678e-04
1.048743490304725190e-04
1.050646675900268612e-04
1.052827146814407089e-04
1.055234487534646715e-04
1.057919113573394659e-04
1.060868421052640204e-04
1.064095013850394067e-04
1.067573684210530727e-04
1.071354847645457353e-04
1.075413296398874952e-04
1.079761634349037103e-04
1.084387257617724920e-04
1.089327977839317507e-04
1.094558587257619953e-04
1.100104293628792473e-04
1.105952493074824350e-04
1.112128393351806410e-04
1.118594182825463634e-04
1.125412880886439426e-04
1.132546675900285293e-04
1.140008171745116039e-04
1.147822576177300047e-04
1.155952077562354130e-04
1.164447091412702806e-04
1.173282409972324636e-04
1.182483240997206364e-04
1.192024376731326551e-04
1.201943628808856135e-04
1.212215789473704286e-04
1.222866066481996528e-04
1.233907063711917051e-04
1.245300969529052060e-04
1.257098199445999542e-04
1.269286149584471224e-04
1.281852216066491079e-04
1.294834210526334128e-04
1.308194321329621268e-04
1.321995567867030597e-04
1.336174930747918710e-04
1.350782825484779515e-04
1.365806648199428819e-04
1.381259002770120203e-04
1.397139889196645501e-04
1.413461911357327683e-04
1.430199861495867752e-04
1.447404155124655534e-04
1.465036980609381312e-04
1.483110941828333362e-04
1.501676454293589258e-04
1.520670498614921928e-04
1.540130886426641088e-04
1.560070221606653373e-04
1.580475900276982759e-04
1.601360526315778743e-04
1.622711495844891827e-04
1.644579224376746529e-04
1.666913296398883637e-04
1.689751523545716949e-04
1.713081301939027579e-04
1.736915235457069107e-04
1.761265927977817558e-04
1.786108171745182105e-04
1.811492382271483181e-04
1.837380747922445767e-04
1.863798476454264774e-04
1.890745567867078980e-04
1.918234626038725632e-04
1.946253047091471566e-04
1.974800831024900449e-04
2.003928393351818438e-04
2.033572714681408655e-04
2.063796814404453284e-04
2.094575484764549245e-04
