-1.889979882271468359e-04
-1.889979882271468359e-04
2.793154882271468940e-04
2.820240616343490142e-04
2.846661495844876339e-04
2.872430124653739623e-04
2.897549653739610320e-04
2.922026385041554507e-04
2.945869771468143106e-04
2.969086114958450866e-04
2.991672264542940413e-04
3.013647126038775277e-04
3.035010699445990154e-04
3.055772437673127777e-04
3.075932340720218504e-04
3.095503012465377138e-04
3.114487603878115032e-04
3.132898718836560001e-04
3.150730055401663315e-04
3.168000519390579833e-04
3.184710110803335575e-04
3.200865131578944575e-04
3.216475034626036303e-04
3.231542970914130786e-04
3.246075242382276752e-04
3.260081301939060303e-04
3.273567451523538840e-04
3.286536842105267087e-04
3.298995775623276422e-04
3.310950554016606900e-04
3.322413781163442714e-04
3.333385457063714474e-04
3.343868732686959555e-04
3.353879362880899523e-04
3.363417347645430294e-04
3.372492139889198687e-04
3.381103739612187353e-04
3.389271052631585845e-04
3.396984626038782040e-04
3.404263365650982837e-04
3.411107271468136193e-04
3.417522645429368899e-04
3.423522091412726370e-04
3.429102458448757967e-04
3.434279501385029132e-04
3.439053220221626600e-04
3.443426765927966315e-04
3.447419044321341913e-04
3.451026904432146630e-04
3.454253497229883146e-04
3.457114577562359764e-04
3.459613296398870996e-04
3.461749653739625010e-04
3.463539404432135205e-04
3.464982548476436275e-04
3.466085387811672358e-04
3.466860526315750091e-04
3.467307963988947028e-04
3.467437153739580391e-04
3.467251246537413067e-04
3.466759695290866361e-04
3.465968801939049715e-04
3.464881717451552545e-04
3.463507894736865544e-04
3.461850484764474045e-04
3.459922091412770406e-04
3.457722714681407683e-04
3.455261807479223513e-04
3.452542520775633839e-04
3.449577458448753464e-04
3.446363469529062362e-04
3.442916308864299446e-04
3.439239127423811271e-04
3.435331925207771309e-04
3.431213608033230333e-04
3.426877873961252374e-04
3.422337326869778762e-04
3.417601419667577745e-04
3.412667001385094601e-04
3.407552977839310715e-04
3.402253047091394200e-04
3.396779813019390470e-04
3.391139577562339580e-04
3.385341793628836304e-04
3.379383310249256533e-04
3.373279882271477959e-04
3.367031509695327107e-04
3.360647645429364061e-04
3.354137742382287679e-04
3.347498649584473851e-04
3.340749272853181517e-04
3.333883310249301235e-04
3.326913365650982501e-04
3.319852042936270731e-04
3.312689889196709925e-04
3.305448961218836190e-04
3.298122957063644167e-04
3.290730782548462185e-04
3.283269286703666134e-04
3.275747922437677317e-04
3.268169840720189234e-04
3.260550796398906104e-04
3.252884487534649094e-04
3.245183518005498313e-04
3.237457340720256704e-04
3.229709106648201433e-04
3.221941966758956610e-04
3.214168524930810511e-04
3.206388781163416191e-04
3.198612188365645981e-04
3.190848199445955879e-04
3.183099965374039386e-04
3.175370637119104278e-04
3.167669667589953497e-04
3.160006509695320598e-04
3.152381163434858635e-04
3.144806232687064051e-04
3.137284868421005846e-04
3.129820221606655073e-04
3.122424896121883675e-04
3.115102042936246374e-04
3.107854813019436668e-04
3.100695810249326501e-04
3.093631336565094703e-04
3.086658240997186553e-04
3.079795429362930381e-04
3.073039750692493910e-04
3.066400657894749471e-04
3.059887603878014284e-04
3.053500588642704683e-04
3.047252216066484443e-04
3.041145637119116452e-04
3.035187153739640764e-04
3.029383067866958656e-04
3.023742832410081238e-04
3.018266447368384009e-04
3.012966516620571578e-04
3.007843040166158222e-04
3.002911772853125716e-04
2.998169563711988728e-04
2.993625865650925699e-04
2.989290131579017129e-04
2.985162361495846683e-04
2.981258310249257359e-04
2.977574826869833213e-04
2.974121364265891465e-04
2.970907375346304446e-04
2.967936011080349323e-04
2.965216724376690260e-04
2.962749515235396647e-04
2.960543836565132647e-04
2.958612292243700814e-04
2.956951731302101538e-04
2.955571606648096927e-04
2.954481371191183814e-04
2.953687326869777752e-04
2.953189473684156297e-04
2.953000415512538335e-04
2.953120152354507533e-04
2.953567590027739165e-04
2.954333275623360899e-04
2.955432963988868789e-04
2.956869806094164499e-04
2.958656405817119972e-04
2.960786461218903320e-04
2.963278878116287762e-04
2.966133656509689631e-04
2.969357098338010204e-04
2.972958656509705477e-04
2.976938331024914230e-04
2.981315027700826015e-04
2.986079293628846054e-04
2.991246883656470401e-04
2.996824099723016666e-04
3.002814092797762013e-04
3.009226315789509387e-04
3.016060768697981231e-04
3.023333206371228710e-04
3.031043628808835488e-04
3.039198337950119178e-04
3.047806786703674553e-04
3.056872126038778781e-04
3.066403808864234803e-04
3.076404986149597343e-04
3.086885110803322396e-04
3.097847333794964686e-04
3.109301108033327155e-04
3.121249584487478801e-04
3.133702216066500124e-04
3.146662153739668288e-04
3.160138850415508682e-04
3.174138608033200137e-04
3.188661426592812043e-04
3.203719909972285729e-04
3.219323511080354749e-04
3.235469078947325605e-04
3.252172368421041293e-04
3.269430228531877702e-04
3.287255263157845553e-04
3.305656925207817176e-04
