-6.191340027700831792e-05
-6.191340027700831792e-05
-6.452870498614959307e-05
-6.709233379501386039e-05
1.047193213296398760e-05
7.206771468144045176e-05
7.448009695290858372e-05
7.684143351800555642e-05
7.915424515235458796e-05
8.141853185595574610e-05
8.363429362880878690e-05
8.580090027700834968e-05
8.792213296398903796e-05
8.999421052631570613e-05
9.202154432132961942e-05
9.400161357340727514e-05
9.593630886426600217e-05
9.782626038781143223e-05
9.967083795013858410e-05
1.014719321329642446e-04
1.032282825484762828e-04
1.049424099722989605e-04
1.066124238227148403e-04
1.082414750692519724e-04
1.098270429362882637e-04
1.113722783933517643e-04
1.128759210526318613e-04
1.143392313019391676e-04
1.157628393351796403e-04
1.171461149584488402e-04
1.184903185595569466e-04
1.197954501385043932e-04
1.210634002770079667e-04
1.222929085872574879e-04
1.234852354570640035e-04
1.246403808864266459e-04
1.257589750692524565e-04
1.268422783933511808e-04
1.278896606648201144e-04
1.289023822714681355e-04
1.298798130193908051e-04
1.308244736842106501e-04
1.317338434903047098e-04
1.326104432132959449e-04
1.334555332409967029e-04
1.342672229916906310e-04
1.350467728531848724e-04
1.357960734072027192e-04
1.365138642659274870e-04
1.372014058171758602e-04
1.378586980609408999e-04
1.384870013850418927e-04
1.390863157894736343e-04
1.396560110803321195e-04
1.401986080332411760e-04
1.407134764542933292e-04
1.412006163434911810e-04
1.416612880886427422e-04
1.420954916897506151e-04
1.425044875346254125e-04
1.428876454293639964e-04
1.432462257617717755e-04
1.435795983379499485e-04
1.438902839335180067e-04
1.441763919667587296e-04
1.444398130193919397e-04
1.446805470914124328e-04
1.448992243767311533e-04
1.450964750692521066e-04
1.452722991689744253e-04
1.454273268698073190e-04
1.455621883656513238e-04
1.456775138504139144e-04
1.457726731301945550e-04
1.458495567867035270e-04
1.459075346260385597e-04
1.459484972299168737e-04
1.459705540166212484e-04
1.459768559556786499e-04
1.459661426592793326e-04
1.459390443213290367e-04
1.458961911357352370e-04
1.458382132963984695e-04
1.457657409972314133e-04
1.456787742382253947e-04
1.455785734072040372e-04
1.454638781163402478e-04
1.453372091412778039e-04
1.451973060941826738e-04
1.450466897506916958e-04
1.448834695290859148e-04
1.447089058171733417e-04
1.445248891966746663e-04
1.443295290858744029e-04
1.441259764542925786e-04
1.439117105263183760e-04
1.436892520775626125e-04
1.434592313019397020e-04
1.432197576177237502e-04
1.429746121883682802e-04
1.427212742382277799e-04
1.424622645429338835e-04
1.421969529085912592e-04
1.419259695290830958e-04
1.416505747922451597e-04
1.413695083102486233e-04
1.410852908587251209e-04
1.407966620498614374e-04
1.405055124653730586e-04
1.402112119113577138e-04
1.399143905817194083e-04
1.396156786703586783e-04
1.393163365650974123e-04
1.390157340720211965e-04
1.387138711911369698e-04
1.384126385041550139e-04
1.381126662049862730e-04
1.378120637119117919e-04
1.375139819944602715e-04
1.372171606648202313e-04
1.369234903047071572e-04
1.366310803324107676e-04
1.363437119113568297e-04
1.360582340720235817e-04
1.357784279778367909e-04
1.355024030470913798e-04
1.352314196675918900e-04
1.349661080332423269e-04
1.347070983379501652e-04
1.344543905817154050e-04
1.342079847645415158e-04
1.339697714681439833e-04
1.337391204986188020e-04
1.335166620498595691e-04
1.333036565096951120e-04
1.330988434903070117e-04
1.329034833794998094e-04
1.327194667590028687e-04
1.325455332409977705e-04
1.323829432132925255e-04
1.322310664819970061e-04
1.320917936288093508e-04
1.319651246537399680e-04
1.318504293628813828e-04
1.317502285318565558e-04
1.316632617728540067e-04
1.315907894736817463e-04
1.315334418282541884e-04
1.314899584487529138e-04
1.314634903047118275e-04
1.314527770083090408e-04
1.314584487534624369e-04
1.314817659279765572e-04
1.315214681440468603e-04
1.315800761772824290e-04
1.316569598338000746e-04
1.317527493074760470e-04
1.318674445983381016e-04
1.320029362880878465e-04
1.321573337950167348e-04
1.323337880886413243e-04
1.325310387811640123e-04
1.327497160664783959e-04
1.329904501385092974e-04
1.332538711911294971e-04
1.335406094182881032e-04
1.338506648199434823e-04
1.341846675900308650e-04
1.345426177285294345e-04
1.349264058171754932e-04
1.353354016620476885e-04
1.357696052631564287e-04
1.362302770083097248e-04
1.367180470914115820e-04
1.372329155124724087e-04
1.377748822714609800e-04
1.383458379501413538e-04
1.389445221606673553e-04
1.395728254847614092e-04
1.402307479224408626e-04
1.409176592797808936e-04
1.416360803324044626e-04
1.423847506925209061e-04
1.431655609418283626e-04
1.439772506925188211e-04
1.448217105263181759e-04
1.456983102493120130e-04
1.466089404432088794e-04
1.475529709141290557e-04
1.485304016620482559e-04
1.495437534626067877e-04
1.505905055401608739e-04
1.516744390581727109e-04
1.527930332409985215e-04
1.539481786703607302e-04
1.551411357340742869e-04
1.563706440443207724e-04
1.576379639889151363e-04
1.589437257617787314e-04
1.602885595567843380e-04
