.00 0
1.00 0
2.00 0
3.00 0
4.00 0.0001
5.00 0
6.00 0.0002
7.00 0.0007
8.00 0.0005
9.00 0.0006
10.00 0.0007
11.00 0.0006
12.00 0.0006
13.00 0.0005
14.00 0.0005
15.00 0.0005
16.00 0.0004
17.00 0.0003
18.00 0.0005
19.00 0.0006
20.00 0.0001
21.00 0.0006
22.00 -0.0005
23.00 -0.0007
24.00 -0.0014
25.00 -0.001
26.00 -0.0015
27.00 -0.0006
28.00 -0.0009
29.00 -0.0004
30.00 -0.0008
31.00 0.0003
32.00 0.0001
33.00 0.0008
34.00 0.0003
35.00 0.0009
36.00 0.0003
37.00 0.0006
38.00 0
39.00 -0.0001
40.00 0
41.00 -0.0002
42.00 -0.0004
43.00 -0.0013
44.00 -0.0014
45.00 -0.0013
46.00 -0.0009
47.00 -0.0012
48.00 -0.0009
49.00 -0.0005
50.00 0.0001
51.00 0.0007
52.00 0.0014
53.00 0.0015
54.00 0.0022
55.00 0.0023
56.00 0.0026
57.00 0.0026
58.00 0.003
59.00 0.0028
60.00 0.0035
61.00 0.0035
62.00 0.0035
63.00 0.0036
64.00 0.004
65.00 0.004
66.00 0.004
67.00 0.0038
68.00 0.0041
69.00 0.0037
70.00 0.0037
71.00 0.0039
72.00 0.0035
73.00 0.0032
74.00 0.003
75.00 0.0025
76.00 0.0022
77.00 0.0018
78.00 0.0021
79.00 0.0019
80.00 0.0013
81.00 0.0014
82.00 0.0015
83.00 0.0019
84.00 0.0012
85.00 0.0013
86.00 0.001
87.00 0.0012
88.00 0.0015
89.00 0.0012
90.00 0.0014
91.00 0.0016
92.00 0.0014
93.00 0.0016
94.00 0.0015
95.00 0.0014
96.00 0.0018
97.00 0.0016
98.00 0.0018
99.00 0.0013
100.00 0.0018
101.00 0.0017
102.00 0.0018
103.00 0.0018
104.00 0.0017
105.00 0.0015
106.00 0.0019
107.00 0.0016
108.00 0.0017
109.00 0.0016
110.00 0.002
111.00 0.0016
112.00 0.002
113.00 0.0018
114.00 0.0019
115.00 0.0012
116.00 0.0017
117.00 0.0014
118.00 0.0017
119.00 0.0018
120.00 0.0021
121.00 0.0019
122.00 0.0023
123.00 0.0022
124.00 0.003
125.00 0.0031
126.00 0.0035
127.00 0.0036
128.00 0.0036
129.00 0.0035
130.00 0.0033
131.00 0.0033
132.00 0.0029
133.00 0.0028
134.00 0.0027
135.00 0.0025
136.00 0.002
137.00 0.0022
138.00 0.0017
139.00 0.0017
140.00 0.0018
141.00 0.0015
142.00 0.0012
143.00 0.0015
144.00 0.0014
145.00 0.0007
146.00 0.0011
147.00 0.0007
148.00 0.0008
149.00 0.0007
150.00 0.0007
151.00 0.0004
152.00 0.0002
153.00 -0.0005
154.00 -0.0005
155.00 -0.0009
156.00 -0.0007
157.00 -0.0007
158.00 -0.0006
159.00 -0.0009
160.00 -0.0011
161.00 -0.0015
162.00 -0.0014
163.00 -0.001
164.00 -0.0016
165.00 -0.0022
166.00 -0.0021
167.00 -0.0028
168.00 -0.0031
169.00 -0.0034
170.00 -0.0035
171.00 -0.0032
172.00 -0.0031
173.00 -0.0022
174.00 -0.0016
175.00 -0.0017
176.00 -0.0012
177.00 -0.0014
178.00 -0.0024
179.00 -0.0022
180.00 -0.0022
181.00 -0.0023
182.00 -0.0032
183.00 -0.0034
184.00 -0.0037
185.00 -0.004
186.00 -0.0041
187.00 -0.0045
188.00 -0.0042
189.00 -0.0041
190.00 -0.0046
191.00 -0.005
192.00 -0.0049
193.00 -0.0051
194.00 -0.005
195.00 -0.0058
196.00 -0.0061
197.00 -0.0064
198.00 -0.0063
199.00 -0.0068
200.00 -0.0066
