.00 0
1.00 0
2.00 -0.0001
3.00 -0.0001
4.00 0
5.00 -0.0003
6.00 0
7.00 0.0004
8.00 0.0001
9.00 0.0004
10.00 0.0009
11.00 0.0011
12.00 0.0009
13.00 0.0006
14.00 0.0003
15.00 0.0003
16.00 0
17.00 -0.0002
18.00 -0.0003
19.00 -0.0006
20.00 -0.0011
21.00 -0.0006
22.00 -0.0012
23.00 -0.0011
24.00 -0.0013
25.00 -0.001
26.00 -0.0008
27.00 -0.0001
28.00 -0.0003
29.00 0.0005
30.00 0.0001
31.00 0.0009
32.00 0.0003
33.00 0.0009
34.00 0.0003
35.00 0.0008
36.00 0
37.00 0.0006
38.00 -0.0001
39.00 0.0006
40.00 -0.0002
41.00 0.0001
42.00 -0.0003
43.00 -0.0003
44.00 -0.001
45.00 -0.0006
46.00 -0.0009
47.00 -0.0007
48.00 -0.0011
49.00 -0.0005
50.00 -0.0009
51.00 -0.0001
52.00 0.0002
53.00 0.0009
54.00 0.0004
55.00 0.0009
56.00 0.0007
57.00 0.0012
58.00 0.0006
59.00 0.0004
60.00 -0.0001
61.00 0
62.00 -0.0009
63.00 -0.0008
64.00 -0.0011
65.00 -0.0012
66.00 -0.0017
67.00 -0.0016
68.00 -0.0019
69.00 -0.0023
70.00 -0.0026
71.00 -0.0027
72.00 -0.0035
73.00 -0.0038
74.00 -0.0046
75.00 -0.0049
76.00 -0.0053
77.00 -0.0056
78.00 -0.0057
79.00 -0.0057
80.00 -0.0067
81.00 -0.007
82.00 -0.0075
83.00 -0.0071
84.00 -0.008
85.00 -0.0078
86.00 -0.0075
87.00 -0.0073
88.00 -0.007
89.00 -0.0072
90.00 -0.0072
91.00 -0.0075
92.00 -0.0078
93.00 -0.0075
94.00 -0.0079
95.00 -0.0081
96.00 -0.0083
97.00 -0.0084
98.00 -0.0082
99.00 -0.0083
100.00 -0.0077
101.00 -0.0079
102.00 -0.0077
103.00 -0.0076
104.00 -0.0079
105.00 -0.0081
106.00 -0.0074
107.00 -0.0078
108.00 -0.0072
109.00 -0.0074
110.00 -0.0073
111.00 -0.0076
112.00 -0.0073
113.00 -0.0081
114.00 -0.0079
115.00 -0.0089
116.00 -0.0086
117.00 -0.0089
118.00 -0.0085
119.00 -0.0085
120.00 -0.0088
121.00 -0.0094
122.00 -0.0089
123.00 -0.0094
124.00 -0.009
125.00 -0.0091
126.00 -0.0091
127.00 -0.0092
128.00 -0.0092
129.00 -0.0098
130.00 -0.01
131.00 -0.0099
132.00 -0.0104
133.00 -0.0101
134.00 -0.0105
135.00 -0.0105
136.00 -0.0111
137.00 -0.0106
138.00 -0.0109
139.00 -0.0111
140.00 -0.0116
141.00 -0.0117
142.00 -0.0118
143.00 -0.0114
144.00 -0.0112
145.00 -0.0116
146.00 -0.0111
147.00 -0.0115
148.00 -0.0113
149.00 -0.0115
150.00 -0.0115
151.00 -0.0119
152.00 -0.0116
153.00 -0.0123
154.00 -0.0125
155.00 -0.0129
156.00 -0.0126
157.00 -0.0131
158.00 -0.0131
159.00 -0.0136
160.00 -0.0136
161.00 -0.0144
162.00 -0.0143
163.00 -0.0146
164.00 -0.0146
165.00 -0.0153
166.00 -0.0151
167.00 -0.0148
168.00 -0.0145
169.00 -0.0141
170.00 -0.014
171.00 -0.0136
172.00 -0.0135
173.00 -0.0128
174.00 -0.0121
175.00 -0.0114
176.00 -0.0109
177.00 -0.0106
178.00 -0.0111
179.00 -0.0104
180.00 -0.0097
181.00 -0.0094
182.00 -0.0094
183.00 -0.0094
184.00 -0.0094
185.00 -0.0091
186.00 -0.009
187.00 -0.0091
188.00 -0.0092
189.00 -0.0086
190.00 -0.009
191.00 -0.0088
192.00 -0.0091
193.00 -0.0088
194.00 -0.0089
195.00 -0.0086
196.00 -0.0086
197.00 -0.0085
198.00 -0.0081
199.00 -0.0078
200.00 -0.0075
