.00 0
1.00 0
2.00 0
3.00 0.0003
4.00 0.0006
5.00 0.0005
6.00 0.0008
7.00 0.0012
8.00 0.0009
9.00 0.0009
10.00 0.0011
11.00 0.0007
12.00 0.0007
13.00 0.0006
14.00 0.0005
15.00 0.0006
16.00 0.0004
17.00 0.0004
18.00 0.0004
19.00 0.0005
20.00 0.0003
21.00 0.0002
22.00 -0.0003
23.00 -0.0002
24.00 -0.0001
25.00 0.0002
26.00 0.0007
27.00 0.0011
28.00 0.0013
29.00 0.002
30.00 0.0017
31.00 0.0024
32.00 0.0025
33.00 0.0024
34.00 0.0024
35.00 0.0024
36.00 0.002
37.00 0.0018
38.00 0.0017
39.00 0.0016
40.00 0.0011
41.00 0.0007
42.00 0.0006
43.00 0.0003
44.00 0
45.00 0.0003
46.00 0.0001
47.00 -0.0002
48.00 -0.0001
49.00 -0.0001
50.00 0.0004
51.00 0.0008
52.00 0.0012
53.00 0.0014
54.00 0.0017
55.00 0.0022
56.00 0.0022
57.00 0.0024
58.00 0.0027
59.00 0.0027
60.00 0.0033
61.00 0.0026
62.00 0.0024
63.00 0.0021
64.00 0.002
65.00 0.0017
66.00 0.0017
67.00 0.0014
68.00 0.0015
69.00 0.0011
70.00 0.0008
71.00 0.0006
72.00 0.0002
73.00 -0.0001
74.00 -0.0002
75.00 -0.0004
76.00 -0.0004
77.00 -0.0006
78.00 -0.0003
79.00 -0.0007
80.00 -0.0013
81.00 -0.0016
82.00 -0.0018
83.00 -0.0015
84.00 -0.0017
85.00 -0.0018
86.00 -0.0022
87.00 -0.0023
88.00 -0.0022
89.00 -0.003
90.00 -0.0026
91.00 -0.0031
92.00 -0.003
93.00 -0.0032
94.00 -0.0035
95.00 -0.0043
96.00 -0.0041
97.00 -0.0044
98.00 -0.0039
99.00 -0.0047
100.00 -0.0042
101.00 -0.0047
102.00 -0.005
103.00 -0.0053
104.00 -0.0057
105.00 -0.0061
106.00 -0.0058
107.00 -0.006
108.00 -0.0062
109.00 -0.0064
110.00 -0.0061
111.00 -0.0066
112.00 -0.0067
113.00 -0.0067
114.00 -0.0071
115.00 -0.0078
116.00 -0.0076
117.00 -0.0084
118.00 -0.0079
119.00 -0.0086
120.00 -0.0081
121.00 -0.0088
122.00 -0.008
123.00 -0.009
124.00 -0.0084
125.00 -0.0089
126.00 -0.0085
127.00 -0.0089
128.00 -0.0089
129.00 -0.0094
130.00 -0.0093
131.00 -0.0095
132.00 -0.0095
133.00 -0.0094
134.00 -0.0097
135.00 -0.0093
136.00 -0.0094
137.00 -0.0091
138.00 -0.0093
139.00 -0.0094
140.00 -0.0093
141.00 -0.0093
142.00 -0.0095
143.00 -0.0092
144.00 -0.0087
145.00 -0.0093
146.00 -0.0087
147.00 -0.0089
148.00 -0.0087
149.00 -0.0089
150.00 -0.0087
151.00 -0.0087
152.00 -0.0085
153.00 -0.0089
154.00 -0.0088
155.00 -0.009
156.00 -0.0086
157.00 -0.0086
158.00 -0.0082
159.00 -0.0084
160.00 -0.0082
161.00 -0.0085
162.00 -0.0083
163.00 -0.0081
164.00 -0.008
165.00 -0.0085
166.00 -0.0078
167.00 -0.0076
168.00 -0.0072
169.00 -0.007
170.00 -0.0067
171.00 -0.0065
172.00 -0.0061
173.00 -0.0054
174.00 -0.0047
175.00 -0.0041
176.00 -0.003
177.00 -0.0031
178.00 -0.0034
179.00 -0.003
180.00 -0.0019
181.00 -0.0017
182.00 -0.0013
183.00 -0.0015
184.00 -0.0009
185.00 -0.0008
186.00 0
187.00 -0.0002
188.00 0.0004
189.00 0.0006
190.00 0.0008
191.00 0.0008
192.00 0.0012
193.00 0.0011
194.00 0.001
195.00 0.001
196.00 0.0013
197.00 0.0006
198.00 0.0009
199.00 0.0008
200.00 0.0009
