.00 0
1.00 -0.0001
2.00 -0.0001
3.00 -0.0001
4.00 0.0002
5.00 0
6.00 -0.0001
7.00 0.0003
8.00 0
9.00 0.0001
10.00 0.0001
11.00 -0.0002
12.00 -0.0002
13.00 -0.0003
14.00 -0.0004
15.00 -0.0005
16.00 -0.0003
17.00 -0.0006
18.00 -0.0006
19.00 -0.0007
20.00 -0.001
21.00 -0.0014
22.00 -0.0022
23.00 -0.002
24.00 -0.0022
25.00 -0.0017
26.00 -0.0019
27.00 -0.0019
28.00 -0.0016
29.00 -0.0008
30.00 -0.0008
31.00 -0.0004
32.00 -0.0011
33.00 -0.0011
34.00 -0.0013
35.00 -0.0009
36.00 -0.0017
37.00 -0.0017
38.00 -0.002
39.00 -0.0016
40.00 -0.0018
41.00 -0.0015
42.00 -0.0017
43.00 -0.0014
44.00 -0.0021
45.00 -0.0016
46.00 -0.0023
47.00 -0.0028
48.00 -0.003
49.00 -0.0026
50.00 -0.0025
51.00 -0.0018
52.00 -0.0015
53.00 -0.001
54.00 -0.001
55.00 -0.001
56.00 -0.0007
57.00 -0.0008
58.00 -0.0015
59.00 -0.0018
60.00 -0.0014
61.00 -0.0015
62.00 -0.0016
63.00 -0.0019
64.00 -0.0019
65.00 -0.0026
66.00 -0.0026
67.00 -0.003
68.00 -0.0025
69.00 -0.003
70.00 -0.0029
71.00 -0.0028
72.00 -0.0029
73.00 -0.0028
74.00 -0.0029
75.00 -0.0032
76.00 -0.0034
77.00 -0.0034
78.00 -0.0034
79.00 -0.0037
80.00 -0.0041
81.00 -0.0042
82.00 -0.0044
83.00 -0.004
84.00 -0.0039
85.00 -0.004
86.00 -0.0032
87.00 -0.0033
88.00 -0.0026
89.00 -0.0034
90.00 -0.0031
91.00 -0.0034
92.00 -0.0033
93.00 -0.0039
94.00 -0.0042
95.00 -0.0048
96.00 -0.0048
97.00 -0.0055
98.00 -0.0046
99.00 -0.0051
100.00 -0.0051
101.00 -0.0058
102.00 -0.0058
103.00 -0.0061
104.00 -0.0061
105.00 -0.0064
106.00 -0.0059
107.00 -0.0063
108.00 -0.0062
109.00 -0.0067
110.00 -0.0062
111.00 -0.007
112.00 -0.0065
113.00 -0.0071
114.00 -0.0068
115.00 -0.0074
116.00 -0.0074
117.00 -0.0081
118.00 -0.0077
119.00 -0.0081
120.00 -0.0081
121.00 -0.0087
122.00 -0.0087
123.00 -0.0088
124.00 -0.0086
125.00 -0.0082
126.00 -0.0078
127.00 -0.008
128.00 -0.0082
129.00 -0.0086
130.00 -0.0087
131.00 -0.0085
132.00 -0.0089
133.00 -0.009
134.00 -0.0095
135.00 -0.0092
136.00 -0.01
137.00 -0.01
138.00 -0.0102
139.00 -0.0108
140.00 -0.0113
141.00 -0.0113
142.00 -0.0113
143.00 -0.0118
144.00 -0.0115
145.00 -0.0122
146.00 -0.0119
147.00 -0.0121
148.00 -0.0119
149.00 -0.0119
150.00 -0.0118
151.00 -0.0119
152.00 -0.0124
153.00 -0.0128
154.00 -0.0128
155.00 -0.0132
156.00 -0.013
157.00 -0.0133
158.00 -0.0131
159.00 -0.0134
160.00 -0.0135
161.00 -0.0141
162.00 -0.0143
163.00 -0.0141
164.00 -0.0146
165.00 -0.0152
166.00 -0.015
167.00 -0.0151
168.00 -0.015
169.00 -0.015
170.00 -0.0152
171.00 -0.0154
172.00 -0.0153
173.00 -0.0152
174.00 -0.0153
175.00 -0.0153
176.00 -0.0148
177.00 -0.0152
178.00 -0.0157
179.00 -0.0158
180.00 -0.015
181.00 -0.0151
182.00 -0.015
183.00 -0.0153
184.00 -0.0155
185.00 -0.0157
186.00 -0.0155
187.00 -0.0157
188.00 -0.0157
189.00 -0.0155
190.00 -0.0156
191.00 -0.0157
192.00 -0.0161
193.00 -0.0158
194.00 -0.0161
195.00 -0.0162
196.00 -0.0163
197.00 -0.0163
198.00 -0.0165
199.00 -0.016
200.00 -0.016
