.00 0
1.00 0
2.00 -0.0002
3.00 -0.0001
4.00 0.0001
5.00 -0.0002
6.00 -0.0002
7.00 0.0004
8.00 -0.0001
9.00 0.0001
10.00 0.0003
11.00 0
12.00 0
13.00 -0.0003
14.00 -0.0005
15.00 -0.0006
16.00 -0.0007
17.00 -0.0008
18.00 -0.0008
19.00 -0.001
20.00 -0.001
21.00 -0.0009
22.00 -0.0009
23.00 -0.0009
24.00 -0.0008
25.00 -0.0006
26.00 -0.0001
27.00 0.0003
28.00 0.0007
29.00 0.0015
30.00 0.0013
31.00 0.0018
32.00 0.0017
33.00 0.0018
34.00 0.0018
35.00 0.0017
36.00 0.0016
37.00 0.0018
38.00 0.0014
39.00 0.0014
40.00 0.0013
41.00 0.0011
42.00 0.0009
43.00 0.001
44.00 0.0009
45.00 0.001
46.00 0.0017
47.00 0.0019
48.00 0.002
49.00 0.0023
50.00 0.0025
51.00 0.0032
52.00 0.004
53.00 0.0041
54.00 0.0046
55.00 0.0046
56.00 0.005
57.00 0.0047
58.00 0.0049
59.00 0.0042
60.00 0.0048
61.00 0.0047
62.00 0.0052
63.00 0.0049
64.00 0.0056
65.00 0.0053
66.00 0.0052
67.00 0.0042
68.00 0.0044
69.00 0.0039
70.00 0.0043
71.00 0.0039
72.00 0.0042
73.00 0.0036
74.00 0.0037
75.00 0.0029
76.00 0.003
77.00 0.0027
78.00 0.0031
79.00 0.0021
80.00 0.0019
81.00 0.0014
82.00 0.0013
83.00 0.0014
84.00 0.0012
85.00 0.001
86.00 0.0013
87.00 0.0015
88.00 0.0019
89.00 0.0016
90.00 0.0017
91.00 0.0016
92.00 0.0012
93.00 0.0014
94.00 0.0013
95.00 0.0013
96.00 0.0014
97.00 0.0011
98.00 0.0014
99.00 0.0014
100.00 0.0017
101.00 0.0012
102.00 0.0014
103.00 0.0013
104.00 0.0014
105.00 0.0008
106.00 0.0011
107.00 0.0005
108.00 0.0005
109.00 0.0001
110.00 -0.0001
111.00 -0.0007
112.00 0.0002
113.00 -0.0002
114.00 -0.0001
115.00 -0.0006
116.00 -0.0003
117.00 -0.0007
118.00 -0.0003
119.00 -0.0001
120.00 -0.0002
121.00 -0.0006
122.00 -0.0002
123.00 -0.0004
124.00 0.0001
125.00 0.0001
126.00 0.0007
127.00 0.0007
128.00 0.0009
129.00 0.0007
130.00 0
131.00 0
132.00 -0.0003
133.00 -0.0006
134.00 -0.0003
135.00 -0.0008
136.00 -0.0014
137.00 -0.0012
138.00 -0.0015
139.00 -0.0015
140.00 -0.002
141.00 -0.0017
142.00 -0.0021
143.00 -0.0018
144.00 -0.0017
145.00 -0.0018
146.00 -0.0021
147.00 -0.0022
148.00 -0.0027
149.00 -0.0025
150.00 -0.003
151.00 -0.0035
152.00 -0.0032
153.00 -0.0039
154.00 -0.0039
155.00 -0.0044
156.00 -0.0043
157.00 -0.0047
158.00 -0.0046
159.00 -0.0049
160.00 -0.0046
161.00 -0.0049
162.00 -0.0051
163.00 -0.0053
164.00 -0.0051
165.00 -0.0056
166.00 -0.005
167.00 -0.0052
168.00 -0.0052
169.00 -0.0055
170.00 -0.0062
171.00 -0.0064
172.00 -0.006
173.00 -0.006
174.00 -0.0052
175.00 -0.005
176.00 -0.0041
177.00 -0.0045
178.00 -0.0049
179.00 -0.0049
180.00 -0.004
181.00 -0.0041
182.00 -0.0039
183.00 -0.0044
184.00 -0.0043
185.00 -0.0045
186.00 -0.0043
187.00 -0.0042
188.00 -0.004
189.00 -0.0035
190.00 -0.0036
191.00 -0.0033
192.00 -0.0033
193.00 -0.003
194.00 -0.0029
195.00 -0.0028
196.00 -0.0027
197.00 -0.0027
198.00 -0.0025
199.00 -0.0024
200.00 -0.0024
