.00 0
1.00 -0.0001
2.00 -0.0002
3.00 -0.0002
4.00 0
5.00 -0.0002
6.00 0.0002
7.00 0.0009
8.00 0.0005
9.00 0.0007
10.00 0.001
11.00 0.0006
12.00 0.0006
13.00 0.0005
14.00 0.0004
15.00 0.0004
16.00 0.0002
17.00 0
18.00 -0.0002
19.00 -0.0004
20.00 -0.0004
21.00 -0.0009
22.00 -0.0012
23.00 -0.0011
24.00 -0.0012
25.00 -0.0006
26.00 -0.0001
27.00 0.0001
28.00 -0.0001
29.00 0.0003
30.00 0
31.00 0.0007
32.00 0.0004
33.00 0.0007
34.00 0.0009
35.00 0.0011
36.00 0.001
37.00 0.0012
38.00 0.001
39.00 0.0009
40.00 0.0008
41.00 0.0008
42.00 0.0009
43.00 0.001
44.00 0.0006
45.00 0.001
46.00 0.0014
47.00 0.001
48.00 0.0015
49.00 0.0021
50.00 0.0026
51.00 0.0028
52.00 0.0032
53.00 0.0033
54.00 0.0035
55.00 0.0039
56.00 0.0041
57.00 0.0043
58.00 0.0042
59.00 0.0041
60.00 0.0048
61.00 0.0047
62.00 0.0047
63.00 0.0049
64.00 0.005
65.00 0.0047
66.00 0.0048
67.00 0.0048
68.00 0.0048
69.00 0.0044
70.00 0.0043
71.00 0.004
72.00 0.0037
73.00 0.0035
74.00 0.0037
75.00 0.0033
76.00 0.0038
77.00 0.0036
78.00 0.0036
79.00 0.0034
80.00 0.0027
81.00 0.003
82.00 0.0028
83.00 0.0032
84.00 0.0031
85.00 0.0028
86.00 0.0033
87.00 0.0033
88.00 0.0031
89.00 0.0029
90.00 0.0024
91.00 0.0023
92.00 0.0022
93.00 0.0019
94.00 0.0016
95.00 0.0014
96.00 0.0013
97.00 0.0013
98.00 0.0011
99.00 0.0011
100.00 0.0015
101.00 0.0011
102.00 0.0006
103.00 0.0006
104.00 0.0001
105.00 -0.0001
106.00 0.0002
107.00 -0.0002
108.00 -0.0001
109.00 0
110.00 -0.0002
111.00 0
112.00 0.0003
113.00 0.0003
114.00 0
115.00 -0.0005
116.00 -0.0002
117.00 -0.0003
118.00 -0.0003
119.00 -0.0007
120.00 -0.001
121.00 -0.0014
122.00 -0.0013
123.00 -0.0019
124.00 -0.0012
125.00 -0.0018
126.00 -0.0017
127.00 -0.0021
128.00 -0.0022
129.00 -0.0028
130.00 -0.0026
131.00 -0.0027
132.00 -0.003
133.00 -0.0033
134.00 -0.0032
135.00 -0.0034
136.00 -0.0033
137.00 -0.0033
138.00 -0.0031
139.00 -0.003
140.00 -0.0031
141.00 -0.0033
142.00 -0.0034
143.00 -0.0033
144.00 -0.0028
145.00 -0.0035
146.00 -0.0025
147.00 -0.0029
148.00 -0.0027
149.00 -0.003
150.00 -0.0032
151.00 -0.0034
152.00 -0.0032
153.00 -0.0035
154.00 -0.0033
155.00 -0.0036
156.00 -0.0036
157.00 -0.0039
158.00 -0.004
159.00 -0.0042
160.00 -0.004
161.00 -0.0042
162.00 -0.0043
163.00 -0.0042
164.00 -0.0047
165.00 -0.0055
166.00 -0.0053
167.00 -0.0057
168.00 -0.0056
169.00 -0.0061
170.00 -0.0069
171.00 -0.0069
172.00 -0.007
173.00 -0.0067
174.00 -0.0064
175.00 -0.006
176.00 -0.0054
177.00 -0.0054
178.00 -0.0056
179.00 -0.0053
180.00 -0.0045
181.00 -0.0044
182.00 -0.0044
183.00 -0.0044
184.00 -0.0044
185.00 -0.0039
186.00 -0.0038
187.00 -0.0035
188.00 -0.0037
189.00 -0.0031
190.00 -0.0036
191.00 -0.0037
192.00 -0.0041
193.00 -0.0038
194.00 -0.004
195.00 -0.0038
196.00 -0.0042
197.00 -0.0043
198.00 -0.0039
199.00 -0.0036
200.00 -0.0033
