.00 0
1.00 -0.0001
2.00 -0.0002
3.00 -0.0001
4.00 0.0001
5.00 -0.0002
6.00 0.0002
7.00 0.0003
8.00 0.0001
9.00 0.0001
10.00 0.0003
11.00 0.0004
12.00 0.0003
13.00 -0.0002
14.00 -0.0004
15.00 -0.0005
16.00 -0.0007
17.00 -0.0007
18.00 -0.0008
19.00 -0.0009
20.00 -0.001
21.00 -0.0013
22.00 -0.0018
23.00 -0.0017
24.00 -0.0016
25.00 -0.0017
26.00 -0.0014
27.00 -0.0008
28.00 -0.0007
29.00 0.0002
30.00 -0.0003
31.00 0.0006
32.00 0.0003
33.00 0.0006
34.00 0.0003
35.00 0.0009
36.00 0.0004
37.00 0.0008
38.00 0.0004
39.00 0.0009
40.00 0.0006
41.00 0.001
42.00 0.0009
43.00 0.0011
44.00 0.0008
45.00 0.0013
46.00 0.0012
47.00 0.0012
48.00 0.0011
49.00 0.0014
50.00 0.0025
51.00 0.0024
52.00 0.0028
53.00 0.003
54.00 0.0031
55.00 0.0028
56.00 0.0033
57.00 0.0024
58.00 0.0026
59.00 0.0018
60.00 0.0024
61.00 0.0014
62.00 0.0014
63.00 0.0012
64.00 0.0013
65.00 0.0003
66.00 0.0001
67.00 -0.0002
68.00 -0.0004
69.00 -0.0009
70.00 -0.0011
71.00 -0.0012
72.00 -0.0018
73.00 -0.002
74.00 -0.0021
75.00 -0.0023
76.00 -0.0025
77.00 -0.0028
78.00 -0.003
79.00 -0.0033
80.00 -0.0041
81.00 -0.004
82.00 -0.0044
83.00 -0.0041
84.00 -0.0042
85.00 -0.0038
86.00 -0.0039
87.00 -0.0033
88.00 -0.0031
89.00 -0.0033
90.00 -0.0032
91.00 -0.0028
92.00 -0.0037
93.00 -0.0038
94.00 -0.0043
95.00 -0.0043
96.00 -0.0046
97.00 -0.0046
98.00 -0.0048
99.00 -0.005
100.00 -0.0046
101.00 -0.0049
102.00 -0.0053
103.00 -0.0051
104.00 -0.0057
105.00 -0.0058
106.00 -0.0058
107.00 -0.006
108.00 -0.0061
109.00 -0.0063
110.00 -0.0066
111.00 -0.0068
112.00 -0.0068
113.00 -0.0068
114.00 -0.007
115.00 -0.0073
116.00 -0.007
117.00 -0.007
118.00 -0.0071
119.00 -0.0069
120.00 -0.0072
121.00 -0.0074
122.00 -0.0072
123.00 -0.007
124.00 -0.007
125.00 -0.0068
126.00 -0.0065
127.00 -0.0064
128.00 -0.0069
129.00 -0.0071
130.00 -0.0074
131.00 -0.007
132.00 -0.0076
133.00 -0.0071
134.00 -0.0076
135.00 -0.0072
136.00 -0.0079
137.00 -0.0073
138.00 -0.0077
139.00 -0.0076
140.00 -0.008
141.00 -0.008
142.00 -0.0085
143.00 -0.0081
144.00 -0.0082
145.00 -0.0086
146.00 -0.0082
147.00 -0.0084
148.00 -0.0087
149.00 -0.0087
150.00 -0.009
151.00 -0.0095
152.00 -0.0099
153.00 -0.01
154.00 -0.0101
155.00 -0.0098
156.00 -0.0098
157.00 -0.0097
158.00 -0.0101
159.00 -0.0101
160.00 -0.0104
161.00 -0.0106
162.00 -0.0113
163.00 -0.0107
164.00 -0.0109
165.00 -0.0113
166.00 -0.0115
167.00 -0.0108
168.00 -0.0108
169.00 -0.0109
170.00 -0.0115
171.00 -0.011
172.00 -0.011
173.00 -0.0102
174.00 -0.01
175.00 -0.0091
176.00 -0.0087
177.00 -0.0082
178.00 -0.0086
179.00 -0.0079
180.00 -0.0074
181.00 -0.0067
182.00 -0.0067
183.00 -0.0065
184.00 -0.0064
185.00 -0.0061
186.00 -0.0062
187.00 -0.0058
188.00 -0.0058
189.00 -0.0053
190.00 -0.006
191.00 -0.0058
192.00 -0.0056
193.00 -0.0057
194.00 -0.0056
195.00 -0.0057
196.00 -0.0057
197.00 -0.006
198.00 -0.0058
199.00 -0.0054
200.00 -0.0055
