.00 0
1.00 0
2.00 -0.0002
3.00 -0.0001
4.00 0.0001
5.00 -0.0001
6.00 0
7.00 0.0005
8.00 0
9.00 0.0001
10.00 0.0003
11.00 0.0002
12.00 0.0001
13.00 -0.0001
14.00 -0.0003
15.00 -0.0004
16.00 -0.0007
17.00 -0.0006
18.00 -0.0007
19.00 -0.0009
20.00 -0.001
21.00 -0.0014
22.00 -0.0017
23.00 -0.0014
24.00 -0.0017
25.00 -0.0014
26.00 -0.001
27.00 -0.0005
28.00 -0.0004
29.00 0
30.00 -0.0005
31.00 0
32.00 -0.0009
33.00 -0.0009
34.00 -0.0014
35.00 -0.0014
36.00 -0.0019
37.00 -0.0021
38.00 -0.0027
39.00 -0.0027
40.00 -0.0031
41.00 -0.0029
42.00 -0.0033
43.00 -0.0036
44.00 -0.0039
45.00 -0.0039
46.00 -0.0042
47.00 -0.0043
48.00 -0.0044
49.00 -0.0033
50.00 -0.0032
51.00 -0.0018
52.00 -0.0019
53.00 -0.0009
54.00 -0.0012
55.00 -0.0006
56.00 -0.0009
57.00 -0.0005
58.00 -0.0009
59.00 -0.0006
60.00 -0.0007
61.00 -0.0002
62.00 -0.0009
63.00 -0.0008
64.00 -0.001
65.00 -0.001
66.00 -0.0019
67.00 -0.0016
68.00 -0.0022
69.00 -0.0023
70.00 -0.0028
71.00 -0.003
72.00 -0.0041
73.00 -0.0043
74.00 -0.0046
75.00 -0.0048
76.00 -0.0051
77.00 -0.0056
78.00 -0.0056
79.00 -0.0059
80.00 -0.007
81.00 -0.0072
82.00 -0.0077
83.00 -0.0073
84.00 -0.0079
85.00 -0.0076
86.00 -0.0077
87.00 -0.0071
88.00 -0.007
89.00 -0.0077
90.00 -0.0083
91.00 -0.0089
92.00 -0.0095
93.00 -0.0099
94.00 -0.0106
95.00 -0.0111
96.00 -0.0111
97.00 -0.0116
98.00 -0.0118
99.00 -0.0121
100.00 -0.0122
101.00 -0.0129
102.00 -0.0128
103.00 -0.0134
104.00 -0.013
105.00 -0.0139
106.00 -0.0136
107.00 -0.0144
108.00 -0.0144
109.00 -0.015
110.00 -0.015
111.00 -0.016
112.00 -0.0155
113.00 -0.0161
114.00 -0.0164
115.00 -0.017
116.00 -0.0169
117.00 -0.0176
118.00 -0.0176
119.00 -0.0183
120.00 -0.0188
121.00 -0.019
122.00 -0.0187
123.00 -0.0193
124.00 -0.0189
125.00 -0.0192
126.00 -0.0195
127.00 -0.0196
128.00 -0.0199
129.00 -0.0206
130.00 -0.0209
131.00 -0.0212
132.00 -0.0216
133.00 -0.0218
134.00 -0.0221
135.00 -0.0226
136.00 -0.0232
137.00 -0.0227
138.00 -0.0231
139.00 -0.0236
140.00 -0.0239
141.00 -0.0242
142.00 -0.0246
143.00 -0.0243
144.00 -0.0245
145.00 -0.0249
146.00 -0.0247
147.00 -0.0249
148.00 -0.0252
149.00 -0.0251
150.00 -0.0253
151.00 -0.0255
152.00 -0.0255
153.00 -0.0258
154.00 -0.026
155.00 -0.0262
156.00 -0.0263
157.00 -0.0258
158.00 -0.0262
159.00 -0.0259
160.00 -0.0263
161.00 -0.0265
162.00 -0.0267
163.00 -0.0267
164.00 -0.0272
165.00 -0.0281
166.00 -0.0287
167.00 -0.0283
168.00 -0.0288
169.00 -0.029
170.00 -0.0297
171.00 -0.0296
172.00 -0.0298
173.00 -0.0292
174.00 -0.0291
175.00 -0.0282
176.00 -0.028
177.00 -0.0278
178.00 -0.0289
179.00 -0.0286
180.00 -0.0286
181.00 -0.0285
182.00 -0.029
183.00 -0.0294
184.00 -0.0301
185.00 -0.0306
186.00 -0.0307
187.00 -0.0319
188.00 -0.0325
189.00 -0.0329
190.00 -0.0336
191.00 -0.0338
192.00 -0.0342
193.00 -0.0341
194.00 -0.0344
195.00 -0.0348
196.00 -0.0351
197.00 -0.0353
198.00 -0.0352
199.00 -0.0348
200.00 -0.0352
