.00 0
1.00 -0.0001
2.00 -0.0002
3.00 -0.0001
4.00 -0.0001
5.00 -0.0001
6.00 0.0001
7.00 0.0007
8.00 0.0003
9.00 0.0005
10.00 0.0008
11.00 0.0011
12.00 0.0009
13.00 0.0007
14.00 0.0005
15.00 0.0004
16.00 0
17.00 0.0003
18.00 -0.0003
19.00 -0.0003
20.00 -0.0004
21.00 -0.0006
22.00 -0.0008
23.00 -0.0013
24.00 -0.0009
25.00 -0.0015
26.00 -0.0011
27.00 -0.0011
28.00 -0.0012
29.00 -0.0012
30.00 -0.0014
31.00 -0.001
32.00 -0.0013
33.00 -0.001
34.00 -0.0011
35.00 -0.001
36.00 -0.0014
37.00 -0.0012
38.00 -0.0016
39.00 -0.0015
40.00 -0.0017
41.00 -0.0016
42.00 -0.0017
43.00 -0.002
44.00 -0.0021
45.00 -0.0019
46.00 -0.002
47.00 -0.0024
48.00 -0.0019
49.00 -0.0014
50.00 -0.0011
51.00 -0.0007
52.00 -0.0005
53.00 0.0001
54.00 0.0002
55.00 0.0008
56.00 0.0007
57.00 0.0006
58.00 0.0005
59.00 0.0003
60.00 0.0005
61.00 0.0003
62.00 -0.0001
63.00 -0.0003
64.00 -0.0002
65.00 -0.0004
66.00 -0.0004
67.00 -0.0006
68.00 -0.0008
69.00 -0.001
70.00 -0.0015
71.00 -0.0011
72.00 -0.0015
73.00 -0.0016
74.00 -0.0022
75.00 -0.0025
76.00 -0.0027
77.00 -0.0029
78.00 -0.003
79.00 -0.0031
80.00 -0.0038
81.00 -0.0039
82.00 -0.0045
83.00 -0.004
84.00 -0.0043
85.00 -0.0048
86.00 -0.0047
87.00 -0.0044
88.00 -0.0046
89.00 -0.0049
90.00 -0.0053
91.00 -0.0057
92.00 -0.0056
93.00 -0.0058
94.00 -0.0062
95.00 -0.0064
96.00 -0.0065
97.00 -0.007
98.00 -0.0068
99.00 -0.007
100.00 -0.0068
101.00 -0.007
102.00 -0.0072
103.00 -0.0074
104.00 -0.0078
105.00 -0.0079
106.00 -0.0077
107.00 -0.008
108.00 -0.0081
109.00 -0.0085
110.00 -0.0085
111.00 -0.0086
112.00 -0.0087
113.00 -0.0092
114.00 -0.0092
115.00 -0.0098
116.00 -0.0099
117.00 -0.0102
118.00 -0.01
119.00 -0.0099
120.00 -0.01
121.00 -0.0104
122.00 -0.0104
123.00 -0.0106
124.00 -0.0102
125.00 -0.0103
126.00 -0.0103
127.00 -0.0103
128.00 -0.0107
129.00 -0.0108
130.00 -0.0112
131.00 -0.0113
132.00 -0.0117
133.00 -0.0114
134.00 -0.0119
135.00 -0.0118
136.00 -0.0125
137.00 -0.0121
138.00 -0.0125
139.00 -0.0124
140.00 -0.0128
141.00 -0.0124
142.00 -0.0128
143.00 -0.0125
144.00 -0.0124
145.00 -0.0128
146.00 -0.0127
147.00 -0.0121
148.00 -0.0124
149.00 -0.0123
150.00 -0.0131
151.00 -0.0134
152.00 -0.0136
153.00 -0.0143
154.00 -0.0149
155.00 -0.0153
156.00 -0.0157
157.00 -0.0158
158.00 -0.0162
159.00 -0.0162
160.00 -0.0166
161.00 -0.0173
162.00 -0.018
163.00 -0.0178
164.00 -0.0183
165.00 -0.0189
166.00 -0.019
167.00 -0.0188
168.00 -0.0192
169.00 -0.0188
170.00 -0.0196
171.00 -0.0194
172.00 -0.0198
173.00 -0.0193
174.00 -0.0192
175.00 -0.019
176.00 -0.019
177.00 -0.0188
178.00 -0.0197
179.00 -0.0192
180.00 -0.0185
181.00 -0.0182
182.00 -0.0182
183.00 -0.0181
184.00 -0.0181
185.00 -0.0179
186.00 -0.0176
187.00 -0.0175
188.00 -0.0174
189.00 -0.0169
190.00 -0.0172
191.00 -0.0171
192.00 -0.0173
193.00 -0.017
194.00 -0.0172
195.00 -0.0171
196.00 -0.0171
197.00 -0.017
198.00 -0.0169
199.00 -0.0166
200.00 -0.0164
