.00 0
1.00 -0.0002
2.00 -0.0002
3.00 0
4.00 -0.0001
5.00 -0.0003
6.00 -0.0003
7.00 0
8.00 -0.0003
9.00 -0.0003
10.00 -0.0006
11.00 -0.0008
12.00 -0.0009
13.00 -0.001
14.00 -0.001
15.00 -0.0013
16.00 -0.0014
17.00 -0.0013
18.00 -0.0016
19.00 -0.0014
20.00 -0.0018
21.00 -0.0016
22.00 -0.0019
23.00 -0.0019
24.00 -0.0018
25.00 -0.0018
26.00 -0.0012
27.00 -0.0008
28.00 -0.0008
29.00 -0.0002
30.00 -0.0005
31.00 0.0005
32.00 0.0003
33.00 -0.0001
34.00 -0.0005
35.00 -0.0003
36.00 -0.0008
37.00 -0.0005
38.00 -0.0013
39.00 -0.0013
40.00 -0.0018
41.00 -0.0024
42.00 -0.0031
43.00 -0.0037
44.00 -0.0044
45.00 -0.0047
46.00 -0.0049
47.00 -0.0054
48.00 -0.0053
49.00 -0.0052
50.00 -0.005
51.00 -0.0044
52.00 -0.004
53.00 -0.0042
54.00 -0.004
55.00 -0.004
56.00 -0.0039
57.00 -0.0042
58.00 -0.0043
59.00 -0.0045
60.00 -0.0042
61.00 -0.0045
62.00 -0.0046
63.00 -0.0047
64.00 -0.0044
65.00 -0.0046
66.00 -0.0045
67.00 -0.0051
68.00 -0.0052
69.00 -0.0057
70.00 -0.0058
71.00 -0.0059
72.00 -0.0064
73.00 -0.0065
74.00 -0.0071
75.00 -0.0072
76.00 -0.0074
77.00 -0.0075
78.00 -0.0076
79.00 -0.008
80.00 -0.0087
81.00 -0.009
82.00 -0.0091
83.00 -0.009
84.00 -0.0097
85.00 -0.0101
86.00 -0.0101
87.00 -0.0103
88.00 -0.0103
89.00 -0.0107
90.00 -0.0104
91.00 -0.0105
92.00 -0.0103
93.00 -0.0108
94.00 -0.0112
95.00 -0.012
96.00 -0.0126
97.00 -0.0133
98.00 -0.0128
99.00 -0.0134
100.00 -0.0135
101.00 -0.014
102.00 -0.0142
103.00 -0.0145
104.00 -0.0145
105.00 -0.0148
106.00 -0.0144
107.00 -0.0152
108.00 -0.015
109.00 -0.0159
110.00 -0.0152
111.00 -0.0163
112.00 -0.0167
113.00 -0.0176
114.00 -0.0177
115.00 -0.0189
116.00 -0.0189
117.00 -0.0196
118.00 -0.0197
119.00 -0.0201
120.00 -0.0205
121.00 -0.0213
122.00 -0.0212
123.00 -0.0218
124.00 -0.0213
125.00 -0.0218
126.00 -0.0215
127.00 -0.0218
128.00 -0.0223
129.00 -0.0224
130.00 -0.023
131.00 -0.023
132.00 -0.0234
133.00 -0.0232
134.00 -0.0241
135.00 -0.0241
136.00 -0.0248
137.00 -0.0245
138.00 -0.0253
139.00 -0.0256
140.00 -0.0256
141.00 -0.0261
142.00 -0.0267
143.00 -0.0269
144.00 -0.027
145.00 -0.0276
146.00 -0.0276
147.00 -0.0278
148.00 -0.0278
149.00 -0.0276
150.00 -0.0279
151.00 -0.0283
152.00 -0.0286
153.00 -0.0291
154.00 -0.0293
155.00 -0.0298
156.00 -0.0298
157.00 -0.03
158.00 -0.03
159.00 -0.0302
160.00 -0.0306
161.00 -0.0309
162.00 -0.0309
163.00 -0.0308
164.00 -0.0308
165.00 -0.0314
166.00 -0.0312
167.00 -0.0312
168.00 -0.0318
169.00 -0.0322
170.00 -0.0333
171.00 -0.0334
172.00 -0.0338
173.00 -0.0339
174.00 -0.034
175.00 -0.0339
176.00 -0.0336
177.00 -0.0338
178.00 -0.0348
179.00 -0.0344
180.00 -0.0339
181.00 -0.0341
182.00 -0.034
183.00 -0.0343
184.00 -0.0345
185.00 -0.0348
186.00 -0.0344
187.00 -0.0345
188.00 -0.0345
189.00 -0.0348
190.00 -0.0349
191.00 -0.0353
192.00 -0.0358
193.00 -0.036
194.00 -0.0368
195.00 -0.0369
196.00 -0.037
197.00 -0.0373
198.00 -0.0371
199.00 -0.0372
200.00 -0.0373
