.00 0
1.00 -0.0001
2.00 -0.0001
3.00 -0.0004
4.00 -0.0004
5.00 -0.001
6.00 -0.001
7.00 -0.0004
8.00 -0.0009
9.00 -0.0008
10.00 -0.0006
11.00 -0.0008
12.00 -0.0009
13.00 -0.0011
14.00 -0.0017
15.00 -0.0021
16.00 -0.0026
17.00 -0.0031
18.00 -0.003
19.00 -0.0034
20.00 -0.0035
21.00 -0.0037
22.00 -0.0041
23.00 -0.0039
24.00 -0.0042
25.00 -0.0049
26.00 -0.0047
27.00 -0.0047
28.00 -0.0046
29.00 -0.0042
30.00 -0.0047
31.00 -0.0039
32.00 -0.0044
33.00 -0.0039
34.00 -0.0042
35.00 -0.0042
36.00 -0.0045
37.00 -0.0043
38.00 -0.0047
39.00 -0.0046
40.00 -0.0048
41.00 -0.0047
42.00 -0.0051
43.00 -0.0053
44.00 -0.006
45.00 -0.006
46.00 -0.0065
47.00 -0.0073
48.00 -0.008
49.00 -0.0082
50.00 -0.0091
51.00 -0.0095
52.00 -0.0097
53.00 -0.01
54.00 -0.0107
55.00 -0.0111
56.00 -0.0116
57.00 -0.0124
58.00 -0.0129
59.00 -0.0134
60.00 -0.0136
61.00 -0.0145
62.00 -0.0152
63.00 -0.0156
64.00 -0.016
65.00 -0.0168
66.00 -0.0171
67.00 -0.0178
68.00 -0.0185
69.00 -0.0187
70.00 -0.0193
71.00 -0.0191
72.00 -0.0201
73.00 -0.0206
74.00 -0.0213
75.00 -0.0217
76.00 -0.0222
77.00 -0.0226
78.00 -0.0228
79.00 -0.0236
80.00 -0.0248
81.00 -0.0247
82.00 -0.026
83.00 -0.0259
84.00 -0.0268
85.00 -0.0271
86.00 -0.0274
87.00 -0.0274
88.00 -0.0276
89.00 -0.0286
90.00 -0.0291
91.00 -0.0293
92.00 -0.0298
93.00 -0.0303
94.00 -0.0308
95.00 -0.0315
96.00 -0.0321
97.00 -0.033
98.00 -0.0335
99.00 -0.0339
100.00 -0.0337
101.00 -0.0343
102.00 -0.0343
103.00 -0.0351
104.00 -0.0355
105.00 -0.0362
106.00 -0.0359
107.00 -0.0367
108.00 -0.0365
109.00 -0.0375
110.00 -0.0379
111.00 -0.0387
112.00 -0.0385
113.00 -0.0394
114.00 -0.0395
115.00 -0.0406
116.00 -0.0402
117.00 -0.041
118.00 -0.041
119.00 -0.0414
120.00 -0.0414
121.00 -0.0424
122.00 -0.0423
123.00 -0.043
124.00 -0.0425
125.00 -0.0433
126.00 -0.0435
127.00 -0.0439
128.00 -0.0441
129.00 -0.0449
130.00 -0.0455
131.00 -0.0458
132.00 -0.0466
133.00 -0.047
134.00 -0.0477
135.00 -0.048
136.00 -0.0491
137.00 -0.049
138.00 -0.0494
139.00 -0.05
140.00 -0.0506
141.00 -0.0513
142.00 -0.0516
143.00 -0.0522
144.00 -0.0525
145.00 -0.0532
146.00 -0.053
147.00 -0.0534
148.00 -0.0538
149.00 -0.0539
150.00 -0.0543
151.00 -0.0548
152.00 -0.055
153.00 -0.0555
154.00 -0.056
155.00 -0.0562
156.00 -0.0564
157.00 -0.0569
158.00 -0.0571
159.00 -0.0576
160.00 -0.0582
161.00 -0.0589
162.00 -0.0595
163.00 -0.0599
164.00 -0.0608
165.00 -0.0618
166.00 -0.0619
167.00 -0.0619
168.00 -0.0621
169.00 -0.0625
170.00 -0.063
171.00 -0.063
172.00 -0.0634
173.00 -0.0628
174.00 -0.0629
175.00 -0.0626
176.00 -0.062
177.00 -0.062
178.00 -0.0626
179.00 -0.0624
180.00 -0.0618
181.00 -0.0619
182.00 -0.0622
183.00 -0.0627
184.00 -0.063
185.00 -0.0634
186.00 -0.0637
187.00 -0.0644
188.00 -0.0643
189.00 -0.0645
190.00 -0.065
191.00 -0.0653
192.00 -0.0655
193.00 -0.0658
194.00 -0.0662
195.00 -0.0664
196.00 -0.0666
197.00 -0.0669
198.00 -0.067
199.00 -0.0668
200.00 -0.0666
