.00 0
1.00 0
2.00 -0.0001
3.00 0
4.00 0.0002
5.00 0
6.00 0.0002
7.00 0.0004
8.00 -0.0003
9.00 -0.0002
10.00 -0.0003
11.00 -0.0008
12.00 -0.0011
13.00 -0.0016
14.00 -0.0018
15.00 -0.0021
16.00 -0.0024
17.00 -0.0025
18.00 -0.0029
19.00 -0.0031
20.00 -0.0035
21.00 -0.0041
22.00 -0.0047
23.00 -0.0054
24.00 -0.0056
25.00 -0.0053
26.00 -0.0053
27.00 -0.0056
28.00 -0.0057
29.00 -0.0055
30.00 -0.0062
31.00 -0.0057
32.00 -0.006
33.00 -0.0063
34.00 -0.0065
35.00 -0.0065
36.00 -0.0071
37.00 -0.007
38.00 -0.0072
39.00 -0.0074
40.00 -0.0074
41.00 -0.0076
42.00 -0.0078
43.00 -0.0081
44.00 -0.0082
45.00 -0.0081
46.00 -0.008
47.00 -0.0085
48.00 -0.0085
49.00 -0.0084
50.00 -0.0079
51.00 -0.0076
52.00 -0.0074
53.00 -0.0071
54.00 -0.0071
55.00 -0.0069
56.00 -0.0069
57.00 -0.0073
58.00 -0.0075
59.00 -0.0076
60.00 -0.0073
61.00 -0.0069
62.00 -0.0074
63.00 -0.0073
64.00 -0.0072
65.00 -0.0075
66.00 -0.0077
67.00 -0.0079
68.00 -0.0079
69.00 -0.0085
70.00 -0.0085
71.00 -0.0094
72.00 -0.0096
73.00 -0.0102
74.00 -0.0105
75.00 -0.011
76.00 -0.0111
77.00 -0.0115
78.00 -0.0114
79.00 -0.012
80.00 -0.0125
81.00 -0.0127
82.00 -0.0132
83.00 -0.0131
84.00 -0.0133
85.00 -0.0136
86.00 -0.0135
87.00 -0.0134
88.00 -0.0133
89.00 -0.0138
90.00 -0.0139
91.00 -0.0145
92.00 -0.0148
93.00 -0.015
94.00 -0.0154
95.00 -0.0159
96.00 -0.016
97.00 -0.0164
98.00 -0.0163
99.00 -0.0167
100.00 -0.0165
101.00 -0.0171
102.00 -0.0173
103.00 -0.0177
104.00 -0.0182
105.00 -0.0191
106.00 -0.0189
107.00 -0.0196
108.00 -0.0195
109.00 -0.0202
110.00 -0.0202
111.00 -0.0207
112.00 -0.0202
113.00 -0.0205
114.00 -0.021
115.00 -0.0218
116.00 -0.0219
117.00 -0.0224
118.00 -0.0227
119.00 -0.0232
120.00 -0.0237
121.00 -0.0243
122.00 -0.0244
123.00 -0.0248
124.00 -0.0246
125.00 -0.025
126.00 -0.0252
127.00 -0.0253
128.00 -0.0262
129.00 -0.0272
130.00 -0.0276
131.00 -0.0281
132.00 -0.029
133.00 -0.0292
134.00 -0.0299
135.00 -0.03
136.00 -0.0308
137.00 -0.031
138.00 -0.0315
139.00 -0.0321
140.00 -0.0324
141.00 -0.0327
142.00 -0.0333
143.00 -0.0332
144.00 -0.0333
145.00 -0.0337
146.00 -0.0335
147.00 -0.0337
148.00 -0.0342
149.00 -0.0343
150.00 -0.0345
151.00 -0.0347
152.00 -0.0346
153.00 -0.035
154.00 -0.0351
155.00 -0.0356
156.00 -0.0357
157.00 -0.0358
158.00 -0.0357
159.00 -0.0361
160.00 -0.0363
161.00 -0.0367
162.00 -0.0368
163.00 -0.0366
164.00 -0.0369
165.00 -0.0375
166.00 -0.0373
167.00 -0.0371
168.00 -0.0373
169.00 -0.0374
170.00 -0.0376
171.00 -0.0374
172.00 -0.0373
173.00 -0.0368
174.00 -0.0363
175.00 -0.0358
176.00 -0.0351
177.00 -0.0352
178.00 -0.0356
179.00 -0.0353
180.00 -0.0346
181.00 -0.0347
182.00 -0.0347
183.00 -0.0352
184.00 -0.0352
185.00 -0.0353
186.00 -0.035
187.00 -0.0354
188.00 -0.035
189.00 -0.0349
190.00 -0.0348
191.00 -0.035
192.00 -0.0348
193.00 -0.0351
194.00 -0.0351
195.00 -0.0352
196.00 -0.0351
197.00 -0.0359
198.00 -0.0357
199.00 -0.0356
200.00 -0.0354
