.00 0
1.00 -0.0001
2.00 -0.0002
3.00 -0.0001
4.00 0
5.00 -0.0002
6.00 0
7.00 0.0006
8.00 0.0002
9.00 0.0003
10.00 0.0005
11.00 0.0003
12.00 0.0004
13.00 0.0002
14.00 -0.0001
15.00 -0.0002
16.00 -0.0006
17.00 -0.0007
18.00 -0.001
19.00 -0.0011
20.00 -0.0013
21.00 -0.0014
22.00 -0.0013
23.00 -0.0015
24.00 -0.0013
25.00 -0.001
26.00 -0.0005
27.00 0.0001
28.00 0.0002
29.00 0.0008
30.00 0.0006
31.00 0.0014
32.00 0.0011
33.00 0.0014
34.00 0.0015
35.00 0.0019
36.00 0.0019
37.00 0.0023
38.00 0.0021
39.00 0.0025
40.00 0.0024
41.00 0.0028
42.00 0.0027
43.00 0.0026
44.00 0.002
45.00 0.0024
46.00 0.0025
47.00 0.0022
48.00 0.0021
49.00 0.0025
50.00 0.0024
51.00 0.0026
52.00 0.0026
53.00 0.003
54.00 0.0029
55.00 0.0033
56.00 0.0036
57.00 0.0034
58.00 0.0036
59.00 0.0031
60.00 0.0037
61.00 0.0036
62.00 0.0035
63.00 0.0035
64.00 0.0034
65.00 0.0024
66.00 0.002
67.00 0.0017
68.00 0.0015
69.00 0.0009
70.00 0.0006
71.00 0.0005
72.00 0.0001
73.00 -0.0003
74.00 -0.0005
75.00 -0.0013
76.00 -0.0014
77.00 -0.0018
78.00 -0.0017
79.00 -0.0021
80.00 -0.0022
81.00 -0.0022
82.00 -0.0023
83.00 -0.0018
84.00 -0.0019
85.00 -0.0015
86.00 -0.0011
87.00 -0.0008
88.00 -0.0005
89.00 -0.0007
90.00 -0.0008
91.00 -0.0009
92.00 -0.001
93.00 -0.0011
94.00 -0.0015
95.00 -0.002
96.00 -0.002
97.00 -0.0026
98.00 -0.0023
99.00 -0.0025
100.00 -0.0024
101.00 -0.0028
102.00 -0.0027
103.00 -0.0028
104.00 -0.0032
105.00 -0.0037
106.00 -0.0034
107.00 -0.004
108.00 -0.0037
109.00 -0.0041
110.00 -0.0043
111.00 -0.0051
112.00 -0.005
113.00 -0.0055
114.00 -0.0053
115.00 -0.0059
116.00 -0.0055
117.00 -0.0057
118.00 -0.0057
119.00 -0.006
120.00 -0.0061
121.00 -0.0067
122.00 -0.0066
123.00 -0.007
124.00 -0.0067
125.00 -0.0066
126.00 -0.0059
127.00 -0.006
128.00 -0.0059
129.00 -0.0064
130.00 -0.0065
131.00 -0.0065
132.00 -0.007
133.00 -0.0069
134.00 -0.0069
135.00 -0.0067
136.00 -0.0072
137.00 -0.0067
138.00 -0.007
139.00 -0.0068
140.00 -0.0071
141.00 -0.0069
142.00 -0.0071
143.00 -0.0067
144.00 -0.0065
145.00 -0.0066
146.00 -0.0065
147.00 -0.0063
148.00 -0.0063
149.00 -0.0057
150.00 -0.0061
151.00 -0.0059
152.00 -0.0065
153.00 -0.0073
154.00 -0.0081
155.00 -0.0084
156.00 -0.009
157.00 -0.0084
158.00 -0.0088
159.00 -0.0088
160.00 -0.0093
161.00 -0.0094
162.00 -0.0099
163.00 -0.0095
164.00 -0.0099
165.00 -0.0103
166.00 -0.0101
167.00 -0.0098
168.00 -0.01
169.00 -0.0099
170.00 -0.0104
171.00 -0.0099
172.00 -0.0096
173.00 -0.0089
174.00 -0.0084
175.00 -0.008
176.00 -0.0077
177.00 -0.0074
178.00 -0.008
179.00 -0.0074
180.00 -0.0071
181.00 -0.0065
182.00 -0.0065
183.00 -0.0068
184.00 -0.0065
185.00 -0.0062
186.00 -0.0066
187.00 -0.0065
188.00 -0.0066
189.00 -0.0063
190.00 -0.0066
191.00 -0.0065
192.00 -0.0067
193.00 -0.0065
194.00 -0.0075
195.00 -0.0077
196.00 -0.008
197.00 -0.0078
198.00 -0.0081
199.00 -0.0083
200.00 -0.0083
