.00 0
1.00 0
2.00 0
3.00 -0.0001
4.00 0.0003
5.00 0.0001
6.00 0.0001
7.00 0.0005
8.00 -0.0002
9.00 0.0001
10.00 0.0003
11.00 0
12.00 -0.0001
13.00 0
14.00 -0.0004
15.00 -0.0007
16.00 -0.001
17.00 -0.0012
18.00 -0.0012
19.00 -0.0011
20.00 -0.0011
21.00 -0.0011
22.00 -0.0012
23.00 -0.001
24.00 -0.001
25.00 -0.0007
26.00 -0.0003
27.00 0
28.00 0.0001
29.00 0.0009
30.00 0.0006
31.00 0.0011
32.00 0.0008
33.00 0.0008
34.00 0.0006
35.00 0.001
36.00 0.0007
37.00 0.0008
38.00 0.0004
39.00 0.0004
40.00 0.0002
41.00 0.0002
42.00 0.0003
43.00 0
44.00 0.0001
45.00 0.0005
46.00 0.0007
47.00 0.0006
48.00 0.0008
49.00 0.0016
50.00 0.0017
51.00 0.0025
52.00 0.0031
53.00 0.0037
54.00 0.004
55.00 0.0043
56.00 0.0048
57.00 0.0049
58.00 0.005
59.00 0.0052
60.00 0.0054
61.00 0.0055
62.00 0.0054
63.00 0.0057
64.00 0.0059
65.00 0.0058
66.00 0.0056
67.00 0.0053
68.00 0.005
69.00 0.0047
70.00 0.0044
71.00 0.0041
72.00 0.004
73.00 0.0042
74.00 0.0033
75.00 0.0032
76.00 0.003
77.00 0.0029
78.00 0.0027
79.00 0.0024
80.00 0.0017
81.00 0.0021
82.00 0.0017
83.00 0.0023
84.00 0.0011
85.00 0.0007
86.00 0.0009
87.00 0.0009
88.00 0.0011
89.00 0.001
90.00 0.0011
91.00 0.0008
92.00 0.0009
93.00 0.0006
94.00 0.0007
95.00 -0.0001
96.00 0.0003
97.00 -0.0004
98.00 0.0001
99.00 -0.0004
100.00 0.0004
101.00 -0.0003
102.00 0.0001
103.00 -0.0005
104.00 -0.0003
105.00 -0.0011
106.00 -0.0005
107.00 -0.0013
108.00 -0.0003
109.00 -0.001
110.00 -0.0009
111.00 -0.0015
112.00 -0.0009
113.00 -0.0013
114.00 -0.0011
115.00 -0.0022
116.00 -0.0014
117.00 -0.0022
118.00 -0.0016
119.00 -0.002
120.00 -0.0022
121.00 -0.0029
122.00 -0.0034
123.00 -0.0043
124.00 -0.0035
125.00 -0.0037
126.00 -0.0036
127.00 -0.0039
128.00 -0.0038
129.00 -0.0044
130.00 -0.0044
131.00 -0.0045
132.00 -0.0055
133.00 -0.0051
134.00 -0.0055
135.00 -0.0059
136.00 -0.0064
137.00 -0.0063
138.00 -0.0064
139.00 -0.0062
140.00 -0.0069
141.00 -0.0067
142.00 -0.0071
143.00 -0.0067
144.00 -0.0067
145.00 -0.007
146.00 -0.0068
147.00 -0.0072
148.00 -0.0072
149.00 -0.0076
150.00 -0.0076
151.00 -0.0078
152.00 -0.008
153.00 -0.0088
154.00 -0.0094
155.00 -0.01
156.00 -0.0105
157.00 -0.0108
158.00 -0.0113
159.00 -0.0115
160.00 -0.0117
161.00 -0.0121
162.00 -0.012
163.00 -0.0119
164.00 -0.0119
165.00 -0.0123
166.00 -0.0116
167.00 -0.0115
168.00 -0.0109
169.00 -0.0107
170.00 -0.0105
171.00 -0.0101
172.00 -0.0097
173.00 -0.009
174.00 -0.0084
175.00 -0.0078
176.00 -0.0069
177.00 -0.0068
178.00 -0.0069
179.00 -0.0063
180.00 -0.0054
181.00 -0.0051
182.00 -0.0052
183.00 -0.0057
184.00 -0.0061
185.00 -0.0064
186.00 -0.0061
187.00 -0.0067
188.00 -0.0066
189.00 -0.0069
190.00 -0.0071
191.00 -0.0075
192.00 -0.0078
193.00 -0.0079
194.00 -0.0081
195.00 -0.0081
196.00 -0.008
197.00 -0.0085
198.00 -0.0083
199.00 -0.0077
200.00 -0.0076
