.00 0
1.00 -0.0002
2.00 -0.0004
3.00 -0.0006
4.00 -0.001
5.00 -0.0022
6.00 -0.0031
7.00 -0.0038
8.00 -0.0053
9.00 -0.0064
10.00 -0.0074
11.00 -0.0079
12.00 -0.0086
13.00 -0.0093
14.00 -0.0099
15.00 -0.0105
16.00 -0.0113
17.00 -0.0119
18.00 -0.0126
19.00 -0.0132
20.00 -0.014
21.00 -0.0148
22.00 -0.016
23.00 -0.0169
24.00 -0.0179
25.00 -0.0187
26.00 -0.0191
27.00 -0.0198
28.00 -0.0206
29.00 -0.0208
30.00 -0.0219
31.00 -0.0216
32.00 -0.0228
33.00 -0.0237
34.00 -0.0249
35.00 -0.0256
36.00 -0.027
37.00 -0.0276
38.00 -0.0287
39.00 -0.0297
40.00 -0.0307
41.00 -0.0321
42.00 -0.0332
43.00 -0.0346
44.00 -0.0364
45.00 -0.0373
46.00 -0.0387
47.00 -0.0402
48.00 -0.0417
49.00 -0.0429
50.00 -0.0438
51.00 -0.0444
52.00 -0.0448
53.00 -0.0458
54.00 -0.0466
55.00 -0.0474
56.00 -0.0485
57.00 -0.0496
58.00 -0.0509
59.00 -0.052
60.00 -0.0528
61.00 -0.0537
62.00 -0.0549
63.00 -0.0559
64.00 -0.0568
65.00 -0.0577
66.00 -0.0587
67.00 -0.0594
68.00 -0.0602
69.00 -0.0612
70.00 -0.0621
71.00 -0.0631
72.00 -0.0643
73.00 -0.0653
74.00 -0.0668
75.00 -0.0675
76.00 -0.0685
77.00 -0.0692
78.00 -0.07
79.00 -0.071
80.00 -0.072
81.00 -0.0731
82.00 -0.0742
83.00 -0.0747
84.00 -0.0756
85.00 -0.0763
86.00 -0.0765
87.00 -0.0771
88.00 -0.0771
89.00 -0.078
90.00 -0.078
91.00 -0.0788
92.00 -0.0794
93.00 -0.0797
94.00 -0.0808
95.00 -0.0817
96.00 -0.0823
97.00 -0.0831
98.00 -0.0831
99.00 -0.0845
100.00 -0.0844
101.00 -0.0856
102.00 -0.0868
103.00 -0.0876
104.00 -0.0885
105.00 -0.0895
106.00 -0.0903
107.00 -0.0912
108.00 -0.0916
109.00 -0.0927
110.00 -0.093
111.00 -0.0941
112.00 -0.0947
113.00 -0.0955
114.00 -0.0966
115.00 -0.0981
116.00 -0.0989
117.00 -0.0996
118.00 -0.1002
119.00 -0.1008
120.00 -0.1013
121.00 -0.1021
122.00 -0.1028
123.00 -0.1036
124.00 -0.1034
125.00 -0.1041
126.00 -0.1042
127.00 -0.1049
128.00 -0.1055
129.00 -0.1064
130.00 -0.1069
131.00 -0.1078
132.00 -0.1087
133.00 -0.1093
134.00 -0.11
135.00 -0.111
136.00 -0.1121
137.00 -0.1129
138.00 -0.1142
139.00 -0.1149
140.00 -0.1157
141.00 -0.1164
142.00 -0.1172
143.00 -0.118
144.00 -0.1185
145.00 -0.1195
146.00 -0.1199
147.00 -0.1211
148.00 -0.122
149.00 -0.1226
150.00 -0.1233
151.00 -0.1245
152.00 -0.1249
153.00 -0.1258
154.00 -0.1266
155.00 -0.1274
156.00 -0.1277
157.00 -0.1283
158.00 -0.1287
159.00 -0.1294
160.00 -0.1299
161.00 -0.1308
162.00 -0.1315
163.00 -0.1322
164.00 -0.1328
165.00 -0.1341
166.00 -0.134
167.00 -0.1341
168.00 -0.1348
169.00 -0.1349
170.00 -0.1352
171.00 -0.1354
172.00 -0.1353
173.00 -0.1355
174.00 -0.1354
175.00 -0.1353
176.00 -0.1352
177.00 -0.1354
178.00 -0.1363
179.00 -0.1362
180.00 -0.1357
181.00 -0.1357
182.00 -0.1361
183.00 -0.1367
184.00 -0.137
185.00 -0.1375
186.00 -0.1376
187.00 -0.1381
188.00 -0.1382
189.00 -0.1387
190.00 -0.1394
191.00 -0.1396
192.00 -0.1404
193.00 -0.1409
194.00 -0.1413
195.00 -0.1418
196.00 -0.1422
197.00 -0.1427
198.00 -0.1431
199.00 -0.1435
200.00 -0.144
