.00 0
1.00 -0.0001
2.00 -0.0002
3.00 -0.0003
4.00 -0.0002
5.00 -0.0004
6.00 -0.0005
7.00 -0.0003
8.00 -0.0012
9.00 -0.0013
10.00 -0.0014
11.00 -0.0019
12.00 -0.002
13.00 -0.0024
14.00 -0.0028
15.00 -0.0035
16.00 -0.0041
17.00 -0.0049
18.00 -0.0056
19.00 -0.0062
20.00 -0.0072
21.00 -0.0081
22.00 -0.0092
23.00 -0.0097
24.00 -0.0105
25.00 -0.0109
26.00 -0.0113
27.00 -0.0112
28.00 -0.0118
29.00 -0.0118
30.00 -0.0125
31.00 -0.0123
32.00 -0.0131
33.00 -0.0133
34.00 -0.014
35.00 -0.0147
36.00 -0.0154
37.00 -0.0154
38.00 -0.0166
39.00 -0.0172
40.00 -0.018
41.00 -0.0189
42.00 -0.0193
43.00 -0.0201
44.00 -0.0208
45.00 -0.0209
46.00 -0.0213
47.00 -0.0219
48.00 -0.0223
49.00 -0.022
50.00 -0.0222
51.00 -0.0217
52.00 -0.0215
53.00 -0.0216
54.00 -0.0218
55.00 -0.0218
56.00 -0.0219
57.00 -0.022
58.00 -0.0225
59.00 -0.0228
60.00 -0.0231
61.00 -0.0232
62.00 -0.024
63.00 -0.0242
64.00 -0.0246
65.00 -0.0247
66.00 -0.0255
67.00 -0.026
68.00 -0.0264
69.00 -0.0269
70.00 -0.0275
71.00 -0.0279
72.00 -0.029
73.00 -0.0296
74.00 -0.0309
75.00 -0.0318
76.00 -0.0322
77.00 -0.0333
78.00 -0.0335
79.00 -0.0348
80.00 -0.0356
81.00 -0.0363
82.00 -0.0372
83.00 -0.0374
84.00 -0.0382
85.00 -0.0386
86.00 -0.0387
87.00 -0.0389
88.00 -0.039
89.00 -0.0396
90.00 -0.0401
91.00 -0.0407
92.00 -0.041
93.00 -0.0416
94.00 -0.0421
95.00 -0.0429
96.00 -0.0431
97.00 -0.0439
98.00 -0.0434
99.00 -0.0442
100.00 -0.0446
101.00 -0.0456
102.00 -0.0461
103.00 -0.047
104.00 -0.0478
105.00 -0.0485
106.00 -0.049
107.00 -0.0499
108.00 -0.0499
109.00 -0.0505
110.00 -0.0508
111.00 -0.0513
112.00 -0.0512
113.00 -0.0517
114.00 -0.0523
115.00 -0.0531
116.00 -0.0534
117.00 -0.0539
118.00 -0.0542
119.00 -0.0544
120.00 -0.0549
121.00 -0.0555
122.00 -0.0557
123.00 -0.0564
124.00 -0.0565
125.00 -0.0567
126.00 -0.057
127.00 -0.0574
128.00 -0.0581
129.00 -0.0583
130.00 -0.059
131.00 -0.0596
132.00 -0.0604
133.00 -0.0606
134.00 -0.0612
135.00 -0.0616
136.00 -0.063
137.00 -0.0631
138.00 -0.0641
139.00 -0.0646
140.00 -0.0655
141.00 -0.0664
142.00 -0.0671
143.00 -0.0676
144.00 -0.068
145.00 -0.0692
146.00 -0.0696
147.00 -0.0701
148.00 -0.071
149.00 -0.0715
150.00 -0.0722
151.00 -0.0734
152.00 -0.0743
153.00 -0.0752
154.00 -0.076
155.00 -0.0766
156.00 -0.0772
157.00 -0.0777
158.00 -0.0782
159.00 -0.0789
160.00 -0.0799
161.00 -0.0809
162.00 -0.0816
163.00 -0.0818
164.00 -0.0827
165.00 -0.0838
166.00 -0.084
167.00 -0.0842
168.00 -0.0848
169.00 -0.085
170.00 -0.0856
171.00 -0.0859
172.00 -0.0863
173.00 -0.086
174.00 -0.086
175.00 -0.0857
176.00 -0.0856
177.00 -0.0859
178.00 -0.0868
179.00 -0.0868
180.00 -0.0863
181.00 -0.0865
182.00 -0.0871
183.00 -0.0877
184.00 -0.088
185.00 -0.0884
186.00 -0.0886
187.00 -0.0892
188.00 -0.0892
189.00 -0.0893
190.00 -0.0897
191.00 -0.0899
192.00 -0.0904
193.00 -0.0904
194.00 -0.0912
195.00 -0.0914
196.00 -0.0919
197.00 -0.0923
198.00 -0.0924
199.00 -0.0927
200.00 -0.0927
