.00 0
1.00 -0.0001
2.00 -0.0003
3.00 -0.0004
4.00 -0.0003
5.00 -0.0006
6.00 -0.0005
7.00 -0.0001
8.00 -0.0007
9.00 -0.0007
10.00 -0.0007
11.00 -0.0012
12.00 -0.0015
13.00 -0.0015
14.00 -0.002
15.00 -0.0022
16.00 -0.0029
17.00 -0.0036
18.00 -0.0043
19.00 -0.0044
20.00 -0.0052
21.00 -0.0053
22.00 -0.006
23.00 -0.0061
24.00 -0.0062
25.00 -0.0064
26.00 -0.0062
27.00 -0.0064
28.00 -0.0067
29.00 -0.0063
30.00 -0.0067
31.00 -0.0063
32.00 -0.0065
33.00 -0.0067
34.00 -0.0071
35.00 -0.0072
36.00 -0.0081
37.00 -0.0086
38.00 -0.009
39.00 -0.0094
40.00 -0.01
41.00 -0.0106
42.00 -0.0109
43.00 -0.0115
44.00 -0.012
45.00 -0.012
46.00 -0.012
47.00 -0.0125
48.00 -0.0124
49.00 -0.0122
50.00 -0.0119
51.00 -0.0116
52.00 -0.0111
53.00 -0.011
54.00 -0.011
55.00 -0.011
56.00 -0.011
57.00 -0.0114
58.00 -0.0111
59.00 -0.0119
60.00 -0.0117
61.00 -0.012
62.00 -0.0122
63.00 -0.0124
64.00 -0.0123
65.00 -0.0127
66.00 -0.0129
67.00 -0.0134
68.00 -0.0133
69.00 -0.0138
70.00 -0.014
71.00 -0.0141
72.00 -0.0143
73.00 -0.0146
74.00 -0.0149
75.00 -0.0158
76.00 -0.0162
77.00 -0.0167
78.00 -0.0167
79.00 -0.0175
80.00 -0.018
81.00 -0.0183
82.00 -0.0188
83.00 -0.0188
84.00 -0.0191
85.00 -0.0193
86.00 -0.019
87.00 -0.0188
88.00 -0.0184
89.00 -0.0188
90.00 -0.0188
91.00 -0.0192
92.00 -0.0192
93.00 -0.0197
94.00 -0.02
95.00 -0.0202
96.00 -0.0203
97.00 -0.021
98.00 -0.0206
99.00 -0.0208
100.00 -0.0206
101.00 -0.021
102.00 -0.0209
103.00 -0.0211
104.00 -0.021
105.00 -0.0211
106.00 -0.0207
107.00 -0.0211
108.00 -0.0206
109.00 -0.021
110.00 -0.0208
111.00 -0.0211
112.00 -0.0208
113.00 -0.0211
114.00 -0.0213
115.00 -0.0218
116.00 -0.0216
117.00 -0.0221
118.00 -0.0221
119.00 -0.0223
120.00 -0.0226
121.00 -0.0231
122.00 -0.023
123.00 -0.0231
124.00 -0.0227
125.00 -0.0228
126.00 -0.0222
127.00 -0.0227
128.00 -0.023
129.00 -0.0235
130.00 -0.0238
131.00 -0.0242
132.00 -0.0247
133.00 -0.0252
134.00 -0.0255
135.00 -0.0256
136.00 -0.0265
137.00 -0.0263
138.00 -0.0268
139.00 -0.027
140.00 -0.0274
141.00 -0.0275
142.00 -0.028
143.00 -0.028
144.00 -0.0281
145.00 -0.0285
146.00 -0.0286
147.00 -0.029
148.00 -0.029
149.00 -0.0291
150.00 -0.0292
151.00 -0.0295
152.00 -0.0294
153.00 -0.0296
154.00 -0.0297
155.00 -0.03
156.00 -0.0302
157.00 -0.0304
158.00 -0.0305
159.00 -0.0303
160.00 -0.0304
161.00 -0.0307
162.00 -0.0309
163.00 -0.0309
164.00 -0.0317
165.00 -0.0327
166.00 -0.0328
167.00 -0.0332
168.00 -0.0334
169.00 -0.0335
170.00 -0.0338
171.00 -0.0336
172.00 -0.0336
173.00 -0.0334
174.00 -0.0331
175.00 -0.033
176.00 -0.0323
177.00 -0.0324
178.00 -0.0326
179.00 -0.0323
180.00 -0.0316
181.00 -0.0314
182.00 -0.0314
183.00 -0.0316
184.00 -0.0315
185.00 -0.0315
186.00 -0.0311
187.00 -0.0313
188.00 -0.0313
189.00 -0.0311
190.00 -0.0314
191.00 -0.0317
192.00 -0.0321
193.00 -0.0323
194.00 -0.0329
195.00 -0.033
196.00 -0.0332
197.00 -0.0333
198.00 -0.0332
199.00 -0.033
200.00 -0.0327
