.00 0
1.00 -0.0002
2.00 -0.0003
3.00 -0.0003
4.00 -0.0003
5.00 -0.0006
6.00 -0.0004
7.00 -0.0002
8.00 -0.0008
9.00 -0.0008
10.00 -0.001
11.00 -0.0016
12.00 -0.0019
13.00 -0.0024
14.00 -0.0028
15.00 -0.0032
16.00 -0.0036
17.00 -0.0038
18.00 -0.0042
19.00 -0.0047
20.00 -0.0052
21.00 -0.0056
22.00 -0.0057
23.00 -0.0061
24.00 -0.006
25.00 -0.0061
26.00 -0.0058
27.00 -0.0064
28.00 -0.0065
29.00 -0.0062
30.00 -0.0069
31.00 -0.0074
32.00 -0.0083
33.00 -0.0088
34.00 -0.0098
35.00 -0.0104
36.00 -0.0114
37.00 -0.0117
38.00 -0.0125
39.00 -0.0129
40.00 -0.0135
41.00 -0.0139
42.00 -0.0143
43.00 -0.0148
44.00 -0.0153
45.00 -0.0154
46.00 -0.0157
47.00 -0.0161
48.00 -0.0161
49.00 -0.016
50.00 -0.0157
51.00 -0.0158
52.00 -0.0156
53.00 -0.0152
54.00 -0.0153
55.00 -0.0149
56.00 -0.015
57.00 -0.0153
58.00 -0.0157
59.00 -0.0161
60.00 -0.0161
61.00 -0.0163
62.00 -0.0172
63.00 -0.0178
64.00 -0.018
65.00 -0.0182
66.00 -0.0183
67.00 -0.0191
68.00 -0.019
69.00 -0.0196
70.00 -0.0198
71.00 -0.0204
72.00 -0.0207
73.00 -0.0213
74.00 -0.0217
75.00 -0.0222
76.00 -0.0224
77.00 -0.0228
78.00 -0.0228
79.00 -0.0233
80.00 -0.0239
81.00 -0.0242
82.00 -0.0246
83.00 -0.0245
84.00 -0.025
85.00 -0.0252
86.00 -0.0251
87.00 -0.0246
88.00 -0.0244
89.00 -0.0248
90.00 -0.0253
91.00 -0.0258
92.00 -0.027
93.00 -0.0272
94.00 -0.0279
95.00 -0.0286
96.00 -0.0291
97.00 -0.0296
98.00 -0.0301
99.00 -0.0304
100.00 -0.0304
101.00 -0.031
102.00 -0.0313
103.00 -0.0319
104.00 -0.0325
105.00 -0.0331
106.00 -0.0332
107.00 -0.034
108.00 -0.034
109.00 -0.0346
110.00 -0.035
111.00 -0.0359
112.00 -0.0357
113.00 -0.0363
114.00 -0.0363
115.00 -0.0372
116.00 -0.037
117.00 -0.0379
118.00 -0.038
119.00 -0.0384
120.00 -0.0385
121.00 -0.0392
122.00 -0.0392
123.00 -0.0396
124.00 -0.0391
125.00 -0.0394
126.00 -0.0392
127.00 -0.0396
128.00 -0.0402
129.00 -0.0405
130.00 -0.0413
131.00 -0.0413
132.00 -0.0423
133.00 -0.0421
134.00 -0.0431
135.00 -0.043
136.00 -0.044
137.00 -0.0436
138.00 -0.0443
139.00 -0.0445
140.00 -0.0454
141.00 -0.0451
142.00 -0.046
143.00 -0.046
144.00 -0.0466
145.00 -0.047
146.00 -0.0473
147.00 -0.0475
148.00 -0.048
149.00 -0.0481
150.00 -0.0486
151.00 -0.0486
152.00 -0.0492
153.00 -0.0497
154.00 -0.0503
155.00 -0.0502
156.00 -0.0506
157.00 -0.0506
158.00 -0.051
159.00 -0.051
160.00 -0.0516
161.00 -0.0517
162.00 -0.0522
163.00 -0.052
164.00 -0.0525
165.00 -0.0527
166.00 -0.0528
167.00 -0.0526
168.00 -0.0531
169.00 -0.0527
170.00 -0.0535
171.00 -0.053
172.00 -0.0533
173.00 -0.0524
174.00 -0.0525
175.00 -0.0518
176.00 -0.0515
177.00 -0.0513
178.00 -0.0523
179.00 -0.0522
180.00 -0.0519
181.00 -0.0521
182.00 -0.0523
183.00 -0.0525
184.00 -0.053
185.00 -0.0525
186.00 -0.0532
187.00 -0.0537
188.00 -0.0537
189.00 -0.0536
190.00 -0.0541
191.00 -0.0543
192.00 -0.0545
193.00 -0.0551
194.00 -0.056
195.00 -0.0562
196.00 -0.057
197.00 -0.0569
198.00 -0.0574
199.00 -0.0573
200.00 -0.0576
