.00 0
1.00 0
2.00 -0.0001
3.00 -0.0004
4.00 -0.0004
5.00 -0.0008
6.00 -0.001
7.00 -0.0009
8.00 -0.0022
9.00 -0.0028
10.00 -0.0035
11.00 -0.0047
12.00 -0.0054
13.00 -0.0058
14.00 -0.0065
15.00 -0.007
16.00 -0.0074
17.00 -0.008
18.00 -0.0085
19.00 -0.0088
20.00 -0.0093
21.00 -0.0097
22.00 -0.0102
23.00 -0.0103
24.00 -0.0106
25.00 -0.0108
26.00 -0.0108
27.00 -0.0106
28.00 -0.0107
29.00 -0.0103
30.00 -0.0106
31.00 -0.01
32.00 -0.0106
33.00 -0.0105
34.00 -0.0109
35.00 -0.0108
36.00 -0.0114
37.00 -0.0115
38.00 -0.0123
39.00 -0.0127
40.00 -0.0134
41.00 -0.0139
42.00 -0.0145
43.00 -0.0151
44.00 -0.0165
45.00 -0.0165
46.00 -0.0172
47.00 -0.018
48.00 -0.0187
49.00 -0.019
50.00 -0.0194
51.00 -0.0205
52.00 -0.0212
53.00 -0.0215
54.00 -0.0225
55.00 -0.023
56.00 -0.0238
57.00 -0.0248
58.00 -0.0258
59.00 -0.0269
60.00 -0.027
61.00 -0.0277
62.00 -0.0283
63.00 -0.0284
64.00 -0.0291
65.00 -0.0304
66.00 -0.0313
67.00 -0.0323
68.00 -0.0335
69.00 -0.0343
70.00 -0.0357
71.00 -0.0367
72.00 -0.0378
73.00 -0.0379
74.00 -0.0392
75.00 -0.0401
76.00 -0.0407
77.00 -0.0413
78.00 -0.0422
79.00 -0.043
80.00 -0.0441
81.00 -0.0441
82.00 -0.0456
83.00 -0.045
84.00 -0.0469
85.00 -0.0466
86.00 -0.048
87.00 -0.0484
88.00 -0.0499
89.00 -0.0503
90.00 -0.0516
91.00 -0.0522
92.00 -0.0533
93.00 -0.0534
94.00 -0.0557
95.00 -0.0565
96.00 -0.0573
97.00 -0.0585
98.00 -0.0588
99.00 -0.0596
100.00 -0.0606
101.00 -0.0613
102.00 -0.0624
103.00 -0.0632
104.00 -0.0638
105.00 -0.065
106.00 -0.0658
107.00 -0.0669
108.00 -0.0671
109.00 -0.0682
110.00 -0.0688
111.00 -0.0698
112.00 -0.0703
113.00 -0.071
114.00 -0.0719
115.00 -0.0734
116.00 -0.0739
117.00 -0.0749
118.00 -0.076
119.00 -0.0767
120.00 -0.0776
121.00 -0.0787
122.00 -0.0796
123.00 -0.0806
124.00 -0.0811
125.00 -0.0818
126.00 -0.0826
127.00 -0.0833
128.00 -0.0844
129.00 -0.0851
130.00 -0.0858
131.00 -0.0867
132.00 -0.0881
133.00 -0.0891
134.00 -0.0896
135.00 -0.0904
136.00 -0.0917
137.00 -0.0923
138.00 -0.0932
139.00 -0.0941
140.00 -0.0949
141.00 -0.0957
142.00 -0.0964
143.00 -0.0966
144.00 -0.097
145.00 -0.0984
146.00 -0.0984
147.00 -0.0993
148.00 -0.1002
149.00 -0.1013
150.00 -0.1018
151.00 -0.1028
152.00 -0.1032
153.00 -0.104
154.00 -0.1045
155.00 -0.1054
156.00 -0.1054
157.00 -0.1062
158.00 -0.1064
159.00 -0.1074
160.00 -0.1075
161.00 -0.1086
162.00 -0.1089
163.00 -0.1095
164.00 -0.1096
165.00 -0.1107
166.00 -0.1102
167.00 -0.1111
168.00 -0.1113
169.00 -0.112
170.00 -0.1123
171.00 -0.1125
172.00 -0.1127
173.00 -0.1127
174.00 -0.1123
175.00 -0.1122
176.00 -0.1117
177.00 -0.1124
178.00 -0.113
179.00 -0.1131
180.00 -0.1128
181.00 -0.113
182.00 -0.1134
183.00 -0.1136
184.00 -0.1138
185.00 -0.114
186.00 -0.1144
187.00 -0.1151
188.00 -0.1151
189.00 -0.1152
190.00 -0.1159
191.00 -0.1163
192.00 -0.1168
193.00 -0.1174
194.00 -0.1176
195.00 -0.1184
196.00 -0.119
197.00 -0.1196
198.00 -0.1195
199.00 -0.1203
200.00 -0.1203
