.00 0
1.00 -0.0001
2.00 -0.0001
3.00 0
4.00 0.0004
5.00 0.0002
6.00 0.0006
7.00 0.0013
8.00 0.0011
9.00 0.0013
10.00 0.0016
11.00 0.0014
12.00 0.0015
13.00 0.0012
14.00 0.0011
15.00 0.0009
16.00 0.0003
17.00 0.0002
18.00 0
19.00 -0.0001
20.00 0
21.00 -0.0003
22.00 -0.0009
23.00 -0.0009
24.00 -0.0013
25.00 -0.0014
26.00 -0.001
27.00 -0.0009
28.00 -0.0007
29.00 -0.0003
30.00 -0.0003
31.00 0.0008
32.00 0.0005
33.00 0.001
34.00 0.0007
35.00 0.001
36.00 0.0008
37.00 0.0011
38.00 0.0005
39.00 0.0007
40.00 0.0004
41.00 0.0004
42.00 0.0005
43.00 0.0003
44.00 0
45.00 0.0004
46.00 0.0005
47.00 0.0007
48.00 0.0008
49.00 0.0012
50.00 0.002
51.00 0.0028
52.00 0.0034
53.00 0.0041
54.00 0.0045
55.00 0.0051
56.00 0.0054
57.00 0.0056
58.00 0.0057
59.00 0.0056
60.00 0.0059
61.00 0.006
62.00 0.0058
63.00 0.0056
64.00 0.0054
65.00 0.0048
66.00 0.0044
67.00 0.0042
68.00 0.0041
69.00 0.0038
70.00 0.0036
71.00 0.0037
72.00 0.0032
73.00 0.003
74.00 0.0028
75.00 0.0021
76.00 0.0013
77.00 0.0004
78.00 0.0002
79.00 -0.0004
80.00 -0.0011
81.00 -0.001
82.00 -0.0018
83.00 -0.0017
84.00 -0.0025
85.00 -0.0029
86.00 -0.0027
87.00 -0.0026
88.00 -0.0027
89.00 -0.0031
90.00 -0.0029
91.00 -0.0032
92.00 -0.0031
93.00 -0.0031
94.00 -0.0034
95.00 -0.004
96.00 -0.0042
97.00 -0.0048
98.00 -0.0045
99.00 -0.0048
100.00 -0.0046
101.00 -0.005
102.00 -0.0052
103.00 -0.0057
104.00 -0.006
105.00 -0.0061
106.00 -0.0059
107.00 -0.0061
108.00 -0.0059
109.00 -0.0059
110.00 -0.006
111.00 -0.006
112.00 -0.0056
113.00 -0.0056
114.00 -0.0059
115.00 -0.006
116.00 -0.0058
117.00 -0.0063
118.00 -0.0057
119.00 -0.0059
120.00 -0.0056
121.00 -0.006
122.00 -0.0056
123.00 -0.0058
124.00 -0.0049
125.00 -0.005
126.00 -0.0043
127.00 -0.0047
128.00 -0.0049
129.00 -0.005
130.00 -0.0051
131.00 -0.0047
132.00 -0.0051
133.00 -0.005
134.00 -0.005
135.00 -0.0047
136.00 -0.0052
137.00 -0.0048
138.00 -0.0054
139.00 -0.0055
140.00 -0.0058
141.00 -0.0063
142.00 -0.0068
143.00 -0.0069
144.00 -0.0072
145.00 -0.0072
146.00 -0.0067
147.00 -0.0067
148.00 -0.0069
149.00 -0.007
150.00 -0.0072
151.00 -0.0073
152.00 -0.0075
153.00 -0.0081
154.00 -0.0088
155.00 -0.0091
156.00 -0.0093
157.00 -0.0094
158.00 -0.0096
159.00 -0.0092
160.00 -0.0094
161.00 -0.0093
162.00 -0.0097
163.00 -0.0098
164.00 -0.0097
165.00 -0.0102
166.00 -0.0095
167.00 -0.0094
168.00 -0.0093
169.00 -0.0091
170.00 -0.0093
171.00 -0.0091
172.00 -0.0091
173.00 -0.0086
174.00 -0.0079
175.00 -0.0073
176.00 -0.0066
177.00 -0.006
178.00 -0.0065
179.00 -0.0058
180.00 -0.0051
181.00 -0.0044
182.00 -0.0041
183.00 -0.0041
184.00 -0.0038
185.00 -0.0035
186.00 -0.0031
187.00 -0.0031
188.00 -0.003
189.00 -0.0026
190.00 -0.0025
191.00 -0.0023
192.00 -0.002
193.00 -0.0018
194.00 -0.0015
195.00 -0.0014
196.00 -0.0014
197.00 -0.0015
198.00 -0.0011
199.00 -0.0011
200.00 -0.0008
