.00 0
1.00 -0.0002
2.00 -0.0003
3.00 -0.0002
4.00 0.0001
5.00 -0.0001
6.00 0
7.00 0.0002
8.00 -0.0001
9.00 0
10.00 0
11.00 -0.0002
12.00 0
13.00 -0.0002
14.00 -0.0005
15.00 -0.0007
16.00 -0.0012
17.00 -0.0012
18.00 -0.0016
19.00 -0.0017
20.00 -0.002
21.00 -0.0021
22.00 -0.0023
23.00 -0.0023
24.00 -0.0022
25.00 -0.0023
26.00 -0.0019
27.00 -0.0016
28.00 -0.0022
29.00 -0.002
30.00 -0.0024
31.00 -0.0014
32.00 -0.0019
33.00 -0.0016
34.00 -0.0019
35.00 -0.0023
36.00 -0.0028
37.00 -0.0025
38.00 -0.0033
39.00 -0.0031
40.00 -0.0035
41.00 -0.0037
42.00 -0.0042
43.00 -0.0046
44.00 -0.0052
45.00 -0.0054
46.00 -0.0056
47.00 -0.0062
48.00 -0.0063
49.00 -0.0063
50.00 -0.0066
51.00 -0.0061
52.00 -0.0059
53.00 -0.0056
54.00 -0.0059
55.00 -0.0056
56.00 -0.0059
57.00 -0.0058
58.00 -0.0059
59.00 -0.006
60.00 -0.0058
61.00 -0.0059
62.00 -0.0062
63.00 -0.0057
64.00 -0.0059
65.00 -0.0063
66.00 -0.0068
67.00 -0.007
68.00 -0.0078
69.00 -0.0085
70.00 -0.0088
71.00 -0.0088
72.00 -0.009
73.00 -0.0094
74.00 -0.0099
75.00 -0.0105
76.00 -0.011
77.00 -0.0112
78.00 -0.0113
79.00 -0.0122
80.00 -0.0131
81.00 -0.0133
82.00 -0.0137
83.00 -0.0137
84.00 -0.0143
85.00 -0.0144
86.00 -0.0144
87.00 -0.0144
88.00 -0.0141
89.00 -0.0147
90.00 -0.0147
91.00 -0.0149
92.00 -0.0149
93.00 -0.0153
94.00 -0.0158
95.00 -0.0162
96.00 -0.0164
97.00 -0.0171
98.00 -0.0167
99.00 -0.0172
100.00 -0.0169
101.00 -0.0174
102.00 -0.0173
103.00 -0.0175
104.00 -0.0175
105.00 -0.0177
106.00 -0.0171
107.00 -0.0177
108.00 -0.0175
109.00 -0.0182
110.00 -0.0183
111.00 -0.0192
112.00 -0.0189
113.00 -0.0195
114.00 -0.0197
115.00 -0.0206
116.00 -0.0204
117.00 -0.0209
118.00 -0.0212
119.00 -0.0217
120.00 -0.0222
121.00 -0.0233
122.00 -0.0233
123.00 -0.024
124.00 -0.0239
125.00 -0.0243
126.00 -0.024
127.00 -0.0244
128.00 -0.0249
129.00 -0.0256
130.00 -0.0259
131.00 -0.0263
132.00 -0.0265
133.00 -0.0266
134.00 -0.0271
135.00 -0.0276
136.00 -0.0283
137.00 -0.0282
138.00 -0.0287
139.00 -0.0291
140.00 -0.0296
141.00 -0.0298
142.00 -0.0301
143.00 -0.03
144.00 -0.03
145.00 -0.0308
146.00 -0.0305
147.00 -0.0306
148.00 -0.0305
149.00 -0.0305
150.00 -0.0305
151.00 -0.0307
152.00 -0.0306
153.00 -0.031
154.00 -0.0312
155.00 -0.0314
156.00 -0.0314
157.00 -0.0314
158.00 -0.0316
159.00 -0.0319
160.00 -0.0321
161.00 -0.0324
162.00 -0.0324
163.00 -0.0323
164.00 -0.0325
165.00 -0.033
166.00 -0.0329
167.00 -0.0327
168.00 -0.0326
169.00 -0.0326
170.00 -0.0329
171.00 -0.0329
172.00 -0.033
173.00 -0.0326
174.00 -0.0322
175.00 -0.0318
176.00 -0.0311
177.00 -0.031
178.00 -0.0317
179.00 -0.0314
180.00 -0.0309
181.00 -0.0306
182.00 -0.0306
183.00 -0.0309
184.00 -0.0308
185.00 -0.0309
186.00 -0.0305
187.00 -0.0306
188.00 -0.0303
189.00 -0.0299
190.00 -0.0298
191.00 -0.0297
192.00 -0.0298
193.00 -0.0296
194.00 -0.03
195.00 -0.0298
196.00 -0.0298
197.00 -0.03
198.00 -0.0297
199.00 -0.0298
200.00 -0.0295
