.00 0
1.00 0
2.00 0
3.00 -0.0001
4.00 0
5.00 -0.0003
6.00 -0.0002
7.00 0.0002
8.00 -0.0002
9.00 0.0002
10.00 0.0002
11.00 0
12.00 -0.0003
13.00 -0.0004
14.00 -0.0005
15.00 -0.0006
16.00 -0.0006
17.00 -0.0006
18.00 -0.0004
19.00 -0.0003
20.00 -0.0007
21.00 -0.0005
22.00 -0.0011
23.00 -0.001
24.00 -0.0009
25.00 -0.0008
26.00 -0.0008
27.00 -0.0008
28.00 -0.0007
29.00 -0.0004
30.00 -0.001
31.00 -0.0005
32.00 -0.0008
33.00 -0.0004
34.00 -0.0004
35.00 0.0001
36.00 -0.0002
37.00 -0.0004
38.00 -0.0009
39.00 -0.0011
40.00 -0.0016
41.00 -0.0018
42.00 -0.0022
43.00 -0.0024
44.00 -0.0029
45.00 -0.0025
46.00 -0.0025
47.00 -0.0024
48.00 -0.0026
49.00 -0.0018
50.00 -0.0016
51.00 -0.0006
52.00 -0.0003
53.00 0.0001
54.00 0.0001
55.00 0.0006
56.00 0.0002
57.00 -0.0001
58.00 -0.0004
59.00 -0.0008
60.00 -0.0006
61.00 -0.0008
62.00 -0.0013
63.00 -0.0015
64.00 -0.0014
65.00 -0.0018
66.00 -0.0019
67.00 -0.0022
68.00 -0.0024
69.00 -0.0023
70.00 -0.0027
71.00 -0.0025
72.00 -0.0032
73.00 -0.0028
74.00 -0.0036
75.00 -0.0033
76.00 -0.0036
77.00 -0.0033
78.00 -0.0034
79.00 -0.0033
80.00 -0.0041
81.00 -0.0039
82.00 -0.0045
83.00 -0.0037
84.00 -0.004
85.00 -0.0037
86.00 -0.0039
87.00 -0.0034
88.00 -0.0037
89.00 -0.0036
90.00 -0.0039
91.00 -0.0037
92.00 -0.0041
93.00 -0.0037
94.00 -0.0046
95.00 -0.0045
96.00 -0.0047
97.00 -0.0045
98.00 -0.0045
99.00 -0.0043
100.00 -0.0044
101.00 -0.0043
102.00 -0.0047
103.00 -0.0043
104.00 -0.0049
105.00 -0.0046
106.00 -0.0049
107.00 -0.0048
108.00 -0.0048
109.00 -0.0048
110.00 -0.0051
111.00 -0.0049
112.00 -0.0051
113.00 -0.0051
114.00 -0.0057
115.00 -0.0059
116.00 -0.006
117.00 -0.0059
118.00 -0.006
119.00 -0.0054
120.00 -0.0062
121.00 -0.0062
122.00 -0.0064
123.00 -0.006
124.00 -0.0059
125.00 -0.0055
126.00 -0.0055
127.00 -0.0051
128.00 -0.0059
129.00 -0.0059
130.00 -0.0063
131.00 -0.0058
132.00 -0.0065
133.00 -0.0057
134.00 -0.0062
135.00 -0.0058
136.00 -0.0065
137.00 -0.0062
138.00 -0.0072
139.00 -0.0068
140.00 -0.0072
141.00 -0.0075
142.00 -0.0076
143.00 -0.0071
144.00 -0.0075
145.00 -0.0078
146.00 -0.0078
147.00 -0.0078
148.00 -0.0078
149.00 -0.0079
150.00 -0.008
151.00 -0.0081
152.00 -0.0087
153.00 -0.009
154.00 -0.0096
155.00 -0.0099
156.00 -0.0101
157.00 -0.0107
158.00 -0.0108
159.00 -0.0112
160.00 -0.0115
161.00 -0.0119
162.00 -0.0122
163.00 -0.0123
164.00 -0.0127
165.00 -0.0135
166.00 -0.0139
167.00 -0.0138
168.00 -0.0137
169.00 -0.0138
170.00 -0.014
171.00 -0.0137
172.00 -0.0137
173.00 -0.0134
174.00 -0.0133
175.00 -0.0129
176.00 -0.0125
177.00 -0.0121
178.00 -0.0129
179.00 -0.0126
180.00 -0.0118
181.00 -0.0115
182.00 -0.0115
183.00 -0.012
184.00 -0.0119
185.00 -0.0119
186.00 -0.0115
187.00 -0.0119
188.00 -0.0116
189.00 -0.0115
190.00 -0.0114
191.00 -0.0117
192.00 -0.0116
193.00 -0.0116
194.00 -0.0119
195.00 -0.0119
196.00 -0.0118
197.00 -0.0122
198.00 -0.0118
199.00 -0.012
200.00 -0.0117
