.00 0
1.00 0
2.00 0
3.00 -0.0001
4.00 -0.0001
5.00 -0.0002
6.00 0
7.00 0.0002
8.00 -0.0001
9.00 0
10.00 0.0002
11.00 0.0001
12.00 0.0001
13.00 0
14.00 -0.0001
15.00 -0.0001
16.00 -0.0002
17.00 -0.0002
18.00 -0.0002
19.00 -0.0002
20.00 -0.0003
21.00 -0.0001
22.00 -0.0005
23.00 -0.0002
24.00 0.0001
25.00 0.0007
26.00 0.0011
27.00 0.0016
28.00 0.002
29.00 0.0028
30.00 0.0024
31.00 0.003
32.00 0.0029
33.00 0.0027
34.00 0.0022
35.00 0.0024
36.00 0.0021
37.00 0.0023
38.00 0.0017
39.00 0.0014
40.00 0.001
41.00 0.0008
42.00 0.0002
43.00 0
44.00 -0.0007
45.00 -0.0003
46.00 -0.0007
47.00 -0.0005
48.00 -0.0006
49.00 0
50.00 -0.0001
51.00 0.001
52.00 0.0014
53.00 0.0014
54.00 0.0016
55.00 0.0015
56.00 0.0016
57.00 0.0016
58.00 0.0013
59.00 0.0015
60.00 0.0015
61.00 0.0018
62.00 0.0012
63.00 0.0013
64.00 0.001
65.00 0.0008
66.00 0.0005
67.00 0
68.00 -0.0008
69.00 -0.0014
70.00 -0.0018
71.00 -0.0017
72.00 -0.0026
73.00 -0.0032
74.00 -0.0039
75.00 -0.0042
76.00 -0.0046
77.00 -0.0049
78.00 -0.0048
79.00 -0.0048
80.00 -0.0054
81.00 -0.0053
82.00 -0.0057
83.00 -0.005
84.00 -0.0051
85.00 -0.0048
86.00 -0.0046
87.00 -0.0043
88.00 -0.004
89.00 -0.0042
90.00 -0.0043
91.00 -0.0044
92.00 -0.0043
93.00 -0.0043
94.00 -0.0044
95.00 -0.0043
96.00 -0.0044
97.00 -0.0046
98.00 -0.0044
99.00 -0.0045
100.00 -0.0045
101.00 -0.005
102.00 -0.0054
103.00 -0.0056
104.00 -0.006
105.00 -0.0065
106.00 -0.0063
107.00 -0.0066
108.00 -0.0067
109.00 -0.0069
110.00 -0.0075
111.00 -0.0078
112.00 -0.0078
113.00 -0.008
114.00 -0.0085
115.00 -0.0088
116.00 -0.0091
117.00 -0.0095
118.00 -0.0095
119.00 -0.0096
120.00 -0.0099
121.00 -0.0103
122.00 -0.0102
123.00 -0.0102
124.00 -0.0098
125.00 -0.0097
126.00 -0.0093
127.00 -0.009
128.00 -0.0091
129.00 -0.0091
130.00 -0.0095
131.00 -0.0095
132.00 -0.0099
133.00 -0.0098
134.00 -0.0103
135.00 -0.0102
136.00 -0.0109
137.00 -0.0105
138.00 -0.0109
139.00 -0.0109
140.00 -0.0112
141.00 -0.011
142.00 -0.0113
143.00 -0.0111
144.00 -0.011
145.00 -0.0113
146.00 -0.0108
147.00 -0.0108
148.00 -0.0115
149.00 -0.0113
150.00 -0.0114
151.00 -0.0112
152.00 -0.011
153.00 -0.0111
154.00 -0.0114
155.00 -0.0117
156.00 -0.0117
157.00 -0.0116
158.00 -0.0118
159.00 -0.0118
160.00 -0.012
161.00 -0.0121
162.00 -0.0125
163.00 -0.012
164.00 -0.0124
165.00 -0.0126
166.00 -0.0129
167.00 -0.0125
168.00 -0.013
169.00 -0.0127
170.00 -0.0132
171.00 -0.0124
172.00 -0.0124
173.00 -0.0117
174.00 -0.0117
175.00 -0.0108
176.00 -0.0101
177.00 -0.0099
178.00 -0.0107
179.00 -0.0102
180.00 -0.0099
181.00 -0.0098
182.00 -0.0099
183.00 -0.0106
184.00 -0.0108
185.00 -0.0111
186.00 -0.0109
187.00 -0.0116
188.00 -0.0113
189.00 -0.0113
190.00 -0.0116
191.00 -0.0118
192.00 -0.0122
193.00 -0.012
194.00 -0.0122
195.00 -0.0124
196.00 -0.0124
197.00 -0.0127
198.00 -0.0126
199.00 -0.0126
200.00 -0.0124
