.00 0
1.00 -0.0001
2.00 -0.0001
3.00 -0.0001
4.00 0.0001
5.00 0
6.00 0.0006
7.00 0.0009
8.00 0.0003
9.00 0.0006
10.00 0.0006
11.00 0.0003
12.00 0.0002
13.00 -0.0001
14.00 -0.0002
15.00 -0.0004
16.00 -0.0007
17.00 -0.0003
18.00 -0.0008
19.00 -0.0008
20.00 -0.0011
21.00 -0.001
22.00 -0.0014
23.00 -0.0013
24.00 -0.0015
25.00 -0.0013
26.00 -0.0004
27.00 0.0001
28.00 0.0001
29.00 0.0007
30.00 0.0005
31.00 0.0012
32.00 0.0009
33.00 0.0008
34.00 0.0005
35.00 0.0001
36.00 -0.0003
37.00 -0.0004
38.00 -0.0011
39.00 -0.0011
40.00 -0.001
41.00 -0.0012
42.00 -0.0003
43.00 -0.001
44.00 -0.0013
45.00 -0.0012
46.00 -0.0007
47.00 -0.0015
48.00 -0.001
49.00 -0.0009
50.00 -0.0002
51.00 0.0001
52.00 0.0008
53.00 0.0008
54.00 0.0014
55.00 0.0014
56.00 0.002
57.00 0.0016
58.00 0.0017
59.00 0.0014
60.00 0.0018
61.00 0.0018
62.00 0.0016
63.00 0.0017
64.00 0.0017
65.00 0.0012
66.00 0.0009
67.00 0.0007
68.00 0.0004
69.00 -0.0001
70.00 -0.0003
71.00 -0.0001
72.00 -0.0005
73.00 -0.0007
74.00 -0.001
75.00 -0.0011
76.00 -0.0013
77.00 -0.0018
78.00 -0.0023
79.00 -0.0033
80.00 -0.004
81.00 -0.0044
82.00 -0.0047
83.00 -0.0043
84.00 -0.0046
85.00 -0.0048
86.00 -0.0044
87.00 -0.0047
88.00 -0.0038
89.00 -0.0044
90.00 -0.0047
91.00 -0.0049
92.00 -0.0051
93.00 -0.0055
94.00 -0.0058
95.00 -0.0066
96.00 -0.0067
97.00 -0.007
98.00 -0.0066
99.00 -0.0072
100.00 -0.0064
101.00 -0.0067
102.00 -0.0064
103.00 -0.0067
104.00 -0.0068
105.00 -0.0068
106.00 -0.0066
107.00 -0.0073
108.00 -0.0068
109.00 -0.0072
110.00 -0.0073
111.00 -0.0077
112.00 -0.0075
113.00 -0.008
114.00 -0.0081
115.00 -0.0089
116.00 -0.0087
117.00 -0.009
118.00 -0.0088
119.00 -0.0087
120.00 -0.0088
121.00 -0.0093
122.00 -0.0091
123.00 -0.0095
124.00 -0.0091
125.00 -0.0091
126.00 -0.0089
127.00 -0.0088
128.00 -0.009
129.00 -0.0089
130.00 -0.0092
131.00 -0.0092
132.00 -0.0093
133.00 -0.0092
134.00 -0.0086
135.00 -0.0087
136.00 -0.0089
137.00 -0.0088
138.00 -0.0088
139.00 -0.0095
140.00 -0.0099
141.00 -0.0098
142.00 -0.0104
143.00 -0.0104
144.00 -0.0104
145.00 -0.0109
146.00 -0.0106
147.00 -0.0106
148.00 -0.011
149.00 -0.0108
150.00 -0.0108
151.00 -0.011
152.00 -0.011
153.00 -0.0111
154.00 -0.0112
155.00 -0.011
156.00 -0.0111
157.00 -0.011
158.00 -0.0109
159.00 -0.0107
160.00 -0.0109
161.00 -0.0109
162.00 -0.0113
163.00 -0.0107
164.00 -0.0108
165.00 -0.0111
166.00 -0.0115
167.00 -0.0114
168.00 -0.0112
169.00 -0.011
170.00 -0.0116
171.00 -0.0116
172.00 -0.0118
173.00 -0.011
174.00 -0.0107
175.00 -0.0101
176.00 -0.0095
177.00 -0.0088
178.00 -0.0095
179.00 -0.0094
180.00 -0.009
181.00 -0.0085
182.00 -0.0087
183.00 -0.0086
184.00 -0.0088
185.00 -0.0088
186.00 -0.0086
187.00 -0.0086
188.00 -0.0083
189.00 -0.0078
190.00 -0.0081
191.00 -0.008
192.00 -0.008
193.00 -0.008
194.00 -0.0082
195.00 -0.0081
196.00 -0.0086
197.00 -0.0084
198.00 -0.0091
199.00 -0.0091
200.00 -0.0094
