.00 0
1.00 -0.0001
2.00 -0.0001
3.00 -0.0001
4.00 0.0001
5.00 -0.0002
6.00 -0.0001
7.00 0.0002
8.00 -0.0002
9.00 -0.0001
10.00 0.0001
11.00 0.0002
12.00 0.0001
13.00 0
14.00 -0.0004
15.00 -0.0009
16.00 -0.001
17.00 -0.0011
18.00 -0.0012
19.00 -0.0013
20.00 -0.0014
21.00 -0.0013
22.00 -0.0012
23.00 -0.0013
24.00 -0.0011
25.00 -0.0009
26.00 -0.0003
27.00 -0.0004
28.00 -0.0001
29.00 0.0006
30.00 0
31.00 0.0008
32.00 0.0007
33.00 0.0009
34.00 0.0009
35.00 0.0013
36.00 0.001
37.00 0.0009
38.00 0.0003
39.00 0.0006
40.00 0.0008
41.00 0.0004
42.00 0.0003
43.00 -0.0001
44.00 -0.0003
45.00 0.0001
46.00 0.0004
47.00 0.0003
48.00 0.0004
49.00 0.0006
50.00 0.0009
51.00 0.001
52.00 0.0013
53.00 0.0015
54.00 0.0016
55.00 0.002
56.00 0.002
57.00 0.0019
58.00 0.0018
59.00 0.0017
60.00 0.0019
61.00 0.0021
62.00 0.0018
63.00 0.0019
64.00 0.0019
65.00 0.0017
66.00 0.0013
67.00 0.0014
68.00 0.0011
69.00 0.0011
70.00 0.0006
71.00 0.0004
72.00 -0.001
73.00 -0.0014
74.00 -0.0025
75.00 -0.0031
76.00 -0.0034
77.00 -0.0037
78.00 -0.0037
79.00 -0.0042
80.00 -0.0049
81.00 -0.0049
82.00 -0.0051
83.00 -0.0047
84.00 -0.0052
85.00 -0.005
86.00 -0.0047
87.00 -0.0044
88.00 -0.0038
89.00 -0.0041
90.00 -0.0038
91.00 -0.0039
92.00 -0.0037
93.00 -0.0041
94.00 -0.0043
95.00 -0.0046
96.00 -0.0043
97.00 -0.0046
98.00 -0.0042
99.00 -0.0044
100.00 -0.0039
101.00 -0.0043
102.00 -0.004
103.00 -0.0042
104.00 -0.004
105.00 -0.0045
106.00 -0.0038
107.00 -0.0042
108.00 -0.0037
109.00 -0.004
110.00 -0.0038
111.00 -0.0042
112.00 -0.0036
113.00 -0.004
114.00 -0.0036
115.00 -0.0042
116.00 -0.0035
117.00 -0.0039
118.00 -0.0034
119.00 -0.0035
120.00 -0.0032
121.00 -0.0035
122.00 -0.0031
123.00 -0.0035
124.00 -0.0024
125.00 -0.0026
126.00 -0.0019
127.00 -0.0021
128.00 -0.0022
129.00 -0.0025
130.00 -0.0025
131.00 -0.0029
132.00 -0.0031
133.00 -0.0033
134.00 -0.0034
135.00 -0.0036
136.00 -0.004
137.00 -0.0038
138.00 -0.004
139.00 -0.0041
140.00 -0.0042
141.00 -0.0042
142.00 -0.0043
143.00 -0.0042
144.00 -0.004
145.00 -0.0045
146.00 -0.004
147.00 -0.0041
148.00 -0.0041
149.00 -0.0041
150.00 -0.0042
151.00 -0.0048
152.00 -0.0048
153.00 -0.0052
154.00 -0.0058
155.00 -0.0061
156.00 -0.0061
157.00 -0.0064
158.00 -0.0064
159.00 -0.0068
160.00 -0.007
161.00 -0.0072
162.00 -0.0072
163.00 -0.007
164.00 -0.0072
165.00 -0.0077
166.00 -0.0079
167.00 -0.0077
168.00 -0.0082
169.00 -0.0084
170.00 -0.0087
171.00 -0.0087
172.00 -0.0087
173.00 -0.0083
174.00 -0.008
175.00 -0.0079
176.00 -0.0075
177.00 -0.0077
178.00 -0.0081
179.00 -0.008
180.00 -0.007
181.00 -0.007
182.00 -0.0068
183.00 -0.0073
184.00 -0.0068
185.00 -0.0068
186.00 -0.0065
187.00 -0.0066
188.00 -0.0062
189.00 -0.006
190.00 -0.0064
191.00 -0.0068
192.00 -0.0068
193.00 -0.0068
194.00 -0.0071
195.00 -0.0072
196.00 -0.0075
197.00 -0.0078
198.00 -0.0076
199.00 -0.0074
200.00 -0.0072
