0   0.0000
1   -0.0001
2   0.0000
3   0.0001
4   0.0003
5   0.0006
6   0.0009
7   0.0012
8   0.0018
9   0.0021
10   0.0027
11   0.0034
12   0.0040
13   0.0048
14   0.0055
15   0.0064
16   0.0073
17   0.0081
18   0.0091
19   0.0101
20   0.0113
21   0.0129
22   0.0144
23   0.0160
24   0.0175
25   0.0192
26   0.0208
27   0.0225
28   0.0241
29   0.0257
30   0.0274
31   0.0291
32   0.0306
33   0.0322
34   0.0336
35   0.0351
36   0.0367
37   0.0383
38   0.0396
39   0.0412
40   0.0428
41   0.0444
42   0.0461
43   0.0476
44   0.0490
45   0.0504
46   0.0520
47   0.0534
48   0.0548
49   0.0562
50   0.0578
51   0.0591
52   0.0605
53   0.0619
54   0.0634
55   0.0647
56   0.0662
57   0.0674
58   0.0687
59   0.0700
60   0.0712
61   0.0725
62   0.0736
63   0.0747
64   0.0758
65   0.0770
66   0.0781
67   0.0792
68   0.0801
69   0.0811
70   0.0822
71   0.0830
72   0.0840
73   0.0848
74   0.0859
75   0.0870
76   0.0879
77   0.0889
78   0.0897
79   0.0906
80   0.0916
81   0.0924
82   0.0933
83   0.0941
84   0.0950
85   0.0959
86   0.0969
87   0.0977
88   0.0986
89   0.0995
90   0.1003
91   0.1012
92   0.1021
93   0.1030
94   0.1038
95   0.1047
96   0.1055
97   0.1061
98   0.1068
99   0.1075
100   0.1082
101   0.1088
102   0.1095
103   0.1101
104   0.1107
105   0.1114
106   0.1120
107   0.1128
108   0.1135
109   0.1142
110   0.1149
111   0.1156
112   0.1163
113   0.1170
114   0.1177
115   0.1183
116   0.1190
117   0.1196
118   0.1202
119   0.1209
120   0.1215
121   0.1221
122   0.1225
123   0.1231
124   0.1237
125   0.1242
126   0.1247
127   0.1253
128   0.1259
129   0.1265
130   0.1272
131   0.1279
132   0.1287
133   0.1295
134   0.1303
135   0.1311
136   0.1321
137   0.1331
138   0.1340
139   0.1350
140   0.1360
141   0.1370
142   0.1380
143   0.1390
144   0.1401
145   0.1411
146   0.1420
147   0.1430
148   0.1437
149   0.1446
150   0.1454
151   0.1463
152   0.1474
153   0.1484
154   0.1495
155   0.1506
156   0.1516
157   0.1527
158   0.1537
159   0.1547
160   0.1555
161   0.1564
162   0.1573
163   0.1581
164   0.1589
165   0.1598
166   0.1605
167   0.1613
168   0.1621
169   0.1629
170   0.1636
171   0.1645
172   0.1654
173   0.1662
174   0.1671
175   0.1679
176   0.1687
177   0.1697
178   0.1706
179   0.1715
180   0.1724
181   0.1732
182   0.1740
183   0.1749
184   0.1756
185   0.1762
186   0.1769
187   0.1774
188   0.1780
189   0.1786
190   0.1791
191   0.1797
192   0.1801
193   0.1807
194   0.1813
195   0.1819
196   0.1825
197   0.1831
198   0.1837
199   0.1845
200   0.1851
