0   0.0000
1   0.0001
2   0.0003
3   0.0007
4   0.0012
5   0.0019
6   0.0026
7   0.0035
8   0.0046
9   0.0055
10   0.0064
11   0.0076
12   0.0090
13   0.0103
14   0.0117
15   0.0132
16   0.0147
17   0.0162
18   0.0175
19   0.0188
20   0.0204
21   0.0222
22   0.0239
23   0.0256
24   0.0272
25   0.0289
26   0.0308
27   0.0326
28   0.0343
29   0.0359
30   0.0375
31   0.0391
32   0.0408
33   0.0424
34   0.0440
35   0.0455
36   0.0469
37   0.0482
38   0.0495
39   0.0508
40   0.0520
41   0.0534
42   0.0548
43   0.0563
44   0.0576
45   0.0590
46   0.0603
47   0.0616
48   0.0629
49   0.0640
50   0.0653
51   0.0664
52   0.0677
53   0.0689
54   0.0700
55   0.0711
56   0.0723
57   0.0735
58   0.0747
59   0.0760
60   0.0772
61   0.0785
62   0.0797
63   0.0808
64   0.0820
65   0.0830
66   0.0841
67   0.0852
68   0.0864
69   0.0875
70   0.0889
71   0.0900
72   0.0911
73   0.0922
74   0.0933
75   0.0944
76   0.0956
77   0.0967
78   0.0977
79   0.0987
80   0.0998
81   0.1008
82   0.1018
83   0.1029
84   0.1042
85   0.1055
86   0.1068
87   0.1079
88   0.1091
89   0.1102
90   0.1115
91   0.1128
92   0.1139
93   0.1148
94   0.1158
95   0.1170
96   0.1180
97   0.1190
98   0.1199
99   0.1209
100   0.1218
101   0.1227
102   0.1235
103   0.1245
104   0.1255
105   0.1262
106   0.1271
107   0.1278
108   0.1286
109   0.1295
110   0.1303
111   0.1311
112   0.1318
113   0.1326
114   0.1334
115   0.1341
116   0.1349
117   0.1357
118   0.1364
119   0.1372
120   0.1380
121   0.1387
122   0.1394
123   0.1403
124   0.1414
125   0.1424
126   0.1433
127   0.1442
128   0.1450
129   0.1461
130   0.1470
131   0.1479
132   0.1488
133   0.1498
134   0.1507
135   0.1517
136   0.1527
137   0.1537
138   0.1548
139   0.1559
140   0.1570
141   0.1580
142   0.1591
143   0.1602
144   0.1612
145   0.1622
146   0.1632
147   0.1641
148   0.1652
149   0.1661
150   0.1670
151   0.1678
152   0.1687
153   0.1697
154   0.1706
155   0.1715
156   0.1725
157   0.1734
158   0.1741
159   0.1750
160   0.1757
161   0.1765
162   0.1773
163   0.1782
164   0.1790
165   0.1798
166   0.1807
167   0.1814
168   0.1823
169   0.1831
170   0.1838
171   0.1847
172   0.1856
173   0.1864
174   0.1872
175   0.1881
176   0.1890
177   0.1897
178   0.1906
179   0.1915
180   0.1923
181   0.1932
182   0.1941
183   0.1949
184   0.1957
185   0.1964
186   0.1971
187   0.1977
188   0.1984
189   0.1990
190   0.1995
191   0.2001
192   0.2007
193   0.2013
194   0.2019
195   0.2027
196   0.2034
197   0.2041
198   0.2048
199   0.2055
200   0.2063
