0   0.0000
1   -0.0001
2   -0.0003
3   -0.0005
4   -0.0006
5   -0.0007
6   -0.0009
7   -0.0010
8   -0.0011
9   -0.0013
10   -0.0013
11   -0.0013
12   -0.0013
13   -0.0012
14   -0.0012
15   -0.0011
16   -0.0010
17   -0.0010
18   -0.0010
19   -0.0009
20   -0.0006
21   -0.0002
22   0.0002
23   0.0004
24   0.0007
25   0.0012
26   0.0015
27   0.0018
28   0.0022
29   0.0026
30   0.0030
31   0.0033
32   0.0036
33   0.0039
34   0.0042
35   0.0044
36   0.0046
37   0.0048
38   0.0049
39   0.0052
40   0.0054
41   0.0057
42   0.0058
43   0.0059
44   0.0062
45   0.0064
46   0.0066
47   0.0067
48   0.0067
49   0.0069
50   0.0072
51   0.0075
52   0.0078
53   0.0081
54   0.0083
55   0.0085
56   0.0088
57   0.0090
58   0.0092
59   0.0094
60   0.0095
61   0.0097
62   0.0098
63   0.0099
64   0.0100
65   0.0102
66   0.0102
67   0.0102
68   0.0103
69   0.0103
70   0.0104
71   0.0105
72   0.0105
73   0.0106
74   0.0107
75   0.0108
76   0.0109
77   0.0110
78   0.0111
79   0.0112
80   0.0113
81   0.0114
82   0.0115
83   0.0117
84   0.0118
85   0.0120
86   0.0122
87   0.0123
88   0.0124
89   0.0125
90   0.0127
91   0.0129
92   0.0131
93   0.0133
94   0.0135
95   0.0138
96   0.0139
97   0.0141
98   0.0143
99   0.0146
100   0.0147
101   0.0150
102   0.0152
103   0.0153
104   0.0155
105   0.0157
106   0.0160
107   0.0161
108   0.0162
109   0.0164
110   0.0166
111   0.0167
112   0.0167
113   0.0169
114   0.0171
115   0.0172
116   0.0174
117   0.0176
118   0.0178
119   0.0179
120   0.0179
121   0.0180
122   0.0181
123   0.0182
124   0.0183
125   0.0183
126   0.0184
127   0.0186
128   0.0186
129   0.0188
130   0.0189
131   0.0191
132   0.0193
133   0.0196
134   0.0199
135   0.0202
136   0.0204
137   0.0207
138   0.0210
139   0.0213
140   0.0215
141   0.0219
142   0.0222
143   0.0225
144   0.0227
145   0.0230
146   0.0231
147   0.0233
148   0.0236
149   0.0238
150   0.0240
151   0.0244
152   0.0248
153   0.0251
154   0.0255
155   0.0258
156   0.0262
157   0.0265
158   0.0268
159   0.0270
160   0.0272
161   0.0274
162   0.0275
163   0.0277
164   0.0278
165   0.0279
166   0.0281
167   0.0283
168   0.0286
169   0.0288
170   0.0291
171   0.0294
172   0.0296
173   0.0298
174   0.0301
175   0.0303
176   0.0306
177   0.0308
178   0.0310
179   0.0312
180   0.0313
181   0.0315
182   0.0317
183   0.0318
184   0.0318
185   0.0320
186   0.0320
187   0.0320
188   0.0321
189   0.0321
190   0.0322
191   0.0322
192   0.0323
193   0.0323
194   0.0324
195   0.0325
196   0.0326
197   0.0327
198   0.0327
199   0.0329
200   0.0330
