0   0.0000
1   -0.0001
2   -0.0001
3   -0.0002
4   -0.0002
5   -0.0001
6   -0.0001
7   -0.0001
8   0.0000
9   0.0002
10   0.0004
11   0.0006
12   0.0008
13   0.0011
14   0.0014
15   0.0017
16   0.0021
17   0.0025
18   0.0030
19   0.0035
20   0.0042
21   0.0048
22   0.0056
23   0.0064
24   0.0072
25   0.0079
26   0.0087
27   0.0095
28   0.0102
29   0.0113
30   0.0121
31   0.0129
32   0.0135
33   0.0142
34   0.0149
35   0.0155
36   0.0163
37   0.0171
38   0.0178
39   0.0185
40   0.0193
41   0.0203
42   0.0211
43   0.0219
44   0.0228
45   0.0237
46   0.0248
47   0.0257
48   0.0267
49   0.0277
50   0.0286
51   0.0295
52   0.0305
53   0.0314
54   0.0323
55   0.0330
56   0.0338
57   0.0347
58   0.0355
59   0.0362
60   0.0370
61   0.0378
62   0.0386
63   0.0394
64   0.0403
65   0.0412
66   0.0421
67   0.0430
68   0.0438
69   0.0445
70   0.0455
71   0.0466
72   0.0475
73   0.0485
74   0.0494
75   0.0503
76   0.0512
77   0.0520
78   0.0528
79   0.0536
80   0.0544
81   0.0552
82   0.0561
83   0.0570
84   0.0579
85   0.0589
86   0.0599
87   0.0609
88   0.0619
89   0.0628
90   0.0639
91   0.0651
92   0.0660
93   0.0670
94   0.0679
95   0.0689
96   0.0698
97   0.0708
98   0.0718
99   0.0727
100   0.0735
101   0.0744
102   0.0753
103   0.0761
104   0.0769
105   0.0776
106   0.0784
107   0.0792
108   0.0799
109   0.0806
110   0.0813
111   0.0820
112   0.0827
113   0.0834
114   0.0840
115   0.0847
116   0.0853
117   0.0859
118   0.0866
119   0.0872
120   0.0878
121   0.0885
122   0.0890
123   0.0896
124   0.0903
125   0.0908
126   0.0915
127   0.0921
128   0.0927
129   0.0933
130   0.0939
131   0.0945
132   0.0952
133   0.0960
134   0.0965
135   0.0972
136   0.0979
137   0.0987
138   0.0994
139   0.1002
140   0.1009
141   0.1016
142   0.1023
143   0.1031
144   0.1038
145   0.1046
146   0.1052
147   0.1058
148   0.1063
149   0.1070
150   0.1076
151   0.1084
152   0.1093
153   0.1101
154   0.1109
155   0.1116
156   0.1122
157   0.1130
158   0.1137
159   0.1144
160   0.1151
161   0.1156
162   0.1162
163   0.1168
164   0.1173
165   0.1179
166   0.1182
167   0.1188
168   0.1194
169   0.1199
170   0.1205
171   0.1212
172   0.1218
173   0.1224
174   0.1230
175   0.1234
176   0.1239
177   0.1243
178   0.1248
179   0.1253
180   0.1259
181   0.1264
182   0.1269
183   0.1274
184   0.1280
185   0.1285
186   0.1289
187   0.1293
188   0.1297
189   0.1300
190   0.1304
191   0.1307
192   0.1310
193   0.1315
194   0.1319
195   0.1324
196   0.1329
197   0.1335
198   0.1341
199   0.1346
200   0.1351
