0   0.0000
1   -0.0000
2   0.0003
3   0.0006
4   0.0012
5   0.0019
6   0.0027
7   0.0036
8   0.0047
9   0.0057
10   0.0071
11   0.0086
12   0.0101
13   0.0116
14   0.0135
15   0.0157
16   0.0179
17   0.0202
18   0.0225
19   0.0249
20   0.0274
21   0.0302
22   0.0329
23   0.0353
24   0.0378
25   0.0402
26   0.0428
27   0.0452
28   0.0472
29   0.0493
30   0.0512
31   0.0531
32   0.0550
33   0.0567
34   0.0586
35   0.0605
36   0.0624
37   0.0642
38   0.0660
39   0.0678
40   0.0698
41   0.0716
42   0.0734
43   0.0752
44   0.0771
45   0.0788
46   0.0805
47   0.0822
48   0.0839
49   0.0856
50   0.0871
51   0.0887
52   0.0901
53   0.0914
54   0.0927
55   0.0941
56   0.0954
57   0.0967
58   0.0979
59   0.0990
60   0.1002
61   0.1012
62   0.1020
63   0.1030
64   0.1040
65   0.1050
66   0.1058
67   0.1067
68   0.1075
69   0.1084
70   0.1094
71   0.1102
72   0.1111
73   0.1119
74   0.1128
75   0.1137
76   0.1145
77   0.1153
78   0.1162
79   0.1170
80   0.1178
81   0.1186
82   0.1194
83   0.1202
84   0.1212
85   0.1221
86   0.1229
87   0.1240
88   0.1249
89   0.1260
90   0.1272
91   0.1284
92   0.1295
93   0.1308
94   0.1320
95   0.1332
96   0.1344
97   0.1356
98   0.1368
99   0.1379
100   0.1391
101   0.1403
102   0.1415
103   0.1427
104   0.1438
105   0.1449
106   0.1460
107   0.1471
108   0.1482
109   0.1492
110   0.1502
111   0.1514
112   0.1525
113   0.1535
114   0.1545
115   0.1554
116   0.1563
117   0.1572
118   0.1580
119   0.1588
120   0.1596
121   0.1604
122   0.1612
123   0.1621
124   0.1629
125   0.1638
126   0.1646
127   0.1656
128   0.1665
129   0.1673
130   0.1682
131   0.1691
132   0.1701
133   0.1710
134   0.1718
135   0.1730
136   0.1740
137   0.1752
138   0.1764
139   0.1776
140   0.1787
141   0.1798
142   0.1809
143   0.1819
144   0.1829
145   0.1839
146   0.1849
147   0.1859
148   0.1868
149   0.1879
150   0.1889
151   0.1901
152   0.1913
153   0.1924
154   0.1937
155   0.1946
156   0.1956
157   0.1965
158   0.1975
159   0.1985
160   0.1994
161   0.2003
162   0.2012
163   0.2023
164   0.2033
165   0.2043
166   0.2053
167   0.2063
168   0.2073
169   0.2083
170   0.2094
171   0.2105
172   0.2114
173   0.2125
174   0.2134
175   0.2143
176   0.2152
177   0.2162
178   0.2171
179   0.2180
180   0.2189
181   0.2197
182   0.2204
183   0.2213
184   0.2221
185   0.2229
186   0.2238
187   0.2247
188   0.2255
189   0.2263
190   0.2270
191   0.2278
192   0.2286
193   0.2293
194   0.2301
195   0.2308
196   0.2316
197   0.2323
198   0.2332
199   0.2341
200   0.2349
