0   0.0000
1   0.0007
2   0.0030
3   0.0060
4   0.0095
5   0.0129
6   0.0165
7   0.0204
8   0.0243
9   0.0281
10   0.0320
11   0.0358
12   0.0397
13   0.0440
14   0.0486
15   0.0534
16   0.0580
17   0.0627
18   0.0673
19   0.0719
20   0.0762
21   0.0804
22   0.0846
23   0.0892
24   0.0935
25   0.0979
26   0.1024
27   0.1070
28   0.1113
29   0.1156
30   0.1198
31   0.1239
32   0.1278
33   0.1316
34   0.1356
35   0.1396
36   0.1436
37   0.1475
38   0.1514
39   0.1555
40   0.1593
41   0.1632
42   0.1669
43   0.1707
44   0.1742
45   0.1776
46   0.1807
47   0.1839
48   0.1870
49   0.1901
50   0.1936
51   0.1972
52   0.2004
53   0.2036
54   0.2066
55   0.2097
56   0.2126
57   0.2157
58   0.2193
59   0.2227
60   0.2262
61   0.2299
62   0.2336
63   0.2375
64   0.2412
65   0.2449
66   0.2489
67   0.2524
68   0.2561
69   0.2594
70   0.2627
71   0.2659
72   0.2691
73   0.2721
74   0.2751
75   0.2780
76   0.2808
77   0.2838
78   0.2870
79   0.2900
80   0.2931
81   0.2961
82   0.2988
83   0.3014
84   0.3039
85   0.3065
86   0.3090
87   0.3116
88   0.3142
89   0.3169
90   0.3192
91   0.3215
92   0.3240
93   0.3264
94   0.3288
95   0.3312
96   0.3336
97   0.3359
98   0.3380
99   0.3402
100   0.3424
101   0.3446
102   0.3465
103   0.3487
104   0.3506
105   0.3526
106   0.3546
107   0.3568
108   0.3587
109   0.3608
110   0.3628
111   0.3647
112   0.3666
113   0.3685
114   0.3704
115   0.3723
116   0.3742
117   0.3762
118   0.3781
119   0.3800
120   0.3818
121   0.3835
122   0.3854
123   0.3872
124   0.3891
125   0.3910
126   0.3928
127   0.3948
128   0.3970
129   0.3990
130   0.4010
131   0.4033
132   0.4055
133   0.4073
134   0.4091
135   0.4108
136   0.4128
137   0.4149
138   0.4169
139   0.4188
140   0.4208
141   0.4228
142   0.4247
143   0.4267
144   0.4286
145   0.4304
146   0.4322
147   0.4339
148   0.4356
149   0.4373
150   0.4391
151   0.4409
152   0.4428
153   0.4447
154   0.4464
155   0.4483
156   0.4503
157   0.4522
158   0.4541
159   0.4557
160   0.4573
161   0.4589
162   0.4604
163   0.4620
164   0.4634
165   0.4648
166   0.4662
167   0.4675
168   0.4690
169   0.4703
170   0.4717
171   0.4734
172   0.4749
173   0.4765
174   0.4780
175   0.4794
176   0.4809
177   0.4825
178   0.4840
179   0.4856
180   0.4870
181   0.4887
182   0.4903
183   0.4919
184   0.4936
185   0.4951
186   0.4967
187   0.4983
188   0.5000
189   0.5015
190   0.5031
191   0.5045
192   0.5058
193   0.5073
194   0.5088
195   0.5103
196   0.5117
197   0.5131
198   0.5145
199   0.5161
200   0.5176
