0   0.0000
1   -0.0002
2   -0.0003
3   -0.0005
4   -0.0007
5   -0.0008
6   -0.0010
7   -0.0012
8   -0.0013
9   -0.0014
10   -0.0015
11   -0.0016
12   -0.0017
13   -0.0017
14   -0.0017
15   -0.0018
16   -0.0018
17   -0.0019
18   -0.0019
19   -0.0020
20   -0.0018
21   -0.0016
22   -0.0014
23   -0.0012
24   -0.0010
25   -0.0009
26   -0.0008
27   -0.0006
28   -0.0004
29   -0.0002
30   -0.0000
31   0.0001
32   0.0002
33   0.0002
34   0.0003
35   0.0003
36   0.0003
37   0.0003
38   0.0003
39   0.0003
40   0.0003
41   0.0004
42   0.0005
43   0.0008
44   0.0009
45   0.0010
46   0.0010
47   0.0011
48   0.0012
49   0.0012
50   0.0012
51   0.0013
52   0.0013
53   0.0013
54   0.0013
55   0.0013
56   0.0013
57   0.0012
58   0.0011
59   0.0011
60   0.0011
61   0.0009
62   0.0009
63   0.0007
64   0.0006
65   0.0005
66   0.0004
67   0.0002
68   0.0000
69   -0.0001
70   -0.0002
71   -0.0004
72   -0.0005
73   -0.0007
74   -0.0008
75   -0.0009
76   -0.0010
77   -0.0010
78   -0.0010
79   -0.0010
80   -0.0011
81   -0.0012
82   -0.0013
83   -0.0013
84   -0.0011
85   -0.0010
86   -0.0009
87   -0.0008
88   -0.0008
89   -0.0006
90   -0.0006
91   -0.0005
92   -0.0005
93   -0.0004
94   -0.0003
95   -0.0002
96   -0.0002
97   -0.0001
98   -0.0001
99   -0.0000
100   0.0000
101   0.0000
102   0.0000
103   -0.0001
104   -0.0001
105   -0.0002
106   -0.0003
107   -0.0004
108   -0.0004
109   -0.0005
110   -0.0005
111   -0.0005
112   -0.0006
113   -0.0006
114   -0.0007
115   -0.0008
116   -0.0009
117   -0.0009
118   -0.0009
119   -0.0010
120   -0.0011
121   -0.0011
122   -0.0013
123   -0.0014
124   -0.0014
125   -0.0015
126   -0.0016
127   -0.0017
128   -0.0017
129   -0.0016
130   -0.0017
131   -0.0016
132   -0.0016
133   -0.0015
134   -0.0015
135   -0.0013
136   -0.0011
137   -0.0008
138   -0.0005
139   -0.0002
140   -0.0000
141   0.0003
142   0.0006
143   0.0008
144   0.0011
145   0.0013
146   0.0015
147   0.0018
148   0.0020
149   0.0022
150   0.0024
151   0.0028
152   0.0031
153   0.0034
154   0.0037
155   0.0040
156   0.0043
157   0.0045
158   0.0047
159   0.0049
160   0.0051
161   0.0052
162   0.0055
163   0.0056
164   0.0057
165   0.0059
166   0.0060
167   0.0062
168   0.0064
169   0.0065
170   0.0067
171   0.0070
172   0.0072
173   0.0073
174   0.0074
175   0.0076
176   0.0076
177   0.0079
178   0.0080
179   0.0082
180   0.0083
181   0.0085
182   0.0086
183   0.0087
184   0.0087
185   0.0089
186   0.0090
187   0.0091
188   0.0092
189   0.0091
190   0.0092
191   0.0091
192   0.0091
193   0.0091
194   0.0091
195   0.0092
196   0.0091
197   0.0092
198   0.0093
199   0.0093
200   0.0094
