0   0.0000
1   0.0006
2   0.0024
3   0.0050
4   0.0086
5   0.0122
6   0.0161
7   0.0204
8   0.0253
9   0.0300
10   0.0351
11   0.0405
12   0.0460
13   0.0518
14   0.0577
15   0.0635
16   0.0695
17   0.0758
18   0.0825
19   0.0890
20   0.0958
21   0.1030
22   0.1102
23   0.1175
24   0.1255
25   0.1327
26   0.1398
27   0.1466
28   0.1531
29   0.1598
30   0.1666
31   0.1728
32   0.1789
33   0.1852
34   0.1913
35   0.1976
36   0.2040
37   0.2098
38   0.2157
39   0.2219
40   0.2282
41   0.2347
42   0.2410
43   0.2473
44   0.2535
45   0.2594
46   0.2654
47   0.2715
48   0.2773
49   0.2830
50   0.2885
51   0.2942
52   0.2998
53   0.3053
54   0.3108
55   0.3164
56   0.3216
57   0.3268
58   0.3318
59   0.3370
60   0.3421
61   0.3471
62   0.3520
63   0.3566
64   0.3610
65   0.3654
66   0.3697
67   0.3742
68   0.3786
69   0.3829
70   0.3870
71   0.3909
72   0.3949
73   0.3991
74   0.4031
75   0.4072
76   0.4110
77   0.4151
78   0.4189
79   0.4227
80   0.4266
81   0.4306
82   0.4346
83   0.4386
84   0.4427
85   0.4470
86   0.4513
87   0.4555
88   0.4595
89   0.4637
90   0.4678
91   0.4720
92   0.4763
93   0.4806
94   0.4850
95   0.4893
96   0.4936
97   0.4982
98   0.5028
99   0.5071
100   0.5118
101   0.5159
102   0.5208
103   0.5255
104   0.5301
105   0.5347
106   0.5392
107   0.5434
108   0.5476
109   0.5519
110   0.5562
111   0.5602
112   0.5645
113   0.5687
114   0.5730
115   0.5771
116   0.5814
117   0.5859
118   0.5901
119   0.5942
120   0.5980
121   0.6020
122   0.6060
123   0.6097
124   0.6134
125   0.6172
126   0.6211
127   0.6249
128   0.6287
129   0.6325
130   0.6366
131   0.6406
132   0.6448
133   0.6488
134   0.6524
135   0.6560
136   0.6597
137   0.6635
138   0.6673
139   0.6711
140   0.6746
141   0.6783
142   0.6819
143   0.6855
144   0.6891
145   0.6926
146   0.6961
147   0.6995
148   0.7028
149   0.7062
150   0.7093
151   0.7125
152   0.7158
153   0.7190
154   0.7224
155   0.7258
156   0.7289
157   0.7320
158   0.7352
159   0.7385
160   0.7415
161   0.7448
162   0.7483
163   0.7517
164   0.7548
165   0.7581
166   0.7614
167   0.7647
168   0.7681
169   0.7713
170   0.7745
171   0.7776
172   0.7807
173   0.7837
174   0.7870
175   0.7900
176   0.7931
177   0.7964
178   0.7998
179   0.8028
180   0.8061
181   0.8092
182   0.8123
183   0.8152
184   0.8180
185   0.8211
186   0.8240
187   0.8270
188   0.8298
189   0.8325
190   0.8352
191   0.8381
192   0.8408
193   0.8436
194   0.8463
195   0.8491
196   0.8519
197   0.8549
198   0.8575
199   0.8603
200   0.8629
