0   0.0000
1   0.0002
2   0.0010
3   0.0023
4   0.0039
5   0.0057
6   0.0078
7   0.0101
8   0.0126
9   0.0150
10   0.0177
11   0.0206
12   0.0235
13   0.0265
14   0.0294
15   0.0325
16   0.0360
17   0.0393
18   0.0428
19   0.0465
20   0.0504
21   0.0544
22   0.0587
23   0.0626
24   0.0667
25   0.0709
26   0.0752
27   0.0798
28   0.0844
29   0.0891
30   0.0931
31   0.0974
32   0.1019
33   0.1066
34   0.1110
35   0.1157
36   0.1202
37   0.1250
38   0.1294
39   0.1339
40   0.1383
41   0.1423
42   0.1468
43   0.1509
44   0.1554
45   0.1596
46   0.1639
47   0.1681
48   0.1724
49   0.1768
50   0.1813
51   0.1857
52   0.1900
53   0.1941
54   0.1982
55   0.2022
56   0.2059
57   0.2098
58   0.2137
59   0.2176
60   0.2214
61   0.2253
62   0.2292
63   0.2332
64   0.2374
65   0.2413
66   0.2453
67   0.2492
68   0.2531
69   0.2569
70   0.2606
71   0.2640
72   0.2674
73   0.2711
74   0.2748
75   0.2786
76   0.2826
77   0.2861
78   0.2897
79   0.2931
80   0.2966
81   0.3000
82   0.3034
83   0.3064
84   0.3096
85   0.3129
86   0.3161
87   0.3192
88   0.3222
89   0.3251
90   0.3282
91   0.3311
92   0.3340
93   0.3369
94   0.3396
95   0.3423
96   0.3453
97   0.3481
98   0.3509
99   0.3537
100   0.3563
101   0.3591
102   0.3618
103   0.3644
104   0.3671
105   0.3697
106   0.3722
107   0.3748
108   0.3773
109   0.3798
110   0.3823
111   0.3850
112   0.3876
113   0.3902
114   0.3927
115   0.3953
116   0.3977
117   0.4000
118   0.4025
119   0.4049
120   0.4070
121   0.4092
122   0.4116
123   0.4140
124   0.4163
125   0.4189
126   0.4214
127   0.4239
128   0.4264
129   0.4290
130   0.4319
131   0.4347
132   0.4377
133   0.4406
134   0.4435
135   0.4466
136   0.4496
137   0.4526
138   0.4556
139   0.4588
140   0.4618
141   0.4648
142   0.4679
143   0.4709
144   0.4739
145   0.4769
146   0.4800
147   0.4827
148   0.4853
149   0.4880
150   0.4909
151   0.4937
152   0.4968
153   0.4998
154   0.5028
155   0.5061
156   0.5091
157   0.5124
158   0.5155
159   0.5184
160   0.5217
161   0.5248
162   0.5277
163   0.5304
164   0.5331
165   0.5357
166   0.5383
167   0.5411
168   0.5439
169   0.5466
170   0.5492
171   0.5519
172   0.5545
173   0.5573
174   0.5602
175   0.5631
176   0.5660
177   0.5687
178   0.5713
179   0.5738
180   0.5765
181   0.5790
182   0.5816
183   0.5840
184   0.5863
185   0.5887
186   0.5911
187   0.5934
188   0.5957
189   0.5980
190   0.6004
191   0.6028
192   0.6052
193   0.6077
194   0.6099
195   0.6122
196   0.6145
197   0.6166
198   0.6186
199   0.6208
200   0.6230
