0   0.0000
1   -0.0001
2   -0.0001
3   -0.0001
4   0.0000
5   0.0002
6   0.0003
7   0.0005
8   0.0007
9   0.0008
10   0.0010
11   0.0013
12   0.0015
13   0.0018
14   0.0021
15   0.0025
16   0.0029
17   0.0034
18   0.0037
19   0.0042
20   0.0048
21   0.0055
22   0.0062
23   0.0068
24   0.0077
25   0.0085
26   0.0091
27   0.0097
28   0.0104
29   0.0111
30   0.0118
31   0.0124
32   0.0130
33   0.0135
34   0.0140
35   0.0146
36   0.0152
37   0.0158
38   0.0163
39   0.0169
40   0.0175
41   0.0182
42   0.0188
43   0.0194
44   0.0200
45   0.0205
46   0.0210
47   0.0217
48   0.0223
49   0.0230
50   0.0236
51   0.0245
52   0.0252
53   0.0259
54   0.0266
55   0.0274
56   0.0280
57   0.0286
58   0.0291
59   0.0299
60   0.0305
61   0.0313
62   0.0319
63   0.0326
64   0.0333
65   0.0338
66   0.0344
67   0.0349
68   0.0355
69   0.0362
70   0.0367
71   0.0373
72   0.0379
73   0.0386
74   0.0392
75   0.0400
76   0.0407
77   0.0412
78   0.0419
79   0.0424
80   0.0430
81   0.0436
82   0.0444
83   0.0450
84   0.0458
85   0.0466
86   0.0473
87   0.0481
88   0.0489
89   0.0495
90   0.0502
91   0.0509
92   0.0517
93   0.0525
94   0.0531
95   0.0537
96   0.0544
97   0.0551
98   0.0556
99   0.0562
100   0.0568
101   0.0577
102   0.0583
103   0.0590
104   0.0597
105   0.0604
106   0.0612
107   0.0619
108   0.0626
109   0.0631
110   0.0637
111   0.0642
112   0.0648
113   0.0654
114   0.0660
115   0.0666
116   0.0672
117   0.0677
118   0.0682
119   0.0689
120   0.0694
121   0.0700
122   0.0708
123   0.0715
124   0.0722
125   0.0729
126   0.0736
127   0.0745
128   0.0751
129   0.0759
130   0.0765
131   0.0771
132   0.0779
133   0.0789
134   0.0798
135   0.0808
136   0.0818
137   0.0827
138   0.0835
139   0.0845
140   0.0854
141   0.0863
142   0.0873
143   0.0883
144   0.0891
145   0.0899
146   0.0908
147   0.0916
148   0.0924
149   0.0932
150   0.0940
151   0.0950
152   0.0959
153   0.0969
154   0.0979
155   0.0988
156   0.0996
157   0.1003
158   0.1013
159   0.1022
160   0.1030
161   0.1038
162   0.1045
163   0.1053
164   0.1061
165   0.1067
166   0.1074
167   0.1081
168   0.1090
169   0.1096
170   0.1105
171   0.1113
172   0.1120
173   0.1128
174   0.1137
175   0.1144
176   0.1150
177   0.1158
178   0.1166
179   0.1174
180   0.1181
181   0.1188
182   0.1195
183   0.1203
184   0.1210
185   0.1217
186   0.1223
187   0.1229
188   0.1235
189   0.1242
190   0.1248
191   0.1253
192   0.1259
193   0.1264
194   0.1270
195   0.1275
196   0.1282
197   0.1287
198   0.1292
199   0.1297
200   0.1302
