0   0.0000
1   -0.0000
2   0.0001
3   0.0004
4   0.0008
5   0.0012
6   0.0017
7   0.0023
8   0.0029
9   0.0036
10   0.0043
11   0.0050
12   0.0056
13   0.0064
14   0.0072
15   0.0080
16   0.0088
17   0.0096
18   0.0105
19   0.0116
20   0.0127
21   0.0140
22   0.0151
23   0.0161
24   0.0174
25   0.0187
26   0.0200
27   0.0212
28   0.0225
29   0.0237
30   0.0250
31   0.0263
32   0.0276
33   0.0288
34   0.0300
35   0.0312
36   0.0326
37   0.0337
38   0.0348
39   0.0360
40   0.0372
41   0.0384
42   0.0396
43   0.0408
44   0.0419
45   0.0431
46   0.0444
47   0.0456
48   0.0469
49   0.0483
50   0.0497
51   0.0511
52   0.0526
53   0.0539
54   0.0550
55   0.0562
56   0.0572
57   0.0584
58   0.0595
59   0.0607
60   0.0617
61   0.0627
62   0.0638
63   0.0648
64   0.0660
65   0.0670
66   0.0678
67   0.0686
68   0.0696
69   0.0705
70   0.0716
71   0.0726
72   0.0738
73   0.0750
74   0.0761
75   0.0773
76   0.0784
77   0.0796
78   0.0807
79   0.0819
80   0.0828
81   0.0838
82   0.0850
83   0.0861
84   0.0874
85   0.0888
86   0.0900
87   0.0912
88   0.0926
89   0.0939
90   0.0952
91   0.0963
92   0.0977
93   0.0990
94   0.1002
95   0.1015
96   0.1029
97   0.1041
98   0.1053
99   0.1066
100   0.1076
101   0.1089
102   0.1100
103   0.1111
104   0.1122
105   0.1133
106   0.1143
107   0.1154
108   0.1163
109   0.1175
110   0.1187
111   0.1199
112   0.1211
113   0.1222
114   0.1233
115   0.1245
116   0.1255
117   0.1264
118   0.1275
119   0.1286
120   0.1296
121   0.1307
122   0.1320
123   0.1333
124   0.1345
125   0.1358
126   0.1369
127   0.1381
128   0.1392
129   0.1403
130   0.1414
131   0.1428
132   0.1443
133   0.1459
134   0.1473
135   0.1486
136   0.1498
137   0.1511
138   0.1524
139   0.1536
140   0.1550
141   0.1563
142   0.1576
143   0.1588
144   0.1601
145   0.1615
146   0.1628
147   0.1638
148   0.1650
149   0.1661
150   0.1671
151   0.1682
152   0.1693
153   0.1703
154   0.1714
155   0.1724
156   0.1734
157   0.1744
158   0.1753
159   0.1762
160   0.1771
161   0.1779
162   0.1788
163   0.1796
164   0.1802
165   0.1810
166   0.1817
167   0.1825
168   0.1833
169   0.1841
170   0.1849
171   0.1857
172   0.1864
173   0.1871
174   0.1880
175   0.1888
176   0.1895
177   0.1902
178   0.1910
179   0.1917
180   0.1924
181   0.1933
182   0.1940
183   0.1947
184   0.1953
185   0.1959
186   0.1966
187   0.1972
188   0.1979
189   0.1985
190   0.1991
191   0.1997
192   0.2002
193   0.2010
194   0.2017
195   0.2024
196   0.2030
197   0.2037
198   0.2045
199   0.2053
200   0.2062
