0   0.0000
1   -0.0001
2   0.0002
3   0.0006
4   0.0012
5   0.0018
6   0.0024
7   0.0030
8   0.0036
9   0.0040
10   0.0048
11   0.0055
12   0.0063
13   0.0072
14   0.0083
15   0.0093
16   0.0105
17   0.0116
18   0.0127
19   0.0138
20   0.0151
21   0.0166
22   0.0181
23   0.0196
24   0.0211
25   0.0227
26   0.0240
27   0.0253
28   0.0264
29   0.0277
30   0.0290
31   0.0303
32   0.0314
33   0.0326
34   0.0337
35   0.0349
36   0.0360
37   0.0370
38   0.0380
39   0.0389
40   0.0399
41   0.0409
42   0.0417
43   0.0426
44   0.0434
45   0.0443
46   0.0451
47   0.0460
48   0.0468
49   0.0477
50   0.0485
51   0.0496
52   0.0505
53   0.0515
54   0.0525
55   0.0535
56   0.0545
57   0.0556
58   0.0566
59   0.0575
60   0.0585
61   0.0593
62   0.0601
63   0.0608
64   0.0616
65   0.0622
66   0.0629
67   0.0636
68   0.0644
69   0.0652
70   0.0660
71   0.0667
72   0.0674
73   0.0683
74   0.0690
75   0.0699
76   0.0707
77   0.0714
78   0.0722
79   0.0730
80   0.0739
81   0.0748
82   0.0757
83   0.0767
84   0.0778
85   0.0790
86   0.0801
87   0.0813
88   0.0823
89   0.0832
90   0.0842
91   0.0850
92   0.0859
93   0.0868
94   0.0878
95   0.0887
96   0.0896
97   0.0905
98   0.0913
99   0.0921
100   0.0930
101   0.0937
102   0.0945
103   0.0953
104   0.0960
105   0.0968
106   0.0975
107   0.0983
108   0.0990
109   0.0997
110   0.1004
111   0.1012
112   0.1020
113   0.1028
114   0.1037
115   0.1045
116   0.1052
117   0.1059
118   0.1066
119   0.1072
120   0.1079
121   0.1085
122   0.1091
123   0.1098
124   0.1104
125   0.1111
126   0.1117
127   0.1123
128   0.1130
129   0.1137
130   0.1144
131   0.1151
132   0.1157
133   0.1165
134   0.1171
135   0.1178
136   0.1186
137   0.1193
138   0.1202
139   0.1211
140   0.1223
141   0.1233
142   0.1243
143   0.1253
144   0.1264
145   0.1274
146   0.1284
147   0.1295
148   0.1304
149   0.1314
150   0.1324
151   0.1333
152   0.1344
153   0.1354
154   0.1364
155   0.1373
156   0.1384
157   0.1394
158   0.1405
159   0.1415
160   0.1424
161   0.1432
162   0.1441
163   0.1449
164   0.1457
165   0.1465
166   0.1473
167   0.1479
168   0.1487
169   0.1496
170   0.1506
171   0.1515
172   0.1524
173   0.1532
174   0.1541
175   0.1549
176   0.1557
177   0.1565
178   0.1572
179   0.1579
180   0.1585
181   0.1592
182   0.1598
183   0.1605
184   0.1612
185   0.1620
186   0.1626
187   0.1633
188   0.1639
189   0.1645
190   0.1651
191   0.1657
192   0.1663
193   0.1669
194   0.1675
195   0.1682
196   0.1688
197   0.1693
198   0.1701
199   0.1709
200   0.1716
