0   0.0000
1   -0.0002
2   -0.0003
3   -0.0004
4   -0.0005
5   -0.0005
6   -0.0007
7   -0.0008
8   -0.0008
9   -0.0009
10   -0.0008
11   -0.0008
12   -0.0008
13   -0.0008
14   -0.0008
15   -0.0009
16   -0.0008
17   -0.0008
18   -0.0008
19   -0.0008
20   -0.0004
21   -0.0000
22   0.0004
23   0.0006
24   0.0008
25   0.0012
26   0.0014
27   0.0018
28   0.0021
29   0.0025
30   0.0028
31   0.0031
32   0.0034
33   0.0036
34   0.0038
35   0.0040
36   0.0041
37   0.0043
38   0.0046
39   0.0046
40   0.0047
41   0.0049
42   0.0051
43   0.0050
44   0.0052
45   0.0053
46   0.0053
47   0.0055
48   0.0056
49   0.0056
50   0.0057
51   0.0059
52   0.0061
53   0.0063
54   0.0064
55   0.0066
56   0.0066
57   0.0070
58   0.0070
59   0.0071
60   0.0072
61   0.0073
62   0.0074
63   0.0076
64   0.0076
65   0.0077
66   0.0078
67   0.0078
68   0.0078
69   0.0078
70   0.0077
71   0.0077
72   0.0076
73   0.0076
74   0.0075
75   0.0076
76   0.0076
77   0.0077
78   0.0076
79   0.0077
80   0.0076
81   0.0077
82   0.0077
83   0.0079
84   0.0082
85   0.0084
86   0.0087
87   0.0090
88   0.0093
89   0.0093
90   0.0095
91   0.0097
92   0.0100
93   0.0102
94   0.0103
95   0.0105
96   0.0106
97   0.0109
98   0.0111
99   0.0113
100   0.0115
101   0.0117
102   0.0117
103   0.0119
104   0.0120
105   0.0121
106   0.0121
107   0.0123
108   0.0123
109   0.0124
110   0.0124
111   0.0124
112   0.0125
113   0.0125
114   0.0126
115   0.0126
116   0.0127
117   0.0128
118   0.0129
119   0.0129
120   0.0130
121   0.0131
122   0.0132
123   0.0132
124   0.0133
125   0.0134
126   0.0135
127   0.0136
128   0.0137
129   0.0138
130   0.0139
131   0.0141
132   0.0143
133   0.0144
134   0.0146
135   0.0148
136   0.0150
137   0.0151
138   0.0154
139   0.0155
140   0.0159
141   0.0162
142   0.0165
143   0.0167
144   0.0170
145   0.0172
146   0.0175
147   0.0177
148   0.0180
149   0.0183
150   0.0185
151   0.0190
152   0.0193
153   0.0196
154   0.0200
155   0.0203
156   0.0209
157   0.0212
158   0.0217
159   0.0220
160   0.0223
161   0.0225
162   0.0226
163   0.0227
164   0.0229
165   0.0230
166   0.0232
167   0.0232
168   0.0235
169   0.0237
170   0.0239
171   0.0242
172   0.0243
173   0.0243
174   0.0245
175   0.0248
176   0.0249
177   0.0251
178   0.0253
179   0.0254
180   0.0256
181   0.0257
182   0.0258
183   0.0260
184   0.0261
185   0.0263
186   0.0264
187   0.0265
188   0.0267
189   0.0267
190   0.0268
191   0.0269
192   0.0269
193   0.0270
194   0.0270
195   0.0271
196   0.0271
197   0.0271
198   0.0272
199   0.0273
200   0.0274
