0   0.0000
1   0.0001
2   0.0007
3   0.0017
4   0.0030
5   0.0046
6   0.0062
7   0.0081
8   0.0104
9   0.0129
10   0.0158
11   0.0191
12   0.0225
13   0.0260
14   0.0298
15   0.0334
16   0.0370
17   0.0404
18   0.0436
19   0.0465
20   0.0493
21   0.0521
22   0.0547
23   0.0576
24   0.0600
25   0.0625
26   0.0650
27   0.0679
28   0.0705
29   0.0730
30   0.0756
31   0.0780
32   0.0803
33   0.0825
34   0.0846
35   0.0869
36   0.0891
37   0.0912
38   0.0931
39   0.0949
40   0.0966
41   0.0983
42   0.0999
43   0.1015
44   0.1030
45   0.1044
46   0.1058
47   0.1074
48   0.1088
49   0.1103
50   0.1117
51   0.1130
52   0.1143
53   0.1155
54   0.1167
55   0.1180
56   0.1192
57   0.1206
58   0.1218
59   0.1232
60   0.1246
61   0.1261
62   0.1275
63   0.1290
64   0.1302
65   0.1314
66   0.1327
67   0.1341
68   0.1352
69   0.1364
70   0.1377
71   0.1391
72   0.1406
73   0.1423
74   0.1439
75   0.1453
76   0.1467
77   0.1482
78   0.1496
79   0.1511
80   0.1527
81   0.1541
82   0.1554
83   0.1567
84   0.1582
85   0.1597
86   0.1612
87   0.1628
88   0.1643
89   0.1658
90   0.1671
91   0.1684
92   0.1697
93   0.1710
94   0.1723
95   0.1738
96   0.1752
97   0.1767
98   0.1781
99   0.1794
100   0.1808
101   0.1820
102   0.1833
103   0.1847
104   0.1860
105   0.1873
106   0.1886
107   0.1898
108   0.1911
109   0.1923
110   0.1935
111   0.1949
112   0.1963
113   0.1978
114   0.1991
115   0.2004
116   0.2018
117   0.2030
118   0.2043
119   0.2054
120   0.2065
121   0.2076
122   0.2088
123   0.2099
124   0.2110
125   0.2121
126   0.2131
127   0.2142
128   0.2153
129   0.2164
130   0.2176
131   0.2189
132   0.2205
133   0.2221
134   0.2236
135   0.2251
136   0.2266
137   0.2281
138   0.2295
139   0.2311
140   0.2325
141   0.2340
142   0.2355
143   0.2370
144   0.2384
145   0.2399
146   0.2414
147   0.2430
148   0.2444
149   0.2458
150   0.2472
151   0.2487
152   0.2503
153   0.2519
154   0.2534
155   0.2551
156   0.2567
157   0.2581
158   0.2598
159   0.2614
160   0.2629
161   0.2643
162   0.2659
163   0.2674
164   0.2688
165   0.2703
166   0.2717
167   0.2732
168   0.2746
169   0.2761
170   0.2776
171   0.2791
172   0.2806
173   0.2822
174   0.2837
175   0.2852
176   0.2866
177   0.2882
178   0.2897
179   0.2911
180   0.2925
181   0.2940
182   0.2954
183   0.2968
184   0.2983
185   0.2998
186   0.3013
187   0.3029
188   0.3043
189   0.3058
190   0.3071
191   0.3084
192   0.3096
193   0.3108
194   0.3120
195   0.3134
196   0.3148
197   0.3163
198   0.3178
199   0.3195
200   0.3210
