0   0.0000
1   -0.0000
2   0.0000
3   0.0002
4   0.0004
5   0.0007
6   0.0011
7   0.0014
8   0.0018
9   0.0022
10   0.0027
11   0.0032
12   0.0038
13   0.0044
14   0.0051
15   0.0058
16   0.0064
17   0.0071
18   0.0078
19   0.0086
20   0.0095
21   0.0105
22   0.0117
23   0.0128
24   0.0141
25   0.0153
26   0.0165
27   0.0179
28   0.0191
29   0.0203
30   0.0216
31   0.0227
32   0.0239
33   0.0250
34   0.0262
35   0.0273
36   0.0284
37   0.0296
38   0.0307
39   0.0318
40   0.0331
41   0.0344
42   0.0354
43   0.0366
44   0.0377
45   0.0388
46   0.0399
47   0.0410
48   0.0424
49   0.0437
50   0.0450
51   0.0464
52   0.0475
53   0.0489
54   0.0502
55   0.0514
56   0.0526
57   0.0539
58   0.0551
59   0.0563
60   0.0574
61   0.0585
62   0.0595
63   0.0607
64   0.0620
65   0.0632
66   0.0644
67   0.0657
68   0.0670
69   0.0682
70   0.0695
71   0.0708
72   0.0722
73   0.0737
74   0.0753
75   0.0767
76   0.0780
77   0.0794
78   0.0807
79   0.0821
80   0.0834
81   0.0847
82   0.0861
83   0.0873
84   0.0888
85   0.0902
86   0.0919
87   0.0936
88   0.0952
89   0.0970
90   0.0986
91   0.1002
92   0.1019
93   0.1037
94   0.1052
95   0.1070
96   0.1083
97   0.1097
98   0.1111
99   0.1125
100   0.1138
101   0.1153
102   0.1166
103   0.1180
104   0.1194
105   0.1208
106   0.1223
107   0.1239
108   0.1254
109   0.1268
110   0.1282
111   0.1297
112   0.1311
113   0.1327
114   0.1341
115   0.1356
116   0.1368
117   0.1382
118   0.1396
119   0.1412
120   0.1427
121   0.1440
122   0.1456
123   0.1470
124   0.1485
125   0.1499
126   0.1513
127   0.1527
128   0.1540
129   0.1554
130   0.1568
131   0.1585
132   0.1602
133   0.1620
134   0.1637
135   0.1654
136   0.1673
137   0.1690
138   0.1707
139   0.1725
140   0.1743
141   0.1762
142   0.1778
143   0.1797
144   0.1813
145   0.1829
146   0.1844
147   0.1860
148   0.1874
149   0.1891
150   0.1908
151   0.1925
152   0.1942
153   0.1958
154   0.1974
155   0.1993
156   0.2008
157   0.2024
158   0.2039
159   0.2055
160   0.2068
161   0.2082
162   0.2096
163   0.2109
164   0.2122
165   0.2135
166   0.2149
167   0.2163
168   0.2177
169   0.2191
170   0.2206
171   0.2221
172   0.2236
173   0.2250
174   0.2263
175   0.2278
176   0.2292
177   0.2307
178   0.2321
179   0.2335
180   0.2350
181   0.2363
182   0.2375
183   0.2388
184   0.2403
185   0.2416
186   0.2431
187   0.2444
188   0.2456
189   0.2470
190   0.2484
191   0.2496
192   0.2508
193   0.2520
194   0.2531
195   0.2544
196   0.2555
197   0.2567
198   0.2579
199   0.2591
200   0.2603
