0   0.0000
1   0.0014
2   0.0053
3   0.0107
4   0.0171
5   0.0239
6   0.0311
7   0.0389
8   0.0473
9   0.0556
10   0.0648
11   0.0740
12   0.0836
13   0.0939
14   0.1044
15   0.1151
16   0.1258
17   0.1367
18   0.1473
19   0.1584
20   0.1685
21   0.1784
22   0.1879
23   0.1978
24   0.2075
25   0.2172
26   0.2271
27   0.2368
28   0.2468
29   0.2564
30   0.2658
31   0.2751
32   0.2844
33   0.2936
34   0.3025
35   0.3114
36   0.3200
37   0.3285
38   0.3370
39   0.3456
40   0.3540
41   0.3623
42   0.3703
43   0.3782
44   0.3859
45   0.3932
46   0.4002
47   0.4072
48   0.4141
49   0.4214
50   0.4282
51   0.4350
52   0.4418
53   0.4484
54   0.4550
55   0.4619
56   0.4685
57   0.4752
58   0.4820
59   0.4890
60   0.4963
61   0.5036
62   0.5108
63   0.5183
64   0.5257
65   0.5331
66   0.5402
67   0.5473
68   0.5542
69   0.5613
70   0.5683
71   0.5751
72   0.5820
73   0.5890
74   0.5960
75   0.6028
76   0.6099
77   0.6169
78   0.6234
79   0.6309
80   0.6376
81   0.6438
82   0.6500
83   0.6563
84   0.6626
85   0.6691
86   0.6759
87   0.6821
88   0.6880
89   0.6936
90   0.6994
91   0.7051
92   0.7109
93   0.7165
94   0.7228
95   0.7287
96   0.7342
97   0.7398
98   0.7451
99   0.7503
100   0.7555
101   0.7607
102   0.7658
103   0.7711
104   0.7764
105   0.7816
106   0.7868
107   0.7920
108   0.7969
109   0.8016
110   0.8066
111   0.8115
112   0.8165
113   0.8213
114   0.8262
115   0.8314
116   0.8364
117   0.8410
118   0.8457
119   0.8504
120   0.8553
121   0.8604
122   0.8655
123   0.8705
124   0.8759
125   0.8811
126   0.8861
127   0.8915
128   0.8968
129   0.9019
130   0.9071
131   0.9120
132   0.9170
133   0.9219
134   0.9266
135   0.9314
136   0.9363
137   0.9410
138   0.9458
139   0.9505
140   0.9552
141   0.9598
142   0.9646
143   0.9694
144   0.9743
145   0.9792
146   0.9839
147   0.9887
148   0.9935
149   0.9981
150   1.0027
151   1.0072
152   1.0118
153   1.0165
154   1.0212
155   1.0257
156   1.0303
157   1.0350
158   1.0396
159   1.0443
160   1.0489
161   1.0535
162   1.0583
163   1.0630
164   1.0676
165   1.0721
166   1.0767
167   1.0812
168   1.0857
169   1.0902
170   1.0946
171   1.0989
172   1.1033
173   1.1079
174   1.1126
175   1.1172
176   1.1217
177   1.1260
178   1.1303
179   1.1347
180   1.1389
181   1.1430
182   1.1472
183   1.1518
184   1.1562
185   1.1605
186   1.1647
187   1.1690
188   1.1734
189   1.1778
190   1.1822
191   1.1865
192   1.1907
193   1.1949
194   1.1991
195   1.2032
196   1.2074
197   1.2119
198   1.2163
199   1.2205
200   1.2246
