0   0.0000
1   -0.0002
2   -0.0003
3   -0.0005
4   -0.0007
5   -0.0009
6   -0.0010
7   -0.0013
8   -0.0014
9   -0.0016
10   -0.0017
11   -0.0018
12   -0.0020
13   -0.0021
14   -0.0021
15   -0.0022
16   -0.0023
17   -0.0025
18   -0.0026
19   -0.0026
20   -0.0023
21   -0.0022
22   -0.0020
23   -0.0020
24   -0.0018
25   -0.0015
26   -0.0014
27   -0.0012
28   -0.0012
29   -0.0009
30   -0.0008
31   -0.0007
32   -0.0006
33   -0.0005
34   -0.0004
35   -0.0004
36   -0.0003
37   -0.0004
38   -0.0004
39   -0.0004
40   -0.0004
41   -0.0004
42   -0.0002
43   -0.0001
44   0.0000
45   0.0000
46   0.0001
47   0.0001
48   0.0001
49   0.0001
50   0.0001
51   0.0001
52   0.0001
53   0.0000
54   0.0000
55   0.0000
56   0.0000
57   -0.0000
58   -0.0001
59   -0.0001
60   -0.0002
61   -0.0004
62   -0.0004
63   -0.0006
64   -0.0007
65   -0.0008
66   -0.0010
67   -0.0011
68   -0.0013
69   -0.0013
70   -0.0014
71   -0.0016
72   -0.0017
73   -0.0019
74   -0.0020
75   -0.0021
76   -0.0021
77   -0.0022
78   -0.0022
79   -0.0024
80   -0.0025
81   -0.0025
82   -0.0027
83   -0.0027
84   -0.0027
85   -0.0026
86   -0.0026
87   -0.0026
88   -0.0025
89   -0.0024
90   -0.0023
91   -0.0023
92   -0.0022
93   -0.0021
94   -0.0019
95   -0.0019
96   -0.0017
97   -0.0017
98   -0.0017
99   -0.0017
100   -0.0017
101   -0.0017
102   -0.0017
103   -0.0018
104   -0.0017
105   -0.0018
106   -0.0018
107   -0.0018
108   -0.0018
109   -0.0018
110   -0.0018
111   -0.0018
112   -0.0019
113   -0.0020
114   -0.0021
115   -0.0021
116   -0.0022
117   -0.0023
118   -0.0023
119   -0.0022
120   -0.0023
121   -0.0024
122   -0.0025
123   -0.0025
124   -0.0025
125   -0.0025
126   -0.0026
127   -0.0026
128   -0.0027
129   -0.0026
130   -0.0027
131   -0.0025
132   -0.0023
133   -0.0023
134   -0.0021
135   -0.0022
136   -0.0021
137   -0.0021
138   -0.0019
139   -0.0017
140   -0.0014
141   -0.0011
142   -0.0008
143   -0.0005
144   -0.0002
145   -0.0000
146   0.0001
147   0.0003
148   0.0004
149   0.0006
150   0.0007
151   0.0009
152   0.0012
153   0.0015
154   0.0016
155   0.0018
156   0.0020
157   0.0021
158   0.0024
159   0.0025
160   0.0027
161   0.0029
162   0.0030
163   0.0031
164   0.0032
165   0.0033
166   0.0034
167   0.0035
168   0.0036
169   0.0038
170   0.0040
171   0.0043
172   0.0045
173   0.0046
174   0.0047
175   0.0048
176   0.0050
177   0.0051
178   0.0052
179   0.0053
180   0.0053
181   0.0054
182   0.0054
183   0.0055
184   0.0056
185   0.0055
186   0.0054
187   0.0054
188   0.0053
189   0.0054
190   0.0053
191   0.0052
192   0.0052
193   0.0051
194   0.0050
195   0.0050
196   0.0051
197   0.0050
198   0.0050
199   0.0050
200   0.0050
