0   0.0000
1   -0.0002
2   -0.0003
3   -0.0003
4   -0.0004
5   -0.0005
6   -0.0005
7   -0.0006
8   -0.0006
9   -0.0006
10   -0.0006
11   -0.0005
12   -0.0005
13   -0.0005
14   -0.0004
15   -0.0003
16   -0.0001
17   -0.0000
18   0.0000
19   0.0002
20   0.0007
21   0.0011
22   0.0015
23   0.0018
24   0.0023
25   0.0028
26   0.0032
27   0.0036
28   0.0039
29   0.0044
30   0.0048
31   0.0052
32   0.0057
33   0.0060
34   0.0064
35   0.0066
36   0.0069
37   0.0073
38   0.0077
39   0.0080
40   0.0083
41   0.0086
42   0.0089
43   0.0092
44   0.0095
45   0.0098
46   0.0101
47   0.0104
48   0.0107
49   0.0112
50   0.0115
51   0.0119
52   0.0124
53   0.0129
54   0.0132
55   0.0135
56   0.0139
57   0.0143
58   0.0146
59   0.0150
60   0.0154
61   0.0158
62   0.0161
63   0.0164
64   0.0167
65   0.0172
66   0.0175
67   0.0179
68   0.0183
69   0.0186
70   0.0190
71   0.0195
72   0.0199
73   0.0203
74   0.0206
75   0.0211
76   0.0215
77   0.0219
78   0.0222
79   0.0226
80   0.0229
81   0.0232
82   0.0236
83   0.0241
84   0.0247
85   0.0253
86   0.0259
87   0.0264
88   0.0270
89   0.0275
90   0.0280
91   0.0287
92   0.0293
93   0.0299
94   0.0305
95   0.0310
96   0.0317
97   0.0323
98   0.0328
99   0.0334
100   0.0340
101   0.0345
102   0.0351
103   0.0356
104   0.0361
105   0.0366
106   0.0372
107   0.0377
108   0.0381
109   0.0384
110   0.0389
111   0.0394
112   0.0399
113   0.0402
114   0.0407
115   0.0413
116   0.0417
117   0.0421
118   0.0426
119   0.0431
120   0.0435
121   0.0440
122   0.0445
123   0.0450
124   0.0455
125   0.0460
126   0.0465
127   0.0471
128   0.0475
129   0.0481
130   0.0486
131   0.0492
132   0.0499
133   0.0506
134   0.0512
135   0.0518
136   0.0525
137   0.0531
138   0.0538
139   0.0546
140   0.0553
141   0.0561
142   0.0569
143   0.0576
144   0.0583
145   0.0590
146   0.0598
147   0.0605
148   0.0612
149   0.0618
150   0.0624
151   0.0632
152   0.0640
153   0.0648
154   0.0656
155   0.0662
156   0.0669
157   0.0676
158   0.0682
159   0.0687
160   0.0694
161   0.0701
162   0.0706
163   0.0713
164   0.0719
165   0.0724
166   0.0730
167   0.0735
168   0.0741
169   0.0748
170   0.0756
171   0.0763
172   0.0771
173   0.0777
174   0.0784
175   0.0789
176   0.0795
177   0.0801
178   0.0808
179   0.0814
180   0.0820
181   0.0825
182   0.0831
183   0.0836
184   0.0841
185   0.0847
186   0.0852
187   0.0858
188   0.0862
189   0.0867
190   0.0872
191   0.0876
192   0.0881
193   0.0886
194   0.0890
195   0.0894
196   0.0898
197   0.0903
198   0.0909
199   0.0915
200   0.0919
