0   0.0000
1   -0.0001
2   -0.0000
3   0.0000
4   0.0003
5   0.0005
6   0.0007
7   0.0010
8   0.0014
9   0.0018
10   0.0023
11   0.0029
12   0.0035
13   0.0040
14   0.0046
15   0.0050
16   0.0055
17   0.0060
18   0.0066
19   0.0072
20   0.0080
21   0.0090
22   0.0099
23   0.0107
24   0.0116
25   0.0125
26   0.0135
27   0.0145
28   0.0154
29   0.0164
30   0.0173
31   0.0181
32   0.0189
33   0.0198
34   0.0205
35   0.0212
36   0.0220
37   0.0227
38   0.0234
39   0.0242
40   0.0250
41   0.0257
42   0.0264
43   0.0271
44   0.0279
45   0.0286
46   0.0293
47   0.0301
48   0.0310
49   0.0319
50   0.0326
51   0.0334
52   0.0342
53   0.0351
54   0.0359
55   0.0365
56   0.0371
57   0.0378
58   0.0384
59   0.0391
60   0.0397
61   0.0404
62   0.0410
63   0.0416
64   0.0423
65   0.0429
66   0.0435
67   0.0441
68   0.0446
69   0.0451
70   0.0456
71   0.0461
72   0.0466
73   0.0471
74   0.0476
75   0.0481
76   0.0487
77   0.0493
78   0.0499
79   0.0503
80   0.0509
81   0.0513
82   0.0518
83   0.0522
84   0.0528
85   0.0533
86   0.0539
87   0.0544
88   0.0549
89   0.0555
90   0.0559
91   0.0564
92   0.0569
93   0.0574
94   0.0578
95   0.0583
96   0.0589
97   0.0594
98   0.0599
99   0.0603
100   0.0608
101   0.0613
102   0.0617
103   0.0622
104   0.0626
105   0.0629
106   0.0634
107   0.0638
108   0.0642
109   0.0647
110   0.0651
111   0.0656
112   0.0660
113   0.0664
114   0.0668
115   0.0672
116   0.0677
117   0.0680
118   0.0684
119   0.0689
120   0.0693
121   0.0696
122   0.0700
123   0.0705
124   0.0708
125   0.0712
126   0.0716
127   0.0721
128   0.0724
129   0.0729
130   0.0736
131   0.0742
132   0.0747
133   0.0753
134   0.0760
135   0.0767
136   0.0774
137   0.0779
138   0.0784
139   0.0789
140   0.0795
141   0.0800
142   0.0805
143   0.0810
144   0.0816
145   0.0822
146   0.0829
147   0.0835
148   0.0841
149   0.0846
150   0.0851
151   0.0857
152   0.0863
153   0.0868
154   0.0874
155   0.0879
156   0.0884
157   0.0890
158   0.0894
159   0.0898
160   0.0903
161   0.0908
162   0.0915
163   0.0921
164   0.0927
165   0.0933
166   0.0938
167   0.0944
168   0.0950
169   0.0955
170   0.0962
171   0.0968
172   0.0974
173   0.0980
174   0.0986
175   0.0993
176   0.0998
177   0.1004
178   0.1011
179   0.1018
180   0.1025
181   0.1033
182   0.1039
183   0.1046
184   0.1050
185   0.1054
186   0.1058
187   0.1062
188   0.1067
189   0.1072
190   0.1076
191   0.1081
192   0.1087
193   0.1090
194   0.1093
195   0.1097
196   0.1100
197   0.1104
198   0.1108
199   0.1111
200   0.1115
