-0.000000000000000000e+00
1.653777071228166966e-03
3.349684775521941278e-03
5.069361498022265447e-03
6.809034362470708229e-03
8.563732194517401433e-03
1.032752409472535715e-02
1.210161679648865188e-02
1.388892704785916685e-02
1.569011846073054342e-02
1.751194953447254843e-02
1.935499105926740196e-02
2.121275302175389121e-02
2.309062906922103309e-02
2.497405633963423882e-02
2.687314512355058749e-02
2.878345597839656114e-02
3.070915150453329065e-02
3.264997124090899400e-02
3.461794893628761249e-02
3.659680341165293810e-02
3.858646840854960958e-02
4.058924733008214408e-02
4.259826922016861361e-02
4.462174558078512571e-02
4.665167670083959772e-02
4.867805459526599460e-02
5.071441625813585818e-02
5.275357534850420860e-02
5.479862225782566182e-02
5.684604499217671414e-02
5.888996658131507439e-02
6.094824356342531252e-02
6.302293124113780842e-02
6.509550293118017417e-02
6.716615296627528875e-02
6.926029752545374840e-02
7.134935139717520081e-02
7.343908796781409287e-02
7.552518202350097520e-02
7.761069555153350674e-02
7.969346038114137609e-02
8.177964411191861183e-02
8.385915849002237299e-02
8.594068230796628183e-02
8.802451355702366198e-02
9.011730834387969569e-02
9.221381555317229028e-02
9.432127999436933086e-02
9.642834047124232422e-02
9.854838296138587750e-02
1.006650190389691002e-01
1.027817692255262594e-01
1.049068019836825461e-01
1.070381809965533920e-01
1.091789287624034682e-01
1.113279900078571194e-01
1.134738280158818641e-01
1.156179031185380485e-01
1.177603194031639489e-01
1.199137920487227671e-01
1.220576660817545289e-01
1.241962061230036662e-01
1.263374498540695834e-01
1.284883649791419002e-01
1.306327658600768549e-01
1.327964374860595431e-01
1.349679592148754770e-01
1.371397173923886714e-01
1.393174597063059905e-01
1.415086860576159622e-01
1.436860736703130248e-01
1.458797517041719727e-01
1.480818358487691333e-01
1.502827868752346641e-01
1.524917207086570470e-01
1.546999172925077881e-01
1.569072852528626272e-01
1.591091401345757494e-01
1.613037458684953573e-01
1.635048131787974479e-01
1.657023893533557113e-01
1.679123141407007080e-01
1.701241094239083207e-01
1.723337749076483960e-01
1.745401328836908850e-01
1.767535707663918099e-01
1.789753535963034825e-01
1.811990513164651873e-01
1.834335738888681344e-01
1.856730586938775407e-01
1.879453532401734739e-01
1.902505537245818279e-01
1.925750724833517058e-01
1.949200902939173530e-01
1.972814072076762570e-01
1.996438969049836309e-01
2.020006817048752568e-01
2.043441649411505134e-01
2.066547613094099345e-01
2.089666285776499155e-01
2.113104536911485365e-01
2.136505154277480445e-01
2.160030381565083424e-01
2.183502802555338518e-01
2.206768288038467585e-01
2.229725842917834600e-01
2.252580584066452563e-01
2.275632395764413118e-01
2.298650839359496489e-01
2.322042821163446680e-01
2.345598248383614914e-01
2.369166815650485258e-01
2.392733702912573368e-01
2.416244512005460421e-01
2.439622098399120143e-01
2.462983403066779931e-01
2.486477410302473101e-01
2.510113744954305393e-01
2.534068257629803478e-01
2.558242282828496750e-01
2.582516842818836089e-01
2.606851600135965397e-01
2.631168177662825403e-01
2.655546789152991027e-01
2.679860698084293724e-01
2.704293426993354954e-01
2.728918083408732320e-01
2.753501799585069132e-01
2.778108752211289056e-01
2.802756246331015166e-01
2.827598663936031209e-01
2.852555709662917272e-01
2.877636617933977403e-01
2.902803724162577592e-01
2.927908351381612317e-01
2.953121889120913224e-01
2.978386711288885658e-01
3.003858703388619933e-01
3.029531939124194273e-01
3.055064694060442010e-01
3.080855678765248018e-01
3.106905916393452038e-01
3.133058876231901713e-01
3.159225518903429064e-01
3.185364200297668980e-01
3.211376772669230495e-01
3.237357619132058550e-01
3.263470652631495494e-01
3.289730277129192526e-01
3.316105058979266218e-01
3.342522531196667757e-01
3.368674178953112164e-01
3.394703826774863042e-01
3.420701114424666844e-01
3.446746712180437378e-01
3.473009549338318958e-01
3.499549641775507869e-01
3.526295943139509115e-01
3.553175257156108713e-01
3.580400586063424706e-01
3.607731379206126077e-01
3.635271807644484543e-01
3.662672352080832416e-01
3.690249069915143010e-01
3.717980037375679947e-01
3.746101904633127866e-01
3.774941103615145899e-01
3.803867088226251525e-01
3.832858315429581442e-01
3.861896903230891409e-01
3.890774156440652831e-01
3.919824117986729362e-01
3.948785800035737870e-01
3.977744463583174350e-01
4.006655699643205115e-01
4.035616065643859995e-01
4.064651216501657394e-01
4.093477577600939110e-01
4.122265200258901086e-01
4.151064882277582524e-01
4.179786343929458581e-01
4.208698405272049414e-01
4.237382247914994182e-01
4.266382482537331433e-01
4.295307057103535664e-01
4.324254395671562334e-01
4.353268103408568512e-01
4.382329200332230057e-01
4.411579100008593546e-01
4.441021497092642600e-01
4.471198785559185596e-01
4.502318952710401834e-01
4.533910834890333974e-01
4.565765682765930422e-01
4.597166859513188153e-01
4.628218535819607626e-01
4.659105672648637397e-01
4.690047200499785629e-01
4.720894144022044214e-01
4.751746092994678650e-01
