-0.000000000000000000e+00
1.630760114171098119e-03
3.276270484625054460e-03
4.925716384218114911e-03
6.580986871268698288e-03
8.240219600364785679e-03
9.897575030000757557e-03
1.155402728061392069e-02
1.321133601914526584e-02
1.488010794792866444e-02
1.655833932025983779e-02
1.824681126491310007e-02
1.993450030799362102e-02
2.163013767284727509e-02
2.332341519978382849e-02
2.502209073041310183e-02
2.672092620250270112e-02
2.842421664145892979e-02
3.012752926450767282e-02
3.183917501765196750e-02
3.355342037518287829e-02
3.527015093292725639e-02
3.698229640296205739e-02
3.869300579034154475e-02
4.040089986545709194e-02
4.210900184737365048e-02
4.381231907541385806e-02
4.551360006400573255e-02
4.720730270760257336e-02
4.890149692059986980e-02
5.059645855154745048e-02
5.228997409235765226e-02
5.398460943410062635e-02
5.569028363445298335e-02
5.738457189753383425e-02
5.908282333719044183e-02
6.079421621994390151e-02
6.250810021488142909e-02
6.421455436895535940e-02
6.592539006535776125e-02
6.763653075955154692e-02
6.935456086224113526e-02
7.106931388656301252e-02
7.278547112079021553e-02
7.450547592318472467e-02
7.622881740640932713e-02
7.795109434837245443e-02
7.967425402686542646e-02
8.139548578117801469e-02
8.310834982720481656e-02
8.483479249700000280e-02
8.656011294171368775e-02
8.827324039988920790e-02
8.999323122661348484e-02
9.170722073355273840e-02
9.342543793154399479e-02
9.513278645765639585e-02
9.683999904917466039e-02
9.855415725100312441e-02
1.002498523876671072e-01
1.019548185226750031e-01
1.036573835377908592e-01
1.053519295475819212e-01
1.070496456829646420e-01
1.087458302456505710e-01
1.104478412794408920e-01
1.121551762584643286e-01
1.138630331098194060e-01
1.155713546551235399e-01
1.172859193221924973e-01
1.189851532505685344e-01
1.206877879761793226e-01
1.223829889007150840e-01
1.240774397746879504e-01
1.257745098234374082e-01
1.274682293946571565e-01
1.291553926024800181e-01
1.308467313081828898e-01
1.325269226547527990e-01
1.342059588217400512e-01
1.358807441015077999e-01
1.375498669520213990e-01
1.392045010087662182e-01
1.408600406655941273e-01
1.425087485038152857e-01
1.441229416796036555e-01
1.457874518132556141e-01
1.474634546369164578e-01
1.491313136024164376e-01
1.507992679090354726e-01
1.524553475933736468e-01
1.540868201638064261e-01
1.557151369319118017e-01
1.573426930853496497e-01
1.589668054338039260e-01
1.605922922301866451e-01
1.622312478314846540e-01
1.638854951648842373e-01
1.655405928724812958e-01
1.671985441763531033e-01
1.688439738829494163e-01
1.704744487637973316e-01
1.721028348406678510e-01
1.737358201144182934e-01
1.753874652815137491e-01
1.770449120234531826e-01
1.786998819522081783e-01
1.803542454616351154e-01
1.820068112871006394e-01
1.836620119459326517e-01
1.852832406442310731e-01
1.868934124424127818e-01
1.884987792410869056e-01
1.901108836542471925e-01
1.917424154878004661e-01
1.933927200847861960e-01
1.950315370985626906e-01
1.966784769841512237e-01
1.983271747602430579e-01
1.999745520056507297e-01
2.016305120790362337e-01
2.032851369280603282e-01
2.049326319165110377e-01
2.065742081838466138e-01
2.082191684724214453e-01
2.098665156007339105e-01
2.115055481513250513e-01
2.131522558860483585e-01
2.148153228561591188e-01
2.164819683464554723e-01
2.181519170160184928e-01
2.198283996315926747e-01
2.214964942588739660e-01
2.231594518792753834e-01
2.248228637949677977e-01
2.264837627614268156e-01
2.281472741118120151e-01
2.298340106989566756e-01
2.315251531811293451e-01
2.332253355601036915e-01
2.349424017734922376e-01
2.366670885839174121e-01
2.383924772416095017e-01
2.400972579813986929e-01
2.418016768024244811e-01
2.434970339824189256e-01
2.451965694105353311e-01
2.468952907126892304e-01
2.485914628493999246e-01
2.502925362227507167e-01
2.519586955800803274e-01
2.535955681511501969e-01
2.552218899564217547e-01
2.568470061135420535e-01
2.584697859223513694e-01
2.601104491442852162e-01
2.617715250448120479e-01
2.634263713205106661e-01
2.650904461472040063e-01
2.667506091139545399e-01
2.683798838670326536e-01
2.699910530088673877e-01
2.715951245766867750e-01
2.731924321275286394e-01
2.748107197028271664e-01
2.764446251025898249e-01
2.780898165490360840e-01
2.797335211208210048e-01
2.813828871783398688e-01
2.830267791930303201e-01
2.846746698292588751e-01
2.863239525679273090e-01
2.879694912620525127e-01
2.896103867539719379e-01
2.912504754870535173e-01
2.928869380056908778e-01
2.945243012797432725e-01
2.961667172610375487e-01
2.978148370265122358e-01
2.994559484382291470e-01
3.010979224851149105e-01
3.027380383249346218e-01
3.043880002995533740e-01
3.060337540399666878e-01
3.076836433636555013e-01
3.093302698247070714e-01
3.109833901597938710e-01
3.126238494051785666e-01
3.142678736772349657e-01
3.159135518350173477e-01
3.175618228328432879e-01
3.191901449973312266e-01
3.208280981186399372e-01
3.224659414179382733e-01
3.241011766906780056e-01
3.257357646973744747e-01
3.273732064097778505e-01
3.290151906970847917e-01
3.306550619601525964e-01
3.322911860202828471e-01
3.339264833494359208e-01
