-0.000000000000000000e+00
1.659120957637916054e-03
3.376287599883484418e-03
5.147244708666666620e-03
6.988793209002053600e-03
8.878605214992542349e-03
1.080969200537300161e-02
1.275577461829031575e-02
1.470151198948259873e-02
1.668828527450075608e-02
1.870063990024470324e-02
2.072072079708019848e-02
2.275140770258603576e-02
2.479819711900443230e-02
2.685279065075886484e-02
2.891460678563045894e-02
3.098093091591709938e-02
3.306429500068817917e-02
3.516080221303966719e-02
3.726146223856063172e-02
3.936303243037397176e-02
4.146482657897070795e-02
4.357801983199405260e-02
4.569431456746584491e-02
4.781257802387764433e-02
4.992482434847740624e-02
5.204413768841320564e-02
5.418728229971259830e-02
5.634955911235636078e-02
5.852887937185052153e-02
6.070766997556237277e-02
6.291808885437105703e-02
6.515424309130717073e-02
6.739050980853167339e-02
6.962877812435094849e-02
7.186912616164538303e-02
7.410557979278134533e-02
7.633212196651113779e-02
7.856498877492130994e-02
8.081321211809501526e-02
8.307948063349297751e-02
8.535771053977993239e-02
8.764886282755479652e-02
8.993131575894054708e-02
9.222472089580857624e-02
9.453338523425518225e-02
9.684881433902280123e-02
9.917498099839991421e-02
1.015129463588620856e-01
1.038456183090761958e-01
1.061761087494268174e-01
1.084928761247738876e-01
1.108179281236953140e-01
1.131423513209869197e-01
1.154756557428887748e-01
1.178047522192731400e-01
1.201289524505128742e-01
1.224532296632576817e-01
1.247901918671516508e-01
1.271279089388054340e-01
1.294632166728600375e-01
1.317887377432711837e-01
1.341227921214901697e-01
1.364448917129199024e-01
1.387603799588058850e-01
1.410630471884305182e-01
1.433590643772989504e-01
1.456492626485449693e-01
1.479370756133324694e-01
1.502171777190764168e-01
1.524969494271801729e-01
1.547794483549349287e-01
1.570607932275058238e-01
1.593404325568315849e-01
1.616254105060945800e-01
1.639138979127887918e-01
1.662037646046339301e-01
1.684834362053805601e-01
1.707590012266624602e-01
1.730390065101178043e-01
1.753181848625867956e-01
1.775927530395845222e-01
1.798708491268699583e-01
1.821546975297021198e-01
1.844381036781406191e-01
1.867258698042878196e-01
1.890201485003769888e-01
1.913418707755029091e-01
1.936720490028598085e-01
1.960008485128421074e-01
1.983395426280868956e-01
2.006640794022503116e-01
2.029916358759661921e-01
2.053300023528517038e-01
2.076620446932651021e-01
2.099902562371003811e-01
2.123245927880348105e-01
2.146563602988190433e-01
2.169874292030360974e-01
2.193158982346269936e-01
2.216410661512014657e-01
2.239667104108463147e-01
2.263034907642627602e-01
2.286435958101838140e-01
2.309783278381677407e-01
2.333074922181284649e-01
2.356426552923492623e-01
2.379759758485746612e-01
2.403073025773614091e-01
2.426390640330753079e-01
2.449804133813648088e-01
2.473317251437359421e-01
2.496848060532966540e-01
2.520436090961669651e-01
2.544086383651551486e-01
2.567862527937679329e-01
2.591749241374478041e-01
2.615926223399719919e-01
2.640191651776411241e-01
2.664515479278681265e-01
2.688886907156062267e-01
2.713140265593529943e-01
2.737209921548763303e-01
2.761179598624485809e-01
2.785056525597492394e-01
2.808819389682657985e-01
2.832611211174861365e-01
2.856429385421587752e-01
2.880304623790450602e-01
2.904290121528161905e-01
2.928359492220427018e-01
2.952544646141468943e-01
2.976751507222772375e-01
3.000951586298822304e-01
3.025084077227353507e-01
3.049180137190901640e-01
3.073131776825848704e-01
3.097021970696134385e-01
3.120811669283545808e-01
3.144521267978921397e-01
3.168175652565931033e-01
3.191814138816175817e-01
3.215401200164122453e-01
3.239028916031272409e-01
3.262603508354046111e-01
3.286400863149248064e-01
3.310259359228835963e-01
3.334115774139702615e-01
3.358017049824649769e-01
3.381869226601919576e-01
3.405752583722562732e-01
3.429524867002620714e-01
3.453241152085186894e-01
3.476964426726381618e-01
3.500695248076458599e-01
3.524406634946619099e-01
3.548091218992506235e-01
3.571754131568288804e-01
3.595410987644087619e-01
3.619001399768520533e-01
3.642699031867898674e-01
3.666418869338572417e-01
3.690096777970873210e-01
3.713816910880738398e-01
3.737451647317137082e-01
3.761011890235765320e-01
3.784509280544781085e-01
3.807983172098084457e-01
3.831490580968102688e-01
3.855006685329843141e-01
3.878523143205830359e-01
3.901967172640364301e-01
3.925390283192300989e-01
3.948705797799034745e-01
3.971985628831693482e-01
3.995248872788403904e-01
4.018476999243266734e-01
4.041637094379135209e-01
4.064817257081684287e-01
4.088096323497563134e-01
4.111342602541937508e-01
4.134534284719871278e-01
4.157737726616926865e-01
4.180857199215883835e-01
4.203919811735710721e-01
4.226887436348630844e-01
4.249872907156463375e-01
4.272808753180188379e-01
4.295741646395251911e-01
4.318564447950573038e-01
4.341394374848777660e-01
4.364251821490834904e-01
4.386997631184466062e-01
4.409767202968057909e-01
4.432534510313924647e-01
4.455293433135390502e-01
4.478066892419408918e-01
4.500824363428231889e-01
4.523584404424786376e-01
4.546336757159855080e-01
4.569098181258546276e-01
