-0.000000000000000000e+00
1.665872693421854758e-03
3.400339842164288879e-03
5.178256237351816157e-03
6.986468249716818422e-03
8.824944618733138874e-03
1.068829918918936563e-02
1.256971140416147763e-02
1.447835988178739625e-02
1.642993472521887127e-02
1.842033731000616154e-02
2.044810419190272455e-02
2.249739536359057768e-02
2.457511776560267897e-02
2.667820699661359665e-02
2.882903549237105650e-02
3.101442737304517527e-02
3.322488358500713668e-02
3.546810444185419242e-02
3.773314602636284459e-02
4.002896510373638028e-02
4.235008239497762422e-02
4.469245267967336677e-02
4.705845918033095543e-02
4.945535524395330840e-02
5.188240864060429669e-02
5.433576817655545038e-02
5.680900179207879624e-02
5.930560183820882125e-02
6.183223844333202851e-02
6.437856342223638451e-02
6.694110215446821832e-02
6.953626356500507144e-02
7.216940067072773191e-02
7.483162586135765071e-02
7.755524667598368005e-02
8.031657653999935143e-02
8.309986892092867394e-02
8.590277108776567250e-02
8.873387562030068954e-02
9.158637311670288217e-02
9.447686945112916679e-02
9.739414397811002599e-02
1.003283840763110613e-01
1.032977353838745171e-01
1.062802556300687512e-01
1.093066116349395850e-01
1.123195613303156065e-01
1.154444803731198566e-01
1.185638808000032268e-01
1.216960366331905630e-01
1.248600903235847492e-01
1.280249684676939004e-01
1.312060261524255200e-01
1.343813968120843028e-01
1.375233078425864564e-01
1.406489529252515081e-01
1.437366406543846842e-01
1.468177441067168298e-01
1.499025782726723932e-01
1.529679180777222258e-01
1.560079962300428003e-01
1.590543695907400690e-01
1.621118663920484149e-01
1.651597331131143542e-01
1.682045419218374249e-01
1.712814871109243353e-01
1.744072560321373588e-01
1.775636175677452466e-01
1.807063584008778701e-01
1.838058956583139836e-01
1.868957656617224461e-01
1.899411245016904559e-01
1.929513317407283990e-01
1.959455898547142472e-01
1.989241840629060731e-01
2.019233808135780517e-01
2.048937004554266528e-01
2.078405734558732287e-01
2.107523647419832502e-01
2.136525431573980949e-01
2.165402872215513030e-01
2.194232703233710557e-01
2.222979935543147600e-01
2.251761246100695280e-01
2.280643014229523369e-01
2.309423145829056501e-01
2.338237746620942803e-01
2.366804770391571500e-01
2.395099954103457884e-01
2.423251691270345842e-01
2.451319433779523549e-01
2.479462568316787019e-01
2.507949876907124009e-01
2.536483990108555076e-01
2.565276301411980042e-01
2.594188348989493464e-01
2.623484483177392912e-01
2.652961620974897405e-01
2.682286831235625169e-01
2.711605869922483758e-01
2.740932921855021576e-01
2.770343519585802827e-01
2.799789110983582074e-01
2.829147492962951760e-01
2.858698880913715934e-01
2.888204806201823960e-01
2.917492831193631564e-01
2.946509175840450467e-01
2.975837358342353078e-01
3.004881260534909559e-01
3.034092317411581363e-01
3.063900313891054217e-01
3.093863505832675220e-01
3.124111483386125543e-01
3.154551059058448015e-01
3.185283679551286218e-01
3.216121058686833289e-01
3.247187582929664806e-01
3.278023684712610963e-01
3.308881422890631030e-01
3.339954926739532315e-01
3.371036810930393979e-01
3.401706222330856955e-01
3.432315644156191947e-01
3.463353655631637440e-01
3.494442072153831624e-01
3.525430472431237416e-01
3.556799704842123488e-01
3.588437976939698459e-01
3.620317476355404684e-01
3.652185494748538819e-01
3.684516683925053160e-01
3.717045117534383269e-01
3.749481019596991871e-01
3.782137870036407223e-01
3.814647559215713635e-01
3.847124407785857958e-01
3.879624043945829048e-01
3.912159156351443512e-01
3.944565374819538062e-01
3.976709982763637075e-01
4.009127437695740315e-01
4.041705431663695225e-01
4.074492442476672083e-01
4.106827511413695397e-01
4.138921517982184217e-01
4.171005835324788080e-01
4.203209140071084149e-01
4.235392010370312432e-01
4.267816843390521697e-01
4.300105309442067703e-01
4.331773656208328105e-01
4.363399100750860460e-01
4.394901501286152534e-01
4.426515382161941847e-01
4.458224146465681326e-01
4.489972393474288004e-01
4.521803527636277797e-01
4.553494256025056308e-01
4.585296445114185881e-01
4.616985286056936033e-01
4.648597351453808146e-01
4.680108248613561450e-01
4.711905103082436597e-01
4.743673112278756765e-01
4.775373729691632096e-01
4.807142355200698658e-01
4.838864831047072768e-01
4.870318863825854327e-01
4.901794690722419134e-01
4.933321941799735377e-01
4.964982003344212691e-01
4.996118369704534712e-01
5.027290795177595806e-01
5.058405295544297076e-01
5.089448548740819200e-01
5.120396520093549730e-01
5.151137828266981744e-01
5.181924394444148430e-01
5.212639480295309102e-01
5.243470326466891374e-01
5.274242989207780230e-01
5.305102361979692205e-01
5.335951375756771142e-01
5.366695128064699061e-01
5.397012540956490634e-01
5.427426632561845876e-01
5.457623100940129923e-01
5.487653688885800740e-01
5.517591084628977738e-01
5.547480421968234987e-01
5.577309931418178435e-01
5.606974061187889324e-01
5.636571944954055224e-01
5.666110709304067461e-01
5.695526766380970551e-01
5.724747408212399469e-01
5.754032940816007358e-01
5.783176084854366739e-01
5.812423236825862150e-01
