-0.000000000000000000e+00
1.625430578378728999e-03
3.257597434413100207e-03
4.888330346734760454e-03
6.520567147068742284e-03
8.153220246338088034e-03
9.781341342352464774e-03
1.140562333508798182e-02
1.302885313999892040e-02
1.466154324017120494e-02
1.630133219156528271e-02
1.794978112179344831e-02
1.959603810571119639e-02
2.124857957641158521e-02
2.289749666486402824e-02
2.455098601558322602e-02
2.620433357733560273e-02
2.785871642403631859e-02
2.951827771337321368e-02
3.118137371320201315e-02
3.284971924648594915e-02
3.451776525031917398e-02
3.617842034277799629e-02
3.784260883343828347e-02
3.950166500483992538e-02
4.115800674498227424e-02
4.281085824494196279e-02
4.445904488582685249e-02
4.609867618750097124e-02
4.773702853957965953e-02
4.937183659153490667e-02
5.100839340901081043e-02
5.264443687164494651e-02
5.428479846614137072e-02
5.592295569957468626e-02
5.755534052635895292e-02
5.920316864245969007e-02
6.085185551530176984e-02
6.249711342382231055e-02
6.414115341382717328e-02
6.578842165936209241e-02
6.743685315860516172e-02
6.908358711619023984e-02
7.073617174401437835e-02
7.238380413971108596e-02
7.403652862246681843e-02
7.568784461767791294e-02
7.734206323163683727e-02
7.899828272212149061e-02
8.065817337018191258e-02
8.231598365649189786e-02
8.397343193613662771e-02
8.563447257995666917e-02
8.728792034531841770e-02
8.894253775935138939e-02
9.059296851438186637e-02
9.224345824517271586e-02
9.388682927863715999e-02
9.552947630788878597e-02
9.716359951591536925e-02
9.880718387987721951e-02
1.004454612989638951e-01
1.020905911108013486e-01
1.037298525791610498e-01
1.053667958137571442e-01
1.070182624333249066e-01
1.086607719684418438e-01
1.103151477334895214e-01
1.119662143544526700e-01
1.136142218897513018e-01
1.152633516318665174e-01
1.169078223310187070e-01
1.185525152884745054e-01
1.201957512029219605e-01
1.218297628076810274e-01
1.234612415113879175e-01
1.250981833340676641e-01
1.267332553130514627e-01
1.283568669445889487e-01
1.299739278909151363e-01
1.315856088216283970e-01
1.331916181522310727e-01
1.348004031938589420e-01
1.363986621784112618e-01
1.379935198827265397e-01
1.395916991412759212e-01
1.411877346284546031e-01
1.427806655497975419e-01
1.443757360520556698e-01
1.459669765932694319e-01
1.475553015134563328e-01
1.491452239714059769e-01
1.507556205549117068e-01
1.523763075188695193e-01
1.539965800931314133e-01
1.556144158150116752e-01
1.572197414901641832e-01
1.588140628157623246e-01
1.604082860684218625e-01
1.619964595894635984e-01
1.635947845008405843e-01
1.652104011383947191e-01
1.668424403159112501e-01
1.684870740119481236e-01
1.701399182194262838e-01
1.717581422966421301e-01
1.733621522396097125e-01
1.749443583074921094e-01
1.765169704983489962e-01
1.780996941977190939e-01
1.797026196960964106e-01
1.813130203881065661e-01
1.829189281162551806e-01
1.845271519860231246e-01
1.861373402368218799e-01
1.877278765768863877e-01
1.893090104738871515e-01
1.908861560299499605e-01
1.924672034749934091e-01
1.940638842214056359e-01
1.956745432262892437e-01
1.972835579267081529e-01
1.988968338076839426e-01
2.005065723560459090e-01
2.021116295378918293e-01
2.037208216635050806e-01
2.053286062441004034e-01
2.069328847846528263e-01
2.085537731248830740e-01
2.101747945223094716e-01
2.117920227486873308e-01
2.134122334722891590e-01
2.150423517473788182e-01
2.166773747874439215e-01
2.183152838456614564e-01
2.199413631274054759e-01
2.215637583255213039e-01
2.231914925764932334e-01
2.248307755824244802e-01
2.264785782478847542e-01
2.281390735425141425e-01
2.298097868187943260e-01
2.314946314915266867e-01
2.331895219058860713e-01
2.348800363877935893e-01
2.365565401204724472e-01
2.382257663054006824e-01
2.398959221102318073e-01
2.415622161338602802e-01
2.432372270420986582e-01
2.448998470597096855e-01
2.465700445865851576e-01
2.482255300158324740e-01
2.498776196869454402e-01
2.515307240958125634e-01
2.531809138093801259e-01
2.548259123259513648e-01
2.564726699150916001e-01
2.581088977126350104e-01
2.597444347970055412e-01
2.613679116664246460e-01
2.629958044125057515e-01
2.646231872937307439e-01
2.662513062144694631e-01
2.678761542188937694e-01
2.695088128475934264e-01
2.711388828617695146e-01
2.727659939408562662e-01
2.744016769438742398e-01
2.760221584708076881e-01
2.776412110152496893e-01
2.792682016048284033e-01
2.808933275288690301e-01
2.825219883607943405e-01
2.841428318335984526e-01
2.857670702407469898e-01
2.873859150946554974e-01
2.890102528972621765e-01
2.906400176268179036e-01
2.922642660421763128e-01
2.938855947558384196e-01
2.955121593547556658e-01
2.971420043274660694e-01
2.987612956190142666e-01
3.003856933403998286e-01
3.020102148588365010e-01
3.036235531973259238e-01
3.052387174198820108e-01
3.068505229811146484e-01
3.084606213245921214e-01
3.100724851082188316e-01
3.116826037193496934e-01
3.132896137618840227e-01
3.148921783572218858e-01
3.165038607987790686e-01
3.181152501302214608e-01
3.197236096316632969e-01
3.213336024776565214e-01
3.229447416221851164e-01
3.245543484478405349e-01
3.261687552481256080e-01
