-0.000000000000000000e+00
1.681310614308798154e-03
3.445537511512862267e-03
5.268379746478923063e-03
7.136565307122676345e-03
9.046499884109382439e-03
1.099386525031787777e-02
1.296839062656031036e-02
1.496722585132998287e-02
1.699708990323368224e-02
1.906939403394887836e-02
2.115871841319293123e-02
2.328333277256820072e-02
2.544155011072870426e-02
2.761066826493449936e-02
2.978120298155793183e-02
3.195311155414753967e-02
3.412242981942865960e-02
3.632146330516591165e-02
3.853223268082176661e-02
4.076632358813478407e-02
4.300050960347027301e-02
4.524395420165931714e-02
4.748286456700485936e-02
4.972673695861348775e-02
5.202584079913359638e-02
5.431375910034555443e-02
5.660452764150400440e-02
5.889987165059402952e-02
6.119073679078026323e-02
6.348908368050411311e-02
6.579069591343159051e-02
6.808882696713845772e-02
7.038150467341547367e-02
7.268426731743514446e-02
7.499241602367941184e-02
7.731108986672091676e-02
7.963646643520071178e-02
8.197139827480187657e-02
8.432491767675411032e-02
8.667066234286587012e-02
8.902159212959943890e-02
9.137967683994109580e-02
9.373753008001924070e-02
9.610627179075140192e-02
9.846126692994661145e-02
1.008244508363632802e-01
1.031942737214494171e-01
1.055694698927909791e-01
1.079547516842374599e-01
1.103342227057384356e-01
1.127227376158840277e-01
1.151073625847627568e-01
1.184845591408805604e-01
1.208575653363194030e-01
1.232394719442672926e-01
1.256333386974408939e-01
1.280136105738448049e-01
1.304050104285159883e-01
1.327916981687428666e-01
1.351883283021662330e-01
1.375864029371219321e-01
1.399857270388533137e-01
1.423836991279036901e-01
1.447911228590517685e-01
1.472000076013963432e-01
1.496098542584245739e-01
1.520392895887899831e-01
1.544673706681616021e-01
1.568973769075934777e-01
1.593164534857997305e-01
1.617491639590419306e-01
1.642904865380558910e-01
1.667094697469376219e-01
1.691257052260450866e-01
1.715443161866502253e-01
1.739660370913366783e-01
1.763819096376482987e-01
1.787919856531439700e-01
1.811948800012311844e-01
1.835901895361334857e-01
1.859696521380197753e-01
1.883497757598930900e-01
1.907254278058949371e-01
1.930907888030392316e-01
1.954492654073398117e-01
1.978084312239035136e-01
2.001605051411751712e-01
2.025033274964716246e-01
2.048585547371075399e-01
2.072086424079624678e-01
2.095521904291560711e-01
2.118912689574359021e-01
2.142172750182386731e-01
2.165297232654150583e-01
2.188313052377147683e-01
2.211262341611929250e-01
2.234209804797354926e-01
2.257410095374050296e-01
2.280782975823688885e-01
2.309113145584518745e-01
2.332529049754590578e-01
2.355947082659374248e-01
2.379168146083534274e-01
2.402173973427994824e-01
2.425065812042926094e-01
2.447842945453026497e-01
2.470880924734542849e-01
2.494009601643380203e-01
2.517115703728790566e-01
2.540212770698814793e-01
2.563303623546959731e-01
2.586066452753515432e-01
2.608818417455712191e-01
2.631544840869231572e-01
2.654363691335465680e-01
2.677212169999324543e-01
2.700216327764660695e-01
2.723256035649403994e-01
2.746407510347896874e-01
2.769603046833977178e-01
2.792765385459768934e-01
2.815815443081091662e-01
2.838825508894350369e-01
2.861778168416226342e-01
2.884810970675187325e-01
2.907800818530102971e-01
2.930725137733329877e-01
2.953677356505775009e-01
2.976717941874149620e-01
2.999892926408576632e-01
3.022940765179909506e-01
3.046048219052123751e-01
3.069106201281664448e-01
3.092234417285041892e-01
3.115388079368101026e-01
3.138513211443738626e-01
3.161787292383899106e-01
3.185233027425767305e-01
3.208751280755458568e-01
3.232454035608266496e-01
3.256356286146057100e-01
3.280225213264704731e-01
3.316556315048453385e-01
3.340158927369580866e-01
3.363636567180033898e-01
3.387136712374677061e-01
3.410616988542766181e-01
3.434045593144656183e-01
3.457396207132906185e-01
3.480781270730706756e-01
3.503962958331822697e-01
3.526677188539870111e-01
3.549328248729282098e-01
3.571985156653445515e-01
3.594555629442024447e-01
3.617438023120432278e-01
3.640542775840001077e-01
3.663652508832592192e-01
3.686515628584906001e-01
3.709284130493635256e-01
3.732024266123633582e-01
3.754791903224898308e-01
3.777588386900276873e-01
3.800377118237656671e-01
3.823201386709633165e-01
3.845936707388883935e-01
3.868637434052638047e-01
3.891382946839294088e-01
3.914039933949391425e-01
3.936757266417272305e-01
3.959544726345772814e-01
3.982325836594753365e-01
4.005103103639809925e-01
4.028006412794905566e-01
4.050822578081196834e-01
4.073684828986617878e-01
4.096577676946854818e-01
4.119478805150725842e-01
4.142448854354780496e-01
4.165307786044644134e-01
4.188137405943745395e-01
4.210914883538331432e-01
4.233630441641847431e-01
4.256372767387002765e-01
4.279053350969717062e-01
4.301699802370689274e-01
4.324308725599162462e-01
4.346921650792922032e-01
4.369473681770441598e-01
4.392095263673910788e-01
4.414678377045284097e-01
4.437295909462424248e-01
4.459956701837354265e-01
4.482551156130151759e-01
4.505166946439830844e-01
4.527724002045594442e-01
4.550160993980673640e-01
4.572636652094397847e-01
4.595072972400199851e-01
4.617433822591222037e-01
