1.966742908826742825e-02
4.066244461956366324e-02
0.000000000000000000e+00
0.000000000000000000e+00
0.000000000000000000e+00
0.000000000000000000e+00
1.184634625218890930e-02
0.000000000000000000e+00
0.000000000000000000e+00
3.688980156500054619e-02
7.031335501149478528e-02
1.029800220559751733e-01
0.000000000000000000e+00
2.052986347241652840e-02
9.669948316159271418e-02
1.710226620201683312e-01
2.287411703995162193e-01
2.655420838003142991e-01
2.919300700284294114e-01
3.032840790864316793e-01
2.665914861406316616e-01
2.982730815252085388e-01
3.261350452630785157e-01
3.588335893949265998e-01
3.852059956481935221e-01
4.088589199108577099e-01
4.368129029965003851e-01
4.661694610969874808e-01
4.681710007945290575e-01
4.702356745559250206e-01
4.932243563440155132e-01
5.161262721089382444e-01
5.216058369480647272e-01
5.464482669985726293e-01
5.800366373740332149e-01
6.226139367343755948e-01
6.606739719013349221e-01
6.939755552361035473e-01
7.126300114988771695e-01
7.353204824262021821e-01
7.414912219641003333e-01
7.593828395123980446e-01
7.627290856625179583e-01
7.864185284146959498e-01
8.178419097192503040e-01
8.422641607451286649e-01
8.739239883818988863e-01
8.924915764278097408e-01
9.043251233708502479e-01
9.059426175566505091e-01
9.129184361021716043e-01
9.164584575247571863e-01
9.117396072046790589e-01
9.186694029712156873e-01
9.352066847473066158e-01
9.788405536955062658e-01
1.020317321380179276e+00
1.042788612660801695e+00
1.074436903766101459e+00
1.105996014708659381e+00
1.109476667387065518e+00
1.107166617796197405e+00
1.094448373961839360e+00
1.075016324490169595e+00
1.102282790072811380e+00
1.114687647054608322e+00
1.135582409639263712e+00
1.133464325123624272e+00
1.140249615034695907e+00
1.153182386225226841e+00
1.168516980116968362e+00
1.211508332866095383e+00
1.234746954566247279e+00
1.256059699888967263e+00
1.262767741532841326e+00
1.273451099414368848e+00
1.337684072522159484e+00
1.422498817259899795e+00
1.455543541902478033e+00
1.522936598672706809e+00
1.566155685975098466e+00
1.603595913885504931e+00
1.409494656763175868e+00
1.424704644104606510e+00
1.542560099050280353e+00
1.627949908458022010e+00
1.698189126768152812e+00
1.772783110203606016e+00
1.860382733063238980e+00
1.954266128410796943e+00
2.013826105619098694e+00
1.813116323622116388e+00
1.749226914641959008e+00
1.867540591217620616e+00
1.999716532727139562e+00
2.111479383348967342e+00
2.188672810556828274e+00
2.319587614303280532e+00
2.458064585995864970e+00
2.582030347512508595e+00
2.686791767703307077e+00
2.761837475383133178e+00
2.736783802675357702e+00
2.832510592476417788e+00
2.942932173299427134e+00
3.071390711011975139e+00
3.111618157914177285e+00
3.104798094414908505e+00
3.233271263607544022e+00
3.377132614749841721e+00
3.510565260105499963e+00
3.448187614433583459e+00
3.571803474267623457e+00
3.714248084822571183e+00
3.863425914022955876e+00
4.000137603252401419e+00
3.952010812243117233e+00
4.066257812077755496e+00
4.201965253618776153e+00
4.371118465818619292e+00
4.533991227970274984e+00
4.685808851631106720e+00
4.837918471302844914e+00
4.991707142543725162e+00
5.121912819675154438e+00
5.255436856421152214e+00
5.344263764113932780e+00
5.448594151813271225e+00
5.543997881200267486e+00
5.658118848272238210e+00
5.797869893976267619e+00
5.897254519112337334e+00
6.024137160387182277e+00
6.158542724457639395e+00
6.297844229055740151e+00
6.419495181375695303e+00
6.547723022101507695e+00
6.662036398201320431e+00
6.766559048751807914e+00
6.878997203279957340e+00
7.008497362440642142e+00
7.153550586712242421e+00
7.290005894409835818e+00
7.422719742578384405e+00
7.549290318011869338e+00
7.665897719711388447e+00
7.779276680690338175e+00
7.872918330537022946e+00
7.944647703882404599e+00
8.031828213917048487e+00
8.113926270537962893e+00
8.215700590155881500e+00
8.332480320135509544e+00
8.437558861153709344e+00
8.537872044915628678e+00
8.643673371443590270e+00
8.727617457875741280e+00
8.797810124215073913e+00
8.891145616965577148e+00
8.973838763083795911e+00
9.068123815836072410e+00
9.199544010152221674e+00
9.337202132796203813e+00
9.483416256602758665e+00
9.591895347277343831e+00
9.706749772756403161e+00
9.819549139585150854e+00
9.930060161917952044e+00
1.005510180280046839e+01
1.023689630011283747e+01
1.038044858657175595e+01
1.052309631796902778e+01
1.069275025886060959e+01
1.084791918317469417e+01
1.095630462328752408e+01
1.106583988935024720e+01
1.117082065864372886e+01
1.128537749013982783e+01
1.140200393889910835e+01
1.152619360145235028e+01
1.167936694109897466e+01
1.183552025188509127e+01
1.196244840967134060e+01
1.209888923416657747e+01
1.220861652568603439e+01
1.230826777202443267e+01
1.239723571881106601e+01
1.247833221673523418e+01
1.256321862732912820e+01
1.264586666400774817e+01
1.270307154799004401e+01
1.283646248976379667e+01
1.292466197678608175e+01
1.302466039130975872e+01
1.310721382805166790e+01
1.317277403428260207e+01
1.321327769748269354e+01
1.324662589903553389e+01
1.331110459302511195e+01
1.335621571028005050e+01
