1.449947155782106180e-02
2.643072456176215335e-02
0.000000000000000000e+00
0.000000000000000000e+00
0.000000000000000000e+00
0.000000000000000000e+00
0.000000000000000000e+00
0.000000000000000000e+00
3.261445289054589261e-03
2.502810591947701030e-02
4.105264380670702734e-02
6.041601501613755310e-02
0.000000000000000000e+00
8.559978085593810890e-03
5.542956360249444436e-02
1.027592289882017229e-01
1.377325725048140215e-01
1.618274175677342497e-01
1.786022975937955615e-01
1.862680044801528767e-01
1.616164548412971635e-01
1.780498905484389771e-01
1.924466321639658195e-01
2.118447996421776724e-01
2.291705592526778190e-01
2.504060058654216658e-01
2.654295326125692411e-01
2.816404762012299501e-01
2.775045316950856544e-01
2.744284256017727741e-01
2.890065438632600237e-01
3.016693847692097918e-01
2.976191144525217602e-01
3.174743941081304421e-01
3.426572092537125136e-01
3.706887372668326575e-01
3.954885410538211410e-01
4.200340117980796983e-01
4.330272239669915035e-01
4.458391796945986307e-01
4.427137398401698731e-01
4.527557177325944870e-01
4.520326344402410546e-01
4.698706582099340112e-01
4.888321186016580944e-01
5.018427997763617032e-01
5.231352285590205042e-01
5.374923569308885929e-01
5.436106753532740088e-01
5.338036609667915489e-01
5.348339230673930800e-01
5.328932620628898942e-01
5.254882999224234075e-01
5.286267971401850119e-01
5.450193927955006012e-01
5.785312890860769830e-01
6.076487493979774168e-01
6.241797209853734429e-01
6.440801021821004335e-01
6.632950630778574608e-01
6.504671188710935414e-01
6.327541769355494727e-01
6.119882838362225019e-01
5.171405508934022732e-01
4.970623885636534789e-01
5.264289959933609042e-01
5.730887147768093381e-01
6.067467920087589173e-01
5.919291573948258778e-01
6.080360959390890274e-01
6.545695316303279387e-01
6.957378345668673303e-01
7.216646840315328326e-01
7.272542158426198444e-01
7.332546566980278069e-01
7.367136207598988795e-01
7.908819064799614829e-01
8.477475117053270282e-01
8.846412867305760708e-01
9.313378696197522899e-01
9.505991185541184940e-01
9.685659957004596476e-01
8.243858835096685711e-01
7.931284180698420228e-01
8.711102216334616344e-01
9.225770989973970382e-01
9.654267069554748337e-01
1.014816375043211760e+00
1.059011333552453804e+00
1.115108605786645279e+00
1.168896493198634756e+00
9.914137181220405992e-01
9.635625994840034680e-01
1.055281253238001371e+00
1.141770170527826922e+00
1.222022061970293949e+00
1.308378945253153125e+00
1.416099249166983487e+00
1.503494577605480442e+00
1.586707805676789151e+00
1.653723382278767584e+00
1.714216193193032867e+00
1.674046801441328336e+00
1.714120370045328245e+00
1.794416383182865671e+00
1.870428465142556673e+00
1.888023589463346807e+00
1.870715351749656419e+00
1.950184793697112173e+00
2.048344263529514819e+00
2.132284743353130452e+00
2.073734112028723597e+00
2.124142641899484651e+00
2.221700541021515818e+00
2.315941622808231237e+00
2.400611893212432957e+00
2.360561821481460765e+00
2.425263530700406456e+00
2.519479177201632059e+00
2.632634710447065540e+00
2.753369571544530103e+00
2.853874470497299587e+00
2.945322470771595924e+00
3.034173305537239962e+00
3.111024665626037411e+00
3.181420336290536000e+00
3.222961501243356341e+00
3.280111456940306258e+00
3.352274267355768167e+00
3.426631378619453550e+00
3.512921396766724769e+00
3.588624419737789673e+00
3.667116126915695773e+00
3.748505771487900873e+00
3.827706931507385502e+00
3.891322717366012984e+00
3.958651062988050473e+00
4.017093570177218353e+00
4.074344592503162943e+00
4.146900045156999504e+00
4.229962483697980780e+00
4.327274520030851335e+00
4.433173394283162594e+00
4.530966276976978513e+00
4.624613355768550704e+00
4.714995766718464765e+00
4.789143404533682258e+00
4.867320163341646300e+00
4.940787358069036017e+00
5.018872686814010109e+00
5.105869080059118659e+00
5.194667048222583183e+00
5.295254138298584934e+00
5.402167788044003771e+00
5.499578191339636213e+00
5.595136798194425332e+00
5.680169716914940103e+00
5.764384259494375051e+00
5.835984824987379582e+00
5.919567676864166295e+00
6.000820748520248493e+00
6.095577976186448588e+00
6.192728367352919427e+00
6.316113553398637670e+00
6.445578548394037988e+00
6.566178492716708170e+00
6.691352541900069895e+00
6.801395642378042616e+00
6.909998508560254216e+00
7.018745813134938949e+00
7.116165964680337019e+00
7.223798903458437337e+00
7.332032746084891528e+00
7.450986470873193213e+00
7.591264429775518963e+00
7.729538413055967006e+00
7.864674267473332314e+00
7.991951410748524331e+00
8.105097727978364475e+00
8.226463917369263967e+00
8.329295397511877752e+00
8.448809939373685296e+00
8.553631327078885960e+00
8.674267903005663527e+00
8.805355357736633692e+00
8.944162925871859571e+00
9.092234559288812079e+00
9.220474667401111546e+00
9.349499095014660810e+00
9.475928506006647822e+00
9.596095775329487765e+00
9.711445766904132526e+00
9.827795319393439755e+00
9.956732079299396077e+00
1.006427044517379876e+01
1.018116542160971250e+01
1.032208376635446534e+01
1.046223250667523708e+01
1.059920232159793585e+01
1.073786620894416899e+01
