2.363504029079465524e-02
4.096686440402873275e-02
0.000000000000000000e+00
0.000000000000000000e+00
0.000000000000000000e+00
0.000000000000000000e+00
1.100690663080892365e-03
0.000000000000000000e+00
9.488872170818460697e-03
3.938805164846177070e-02
6.149845098386326481e-02
8.957027185261146052e-02
0.000000000000000000e+00
1.815384591889018448e-02
8.270631749614118511e-02
1.471720206806875764e-01
1.970524839614942458e-01
2.286366812129428105e-01
2.509429972004956211e-01
2.608940450116981058e-01
2.301652646332515428e-01
2.569917222115497002e-01
2.810077103225877559e-01
3.085235236697510541e-01
3.322664247601676002e-01
3.560299777851591019e-01
3.783863863589510546e-01
4.017504587148544304e-01
3.990722767058502152e-01
3.964734175771384428e-01
4.188959488532858488e-01
4.364896346275206618e-01
4.334896041025935176e-01
4.600890389980192285e-01
4.924143614979689665e-01
5.294842552344930509e-01
5.579548491162826807e-01
5.820269689048834794e-01
5.950594781173847991e-01
6.167471541389808465e-01
6.295183848845793406e-01
6.369685158153458593e-01
6.235360994122377543e-01
6.343983086753136602e-01
6.552501992656216689e-01
6.723756078235756384e-01
6.919916132263254083e-01
6.996402651251163451e-01
7.141046383366413952e-01
7.036442814432651849e-01
6.749557669366598178e-01
6.601957214697198317e-01
6.527782745732182423e-01
6.519859161525037861e-01
6.699962500851547320e-01
6.927759808671812847e-01
7.221280723222889275e-01
7.424755925769904730e-01
7.565162645947949294e-01
7.651820481466112822e-01
7.482841339972396977e-01
7.314013952914734107e-01
7.204964463202756519e-01
5.836737931434787807e-01
5.563235088781505189e-01
5.995832951901253205e-01
6.623708485610226848e-01
7.070341643800380771e-01
6.656239676870392419e-01
7.139286485242957170e-01
8.052578176426419265e-01
8.842652753890737349e-01
9.339900445398870987e-01
9.584746638603559576e-01
9.653047194014087173e-01
9.546103377948880198e-01
1.049596331372794955e+00
1.135863527823633756e+00
1.198744156881826672e+00
1.258992353980431744e+00
1.301420593970050055e+00
1.331536578135609217e+00
1.109755363682698226e+00
1.101729735591395976e+00
1.213374470712786035e+00
1.309583452596175812e+00
1.382512191612923491e+00
1.416183506939911352e+00
1.518585137763030168e+00
1.611938616225673027e+00
1.661305496006323601e+00
1.395174993412756859e+00
1.335436746992903156e+00
1.445677728791493477e+00
1.593620653358859052e+00
1.698164331725569687e+00
1.709906374702018006e+00
1.796849223134723950e+00
1.915473765283333574e+00
2.028276762181417503e+00
2.133554213957697954e+00
2.222393958893346788e+00
2.297084455841672757e+00
2.359271990259937279e+00
2.422448072193850610e+00
2.479350973797489477e+00
2.485415678606183842e+00
2.554311526057291726e+00
2.633509943458598013e+00
2.739486633964769879e+00
2.836151320009112187e+00
2.904252157237567467e+00
2.877445113086586570e+00
2.939047146969151481e+00
3.014405671655254970e+00
3.112678446247455266e+00
3.196325170834783957e+00
3.276614850541414548e+00
3.373946958434000276e+00
3.493022249547378166e+00
3.601035691085010093e+00
3.561007760260311183e+00
3.638212398800368064e+00
3.750895682075770843e+00
3.873247891174980140e+00
3.978360854804381397e+00
4.060762070811883895e+00
4.158242715660880329e+00
4.261790346503381954e+00
4.358320436337214332e+00
4.475812088429428570e+00
4.597895897762795947e+00
4.716740744699428056e+00
4.827658963704038797e+00
4.922746777327325240e+00
5.007797547212537559e+00
5.076855820178002965e+00
5.144909398357789598e+00
5.230890252202622825e+00
5.323221439229708807e+00
5.415608468834349765e+00
5.503455576095452884e+00
5.620854438632503225e+00
5.741988409593505871e+00
5.866191048997180246e+00
5.979816247818630970e+00
6.079313119230966400e+00
6.174311604409306042e+00
6.261966529595328623e+00
6.368264603657356027e+00
6.478967885217585376e+00
6.576663879192614637e+00
6.704805487910186379e+00
6.843239579444643006e+00
6.976592157124153815e+00
7.123399587533240762e+00
7.254589673909127789e+00
7.371544627236475300e+00
7.481095207276994508e+00
7.579351731191419361e+00
7.698275613471055934e+00
7.817394531586810302e+00
7.940964337161418918e+00
8.093619602381416200e+00
8.252884706928901082e+00
8.412195932098406104e+00
8.588342208173072478e+00
8.736989356796520667e+00
8.877647016258626067e+00
9.012072587010772295e+00
9.142737431019675398e+00
9.276696946022834567e+00
9.407026295806380389e+00
9.543179415814527999e+00
9.704198437961512269e+00
9.876544305759123787e+00
1.005614098473385276e+01
1.023716216815818214e+01
1.040833662155131378e+01
1.056732818512018568e+01
1.069725812074100268e+01
1.083523944316887189e+01
1.096869332149282705e+01
1.111341120395232451e+01
1.124890138905948156e+01
1.141310753259968536e+01
1.158623729891156451e+01
1.175872122505373518e+01
1.192846274751242319e+01
1.206979196193809045e+01
1.218049553908087113e+01
1.230065541116379535e+01
1.240675850092585009e+01
1.252695278979097182e+01
1.264319244521509766e+01
1.279193802961815685e+01
1.295231803002871196e+01
1.312697127516980977e+01
1.329963283795878404e+01
1.346853092095244264e+01
