1.045319327066519532e-01
1.548417231119966486e-01
0.000000000000000000e+00
0.000000000000000000e+00
0.000000000000000000e+00
2.350760749149981982e-02
4.726696415913742011e-02
3.994966651682774900e-02
7.960167329174690221e-02
1.564066447812649530e-01
2.178740481841804355e-01
2.982341280123901317e-01
4.585145624432537814e-02
9.460023150228018263e-02
2.542205184078913938e-01
4.210203805675367672e-01
5.472510935307285385e-01
6.364888585163125390e-01
6.958589982823981668e-01
7.319075060118427345e-01
6.310908983782714810e-01
6.896785821873079314e-01
7.477434905990604230e-01
8.185718574880491705e-01
8.773699332962699993e-01
9.614383382219678920e-01
1.018748813488961513e+00
1.077971654499197740e+00
1.059739120474976648e+00
1.038959885804541017e+00
1.097197977074727993e+00
1.143261461610840080e+00
1.122754766614481703e+00
1.209561184531420697e+00
1.300671966052411532e+00
1.397096146599350996e+00
1.473180388109699646e+00
1.547091294639155512e+00
1.574056515746360629e+00
1.615460917931630602e+00
1.630880063760298260e+00
1.640423476832355121e+00
1.594731419914746873e+00
1.622858311749174387e+00
1.672571765573390490e+00
1.718150104391869437e+00
1.764914584736710035e+00
1.778589697205992914e+00
1.803243934954736671e+00
1.755260643071001825e+00
1.691417969427664536e+00
1.618223785498265066e+00
1.575490573113188519e+00
1.535157665867338928e+00
1.576290540737793178e+00
1.640914525723531581e+00
1.725289210438432974e+00
1.781145363760036959e+00
1.822216722716695436e+00
1.854006778794514920e+00
1.730959538381962703e+00
1.608043186247942291e+00
1.529029795957653981e+00
1.137120323332046379e+00
1.131339603389658555e+00
1.174473778375348720e+00
1.252455295274279790e+00
1.347659065136062484e+00
1.299346288894302592e+00
1.372577175793034732e+00
1.605365183992005118e+00
1.863137299609561870e+00
2.026229890499628539e+00
2.100448216127371648e+00
2.083981630213110670e+00
2.004450759384169611e+00
2.283413637864752488e+00
2.583346530803438679e+00
2.749959929926773849e+00
2.979935071360757082e+00
3.154127064630700250e+00
3.235295928261439968e+00
2.292647547050663981e+00
2.271481964290424038e+00
2.671472260268552557e+00
2.993235275218265379e+00
3.236944423724928299e+00
3.542728269837374988e+00
3.863692476888987315e+00
4.136510693061049793e+00
4.284036714184581207e+00
3.172514598942441033e+00
2.866959222658394868e+00
3.332241190505832673e+00
3.801348959239634340e+00
4.178726483241349321e+00
4.468033948677930134e+00
4.773735092368221800e+00
5.099540518577951431e+00
5.386979599199849922e+00
5.620151523772325852e+00
5.829079398658474354e+00
5.966713922925851676e+00
6.107472971962407904e+00
6.227236309214255527e+00
6.366358116193283401e+00
6.292454833461699870e+00
6.357532130935114267e+00
6.557199539243285358e+00
6.760940030563623360e+00
7.011444414256100544e+00
7.214563356610836919e+00
7.408883844304253508e+00
7.548603000065383206e+00
7.675282840347260382e+00
7.826557433808670972e+00
7.996089731229257147e+00
8.150342795733854118e+00
8.309735869900853444e+00
8.565539464848589191e+00
8.855577512117738692e+00
9.130224447597120374e+00
9.381804009709638237e+00
9.587146748073234193e+00
9.764096122569123182e+00
9.938723113698856082e+00
1.010753680195156967e+01
1.027942719573472097e+01
1.042577276763301697e+01
1.060681875842182897e+01
1.085434073264052657e+01
1.114488243527158673e+01
1.142871649417465818e+01
1.166134106785971092e+01
1.185922613729249164e+01
1.200104631764096830e+01
1.213009045691301502e+01
1.226003778914881970e+01
1.239653933631978333e+01
1.254484171810388560e+01
1.273126058340448274e+01
1.298079414736858972e+01
1.330262908624302298e+01
1.356826061378924209e+01
1.381640826427992508e+01
1.404034897258666170e+01
1.425493306849109487e+01
1.442448831415374322e+01
1.458395891380936327e+01
1.476545039502446421e+01
1.497598313745960930e+01
1.520752306348129501e+01
1.550100326393655159e+01
1.583857846255729207e+01
1.614003763823776438e+01
1.643459430014893385e+01
1.670850924070337840e+01
1.691108008848854993e+01
1.715140147989230357e+01
1.738538423268327904e+01
1.762872029931181928e+01
1.788628571864478545e+01
1.815600798564912211e+01
1.854145408886153490e+01
1.895808283941854100e+01
1.934547732631315498e+01
1.972205533135344169e+01
2.008953688460029241e+01
2.042304395254356919e+01
2.071150015147216195e+01
2.103883493859402520e+01
2.139873048528999178e+01
2.170339893371744111e+01
2.208233385382126812e+01
2.252726022402579886e+01
2.300157875183436573e+01
2.343376584252547090e+01
2.392325518347577074e+01
2.430667788404754148e+01
2.464191222572726048e+01
2.468418148693037040e+01
2.504644286681138965e+01
2.535431921197523408e+01
2.565811655026190863e+01
2.606581912548456970e+01
2.629516875997530079e+01
2.665908689204117010e+01
2.676576088223477612e+01
2.715387897590834498e+01
2.749694113738894430e+01
2.776056852223679172e+01
2.798132270608635253e+01
2.816889366546394768e+01
2.837236163618045026e+01
2.855015041978477797e+01
2.878990869170258193e+01
2.910177507512393547e+01
2.956848680966687581e+01
2.995333919574151693e+01
3.041916751251017814e+01
