4.563975210740903177e-02
6.822196298530130987e-02
0.000000000000000000e+00
0.000000000000000000e+00
0.000000000000000000e+00
0.000000000000000000e+00
1.648601543871005409e-02
1.032884732459272634e-02
3.183345848646668835e-02
7.007682552952089472e-02
1.008119549692934047e-01
1.379647853704861482e-01
1.338966882427361331e-02
3.951277718921048648e-02
1.202664637279032694e-01
2.067283163623770681e-01
2.703992714263668273e-01
3.129622170498727596e-01
3.442327496761281580e-01
3.584769293726876027e-01
3.093524213469593387e-01
3.390301889511292965e-01
3.669216576546722730e-01
4.040429501885851593e-01
4.349844532090780813e-01
4.761013838165892298e-01
5.025907926626574929e-01
5.321284858264533346e-01
5.215082469687507549e-01
5.095901706700718403e-01
5.348662490273667913e-01
5.558304272619288833e-01
5.436755349962832939e-01
5.838073879547259759e-01
6.315804655861020356e-01
6.785365512695789025e-01
7.141098917034180982e-01
7.508740288639149663e-01
7.638058116251599250e-01
7.861971830408968076e-01
7.920147083823996237e-01
7.955649737064184324e-01
7.725211314117470529e-01
7.871285260585004773e-01
8.112030446319122845e-01
8.384574247710405714e-01
8.631708488810718727e-01
8.746314906586877269e-01
8.845702751583035539e-01
8.645583364609816801e-01
8.365032578791824491e-01
8.189665458858088609e-01
8.042713848107236885e-01
7.976672198805070391e-01
8.241855323424502888e-01
8.808811783240900750e-01
9.270943058812143311e-01
9.598634884993892946e-01
9.854497559812644969e-01
1.007615430917462307e+00
9.845703767527715922e-01
9.707248011944734634e-01
9.584084975744860957e-01
8.475722591348813229e-01
8.292903323264222415e-01
8.667593447346866320e-01
9.344067049557951421e-01
9.671648793169559388e-01
9.565738280907943869e-01
9.774314463524934604e-01
1.039470155294406339e+00
1.090916275888716092e+00
1.130981200143932996e+00
1.148474499520519387e+00
1.137540685732820966e+00
1.113599502501774419e+00
1.186550684577460046e+00
1.295055611055861977e+00
1.374952553022368962e+00
1.464669168386791620e+00
1.536066329476613035e+00
1.568016392139565562e+00
1.227321708881369933e+00
1.210489647810084834e+00
1.360048191302621001e+00
1.469478194119263836e+00
1.575816374687195820e+00
1.718872216491652782e+00
1.874409209303392609e+00
1.999368775633804551e+00
2.081215427831751175e+00
1.590423075837346323e+00
1.474229020086452957e+00
1.672829575790921730e+00
1.869017876325308913e+00
2.036004798430761209e+00
2.172857681509359651e+00
2.323098831630943106e+00
2.474238299747158365e+00
2.590055124317900415e+00
2.703515363663479665e+00
2.792994424269458431e+00
2.862714586479971235e+00
2.920710698133077265e+00
2.971444410076095721e+00
3.046254857568784669e+00
3.029477745563928792e+00
3.066521669550868801e+00
3.163489002409460404e+00
3.292927321619447678e+00
3.402466875934060386e+00
3.503670590566662302e+00
3.599265158155028121e+00
3.674413962575608039e+00
3.745529846074886038e+00
3.808586842416685325e+00
3.903744917260556058e+00
3.999475413969789450e+00
4.100568773220669705e+00
4.244317732661269993e+00
4.389041657057729751e+00
4.540058484183274956e+00
4.663987149442736957e+00
4.785192268714022923e+00
4.881361873195102952e+00
4.959766032440379391e+00
5.047623612785955949e+00
5.142770041217923804e+00
5.244615358512763947e+00
5.349998376497354435e+00
5.492668586680598430e+00
5.662756682084564730e+00
5.834144637683930767e+00
5.991834622369402119e+00
6.124059349863069990e+00
6.236856593250939440e+00
6.352742651132695428e+00
6.476849065192042509e+00
6.563931834801292275e+00
6.695023716878841569e+00
6.848261842384611775e+00
7.019304941746195681e+00
7.209695460293009006e+00
7.390132186718610718e+00
7.523529199407946066e+00
7.650639655495282021e+00
7.759287132723688529e+00
7.878045400021661315e+00
7.992985950674465379e+00
8.114975655491969420e+00
8.257498621155169971e+00
8.391034745871770895e+00
8.546482535704139849e+00
8.740629200805930310e+00
8.902328156483125809e+00
9.050785201708782424e+00
9.182379319265272954e+00
9.326264598791588867e+00
9.446414381834740581e+00
9.572307572344906035e+00
9.710115002864885270e+00
9.832320764557085369e+00
9.996397295540223382e+00
1.016721361572674276e+01
1.033980819171070031e+01
1.049748623683690418e+01
1.066587517717785794e+01
1.082562295112203543e+01
1.094502289478207224e+01
1.105697312926949394e+01
1.117463768385708534e+01
1.131326594965957888e+01
1.141924470164824079e+01
1.157031402207274695e+01
1.175553095033734152e+01
1.188092740847741524e+01
1.203036703807803498e+01
1.215925382599114357e+01
1.229357517998666616e+01
1.237724722139520672e+01
1.246486803743304961e+01
1.256766806668747982e+01
1.264131153906621918e+01
1.273569673136713298e+01
1.280595004613840437e+01
1.293462881642665430e+01
1.305923590970321335e+01
1.316421402754275327e+01
1.319819207123217097e+01
1.329549125039034330e+01
1.338905423229423874e+01
1.350230728676857694e+01
1.343693901356893150e+01
1.348052753121161906e+01
1.355644445433754974e+01
1.364023563833016972e+01
1.373730783866691141e+01
1.381209065871392916e+01
1.390419074076486794e+01
1.401309729236735535e+01
