1.065120216711288592e-01
1.508916073631771937e-01
0.000000000000000000e+00
0.000000000000000000e+00
0.000000000000000000e+00
2.179465322217967460e-02
4.486782924433363462e-02
4.705771031868397763e-02
8.754189969474003574e-02
1.574807810019514531e-01
2.104189679488833453e-01
2.825770289847915340e-01
5.635851337788597148e-02
1.044915973607476872e-01
2.427569932793582630e-01
3.890312653761174855e-01
5.083448323484617282e-01
5.900684270270546428e-01
6.456662429087860477e-01
6.653782977704153501e-01
5.774674278166361807e-01
6.306956796515289509e-01
6.800588614798759313e-01
7.464338703919199958e-01
8.012254760921221353e-01
8.765811758964422440e-01
9.286697542575124142e-01
9.862217688378376312e-01
9.631446850252268765e-01
9.469029066085882240e-01
9.930425205506789865e-01
1.031516846635565754e+00
1.013416576930608271e+00
1.090092329254928938e+00
1.184710547501711675e+00
1.276667598261884251e+00
1.350238740157255979e+00
1.423981695115461354e+00
1.443912495002484198e+00
1.481993782902454759e+00
1.494248041264547133e+00
1.500082155549970819e+00
1.448950711840834682e+00
1.477768000490528921e+00
1.527095472606258220e+00
1.566375622025433678e+00
1.607491061494867424e+00
1.625346249228756923e+00
1.646723211631534456e+00
1.593825243683444803e+00
1.532864773091418220e+00
1.461053789453645724e+00
1.404717892330352269e+00
1.355463094621728537e+00
1.405554396546141671e+00
1.474391731034431885e+00
1.561583910424312771e+00
1.608863897727103254e+00
1.654981595366707081e+00
1.664998081703679578e+00
1.558046208296206769e+00
1.443390419792834001e+00
1.378565817068941213e+00
9.915171157243646283e-01
9.333585444801500985e-01
9.653991777093620108e-01
1.066100654593577390e+00
1.201947775832868937e+00
1.135903171869422135e+00
1.224579126880877222e+00
1.463925712414480662e+00
1.690397901488124077e+00
1.847360761571303023e+00
1.902102233295389855e+00
1.883364360642726165e+00
1.825954056379338608e+00
2.067755575549785174e+00
2.361218638235632827e+00
2.533227058340913551e+00
2.743813531139370543e+00
2.902475763267867048e+00
2.969483303314821132e+00
2.127246411480296473e+00
2.082135423897765403e+00
2.451176788278376151e+00
2.725194479549569948e+00
2.957889539470787810e+00
3.261739989158805031e+00
3.560141898554391560e+00
3.791891475757421137e+00
3.931060939380386809e+00
2.944413565668165589e+00
2.657788010343330676e+00
3.048348321095266211e+00
3.462236755888782991e+00
3.813321404358676059e+00
4.092976237647756754e+00
4.373204258064422589e+00
4.700545186046024781e+00
4.962157634913664239e+00
5.174123286524584309e+00
5.347188071143093246e+00
5.472931558471634261e+00
5.577725534008507680e+00
5.695691407168784970e+00
5.836789454210081551e+00
5.772626103721262503e+00
5.860584566414283714e+00
6.061145659796335572e+00
6.328663340804858706e+00
6.556473294361760296e+00
6.762852146523773200e+00
6.955490723052299984e+00
7.081679444911550547e+00
7.219993870179473916e+00
7.393945360413355594e+00
7.545465114199385148e+00
7.705453776009457911e+00
7.865244543074894068e+00
8.091402334864870483e+00
8.367401551025581696e+00
8.644004843470844079e+00
8.910012619584353644e+00
9.124146832177702393e+00
9.272155058192879551e+00
9.419139232325896671e+00
9.590074580029378737e+00
9.767645704510242055e+00
9.958252430117946474e+00
1.015637959654212175e+01
1.044810712115645579e+01
1.073211325242135139e+01
1.103272735579226271e+01
1.129803064286090830e+01
1.156215698378167822e+01
1.175740281643675722e+01
1.193696921262755417e+01
1.212066357194917465e+01
1.229614846713410081e+01
1.250506720611616629e+01
1.271873791897411188e+01
1.302562252601410897e+01
1.338072417057487939e+01
1.367110015217387264e+01
1.392852938462756462e+01
1.416092865345020080e+01
1.433191797596067296e+01
1.448684655057084036e+01
1.466480561086287437e+01
1.485391845498170760e+01
1.504396216855291968e+01
1.526156476737006429e+01
1.550561999914937417e+01
1.581146387632791850e+01
1.608776980970653980e+01
1.640853478146842193e+01
1.663222847207067190e+01
1.676290013499831488e+01
1.686818327095529568e+01
1.705955668003864645e+01
1.720450469345438904e+01
1.733129662921962577e+01
1.749447589953710036e+01
1.768783396074435288e+01
1.801325404063671698e+01
1.827475837681486581e+01
1.853495763036158550e+01
1.875559572252511842e+01
1.883385770230550449e+01
1.894121046724558610e+01
1.911437722786988758e+01
1.919941976086169433e+01
1.938136686789450991e+01
1.956603420208498534e+01
1.990578268029293696e+01
2.011315548272691345e+01
2.032501604909573700e+01
2.051833815497471747e+01
2.068208257183587406e+01
2.078235706512926484e+01
2.087273657704004393e+01
2.095745140744008594e+01
2.102320514472010871e+01
2.080567096156822871e+01
2.080732387146116125e+01
2.095661317414462133e+01
2.118516403516325042e+01
2.141921934191370269e+01
2.111254358944992404e+01
2.124972936464205375e+01
2.130384184329189168e+01
2.131145539859914351e+01
2.115146823165447287e+01
2.122860851125412651e+01
2.134439309322420186e+01
2.137768881631110318e+01
2.149305409822215296e+01
2.163908056452629936e+01
2.180588517829756867e+01
2.203606817830018372e+01
