1.215100275244217765e-01
1.751035437226199087e-01
0.000000000000000000e+00
0.000000000000000000e+00
0.000000000000000000e+00
5.102874432948599492e-02
8.046315382079953504e-02
5.033029767232664181e-02
9.574687068719411887e-02
1.788813078978138127e-01
2.482388824421767060e-01
3.333932969297263016e-01
6.153119218291715903e-02
1.144912533275202204e-01
2.885481675187002160e-01
4.785926737272263587e-01
6.249211578096005582e-01
7.269868412080623399e-01
7.940831895704980603e-01
8.322788352174219639e-01
7.171413658257296264e-01
7.846057203768893595e-01
8.497038800494240984e-01
9.310313247269410564e-01
1.000950021139137114e+00
1.103662758127354149e+00
1.168452670645338864e+00
1.239946646021873766e+00
1.208098750995873383e+00
1.180088141661210788e+00
1.239056998792143816e+00
1.282088296680114148e+00
1.258826122013367188e+00
1.353068190398128534e+00
1.476789784498561131e+00
1.595805163749094868e+00
1.684376316820788144e+00
1.765533177348865390e+00
1.792566298489246090e+00
1.843131312917291931e+00
1.858720439327339768e+00
1.870860297905250214e+00
1.796445372495509618e+00
1.827315635562942076e+00
1.893784901927213049e+00
1.963975910951503590e+00
2.025127890714387036e+00
2.041748861208716015e+00
2.072157758190740218e+00
2.012841368763802929e+00
1.931002144101177764e+00
1.836168605603206050e+00
1.775453633766556738e+00
1.726995167549882249e+00
1.770833360564958214e+00
1.862758173953980467e+00
1.966036224548224576e+00
2.032448151400775505e+00
2.084054911277987809e+00
2.099676619516419596e+00
1.952363551559442634e+00
1.827499436404451227e+00
1.739203711300915556e+00
1.258894528956201908e+00
1.257225014529342655e+00
1.362028496738193706e+00
1.497201619486522972e+00
1.637206887420009194e+00
1.590378041823502508e+00
1.689733100509786423e+00
1.869503989167406788e+00
2.104599696433008038e+00
2.284478309797126627e+00
2.357760514865383072e+00
2.340520915789884082e+00
2.239758214594568919e+00
2.562783089722191043e+00
2.930384091673219338e+00
3.115185083144182521e+00
3.388423922623544193e+00
3.573918651183577211e+00
3.660111901330032502e+00
2.614390326668265985e+00
2.587953845252413565e+00
3.005674006436773738e+00
3.375453702171556269e+00
3.638110961125230691e+00
3.992432300378304433e+00
4.384252926327505406e+00
4.685439737514244030e+00
4.850570133419086716e+00
3.604041146919768401e+00
3.251177902191791258e+00
3.775710231655859062e+00
4.280884020853646277e+00
4.679380489012847200e+00
5.043318584868432986e+00
5.400039185977416167e+00
5.783900323658663467e+00
6.078726322784611114e+00
6.353455694573177936e+00
6.582562966681645200e+00
6.750901592935067974e+00
6.896640950699611139e+00
7.036477251191839422e+00
7.185981768308778328e+00
7.133472962842557052e+00
7.216913882601917685e+00
7.429797308495565744e+00
7.694946862522871633e+00
7.950430484762025962e+00
8.180023432465942435e+00
8.380183277518698404e+00
8.543898394538329555e+00
8.718229140931615717e+00
8.899177883810553524e+00
9.067410034438086797e+00
9.257254580570080549e+00
9.422978310782166744e+00
9.715896276981005997e+00
1.000596794860858729e+01
1.033578571963453996e+01
1.058995903171807740e+01
1.081541902209209205e+01
1.101883080394807202e+01
1.119345938415924913e+01
1.136981228586964576e+01
1.152506641226885442e+01
1.173254999289686573e+01
1.193648415563590426e+01
1.225784530254607674e+01
1.255386551500657433e+01
1.283034070026444518e+01
1.309876108049295951e+01
1.330484436242110569e+01
1.345166510108676050e+01
1.359618839232447662e+01
1.373678910899084826e+01
1.391513074543255613e+01
1.409874079546715109e+01
1.429716177426669610e+01
1.462087350422916465e+01
1.496764018685252928e+01
1.529858494751694309e+01
1.559509303833528193e+01
1.585079976856846784e+01
1.606395966358896388e+01
1.622245265496236399e+01
1.642178228200419099e+01
1.661205964237517207e+01
1.681252061289912447e+01
1.701901645568522881e+01
1.735721508856495987e+01
1.773288577675101862e+01
1.810762898217182482e+01
1.845394270459966535e+01
1.871772336062827691e+01
1.889400431241235623e+01
1.905579891212308041e+01
1.924489208935459317e+01
1.951665988420986508e+01
1.980281020005350712e+01
2.013960135095693360e+01
2.060502269045151280e+01
2.105869722732327531e+01
2.153770072821129489e+01
2.208383759743286134e+01
2.249119384674164479e+01
2.284901273421636247e+01
2.315846060537118234e+01
2.354467425977745521e+01
2.390491734858126449e+01
2.429704857984920352e+01
2.471235089376878591e+01
2.522465642961672572e+01
2.575355589999945138e+01
2.629642665910428789e+01
2.677354926088388609e+01
2.720240005032444586e+01
2.763390794764931258e+01
2.757796286348060377e+01
2.791309171331338490e+01
2.822767206052567701e+01
2.857397186743529005e+01
2.903427445592067713e+01
2.947731392218503998e+01
2.990083663933924640e+01
2.973896886101551118e+01
3.029224132361579080e+01
3.060046893168697935e+01
3.103965282668832515e+01
3.132470216706927246e+01
3.144937351745473464e+01
3.169452718877960962e+01
3.196447555621836045e+01
3.225021663669201644e+01
3.260099968261385328e+01
3.294126629460979672e+01
3.326492638017685266e+01
3.375503698941798802e+01
