7.709674469800063823e-02
1.110988568251550790e-01
0.000000000000000000e+00
0.000000000000000000e+00
0.000000000000000000e+00
4.820763419145852186e-02
7.315505989352601157e-02
2.461196402140364281e-02
5.877377677313510435e-02
1.150448155905574588e-01
1.567878481790221379e-01
2.116985904840299748e-01
3.765987489415645317e-02
7.858700370057083995e-02
1.792685899407640560e-01
2.828635296868644566e-01
3.602489122845653480e-01
4.147927692435929847e-01
4.549220857788010552e-01
4.768681260328950788e-01
4.169016646342193488e-01
4.562727837219384130e-01
4.941325509712076736e-01
5.421748911700182694e-01
5.827577290774333951e-01
6.298788085951992910e-01
6.649104290727773092e-01
7.065085724057609262e-01
6.874916794211928250e-01
6.716313542176218787e-01
7.049782451771485769e-01
7.350024060378558266e-01
7.215974880777686895e-01
7.726372097526383875e-01
8.360232791722634893e-01
8.922563676640263841e-01
9.415795292962513274e-01
9.882881213489872474e-01
1.005383925979399296e+00
1.032683551418550394e+00
1.046135013492073051e+00
1.053084397863223387e+00
1.024972462418376251e+00
1.043208953000614558e+00
1.074812471388975510e+00
1.107255778451885719e+00
1.142589549289163342e+00
1.158100996749266809e+00
1.169783057468498644e+00
1.144275849686479773e+00
1.133618826065768026e+00
1.129479432189333998e+00
1.135264963148583162e+00
1.142725432155613730e+00
1.172440957821243135e+00
1.242403207059256776e+00
1.304950823978624497e+00
1.353031972386281145e+00
1.384410868461225075e+00
1.426411131348352290e+00
1.446666261505320294e+00
1.463439703994775520e+00
1.467622888896315647e+00
1.489910452818373088e+00
1.538640797781163139e+00
1.569965611462249999e+00
1.597742982435494064e+00
1.582339031411222008e+00
1.609670814057675425e+00
1.599493868113259110e+00
1.604345492640329329e+00
1.627157210831310596e+00
1.632623928692604975e+00
1.652530678394059649e+00
1.635589073035474073e+00
1.614172651981826911e+00
1.672004288720783993e+00
1.776187377711712312e+00
1.855149948949998295e+00
1.949858507568039911e+00
2.021761937961472189e+00
2.065032961258725042e+00
1.729603844051394779e+00
1.742383594655398049e+00
1.881043223019866373e+00
1.983690917045415336e+00
2.101501986147170431e+00
2.291881178996499013e+00
2.468405720700400874e+00
2.621596083495076002e+00
2.724734970120504141e+00
2.184877541191246220e+00
2.132745841811072740e+00
2.277082976306680440e+00
2.466574698067983906e+00
2.654944380040048291e+00
2.827436129965377631e+00
3.020483970220422254e+00
3.228273064764111577e+00
3.401062596501673418e+00
3.547675544546965654e+00
3.659575689001920207e+00
3.745143647464813874e+00
3.825429745931342662e+00
3.903936914726347407e+00
4.001317780566892246e+00
3.985270112379477592e+00
4.040767152807449136e+00
4.182634761492777464e+00
4.331109867401641722e+00
4.490729825157872668e+00
4.574987606934609374e+00
4.713478854676205643e+00
4.808083277503794051e+00
4.909545703444433862e+00
5.020685316172690094e+00
5.117747755830804657e+00
5.230807818609213733e+00
5.375099694430216957e+00
5.556047677646951399e+00
5.754382026332310218e+00
5.940975309214575617e+00
6.102214895175364084e+00
6.251476655802068905e+00
6.365643242086314935e+00
6.486139417143013119e+00
6.590688422547408720e+00
6.713033827453818603e+00
6.843306542725583697e+00
6.991793697203969593e+00
7.205983668305165679e+00
7.414006521073325473e+00
7.622839533930745759e+00
7.825884246055429649e+00
8.001268108586971906e+00
8.146274993067299519e+00
8.302297065268886556e+00
8.450356585205888393e+00
8.602290086529981394e+00
8.772196827921813878e+00
8.979306238644667815e+00
9.203289765206125850e+00
9.441387212474166901e+00
9.666978935203092149e+00
9.879801029161338732e+00
1.009619719591167097e+01
1.029517588522260674e+01
1.052577837798623506e+01
1.071468928063634429e+01
1.089651827096508896e+01
1.111714398253024427e+01
1.130111251082014334e+01
1.149717798875991015e+01
1.175162213889410978e+01
1.201652654504136741e+01
1.222803328707283477e+01
1.250308640607525845e+01
1.268373271831180205e+01
1.292263783930020971e+01
1.313520298315963863e+01
1.334291364442416139e+01
1.352817122809847383e+01
1.376107325407208215e+01
1.399324459435850798e+01
1.423432337243361090e+01
1.448436811542896052e+01
1.472046563327577751e+01
1.500652324473990795e+01
1.520080802866809222e+01
1.540991073646544152e+01
1.561401347810113371e+01
1.580527253212336625e+01
1.603554248006041405e+01
1.630566159112048652e+01
1.654003865835911213e+01
1.680802460327681658e+01
1.701996843095182754e+01
1.724431412838099220e+01
1.740401349138540610e+01
1.759399722864173299e+01
1.781850074612723489e+01
1.803197516375893983e+01
1.821971029520222629e+01
1.846175776595758222e+01
1.867834810074682039e+01
1.889866250116012125e+01
1.914914544842766730e+01
1.939374157990974012e+01
1.966213872071602609e+01
1.988523503741579290e+01
2.019597519614206504e+01
2.041448442776175298e+01
2.058919260798236195e+01
2.075704275174022229e+01
2.097916525671051247e+01
2.124399748229297558e+01
2.146267384080703877e+01
2.156480172832658226e+01
2.172646805422283833e+01
2.199425290031471647e+01
