0.000000000000000000e+00
0.000000000000000000e+00
0.000000000000000000e+00
0.000000000000000000e+00
0.000000000000000000e+00
0.000000000000000000e+00
0.000000000000000000e+00
0.000000000000000000e+00
0.000000000000000000e+00
0.000000000000000000e+00
0.000000000000000000e+00
0.000000000000000000e+00
0.000000000000000000e+00
0.000000000000000000e+00
0.000000000000000000e+00
0.000000000000000000e+00
6.416931788361781089e-03
0.000000000000000000e+00
0.000000000000000000e+00
0.000000000000000000e+00
3.377231916740114359e-02
4.710982080373000286e-02
0.000000000000000000e+00
0.000000000000000000e+00
1.042800763541705360e-02
3.820090229699243944e-02
5.487178855196640781e-02
1.067400204164220892e-02
3.328301787847205706e-02
6.509061891183176574e-02
8.397170949204667278e-02
1.017713263066573337e-01
7.462471976342882618e-02
8.656182858452086959e-02
1.146580893405229618e-01
1.398555423032150080e-01
1.629063146481009583e-01
1.708192133496689025e-01
1.815695205866280637e-01
1.920399841084579340e-01
1.962893624804697701e-01
2.093462970235977494e-01
2.171561648697454827e-01
2.254403847772389058e-01
2.350951591747250102e-01
2.438159842155730450e-01
2.532125580976261614e-01
2.580642684954619348e-01
2.622779359268097576e-01
2.613046400707360051e-01
2.650129656333022887e-01
2.640145505442579865e-01
2.599372361862408165e-01
2.600678781499154990e-01
2.690139574482247609e-01
2.825867918596254857e-01
2.964070140167454626e-01
3.044551067319853921e-01
3.125367875180543598e-01
3.199246549782894800e-01
3.083101242575503331e-01
3.051885561334632402e-01
3.031383003789978048e-01
2.376102689430392989e-01
1.984773274800311904e-01
2.256614601321496327e-01
2.643266003055673163e-01
2.882280834911847833e-01
2.641078918170652878e-01
2.786846618690301258e-01
3.193444165672837398e-01
3.501487253237611785e-01
3.679177663624360051e-01
3.708452066198881236e-01
3.768808248419673879e-01
3.832858291419902752e-01
4.239442858702668904e-01
4.607199478195154185e-01
4.838723353056385568e-01
5.081954499466599939e-01
5.087860749700091612e-01
5.190788348166085475e-01
4.511088728213159538e-01
4.104551675423745438e-01
4.421387216519075958e-01
4.852210569005193097e-01
5.237318042740687352e-01
5.416076907563798226e-01
5.313767587029205597e-01
5.532357991552286913e-01
5.966058443434431036e-01
5.654190375956434922e-01
5.542593208952711903e-01
6.055210972707926187e-01
6.519854459086618093e-01
6.904194822353724170e-01
7.207665665665847765e-01
7.556391353595836025e-01
7.985767598518341837e-01
8.441477498162416326e-01
8.708885986501075926e-01
9.007500708883227070e-01
8.550074109325309646e-01
8.645339078096266894e-01
9.206256152389301617e-01
9.590624837244646761e-01
9.696254093094421878e-01
9.722919354734245179e-01
1.004162394120672763e+00
1.056200860316803825e+00
1.094696290779963999e+00
1.037285530223037711e+00
1.036146332363171663e+00
1.098910225591023915e+00
1.161347896672310753e+00
1.211727584752084974e+00
1.242950964863844154e+00
1.285840192757594425e+00
1.353122565743029471e+00
1.414497462628707014e+00
1.460316484198765474e+00
1.499563633364676463e+00
1.503306884116450748e+00
1.540224292251976657e+00
1.591973047013192977e+00
1.644450500728184661e+00
1.674918657031221336e+00
1.679951745654561401e+00
1.725253381042001877e+00
1.776702555924670968e+00
1.831995847793934873e+00
1.829830664481739255e+00
1.874569224529381017e+00
1.933013178245426289e+00
1.993942404595107520e+00
2.047509830623749583e+00
2.042877435468509528e+00
2.093973659955255862e+00
2.150954755757173764e+00
2.214438784093748502e+00
2.272401088302662409e+00
2.329972721533371871e+00
2.338984175428891810e+00
2.389134686457226486e+00
2.440787756270771602e+00
2.483128604113458593e+00
2.522445592157222194e+00
2.565257277451610030e+00
2.607183973947235778e+00
2.645724334798815303e+00
2.683238386292631894e+00
2.642876555798455041e+00
2.659125049585554290e+00
2.703586348532653894e+00
2.760145255961407251e+00
2.805289329474542459e+00
2.841904315485510590e+00
2.876986758131427901e+00
2.905389305572238623e+00
2.930684807633381794e+00
2.955743135565358948e+00
2.982908466721466478e+00
3.003404491997812009e+00
3.032713498601730784e+00
3.064039663709410277e+00
3.094181029897801860e+00
3.107852911572860144e+00
3.120409626452635976e+00
3.138346349012072434e+00
3.155855516092220814e+00
3.168404455615099646e+00
3.183727778036129052e+00
3.199483662740854051e+00
3.214016961716704035e+00
3.235096248750120473e+00
3.257790710325122685e+00
3.275967751897764124e+00
3.289455753545641681e+00
3.298550613619350980e+00
3.304030475046335180e+00
3.309830326734575667e+00
3.318176540500842098e+00
3.327361576693072198e+00
3.333932494091429888e+00
3.339197895859083332e+00
3.353478281336815581e+00
3.369905911281687150e+00
3.381179604171442588e+00
3.389504397468805497e+00
3.389299674242967964e+00
3.387602929225876025e+00
3.383920676876306821e+00
3.379769130224033802e+00
3.379295866659210557e+00
3.374212114289732334e+00
3.379010663740784626e+00
3.385118038374599791e+00
3.396277483417217358e+00
3.401499878789882914e+00
3.403572900177629812e+00
