0.000000000000000000e+00
0.000000000000000000e+00
0.000000000000000000e+00
0.000000000000000000e+00
0.000000000000000000e+00
0.000000000000000000e+00
0.000000000000000000e+00
0.000000000000000000e+00
0.000000000000000000e+00
0.000000000000000000e+00
0.000000000000000000e+00
0.000000000000000000e+00
0.000000000000000000e+00
0.000000000000000000e+00
0.000000000000000000e+00
0.000000000000000000e+00
0.000000000000000000e+00
0.000000000000000000e+00
0.000000000000000000e+00
0.000000000000000000e+00
0.000000000000000000e+00
0.000000000000000000e+00
0.000000000000000000e+00
0.000000000000000000e+00
0.000000000000000000e+00
0.000000000000000000e+00
0.000000000000000000e+00
0.000000000000000000e+00
0.000000000000000000e+00
0.000000000000000000e+00
0.000000000000000000e+00
0.000000000000000000e+00
0.000000000000000000e+00
0.000000000000000000e+00
0.000000000000000000e+00
0.000000000000000000e+00
0.000000000000000000e+00
0.000000000000000000e+00
0.000000000000000000e+00
0.000000000000000000e+00
0.000000000000000000e+00
0.000000000000000000e+00
0.000000000000000000e+00
0.000000000000000000e+00
0.000000000000000000e+00
0.000000000000000000e+00
0.000000000000000000e+00
0.000000000000000000e+00
0.000000000000000000e+00
0.000000000000000000e+00
0.000000000000000000e+00
0.000000000000000000e+00
0.000000000000000000e+00
0.000000000000000000e+00
0.000000000000000000e+00
0.000000000000000000e+00
0.000000000000000000e+00
0.000000000000000000e+00
0.000000000000000000e+00
0.000000000000000000e+00
0.000000000000000000e+00
0.000000000000000000e+00
0.000000000000000000e+00
0.000000000000000000e+00
0.000000000000000000e+00
0.000000000000000000e+00
0.000000000000000000e+00
0.000000000000000000e+00
0.000000000000000000e+00
0.000000000000000000e+00
0.000000000000000000e+00
0.000000000000000000e+00
0.000000000000000000e+00
0.000000000000000000e+00
0.000000000000000000e+00
0.000000000000000000e+00
0.000000000000000000e+00
0.000000000000000000e+00
0.000000000000000000e+00
0.000000000000000000e+00
4.417877242885827338e-02
6.707627714011688003e-02
8.291881421278698983e-02
9.178123023337296515e-02
7.203156415765644971e-02
9.563398546805183809e-02
1.183056278404949202e-01
9.615528838281724167e-02
1.024117978612287677e-01
8.879787114948410609e-02
1.161308295074107572e-01
1.350556759161405662e-01
1.426601711615681778e-01
1.457225253105654261e-01
1.583228657563013342e-01
1.687315341350157927e-01
1.815285900151810405e-01
1.277919361376651797e-01
8.593000457579147433e-02
1.065288513819691585e-01
1.678843161330040301e-01
2.203673191890015703e-01
2.547876088164940933e-01
2.480414619478275295e-01
2.497495790898657531e-01
2.674654804711520950e-01
3.011154201209013670e-01
3.186478577618775954e-01
3.311145530932215753e-01
3.444200230649107075e-01
3.550430024488288594e-01
3.811881066174443999e-01
4.028165094444363659e-01
3.853389557954345346e-01
3.601530819923349225e-01
3.858725071601887269e-01
4.039655583726091681e-01
3.655065194493422598e-01
3.263467614400280548e-01
3.212966556995829337e-01
3.680025539564374393e-01
4.120447685109676073e-01
4.436626675920876117e-01
4.135301363898424287e-01
4.151797486980119967e-01
4.444386148423212224e-01
4.255955498735540798e-01
4.137184676688802631e-01
3.657359915700110764e-01
3.568596542303099639e-01
4.185353866191336980e-01
4.810837697530184198e-01
5.257602317164647987e-01
5.282884332719552933e-01
5.459351642852694475e-01
5.776266585979646928e-01
6.135652957001221930e-01
6.114127923497280070e-01
6.140821478978766290e-01
6.394930760425884264e-01
6.597297500917927993e-01
7.062515529124188118e-01
7.216242142508811908e-01
7.492298124756623379e-01
7.972822091742389761e-01
8.096363483861650501e-01
7.923173699901442379e-01
6.803071647956795420e-01
5.420799556017947829e-01
5.179135400781654797e-01
6.058482879185634884e-01
7.041413118720664110e-01
7.665786725410137503e-01
7.823065013020044089e-01
8.537033391954480521e-01
9.568903330410334362e-01
9.208378614294561171e-01
9.228576216629649220e-01
9.996771792747050078e-01
1.054408226951363714e+00
1.082740769196040453e+00
1.179284565871193902e+00
1.277879691824721498e+00
1.355569585206811700e+00
1.425251271732376646e+00
1.484519483166619080e+00
1.523880325224090448e+00
1.354040218246035598e+00
1.365834715434596003e+00
1.477162170754171999e+00
1.570245177349604004e+00
1.621985520806256797e+00
1.694168614199914380e+00
1.770578732360323482e+00
1.837979561543476636e+00
1.894727725177585587e+00
1.738390801300954802e+00
1.672457315240727160e+00
1.820620418195894707e+00
1.945175033839363410e+00
2.027724848494825594e+00
2.101262547205634768e+00
2.168959464094039280e+00
2.234622971243597433e+00
2.304170952118897553e+00
2.374080597870599441e+00
2.437581069866288530e+00
2.495635001040562795e+00
2.545335576074470030e+00
2.591280297757380335e+00
2.639613859326846779e+00
2.661577031344876332e+00
2.699108469906088104e+00
2.751818789850954960e+00
2.807253658065139490e+00
2.872706191826547517e+00
2.943944026414214044e+00
2.996839130396596218e+00
3.047477115287401173e+00
3.098786857249567817e+00
