5.489523262233156342e-02
8.137404918657646646e-02
0.000000000000000000e+00
0.000000000000000000e+00
0.000000000000000000e+00
8.455425260953528454e-04
1.875579403044133966e-02
1.632715640875089316e-02
4.059074334796602262e-02
8.489251321918159232e-02
1.172946274772629360e-01
1.607217660094392153e-01
1.838832356827267006e-02
4.950066491697004828e-02
1.410240248979554301e-01
2.359154419526969804e-01
3.103975429907982475e-01
3.619597319176866002e-01
3.960254512624460932e-01
4.146320195133385567e-01
3.609492932956189781e-01
3.946665354861693120e-01
4.263744709886588824e-01
4.678684141280915476e-01
5.038110440662639800e-01
5.531529451915354612e-01
5.859564488337087873e-01
6.211306600480105411e-01
6.087387928028724637e-01
5.998215038811960387e-01
6.291893660355697415e-01
6.527219786915798849e-01
6.416750780835106527e-01
6.887158420305582451e-01
7.438142611393833148e-01
8.017500212372077328e-01
8.453336662728742068e-01
8.884875909234224434e-01
9.056325594726393202e-01
9.334649072992980967e-01
9.433176116936724531e-01
9.440075440579301924e-01
9.100037346766557400e-01
9.249253725442205809e-01
9.543696782502747444e-01
9.831076392752962079e-01
1.013302894994342118e+00
1.019265139725849423e+00
1.031713523351505568e+00
1.002788073802476587e+00
9.649571463949124794e-01
9.189673843037573508e-01
8.963841349077694698e-01
8.769394641053995798e-01
9.015449945252068664e-01
9.450083076535470417e-01
9.889653307954029415e-01
1.011039252177568182e+00
1.038044368550508301e+00
1.049893995634423538e+00
9.904187766209703314e-01
9.486931180151649823e-01
9.249985930342687901e-01
7.758054008590954398e-01
7.410278798302347703e-01
7.650363541074000073e-01
8.196535932660550250e-01
8.650644632489744579e-01
8.469969321569796872e-01
8.974304758873609122e-01
9.999214243019770576e-01
1.107710539089194590e+00
1.182100006418900673e+00
1.214839514417308752e+00
1.219100214241195523e+00
1.191144772893169002e+00
1.315413692169433268e+00
1.476174517228922456e+00
1.584211636991123662e+00
1.707911536353577731e+00
1.800215760961439093e+00
1.846745366382414266e+00
1.351627415460981307e+00
1.333752560450736979e+00
1.526229491417407713e+00
1.699807801433925958e+00
1.842654315358515982e+00
2.026491265712039969e+00
2.212957313541700000e+00
2.358614879115635166e+00
2.447296938239495123e+00
1.834733361925050765e+00
1.666024634575596908e+00
1.928913307534647181e+00
2.177556040310450580e+00
2.390836896456548732e+00
2.569140084007295322e+00
2.744258685294543643e+00
2.929056695200119353e+00
3.081621509507492362e+00
3.212196146508275785e+00
3.320400573696483892e+00
3.397020155414745890e+00
3.475979616214985857e+00
3.557026387839537396e+00
3.640570692785248585e+00
3.604546243798922855e+00
3.650092857869635665e+00
3.762173865908868375e+00
3.915914244256585075e+00
4.057421573180374885e+00
4.184816587733320326e+00
4.299420795701295539e+00
4.389426127161355495e+00
4.470934977871145577e+00
4.559210408049693797e+00
4.652999436809983180e+00
4.750628990580258559e+00
4.851672843603306085e+00
5.011140120080202820e+00
5.187010912588142730e+00
5.344988305561860109e+00
5.502506394487774344e+00
5.648152363668053511e+00
5.746366801366973753e+00
5.845985434529793245e+00
5.945135618440406056e+00
6.053789921831780774e+00
6.172251474013780381e+00
6.308496442333949794e+00
6.487041633868580348e+00
6.681701597620348210e+00
6.883547655759513439e+00
7.072737793535018191e+00
7.228071883018304611e+00
7.343979299584804110e+00
7.450115984810614655e+00
7.552862126355884165e+00
7.661796114128105906e+00
7.778040855521349606e+00
7.895735905221018314e+00
8.075789209498907439e+00
8.277024508181014539e+00
8.459044498246750976e+00
8.636533314423347818e+00
8.784760273756091919e+00
8.895980950256058506e+00
8.997977992931575741e+00
9.118802961030677778e+00
9.224390795179008506e+00
9.328615932900017782e+00
9.444412474874784635e+00
9.608122430036532435e+00
9.795551616198553191e+00
9.972061730645664923e+00
1.011855045640312234e+01
1.024901062641978911e+01
1.034881594567043095e+01
1.042777020663437604e+01
1.051252704284557282e+01
1.061944212206098825e+01
1.073139289814868391e+01
1.081220621191408782e+01
1.096599830538073483e+01
1.114624677695869437e+01
1.129216159071174630e+01
1.144015323781641591e+01
1.155395810700639103e+01
1.162243597496070180e+01
1.168024567995962570e+01
1.176429875818103632e+01
1.187805458790431601e+01
1.195075348402721360e+01
1.203476891931543058e+01
1.215501672980541414e+01
1.230406742198774417e+01
1.246293562675826649e+01
1.260755285251196156e+01
1.271055536678420417e+01
1.280591244134786955e+01
1.285881580975329896e+01
1.291384161981694056e+01
1.298564177411903131e+01
1.303506018836854352e+01
1.308205842280031916e+01
1.321271666724858385e+01
1.332349025574374579e+01
1.345623641340136523e+01
1.347921177138816518e+01
1.358957360112387391e+01
1.366991214133303423e+01
1.374673954908245754e+01
1.372447735048450213e+01
1.378935404212534621e+01
1.384919069942380965e+01
1.394128292382158207e+01
1.404514721440180125e+01
1.416185848024701421e+01
1.427113215345398523e+01
1.438307726426750044e+01
