5.566854908378342931e-02
8.258343831811812419e-02
0.000000000000000000e+00
0.000000000000000000e+00
0.000000000000000000e+00
8.529817225523023301e-04
1.916713894993938086e-02
1.620962511797422942e-02
4.086875998489290090e-02
8.497130643758757373e-02
1.177955941053903111e-01
1.603533518600591679e-01
1.858325697920034519e-02
5.044893744360751109e-02
1.404092337997482065e-01
2.369112431650202966e-01
3.114972389355910587e-01
3.606316348846918540e-01
3.962910197149710489e-01
4.151360476515624232e-01
3.576065649021866188e-01
3.920475308701698580e-01
4.252133859155495244e-01
4.678832684361075578e-01
5.024483442455519588e-01
5.512911830745881314e-01
5.828954455137462798e-01
6.158522722097474755e-01
6.030645957438501847e-01
5.935458681661035518e-01
6.215380356692017383e-01
6.444902384654748184e-01
6.314791111285783520e-01
6.794346050515538415e-01
7.352474186601206663e-01
7.942495379031150327e-01
8.356131823290406935e-01
8.808385550792018348e-01
8.946909340424968882e-01
9.186453157306077033e-01
9.277524680162400061e-01
9.316398766127095277e-01
9.009665638712331948e-01
9.170145671974411217e-01
9.488022964419996486e-01
9.761720144045210601e-01
1.003901999420974134e+00
1.011616035213599218e+00
1.025925890722932277e+00
9.975305134764624881e-01
9.640622031001423453e-01
9.216119070403799851e-01
8.963710821229661230e-01
8.790080745450378208e-01
9.022654009679366149e-01
9.406333069922210299e-01
9.845834262646439017e-01
1.010512469347806253e+00
1.035140341030628797e+00
1.049248034837040544e+00
9.875008966328083782e-01
9.475667826790239445e-01
9.238726781060045967e-01
7.767288945118463461e-01
7.426253256351867948e-01
7.703128085685004844e-01
8.281062386368955863e-01
8.746006161975014015e-01
8.576380017871588768e-01
9.148094043375818440e-01
1.011281744651069125e+00
1.113806894353998489e+00
1.183727224110319831e+00
1.216186583328242365e+00
1.222519532006979270e+00
1.197679906350861412e+00
1.313052719504502086e+00
1.473261175496594744e+00
1.579949934023143765e+00
1.707088843987978111e+00
1.798972055582435114e+00
1.840535938445007735e+00
1.349650731556768291e+00
1.331807387176137114e+00
1.527979248014598390e+00
1.706407419349718069e+00
1.842808891066345378e+00
2.028113565614198865e+00
2.214834211351076387e+00
2.371420017120919432e+00
2.464141236945756930e+00
1.838984660092638057e+00
1.653590365804668005e+00
1.926787382007207006e+00
2.184379461408141321e+00
2.398152070468028807e+00
2.579860970545579058e+00
2.751427835087489449e+00
2.927758299470490044e+00
3.082680060992588178e+00
3.220336373643212013e+00
3.330526676847088030e+00
3.407931238873872726e+00
3.473651482221839615e+00
3.548011284241119334e+00
3.633094535451175666e+00
3.604175909777808329e+00
3.651400925321988566e+00
3.753606883590487886e+00
3.888241401546557174e+00
4.026405009657132439e+00
4.153042850901215388e+00
4.269378876791320110e+00
4.359099445008371987e+00
4.434203254612056000e+00
4.516433448291625297e+00
4.612389651183079309e+00
4.718038338399691334e+00
4.812922474623855251e+00
4.968149324129178090e+00
5.141629879966727046e+00
5.299047626146318635e+00
5.444995554614619593e+00
5.566605238451019844e+00
5.680025690896356672e+00
5.785487775731290583e+00
5.899797527413134901e+00
6.009907568576177361e+00
6.126812707804442759e+00
6.259023266903747107e+00
6.423766957567808689e+00
6.618499892650008043e+00
6.793998536273883282e+00
6.961526152795991074e+00
7.117878078229189498e+00
7.238163894201723458e+00
7.357203223873950648e+00
7.466020630103927580e+00
7.587234111469633113e+00
7.707040392931370221e+00
7.826992792609412497e+00
7.991573791129794380e+00
8.183614606875101671e+00
8.371618947609684724e+00
8.541690272238152914e+00
8.718942485614874727e+00
8.832266580707234027e+00
8.929283636301587279e+00
9.056969122524984428e+00
9.171091929571215218e+00
9.281180307530839002e+00
9.400730310220335895e+00
9.561294754427231979e+00
9.756103549291669452e+00
9.923295866298513346e+00
1.008507433812641096e+01
1.021904823026217102e+01
1.032764181146737670e+01
1.040847056142979987e+01
1.050037960035690254e+01
1.061268793203783289e+01
1.069379649456592318e+01
1.081173268105015417e+01
1.095166019006655489e+01
1.110533997867818634e+01
1.125615125980191245e+01
1.140333046443640796e+01
1.150630633333656583e+01
1.160890339605621691e+01
1.168714063942855219e+01
1.176995190481508935e+01
1.184860310462108224e+01
1.192836815440375098e+01
1.202853161806087101e+01
1.217146888261123294e+01
1.231369798613106781e+01
1.245316472696976007e+01
1.257862099266815115e+01
1.267732018686088935e+01
1.274542107914430389e+01
1.280797880577144987e+01
1.284069340985470475e+01
1.287944596335846370e+01
1.292992241472580162e+01
1.297853866644570253e+01
1.307358310505449772e+01
1.320329197509327912e+01
1.331537146698934571e+01
1.335408053013309093e+01
1.343353738725458513e+01
1.352307953545890840e+01
1.362123127856471072e+01
1.362852075102431826e+01
1.368509789052917291e+01
1.377933483572425466e+01
1.384300128541398855e+01
1.395664581966563667e+01
1.405609154371388847e+01
1.420341427489656283e+01
1.432385051766202366e+01
