0.000000000000000000e+00
0.000000000000000000e+00
0.000000000000000000e+00
0.000000000000000000e+00
0.000000000000000000e+00
0.000000000000000000e+00
0.000000000000000000e+00
0.000000000000000000e+00
0.000000000000000000e+00
0.000000000000000000e+00
0.000000000000000000e+00
0.000000000000000000e+00
0.000000000000000000e+00
0.000000000000000000e+00
5.869929910072392738e-03
3.519250024931241255e-02
5.570142691270672797e-02
0.000000000000000000e+00
1.815650097594404336e-02
6.411291190768364512e-02
7.897039668704121385e-02
9.289498113379701660e-02
1.032072745830236032e-01
1.144251295621153408e-01
1.239576151116647956e-01
1.273370683455535557e-01
1.372451837817780240e-01
1.465580987101311461e-01
1.501897388457372196e-01
1.522332612515479300e-01
1.635559263424823662e-01
1.741360095850669754e-01
1.700633517060918809e-01
1.794159034942251763e-01
1.904046383501342421e-01
2.049951884322101237e-01
2.161626080448788012e-01
2.219866813316775100e-01
2.297238792201873325e-01
2.433822526449387347e-01
2.549953787007728234e-01
2.641385200791870891e-01
2.484675275580627007e-01
2.532678372082983187e-01
2.690084919658743412e-01
2.953784655856300789e-01
3.176785934681242707e-01
3.249431886372273759e-01
3.356987859580251032e-01
3.367359677562844489e-01
3.251925010852863007e-01
3.309313716062621813e-01
3.337090700272473121e-01
3.373115713357205947e-01
3.478988527343838122e-01
3.602229518393578744e-01
3.771897252289050373e-01
3.881314543630627889e-01
3.942573856759579720e-01
3.978312951864383940e-01
3.887900726799637940e-01
3.775292499585464201e-01
3.654095132459514450e-01
2.615740872398175099e-01
1.999085795380578512e-01
2.487724721926205806e-01
3.098167956184509908e-01
3.438126405194615876e-01
2.982944282928403634e-01
3.155525181509429844e-01
3.882509868228606331e-01
4.500518140178570436e-01
4.878257857523007890e-01
4.977642713843759559e-01
5.069349157001190598e-01
5.020907720026196452e-01
5.607269034788013862e-01
6.173402007960616666e-01
6.541035570373527896e-01
6.854733504778962594e-01
7.028912746554049074e-01
7.193259321291944897e-01
6.000550496640508769e-01
5.927855557137448050e-01
6.618944534147918057e-01
7.196116034813846429e-01
7.608436658422550458e-01
7.748466784819808550e-01
8.177687320001646443e-01
8.728637760086839226e-01
9.022758641238505239e-01
7.698350673807309308e-01
7.227254271848834177e-01
7.669285916884275300e-01
8.302844339853866495e-01
8.893803959426708206e-01
9.015140913502777131e-01
9.274288524753180329e-01
9.366448351039219355e-01
9.918911830053002143e-01
1.059150213538652574e+00
1.122800433628855954e+00
1.169164049204623801e+00
1.197030831502207349e+00
1.222605493618669881e+00
1.251994261830027488e+00
1.287691292116729835e+00
1.334740953425609389e+00
1.374202732731984122e+00
1.428163681299387644e+00
1.471797745334910479e+00
1.522103207078941312e+00
1.487833741096002971e+00
1.520572001222829206e+00
1.588439607022091860e+00
1.637064125402440284e+00
1.678877244454995754e+00
1.672862731249832313e+00
1.713541851788758397e+00
1.800039431931387268e+00
1.873832471153934032e+00
1.817677027572286885e+00
1.837530452919411417e+00
1.931176653640532148e+00
2.010229925323265832e+00
2.082068697650982791e+00
2.086582484623074940e+00
2.128612898234742090e+00
2.222029491693914505e+00
2.301553979741997935e+00
2.375950571015374102e+00
2.457024846781501015e+00
2.541371945361245999e+00
2.609766168113888618e+00
2.672873539543564103e+00
2.726426914669421997e+00
2.758201895839476947e+00
2.737681707699782585e+00
2.785179274779886693e+00
2.849442340002672047e+00
2.919919182121672119e+00
2.989874398672083267e+00
3.073715210189969405e+00
3.156688135500606229e+00
3.231172932492191396e+00
3.297693951573780424e+00
3.260121360607828311e+00
3.296896116181667225e+00
3.364494282577723983e+00
3.455156534204716579e+00
3.547832022445374101e+00
3.624268662959382770e+00
3.708338604660645021e+00
3.801366282746055703e+00
3.886262260748936548e+00
3.963649368523292527e+00
4.034246724382414051e+00
4.097944379389701908e+00
4.161115128397395502e+00
4.223955158135979104e+00
4.289827390546919972e+00
4.356880620833442741e+00
4.421305671924601555e+00
4.509317032050765839e+00
4.605738187508251258e+00
4.697660525057286485e+00
4.778732895034500494e+00
4.857525346687820544e+00
4.931921793874731286e+00
5.003444444753782250e+00
5.073812058508229583e+00
5.155979634933803624e+00
5.241837108604293860e+00
5.329400618760684161e+00
5.429156078338957414e+00
5.529306143922263495e+00
5.623273111600495255e+00
5.712874673842406104e+00
5.802881138517453685e+00
5.887099958240270325e+00
5.963178010231721338e+00
6.039631054150317979e+00
6.122613800077612467e+00
6.210752399884258423e+00
6.299481928709448120e+00
6.394866689864556086e+00
6.496209148120392740e+00
6.578070669138484483e+00
6.664037638618697912e+00
6.739592176844328542e+00
6.811792857210762442e+00
6.882525635084681070e+00
6.958589090020794288e+00
7.044046537822861609e+00
7.117586379837873345e+00
7.194090268516349695e+00
7.284155674208118825e+00
7.383591567103935382e+00
7.477251066288908454e+00
7.564512806826404478e+00
