5.626085327072517794e-02
8.343926539919506447e-02
0.000000000000000000e+00
0.000000000000000000e+00
0.000000000000000000e+00
1.010515016115821375e-03
2.002465930015936632e-02
1.759015411607719667e-02
4.259365887613688478e-02
8.636285236225915707e-02
1.208655581694066533e-01
1.634601485546676447e-01
1.902583152984507753e-02
5.201028347629101101e-02
1.432998830582624672e-01
2.386627758797684740e-01
3.100853710454271051e-01
3.592519359365993759e-01
3.929212443038447300e-01
4.090258768772223608e-01
3.554297333319738073e-01
3.890237668308668129e-01
4.219728294763927523e-01
4.614883119548771617e-01
4.980217282690316272e-01
5.467059212522720202e-01
5.779533548254198738e-01
6.107942213962410660e-01
6.020748479308684065e-01
5.916278100133168794e-01
6.199151602345495116e-01
6.429441942693178147e-01
6.318934181977932107e-01
6.802622193444544108e-01
7.379674704568983667e-01
7.959028664430605193e-01
8.396793744264561266e-01
8.806471361774899087e-01
8.985338974806030832e-01
9.247024783589055108e-01
9.344237494888918416e-01
9.358428308570273524e-01
9.040825615740305521e-01
9.170725949862237325e-01
9.494090749358155001e-01
9.792407816035215706e-01
1.009480919288003653e+00
1.013868242600357128e+00
1.028680589656203459e+00
1.000389624177133063e+00
9.600373065358122071e-01
9.170660026252059893e-01
8.962349113755542218e-01
8.793363303875780801e-01
9.016160731575165732e-01
9.434061948074479176e-01
9.848134150571836720e-01
1.007263608490185813e+00
1.034062528281167515e+00
1.048903294869493630e+00
9.875018910998042410e-01
9.479098748217348325e-01
9.233983933205575090e-01
7.804826793638904858e-01
7.457698508928407577e-01
7.767183811438334029e-01
8.260897968520705126e-01
8.761592102037409902e-01
8.530263237812510946e-01
9.080692389618438831e-01
1.012215184504242194e+00
1.110539649659932016e+00
1.182682200691243191e+00
1.217435932039507174e+00
1.221431035371521867e+00
1.193865626162263105e+00
1.317594760658394648e+00
1.469278095382793303e+00
1.579392509668373634e+00
1.705926454623258426e+00
1.804830200483808822e+00
1.849092708541019370e+00
1.366421639479021399e+00
1.340143383755854067e+00
1.536557845781237885e+00
1.711000658231860649e+00
1.849289344780319144e+00
2.033467415362992359e+00
2.219551028005436244e+00
2.370094274302913639e+00
2.462285300770027607e+00
1.858743481224778504e+00
1.685731921136458089e+00
1.936969226095193397e+00
2.196479996321021755e+00
2.405269430094058691e+00
2.571350413362813114e+00
2.744575456003941927e+00
2.934250985509999410e+00
3.086415276258737794e+00
3.228319997501428951e+00
3.335447107767093744e+00
3.418094719827033945e+00
3.488624102997373466e+00
3.553093662546230824e+00
3.630620694066782672e+00
3.599432947582308362e+00
3.643797911066618322e+00
3.767540577809204816e+00
3.907338269114102314e+00
4.063613851254920029e+00
4.206128491934716607e+00
4.328435766080112934e+00
4.424360436600084157e+00
4.514420001171051133e+00
4.614199468559563755e+00
4.715566354769808122e+00
4.825801326451236051e+00
4.934005309782937054e+00
5.089235883033111030e+00
5.252831526385308258e+00
5.418663102947105514e+00
5.565910164845078612e+00
5.674325002499971404e+00
5.767512178331937633e+00
5.845860840213314980e+00
5.938224483584227720e+00
6.039244568066317598e+00
6.118301817977642720e+00
6.203645261572214409e+00
6.332272793431702240e+00
6.472822911136304924e+00
6.603691552661286934e+00
6.726977800389863482e+00
6.830468093831741250e+00
6.892494363195374341e+00
6.953227831764875688e+00
7.014439260700275014e+00
7.055383973059168312e+00
7.107356112496095335e+00
7.150091573515384269e+00
7.234375991709888432e+00
7.349805778059914196e+00
7.444088895507066539e+00
7.520409131097844480e+00
7.570467182730467925e+00
7.615704884284593135e+00
7.623996567778739575e+00
7.651881933522888701e+00
7.678431837204596100e+00
7.690162706566240125e+00
7.730541609276047055e+00
7.792870914550049655e+00
7.867664851496569689e+00
7.937654916559075069e+00
7.997190099344561709e+00
8.047338937291742766e+00
8.062761861657413931e+00
8.081965723808821167e+00
8.118300169229334173e+00
8.152034109113559524e+00
8.187230570359300685e+00
8.248152399042638194e+00
8.309882334408221993e+00
8.381312920331190242e+00
8.462927751887933780e+00
8.539843376921606222e+00
8.588646349661109625e+00
8.615041844810789939e+00
8.649348825054598677e+00
8.660248905501550354e+00
8.685815674757241922e+00
8.687545416377021823e+00
8.730855133937058810e+00
8.772362023651016472e+00
8.838970196641509958e+00
8.930477426639324534e+00
8.993767475625601193e+00
9.038469048426668095e+00
9.072718742598331332e+00
9.131042367405003191e+00
9.163952486625339233e+00
9.233303636184530205e+00
9.299114013355300301e+00
9.330737264280934085e+00
9.389297507866842807e+00
9.489046989334507742e+00
9.560175410064163160e+00
9.616299680319873033e+00
9.666808380797535349e+00
9.728134469129944506e+00
9.787563173220011237e+00
9.844113014252204863e+00
9.865342291532423147e+00
9.909807485580650166e+00
9.919285925838588369e+00
9.986437506812029241e+00
1.005208283435566052e+01
1.011290995915873658e+01
1.016780220223386699e+01
