5.704701142184361723e-02
8.443841401378279765e-02
0.000000000000000000e+00
0.000000000000000000e+00
0.000000000000000000e+00
9.395003619634372102e-04
1.945083583849959580e-02
1.691131927134275140e-02
4.270847632051303494e-02
8.723295571639573531e-02
1.218990659534165966e-01
1.649619377198102699e-01
1.889357459952857587e-02
5.090182551639619440e-02
1.450202604065084777e-01
2.405783828741249464e-01
3.149855164233063554e-01
3.655488240419728641e-01
4.006957479025550217e-01
4.170409913221403420e-01
3.605425764759259688e-01
3.957948174431504262e-01
4.301524217702895614e-01
4.707747961454789576e-01
5.049528640761438147e-01
5.543015790730851933e-01
5.874483624939925708e-01
6.222117670087365937e-01
6.110891684612513863e-01
5.974310136292169116e-01
6.282022936766460397e-01
6.515261885055796398e-01
6.394413014065813972e-01
6.886747800726911173e-01
7.466379757097529879e-01
8.045957773835755722e-01
8.507169939723089325e-01
8.934599984403439610e-01
9.074807554969666068e-01
9.340060902395659337e-01
9.453113205214762615e-01
9.472268438318669492e-01
9.131888569231059183e-01
9.294059581548924642e-01
9.590825357365949655e-01
9.835067397067168704e-01
1.008989537816483040e+00
1.018525170708640015e+00
1.033711169731170942e+00
1.004263010886661922e+00
9.666022194987095029e-01
9.278520196751051108e-01
9.068355863825469099e-01
8.876309351063957909e-01
9.076975607167629967e-01
9.484349791319248713e-01
9.915053406839730021e-01
1.012712095261943279e+00
1.041994697884480292e+00
1.053463578206902618e+00
9.955105147803774424e-01
9.488659317514288594e-01
9.240359148385628441e-01
7.794473118089862984e-01
7.474870745417888651e-01
7.755320649149742840e-01
8.302318057962697617e-01
8.764124003266894336e-01
8.575668647449723458e-01
9.146582138440964016e-01
1.018040461550005826e+00
1.114568409371469171e+00
1.182525074908159946e+00
1.213428276155634311e+00
1.222140483244817721e+00
1.199488038309266091e+00
1.316686436386211856e+00
1.482164798463715849e+00
1.594529557395941044e+00
1.720943060681146886e+00
1.815865006326586650e+00
1.862967903227558342e+00
1.374025876902004173e+00
1.350068126255038914e+00
1.542559288740894763e+00
1.723819134166915568e+00
1.859771929485112940e+00
2.046428726234979845e+00
2.230369509943356476e+00
2.379786690906700031e+00
2.468485983565591013e+00
1.875766488608697324e+00
1.677873653045572677e+00
1.954895191052476777e+00
2.205357149865574851e+00
2.412140826251587100e+00
2.588514696380734392e+00
2.761572071484700963e+00
2.951839449962110784e+00
3.110247247592260678e+00
3.246221965848449020e+00
3.347896334406016638e+00
3.431957312802368598e+00
3.503323395768901172e+00
3.579877221787408192e+00
3.661069855615117330e+00
3.622059942143928790e+00
3.665983099671132894e+00
3.778038622924826395e+00
3.905585746883107223e+00
4.036342320104332693e+00
4.161423061350167707e+00
4.270347100107763083e+00
4.356282798359699449e+00
4.433966591277000546e+00
4.514660779195340368e+00
4.602069362993610468e+00
4.693152283414621095e+00
4.794092659385519539e+00
4.930461097982736796e+00
5.087417313511427785e+00
5.235434546324811755e+00
5.379214460924548469e+00
5.507830304271591260e+00
5.590801305953418954e+00
5.686690755273472675e+00
5.782812884985541579e+00
5.881992821365527924e+00
5.986842979017664490e+00
6.103344108200755791e+00
6.251473523578870761e+00
6.421171154786290636e+00
6.576916451588902035e+00
6.706377877273229871e+00
6.815799810672348080e+00
6.901552875248315289e+00
6.982356232247893146e+00
7.074468771048563198e+00
7.168778465842110315e+00
7.252087235854279612e+00
7.358138360104475417e+00
7.509072360714028171e+00
7.689924008695449231e+00
7.870228230357858124e+00
8.028794951205293629e+00
8.170063659346363139e+00
8.278081634712627590e+00
8.377311411664910779e+00
8.473771589382133484e+00
8.583910640814940152e+00
8.702365821974391125e+00
8.820902706469562204e+00
9.000195650028143035e+00
9.193923619724484908e+00
9.371270056612555521e+00
9.540716186023740164e+00
9.675826150879496268e+00
9.784764918381904764e+00
9.885549673144414129e+00
1.002355767665064157e+01
1.016330439495281901e+01
1.029764225045326498e+01
1.045636201426199641e+01
1.068421091307112292e+01
1.095305329764834745e+01
1.120270564096707488e+01
1.143234487368364505e+01
1.165105894334322656e+01
1.182697656058519087e+01
1.195915183578693686e+01
1.213121006319153139e+01
1.228705315026139289e+01
1.247209246035373198e+01
1.266096446263502706e+01
1.290742498508305580e+01
1.318008618803635912e+01
1.344696752632345671e+01
1.369406531207398636e+01
1.392606539499226770e+01
1.411489972165700202e+01
1.422871423896089382e+01
1.439382415735942367e+01
1.457921674490069464e+01
1.474557101684748162e+01
1.491782849959884061e+01
1.512057469496339124e+01
1.533936889847662677e+01
1.552478319906422222e+01
1.571200977267357146e+01
1.586766284439704577e+01
1.602127144994482677e+01
1.617140368246274562e+01
1.630816963274116205e+01
1.643747087139736607e+01
1.656197061979094087e+01
1.670303073313864317e+01
1.686751231353037994e+01
1.707532332471388870e+01
1.727062663120250363e+01
1.745752486927490921e+01
