0.000000000000000000e+00
0.000000000000000000e+00
0.000000000000000000e+00
0.000000000000000000e+00
0.000000000000000000e+00
0.000000000000000000e+00
0.000000000000000000e+00
0.000000000000000000e+00
0.000000000000000000e+00
0.000000000000000000e+00
0.000000000000000000e+00
0.000000000000000000e+00
0.000000000000000000e+00
0.000000000000000000e+00
0.000000000000000000e+00
2.323913897202514365e-04
8.875377392891988307e-03
0.000000000000000000e+00
0.000000000000000000e+00
0.000000000000000000e+00
3.476054286360432538e-02
4.845311666969841918e-02
0.000000000000000000e+00
0.000000000000000000e+00
1.386555497456230801e-02
4.156216784555190336e-02
5.841717287332980763e-02
1.201230156756771458e-02
3.417798479022199354e-02
6.575273221283894909e-02
8.421653681407861858e-02
1.028839457145390296e-01
7.795869172373197376e-02
8.924729534749144266e-02
1.155687525333346649e-01
1.403308504768699116e-01
1.635371443257308544e-01
1.707930913078696267e-01
1.815943057206994837e-01
1.928541697929194998e-01
1.978113812279987116e-01
2.115970886517038185e-01
2.180764811861976016e-01
2.273387651638140439e-01
2.370433940461552369e-01
2.451370790629788521e-01
2.543677101930429396e-01
2.597870766684795552e-01
2.644784536293882660e-01
2.640047377246141913e-01
2.664680442257997273e-01
2.658088584513165209e-01
2.606553578454661735e-01
2.612270753225537367e-01
2.693558811380684093e-01
2.830535291419507549e-01
2.976068151127206352e-01
3.055771321086154235e-01
3.132073023111801580e-01
3.201784824301494581e-01
3.078106442492825612e-01
3.052009584260295116e-01
3.019022651426798709e-01
2.363551327872978058e-01
1.964535517668536124e-01
2.221212225911823046e-01
2.609283264355808374e-01
2.863050584713113245e-01
2.609892497639353937e-01
2.762348811109819335e-01
3.191961948013709582e-01
3.513716062713351240e-01
3.677734225750768915e-01
3.723138360357085008e-01
3.768557928533097789e-01
3.826735825489903098e-01
4.229106657924893153e-01
4.595666596473205745e-01
4.844057820702886152e-01
5.086050615653793239e-01
5.129970655016082848e-01
5.235501914548228442e-01
4.539954542522951497e-01
4.147659810210272413e-01
4.489919575768972493e-01
4.933842642403161727e-01
5.317772260080946278e-01
5.508256517138888642e-01
5.395156718651989980e-01
5.603627286497431248e-01
6.069254328821565014e-01
5.707500242776593069e-01
5.592942101102037489e-01
6.111904400869637710e-01
6.590332630701244421e-01
6.966447059539732090e-01
7.268413556886251792e-01
7.627951368448023794e-01
8.076746865143261678e-01
8.519485120002040501e-01
8.784187033165758995e-01
9.099821898638427164e-01
8.690519878494317174e-01
8.784300946228552620e-01
9.353040406922076277e-01
9.718548693416223516e-01
9.842224237090539951e-01
9.851762569277866533e-01
1.017890245892932866e+00
1.067925142643133540e+00
1.105041374848395597e+00
1.054313393477593896e+00
1.055010648481844227e+00
1.111105039121249805e+00
1.168987359973112650e+00
1.215212099133056167e+00
1.246705005710977199e+00
1.286640586692899157e+00
1.350671459564369847e+00
1.410494728124912722e+00
1.456124291142288918e+00
1.498343475872517150e+00
1.499207597384920154e+00
1.537641792572308264e+00
1.594230071074266730e+00
1.647262242531341014e+00
1.683303573653387453e+00
1.696959662460455931e+00
1.749666987617012781e+00
1.802144840788701297e+00
1.860083940294272820e+00
1.853109217504576023e+00
1.904011830902794689e+00
1.974110831008134337e+00
2.041987975819862022e+00
2.098610755495332381e+00
2.105987294925483866e+00
2.168187460898277852e+00
2.234886551231953788e+00
2.309174135864296318e+00
2.378016833008242070e+00
2.444651212889316749e+00
2.478796360604271776e+00
2.540491545173845900e+00
2.600519362555194114e+00
2.662592197960229168e+00
2.716095159684958293e+00
2.777499944956067779e+00
2.844791481140682698e+00
2.907172975686887373e+00
2.965884680317971700e+00
2.948494892658842570e+00
2.999896140898493435e+00
3.063618491094354912e+00
3.141515707326829165e+00
3.216049598126499820e+00
3.286047991365518062e+00
3.352990230807330274e+00
3.415341575727278034e+00
3.476381183069949810e+00
3.535230625573427155e+00
3.591003388386269979e+00
3.641921530111220662e+00
3.700389224438987767e+00
3.759562006790589272e+00
3.819335374904626601e+00
3.864718679354506747e+00
3.908806118307139421e+00
3.955069554861348813e+00
4.000565384026790738e+00
4.055069333129223352e+00
4.099982496480435223e+00
4.151257508636393645e+00
4.195523355239319407e+00
4.247836930057656168e+00
4.298267677011056165e+00
4.350240378671846209e+00
4.400437256657377283e+00
4.444830705257519554e+00
4.482095742343195077e+00
4.515156362171626192e+00
4.552819789602764899e+00
4.589053500248635231e+00
4.626281691842634380e+00
4.667705165632587416e+00
4.714078397396145093e+00
4.759199249745320159e+00
4.798363194690078437e+00
4.826371525601462764e+00
4.855632382382304435e+00
4.882902211004914506e+00
4.913396405929331578e+00
4.934954399621383381e+00
4.963297109439276156e+00
4.991007225600452735e+00
5.024232808011427132e+00
5.054400578974783009e+00
5.090749777271042831e+00
5.122990887710246355e+00
5.152785850723337724e+00
