0.000000000000000000e+00
0.000000000000000000e+00
0.000000000000000000e+00
0.000000000000000000e+00
0.000000000000000000e+00
0.000000000000000000e+00
0.000000000000000000e+00
0.000000000000000000e+00
0.000000000000000000e+00
0.000000000000000000e+00
0.000000000000000000e+00
0.000000000000000000e+00
0.000000000000000000e+00
0.000000000000000000e+00
6.578354150362072418e-03
4.299511599165060927e-02
6.376681448328683222e-02
5.998443098868518064e-02
6.732718097863243933e-02
7.254093943589810800e-02
7.124053570764432575e-02
8.097590108381699792e-02
8.929223346406259254e-02
9.933457117023887506e-02
1.099888216397498092e-01
1.190519743519335705e-01
1.321538584489540535e-01
1.291570827756347850e-01
1.308119644241761415e-01
1.371827015777347392e-01
1.593349391809013582e-01
1.771603195352051685e-01
1.823864865469995988e-01
1.954036881697352457e-01
2.085995451538661671e-01
2.130868316579798971e-01
2.268217792144380796e-01
2.386863725656935553e-01
2.493129062110631677e-01
2.611572400848847231e-01
2.716972398070081063e-01
2.776683626574246166e-01
2.741736476296251501e-01
2.777447458099967514e-01
2.845861268853717707e-01
2.955037946269920557e-01
3.090385259173850097e-01
3.117832559359143829e-01
3.217208675645206184e-01
3.229748695506393652e-01
3.186432707253091245e-01
3.207019034259402934e-01
3.228620230043200423e-01
3.218365708205420672e-01
3.285244722284867969e-01
3.380940833240694832e-01
3.530303297929883177e-01
3.603000770909817185e-01
3.694641596236437620e-01
3.787478536870907408e-01
3.700342972394648489e-01
3.602723199360542417e-01
3.519927386392774915e-01
2.470580870669336349e-01
1.843055841393023697e-01
2.291059482363562161e-01
2.843382398851995174e-01
3.119490243824387665e-01
2.870073400754922788e-01
3.123654521490923375e-01
3.684587502644591228e-01
4.191717096886846128e-01
4.486452110075062616e-01
4.627546387635617098e-01
4.652634460162430874e-01
4.478051464929260761e-01
4.835524713351145865e-01
5.242257237194086761e-01
5.230197188735427050e-01
5.478466149965944831e-01
5.677871317551362873e-01
5.927812463807342613e-01
5.166636396237136442e-01
5.121885250124146305e-01
5.688808934921785188e-01
6.261598975093459751e-01
6.713243640146788760e-01
7.079569804299064018e-01
7.449902587255082809e-01
7.786523958170012971e-01
7.989839526827882121e-01
7.114473303421743333e-01
6.861632689526012685e-01
7.487467839660472135e-01
8.229598975091527713e-01
8.754635005461539610e-01
8.992487892242662095e-01
8.812058259491076795e-01
8.932597891436147020e-01
9.586045286126003706e-01
1.021466702652252145e+00
1.067289669822679032e+00
1.110143643657795831e+00
1.148048657009072659e+00
1.179189078250014511e+00
1.207579217335659649e+00
1.173126145736359538e+00
1.177819530981550233e+00
1.238609718812348826e+00
1.295554306285694901e+00
1.343176546768362734e+00
1.393772831037897619e+00
1.405072740208822779e+00
1.444083389000830664e+00
1.506028472569237442e+00
1.555454144947452599e+00
1.600129263942057234e+00
1.598751703029675397e+00
1.638602372113659555e+00
1.704083732607560409e+00
1.760339038530727374e+00
1.757789940084761415e+00
1.793541549366616028e+00
1.864338214770640212e+00
1.931779919943438006e+00
1.994786319524432416e+00
1.992855250462430172e+00
2.024101813763627078e+00
2.088613597006731659e+00
2.159808692937700059e+00
2.227636949478561945e+00
2.293182086779448348e+00
2.362005350512206281e+00
2.430366302260181577e+00
2.491805209200256943e+00
2.550949089508354195e+00
2.598629305805248091e+00
2.636605218161442554e+00
2.695293492603885621e+00
2.755143240505379509e+00
2.815109103688904657e+00
2.872720841265461900e+00
2.903203991967223896e+00
2.974226150581039452e+00
3.044482111880907560e+00
3.111983627112400175e+00
3.145774150472727904e+00
3.217053594070378164e+00
3.286716717563081147e+00
3.356481587626130469e+00
3.424842498498501975e+00
3.415700821611728166e+00
3.482211138370117975e+00
3.565509072744268426e+00
3.658106895379531487e+00
3.745487355924859596e+00
3.826515437111284612e+00
3.901891539411961762e+00
3.972857956148444281e+00
4.040921957332229475e+00
4.100603418085099428e+00
4.147123799020604906e+00
4.199745026021499683e+00
4.270618908338279951e+00
4.344836188356652862e+00
4.415577234809028084e+00
4.469044991828981850e+00
4.536073215914109724e+00
4.600591045927645339e+00
4.659314928858136362e+00
4.714510545208465686e+00
4.761220348768359756e+00
4.813698203645422780e+00
4.864697855728225662e+00
4.923141718873909944e+00
4.996604662317418288e+00
5.066227471635181168e+00
5.125337862147658186e+00
5.177184411715090917e+00
5.235379297899314999e+00
5.278482027145514621e+00
5.328964968068159003e+00
5.372127352438509362e+00
5.413294103906145516e+00
5.452911894735281706e+00
5.507278883689380677e+00
5.563845072618518017e+00
5.621385492729348954e+00
5.669386356577798658e+00
5.724896827688998435e+00
5.770972506072538977e+00
5.812765843449355430e+00
5.843747026918458154e+00
5.884624751792351560e+00
5.924048437679900303e+00
5.950067188721081202e+00
5.997661735834316943e+00
6.044999398497548526e+00
6.099110376639740316e+00
6.144302059574979324e+00
