1.077033528139643148e-01
1.523899061103617392e-01
0.000000000000000000e+00
0.000000000000000000e+00
0.000000000000000000e+00
2.158925562342831408e-02
4.627240311743561346e-02
4.913340590611474379e-02
8.938260801849005899e-02
1.633005441273496783e-01
2.180329729003188111e-01
2.898363145946982744e-01
5.568581997257971566e-02
1.077900388181032287e-01
2.474581790310811658e-01
3.957118015494658358e-01
5.079403131814190786e-01
5.853573299894827553e-01
6.383473903915666270e-01
6.635623028013452052e-01
5.809152203246786828e-01
6.346350279396749672e-01
6.908063279487439701e-01
7.559162771040797146e-01
8.086157747974465071e-01
8.788963350699393606e-01
9.318888474283593126e-01
9.841669403106301228e-01
9.672911592474086051e-01
9.517117795076184272e-01
1.000351647037715175e+00
1.039815655023086372e+00
1.024147065641512588e+00
1.103211631085435851e+00
1.189943558963117765e+00
1.273122951106329559e+00
1.338651244288584508e+00
1.406040597185638230e+00
1.437490519098499009e+00
1.473304690179834786e+00
1.491147756777783773e+00
1.496980217999862139e+00
1.452194733465746346e+00
1.475611182866825244e+00
1.516878688277583986e+00
1.554261327128545034e+00
1.599438169356247386e+00
1.613998571421726425e+00
1.632516609937533225e+00
1.592996788990795665e+00
1.537775847041756627e+00
1.470856736229298134e+00
1.428079916753180578e+00
1.378982402112333583e+00
1.411504155037334618e+00
1.485607076233777857e+00
1.579021464481163095e+00
1.627844512604394112e+00
1.664608016011772662e+00
1.686745673523361910e+00
1.565876946083908594e+00
1.455188770662721121e+00
1.403948983141767748e+00
1.000118754296038137e+00
9.358365570166128355e-01
9.706658625218934633e-01
1.074698216146986240e+00
1.206446859520630577e+00
1.127466755917962304e+00
1.227000380752596653e+00
1.463314585663724854e+00
1.691831238957482331e+00
1.835417253847116736e+00
1.896276772672771394e+00
1.890452235977019280e+00
1.820571125876766727e+00
2.069037675775182272e+00
2.367950983328805048e+00
2.533994623662786605e+00
2.728628459295637576e+00
2.877593221533904622e+00
2.959039371056164658e+00
2.128809581775053861e+00
2.103381481171567646e+00
2.453392733532678616e+00
2.751714789310037546e+00
2.963822136479739022e+00
3.261171657838360716e+00
3.566192618248907209e+00
3.829809430416581062e+00
3.966254303673149906e+00
2.996746407097255371e+00
2.723908735344300780e+00
3.133129444324791457e+00
3.537692516880640792e+00
3.886241675448284916e+00
4.162821698833517381e+00
4.445196637931497108e+00
4.742797339879884611e+00
4.975041168786810353e+00
5.176675555144349516e+00
5.342098380185015039e+00
5.503761986660237859e+00
5.632027329338242794e+00
5.743937641222040646e+00
5.883945807261986793e+00
5.847848083242162431e+00
5.937234009993917816e+00
6.105414374908916919e+00
6.337903209275392413e+00
6.572292469191096664e+00
6.774042206855133585e+00
6.944487713497102810e+00
7.073759500167114744e+00
7.214352089636922649e+00
7.343292805217084052e+00
7.479567450387125227e+00
7.658565003636984336e+00
7.877093747969742488e+00
8.119775850191205180e+00
8.404083349642025524e+00
8.680547919150386704e+00
8.921455212097502141e+00
9.137689632720929822e+00
9.319509715009868245e+00
9.511002861469203040e+00
9.661274565130545611e+00
9.818399804339160042e+00
1.001902867248196571e+01
1.022029382598593550e+01
1.052722054051564804e+01
1.085647430572916861e+01
1.115445890292093623e+01
1.145042961012705796e+01
1.170297750457575248e+01
1.189641841252696786e+01
1.207493810027259151e+01
1.225161254659687948e+01
1.243999006766538074e+01
1.265055350294182546e+01
1.284928811411578309e+01
1.310813890515470703e+01
1.342565472885438105e+01
1.375005270127476287e+01
1.401695981148720804e+01
1.426425428845046106e+01
1.448616061416170631e+01
1.466636824789009630e+01
1.484721816951873841e+01
1.501402774467038981e+01
1.520102518384234358e+01
1.537135468646425096e+01
1.561614087542722551e+01
1.590390254705405582e+01
1.621303788186293104e+01
1.646068004346373215e+01
1.665598316945256485e+01
1.680934156794955570e+01
1.695497935578005411e+01
1.709260211714959254e+01
1.721566084907108518e+01
1.732430023757584436e+01
1.742587448378621318e+01
1.768561997646812856e+01
1.795383087401119937e+01
1.824723185253712643e+01
1.848138533040679121e+01
1.862615264868928477e+01
1.875358465834959176e+01
1.889402598322138971e+01
1.901708529285351190e+01
1.912916193193483849e+01
1.926932424071516792e+01
1.939207397929028787e+01
1.964354259500455058e+01
1.995700501099094737e+01
2.016696523032840460e+01
2.039313277379128309e+01
2.062936751411274727e+01
2.073469761572596681e+01
2.083742264647386833e+01
2.089355978400857694e+01
2.090183348225895088e+01
2.087131507844495459e+01
2.091241340923130920e+01
2.103691574702980915e+01
2.138811433822199959e+01
2.157009918755641209e+01
2.125522646365980250e+01
2.142003503227008920e+01
2.163838893593630530e+01
2.159469771668647553e+01
2.131266637346416459e+01
2.131216738158886770e+01
2.138666192829954937e+01
2.144811186099892097e+01
2.155537969919484809e+01
2.173423272185851829e+01
2.184358948729157746e+01
2.194330536293944434e+01
