0.000000000000000000e+00
0.000000000000000000e+00
0.000000000000000000e+00
0.000000000000000000e+00
0.000000000000000000e+00
0.000000000000000000e+00
0.000000000000000000e+00
0.000000000000000000e+00
0.000000000000000000e+00
0.000000000000000000e+00
0.000000000000000000e+00
0.000000000000000000e+00
0.000000000000000000e+00
0.000000000000000000e+00
0.000000000000000000e+00
0.000000000000000000e+00
0.000000000000000000e+00
0.000000000000000000e+00
0.000000000000000000e+00
0.000000000000000000e+00
0.000000000000000000e+00
0.000000000000000000e+00
0.000000000000000000e+00
0.000000000000000000e+00
0.000000000000000000e+00
0.000000000000000000e+00
0.000000000000000000e+00
0.000000000000000000e+00
0.000000000000000000e+00
0.000000000000000000e+00
0.000000000000000000e+00
0.000000000000000000e+00
0.000000000000000000e+00
0.000000000000000000e+00
0.000000000000000000e+00
0.000000000000000000e+00
0.000000000000000000e+00
0.000000000000000000e+00
0.000000000000000000e+00
0.000000000000000000e+00
0.000000000000000000e+00
0.000000000000000000e+00
0.000000000000000000e+00
0.000000000000000000e+00
0.000000000000000000e+00
0.000000000000000000e+00
0.000000000000000000e+00
0.000000000000000000e+00
0.000000000000000000e+00
0.000000000000000000e+00
0.000000000000000000e+00
0.000000000000000000e+00
0.000000000000000000e+00
0.000000000000000000e+00
0.000000000000000000e+00
0.000000000000000000e+00
0.000000000000000000e+00
0.000000000000000000e+00
0.000000000000000000e+00
0.000000000000000000e+00
0.000000000000000000e+00
0.000000000000000000e+00
0.000000000000000000e+00
0.000000000000000000e+00
0.000000000000000000e+00
0.000000000000000000e+00
0.000000000000000000e+00
0.000000000000000000e+00
0.000000000000000000e+00
4.255817541732360293e-02
8.515216408083463306e-02
1.208786460760391118e-01
4.090440707471940107e-02
8.187479507454326066e-02
1.410954614240914617e-01
1.741202444985476827e-01
2.009634093379452646e-01
2.190879703873058471e-01
1.939737069643195366e-01
1.565960914211981525e-01
1.873598489453263960e-01
2.281574226889777901e-01
2.261754252947412169e-01
2.220513145095793783e-01
2.532267620135679187e-01
2.817171661700915708e-01
2.977120222802679961e-01
2.890767969081450839e-01
2.483734058921784338e-01
2.411239292666544354e-01
2.675493470941528451e-01
2.784268029731926108e-01
2.687196396325877701e-01
2.629713840703297167e-01
2.456105374600707214e-01
3.034181704084929487e-01
3.402097252962000273e-01
3.440115983513690190e-01
3.214431270440348265e-01
3.049195683874851293e-01
3.371911576098986507e-01
3.866607382633698298e-01
4.196614573324635722e-01
4.131347388821020594e-01
4.349809495338270438e-01
4.681531545354042922e-01
4.915052257216099285e-01
4.449692379674306530e-01
4.563241534310695235e-01
4.910356426174040112e-01
5.004011949809332727e-01
5.081977053145936285e-01
5.063190488390056920e-01
4.191507671916406830e-01
3.837078765273447267e-01
4.155196859162040846e-01
4.260070007494511368e-01
4.296715717695644976e-01
3.584176783582744275e-01
3.260591458229480932e-01
4.144205789439058263e-01
5.010089488592108786e-01
5.385153341363190238e-01
4.453761164214024570e-01
4.031088359943497124e-01
4.761968721202839427e-01
5.900616818524307972e-01
6.640949405849168041e-01
6.709940317536310372e-01
7.157690663086411220e-01
7.722387014254435966e-01
8.450683736775299604e-01
7.958129976825958352e-01
8.071321777322919555e-01
8.812756343424638095e-01
9.280953501101991687e-01
1.005474581383234423e+00
9.864587595071437898e-01
1.026766371156812463e+00
1.125422984324984998e+00
1.193477197024555014e+00
1.112209858850162325e+00
1.007064994009850167e+00
1.083698051869208534e+00
1.223389596680361402e+00
1.315611906447364143e+00
1.289503272878391726e+00
1.302435402227651418e+00
1.428341379365472230e+00
1.525860870596243535e+00
1.591332851065235143e+00
1.548749977483399931e+00
1.523623444140831618e+00
1.643161197835170118e+00
1.736239651948549900e+00
1.809680323864492291e+00
1.861403031835611621e+00
1.925352384351112223e+00
1.987608264490948962e+00
2.051455075120728555e+00
2.109868560050350172e+00
2.151806551160440506e+00
2.197611023064808933e+00
2.250627704258855388e+00
2.304485149044698034e+00
2.363670185412936942e+00
2.407866473981457478e+00
2.457668797917079040e+00
2.518897310774972365e+00
2.587608970868406466e+00
2.638025812839452033e+00
2.700917409544696390e+00
2.741703858877305056e+00
2.797949304988589958e+00
2.862997191059771129e+00
2.928002174235418309e+00
2.988681502161423698e+00
3.050019179048346185e+00
3.115547715405789120e+00
3.182454128437885998e+00
3.254664985937956612e+00
3.321308877672800808e+00
3.391258741275914979e+00
3.455069588348970822e+00
3.507462155718227947e+00
3.572980733035803880e+00
3.644796242485996096e+00
3.715355033377270466e+00
3.783921132438428536e+00
3.848742413622615821e+00
3.920264925352885399e+00
3.992729516146237057e+00
4.055141996759569878e+00
4.124157112965047389e+00
4.195658116329486376e+00
4.249240298227170420e+00
4.314077260835134986e+00
4.372001496328437042e+00
4.432418235769177706e+00
4.497329388411443141e+00
