2.302001778205294696e-02
3.913796226092795122e-02
0.000000000000000000e+00
0.000000000000000000e+00
0.000000000000000000e+00
0.000000000000000000e+00
0.000000000000000000e+00
0.000000000000000000e+00
1.107732243503263374e-02
3.807093791238300162e-02
5.888594911356502537e-02
8.474926349173880769e-02
0.000000000000000000e+00
1.616515091809249405e-02
7.611182824858861440e-02
1.369491865959610311e-01
1.816381914717028201e-01
2.132828477021332936e-01
2.341467519897720839e-01
2.438513269491411339e-01
2.120033407733490083e-01
2.311771785095759202e-01
2.507470673842239761e-01
2.765959895625761944e-01
2.993243666849383922e-01
3.299884713758251542e-01
3.502533007521362318e-01
3.713254420124110777e-01
3.647253798323363827e-01
3.580518511906203294e-01
3.756073068292024586e-01
3.915807035373524148e-01
3.869139618989592688e-01
4.165776353582375524e-01
4.533396194746332486e-01
4.867944824568202211e-01
5.145624657639567001e-01
5.404726210472104997e-01
5.501249970962291957e-01
5.656753785817235647e-01
5.727407235341274161e-01
5.769098674355899181e-01
5.632967482301267648e-01
5.690223793660871277e-01
5.846489643599424024e-01
6.029817685422342866e-01
6.228021570983897082e-01
6.262089733522225865e-01
6.384748384189139481e-01
6.298912857093927897e-01
6.212517711406301268e-01
6.086755846852709428e-01
6.042655599376535180e-01
5.976785200090192207e-01
6.143704892810984974e-01
6.389562151774593746e-01
6.640583257767056491e-01
6.751123914769676659e-01
6.886438312267372241e-01
7.004616146633240170e-01
6.823924248643500334e-01
6.655940914725220203e-01
6.532391754194234457e-01
5.323609175382748582e-01
4.961289475362100077e-01
5.244311627826834243e-01
5.723614140432433661e-01
6.076453398499839231e-01
5.833224308762052779e-01
6.260487658565798696e-01
7.105348078583960669e-01
7.816178593649011352e-01
8.278386241138400159e-01
8.517278116573924196e-01
8.569730480522443905e-01
8.327953059616394205e-01
8.940550333765827640e-01
9.742376415129994083e-01
1.025969229442234010e+00
1.092390630933809614e+00
1.139719534244012067e+00
1.167812189300178272e+00
9.067139165651968424e-01
8.911893257573699767e-01
9.976170839426717896e-01
1.088480171594784274e+00
1.162968650813417160e+00
1.258703145471034901e+00
1.360664460181863600e+00
1.449260246002679997e+00
1.501556268457415300e+00
1.190337851532536684e+00
1.142663878847754999e+00
1.274846971347198377e+00
1.416701387093138642e+00
1.530234571932890919e+00
1.619414857123188112e+00
1.683154887038057712e+00
1.797182752584161713e+00
1.891737184473249123e+00
1.977639636150777758e+00
2.046484880087663605e+00
2.103130314288778724e+00
2.162316968473997569e+00
2.220516441764645688e+00
2.280641392416689062e+00
2.234350279509228265e+00
2.271830305453625964e+00
2.355491763580554565e+00
2.457673944265025945e+00
2.556372863407250229e+00
2.644022171143421751e+00
2.722109804155065316e+00
2.794631812343675303e+00
2.868891400105339606e+00
2.941540065047990371e+00
3.020707027465796113e+00
3.097012144685391988e+00
3.176422922511899394e+00
3.278801051747272322e+00
3.402070007091657633e+00
3.501088705025326764e+00
3.612476641917204301e+00
3.717142758137033987e+00
3.810180542532458414e+00
3.903799993935945789e+00
3.998229613085409806e+00
4.099016586598891898e+00
4.196425448299902605e+00
4.297221607920247877e+00
4.433259035878600152e+00
4.583598864010292040e+00
4.736281366132075732e+00
4.878280336801990913e+00
5.016251213239053541e+00
5.145580973196617336e+00
5.267761800055943411e+00
5.396179851308676945e+00
5.530738860419853964e+00
5.657470738458769688e+00
5.790029058119087857e+00
5.953660770138101910e+00
6.130866558722863680e+00
6.311989784953723870e+00
6.481448472440994202e+00
6.646678582409964342e+00
6.802955860707943891e+00
6.957800962029774716e+00
7.116046188095229041e+00
7.276628427700845059e+00
7.439350650132516840e+00
7.603337564861883280e+00
7.801228887851445748e+00
8.013538709153838369e+00
8.225426899563057503e+00
8.418735666119747663e+00
8.612938442398759165e+00
8.796902094080220280e+00
8.976881934444351785e+00
9.164893881044397617e+00
9.339226824678886985e+00
9.516790606002537345e+00
9.708349799420309623e+00
9.923569773199357513e+00
1.015354280209093218e+01
1.038097573322917100e+01
1.061234136323459687e+01
1.082909763879665732e+01
1.104153042066119816e+01
1.124815466588133894e+01
1.141312935920737992e+01
1.161033943111146627e+01
1.179979445027702312e+01
1.201874757872970356e+01
1.224836621793691727e+01
1.248750135934201388e+01
1.274750528893654078e+01
1.298311025981054989e+01
1.322460621649613088e+01
1.344294718283855161e+01
1.366367684960732376e+01
1.388520864603318827e+01
1.409364893852278655e+01
1.431741776959245982e+01
1.454307282670900214e+01
1.480542261718809982e+01
1.507054809288948860e+01
1.535208211911935905e+01
1.563131950971159334e+01
1.588262297199052320e+01
1.614713264485697763e+01
1.637587518368597017e+01
1.660319046358457484e+01
1.684098627243113455e+01
1.705712306120359045e+01
1.729998818797043825e+01
1.756752745594992859e+01
1.784863236370400585e+01
1.813719438560748287e+01
1.841554095452769957e+01
