5.898578345373681198e-02
8.879552541139971999e-02
0.000000000000000000e+00
0.000000000000000000e+00
0.000000000000000000e+00
1.223241171972229945e-02
3.302673235857399303e-02
1.680889046622102354e-02
4.480737615209551272e-02
9.258099719492446367e-02
1.290175280155249071e-01
1.756554378987007781e-01
2.091077108727857833e-02
5.645503091406864349e-02
1.548675231729655655e-01
2.567173725230103010e-01
3.343607154108785284e-01
3.887310134801705841e-01
4.257140304787124796e-01
4.463400930296296809e-01
3.836725260115732561e-01
4.209046249426547370e-01
4.587478182056777820e-01
5.050165619981937803e-01
5.411327309073038494e-01
5.893641832923753876e-01
6.235934658956702181e-01
6.594263653001226633e-01
6.448540326668931177e-01
6.318628908724167603e-01
6.652904082725010770e-01
6.926509482282218189e-01
6.822498970689672149e-01
7.286015412319991613e-01
7.850956005620858269e-01
8.466808699574962516e-01
8.931437654436868989e-01
9.381296364034581448e-01
9.542764802890136844e-01
9.807649374006506271e-01
9.908934213987512507e-01
9.973655394455340772e-01
9.666234105134203780e-01
9.824817958138069018e-01
1.013626293592884364e+00
1.041194872683472328e+00
1.069011821429670661e+00
1.076057334954868772e+00
1.092371898326018886e+00
1.063125953745420738e+00
1.035283695601781684e+00
1.001543008233800158e+00
9.847311255178275990e-01
9.754658841770326161e-01
9.958304961818735812e-01
1.036805710665869240e+00
1.087149517502395524e+00
1.125266600405610884e+00
1.136177332678286689e+00
1.146066824647582250e+00
1.108836517736746519e+00
1.085645427995745038e+00
1.060784124276044960e+00
9.244068557880831261e-01
8.916360848144201379e-01
9.431517131851068214e-01
1.044664150597488517e+00
1.122189732896328174e+00
1.101272125814824143e+00
1.186322743702979299e+00
1.294905554668432934e+00
1.386968505204571045e+00
1.435515060214334948e+00
1.471031902058650420e+00
1.493465426990697287e+00
1.493427012361540296e+00
1.592327912783892963e+00
1.709780207074176994e+00
1.793069016548228811e+00
1.873582891549659069e+00
1.951775292986126509e+00
1.978896914052724831e+00
1.597350656255751566e+00
1.588869871683397772e+00
1.729074733173199485e+00
1.877993585118540310e+00
2.015436980657256960e+00
2.183227698709874876e+00
2.367181413145030611e+00
2.505128443397663940e+00
2.594844215692837075e+00
2.009514284719945199e+00
1.910667287627913380e+00
2.134334646730460250e+00
2.352886030591731181e+00
2.557541481732183541e+00
2.714937087493869416e+00
2.893034976128383562e+00
3.076503960231844026e+00
3.227672621448168577e+00
3.370137930461067466e+00
3.494932681300361832e+00
3.584802908695768675e+00
3.656751392696495184e+00
3.737286970806224407e+00
3.829716873465480287e+00
3.809994437426637681e+00
3.866123791230382523e+00
3.973929567249952388e+00
4.116745563062572444e+00
4.252673040658428327e+00
4.379723487883613764e+00
4.495131681080396291e+00
4.593423360077903084e+00
4.676585537350105071e+00
4.777653341649482854e+00
4.888173104581006179e+00
4.995570078985080542e+00
5.107506655100647386e+00
5.276157489586455362e+00
5.457884338264783253e+00
5.629903672474683596e+00
5.804133881942761697e+00
5.950407664346254677e+00
6.057657842206189969e+00
6.164279830935937454e+00
6.275760495763856639e+00
6.405500387999335743e+00
6.540472529324691031e+00
6.686401339218054574e+00
6.897082608462079101e+00
7.098864477724948330e+00
7.285482647511120291e+00
7.477208843648992520e+00
7.634824275595763154e+00
7.794757624050475897e+00
7.918142547272360332e+00
8.057171493704547771e+00
8.170956291010709194e+00
8.312507072706832645e+00
8.467967171747128319e+00
8.671985652477506079e+00
8.888009817556513426e+00
9.087959106986224000e+00
9.315599208976104606e+00
9.471173673439958307e+00
9.619579618175972513e+00
9.762895482622363730e+00
9.900910449379123790e+00
1.004611247267356688e+01
1.024455668915153339e+01
1.041408856923550807e+01
1.059868219285801061e+01
1.080161126629823620e+01
1.098284244849558888e+01
1.118712710631257323e+01
1.136069378739132318e+01
1.151838196317239138e+01
1.166468669888619836e+01
1.181738090675604802e+01
1.202371409235679778e+01
1.221976276001242034e+01
1.244288710277176691e+01
1.263856989314281698e+01
1.287188599763140751e+01
1.304788103585003611e+01
1.321872025359755121e+01
1.336327757602404986e+01
1.355145286633215029e+01
1.372184813497891476e+01
1.386644065095587663e+01
1.407257100490317114e+01
1.424067141384600710e+01
1.439752237306660199e+01
1.461010219991370107e+01
1.482235847087691560e+01
1.501089310124563525e+01
1.518404345976096081e+01
1.532671379885159801e+01
1.548164675060847806e+01
1.557845056195432676e+01
1.566914658593160681e+01
1.577987753756526779e+01
1.593569000877023178e+01
1.607477614742052197e+01
1.625757641971370404e+01
1.642769678982083903e+01
1.657463953603240725e+01
1.665783304497028894e+01
1.679218702399084506e+01
1.695107745233281449e+01
1.701632287840547164e+01
1.697652575700566402e+01
1.709827042178732626e+01
1.723212973375427737e+01
1.737242796796280686e+01
1.752500410691162358e+01
1.767032215394121408e+01
1.780618438182600727e+01
1.797186012652327847e+01
