0.000000000000000000e+00
0.000000000000000000e+00
0.000000000000000000e+00
0.000000000000000000e+00
0.000000000000000000e+00
0.000000000000000000e+00
0.000000000000000000e+00
0.000000000000000000e+00
0.000000000000000000e+00
0.000000000000000000e+00
0.000000000000000000e+00
0.000000000000000000e+00
0.000000000000000000e+00
0.000000000000000000e+00
6.222495385660641205e-03
4.410325461276978082e-02
6.485794178856170433e-02
6.221453640215182657e-02
6.952479367314751135e-02
7.456741898793001200e-02
7.237001843424627212e-02
8.176711382397831851e-02
8.982222262773313648e-02
9.993586973996472500e-02
1.114865322474403037e-01
1.214816501683824851e-01
1.347974725382813932e-01
1.315262861313473974e-01
1.325847339568483330e-01
1.396571684946437686e-01
1.610367939959338468e-01
1.787292779459180581e-01
1.839922798765774858e-01
1.972878784256859863e-01
2.113748999312155541e-01
2.157846384976343512e-01
2.301793738989430793e-01
2.416456447199553104e-01
2.538213507310834172e-01
2.644109392384623169e-01
2.742490331482073107e-01
2.798052255371828445e-01
2.784952920548106059e-01
2.810833621098962620e-01
2.871211941254803168e-01
2.989388677610909095e-01
3.123979898729504212e-01
3.162578546549246195e-01
3.272224702358081938e-01
3.286761266392996816e-01
3.234609079966966338e-01
3.250364978036512920e-01
3.265955977681422318e-01
3.246558705314366855e-01
3.316802531540015142e-01
3.420530470838008541e-01
3.574407281814275805e-01
3.638066195112784063e-01
3.737461615293610762e-01
3.827134946048260100e-01
3.749610398778944753e-01
3.643902244138898516e-01
3.558629261794297727e-01
2.487340294892346204e-01
1.866629776634927962e-01
2.309222683918635277e-01
2.878810984163253650e-01
3.165767083171044938e-01
2.914531005014581178e-01
3.168626036788279032e-01
3.752445157085556593e-01
4.252434529663643437e-01
4.553890010252462650e-01
4.711529376702184857e-01
4.712170319119826090e-01
4.543775814329134577e-01
4.916558284064990181e-01
5.334998606187072445e-01
5.301688240742580271e-01
5.574870393878976760e-01
5.769194996552163834e-01
6.029847023731104150e-01
5.201708140058189933e-01
5.131344263628335733e-01
5.750345658184632391e-01
6.322123335940565969e-01
6.785656024729420643e-01
7.142916432238116675e-01
7.544127782538889715e-01
7.854560206232417130e-01
8.062561419842175781e-01
7.152652313719689570e-01
6.886138350882609060e-01
7.527116197867304015e-01
8.317464697838596877e-01
8.840103681220353726e-01
9.102180062801825677e-01
8.909066679479090700e-01
8.998903556093307277e-01
9.685906943620778975e-01
1.030326918238999578e+00
1.080433301419881920e+00
1.124396929972161008e+00
1.160747543784266256e+00
1.191147627604200565e+00
1.220894193495596580e+00
1.186365078207972878e+00
1.191995132566538773e+00
1.260707448650340456e+00
1.321675734589332851e+00
1.367113923552556898e+00
1.423892344543567612e+00
1.434402024659917174e+00
1.479921890976122922e+00
1.542202025015879219e+00
1.599318299439398183e+00
1.649254684590963027e+00
1.647198794083251761e+00
1.693328380510447984e+00
1.764995778589679931e+00
1.831211673723540434e+00
1.838382832668238542e+00
1.877670381520168963e+00
1.967301343214442833e+00
2.047325178313105010e+00
2.121517823103675315e+00
2.115378187645398977e+00
2.161617424283999611e+00
2.234060083143603048e+00
2.315464284153012642e+00
2.404876110918438670e+00
2.489106810288961746e+00
2.572954463085411980e+00
2.654375461088393173e+00
2.737615950487128025e+00
2.813045413459199562e+00
2.881694699055825648e+00
2.949898421966327344e+00
3.025390143825292810e+00
3.101815528509177522e+00
3.179210243722564222e+00
3.255571828550103408e+00
3.335050761949931886e+00
3.432459022291882267e+00
3.529868338372727621e+00
3.622260628451958731e+00
3.705971795304788596e+00
3.800408831848427038e+00
3.898036669975094792e+00
3.992532513067654332e+00
4.082741539064556058e+00
4.159059725712927147e+00
4.263311739502762876e+00
4.371597650602575769e+00
4.489864553574796524e+00
4.604910782877534636e+00
4.720701868058589490e+00
4.830169113856078056e+00
4.938644999915677403e+00
5.051066332090524469e+00
5.161725847086975349e+00
5.269510895893744440e+00
5.377770181262417459e+00
5.492325832576213429e+00
5.624239913353439313e+00
5.757657334670531313e+00
5.875776355319150213e+00
5.999607811100140076e+00
6.126501324677843918e+00
6.253104834995728112e+00
6.365902781527704057e+00
6.492273851401255236e+00
6.604286699644155156e+00
6.721063080120455169e+00
6.854874812665082473e+00
7.010007182539427006e+00
7.156433921298845036e+00
7.297875238721642788e+00
7.439788627692740519e+00
7.581951313303970430e+00
7.728467201311526757e+00
7.868196217799874326e+00
8.007155791295257785e+00
8.152388929714403432e+00
8.282075118938569958e+00
8.446540007879839607e+00
8.608840690670289675e+00
8.769195836360758278e+00
8.932952321212933811e+00
9.095088636536191373e+00
9.256025920830806442e+00
9.412245640716784933e+00
9.571695981532563735e+00
9.720998603735393928e+00
9.870783472193691566e+00
1.002319094162826651e+01
1.018057528475937978e+01
1.035054895142837950e+01
1.052044088395563470e+01
1.068887200079130828e+01
