0.000000000000000000e+00
0.000000000000000000e+00
0.000000000000000000e+00
0.000000000000000000e+00
0.000000000000000000e+00
0.000000000000000000e+00
0.000000000000000000e+00
0.000000000000000000e+00
0.000000000000000000e+00
0.000000000000000000e+00
0.000000000000000000e+00
0.000000000000000000e+00
0.000000000000000000e+00
0.000000000000000000e+00
0.000000000000000000e+00
0.000000000000000000e+00
0.000000000000000000e+00
0.000000000000000000e+00
0.000000000000000000e+00
0.000000000000000000e+00
0.000000000000000000e+00
0.000000000000000000e+00
0.000000000000000000e+00
0.000000000000000000e+00
0.000000000000000000e+00
0.000000000000000000e+00
0.000000000000000000e+00
0.000000000000000000e+00
0.000000000000000000e+00
0.000000000000000000e+00
0.000000000000000000e+00
0.000000000000000000e+00
0.000000000000000000e+00
0.000000000000000000e+00
0.000000000000000000e+00
0.000000000000000000e+00
0.000000000000000000e+00
0.000000000000000000e+00
0.000000000000000000e+00
0.000000000000000000e+00
0.000000000000000000e+00
0.000000000000000000e+00
0.000000000000000000e+00
0.000000000000000000e+00
0.000000000000000000e+00
0.000000000000000000e+00
0.000000000000000000e+00
0.000000000000000000e+00
0.000000000000000000e+00
0.000000000000000000e+00
0.000000000000000000e+00
0.000000000000000000e+00
0.000000000000000000e+00
0.000000000000000000e+00
0.000000000000000000e+00
0.000000000000000000e+00
0.000000000000000000e+00
0.000000000000000000e+00
0.000000000000000000e+00
0.000000000000000000e+00
0.000000000000000000e+00
0.000000000000000000e+00
0.000000000000000000e+00
0.000000000000000000e+00
0.000000000000000000e+00
0.000000000000000000e+00
0.000000000000000000e+00
0.000000000000000000e+00
0.000000000000000000e+00
4.518809860273886175e-02
8.536132173773222642e-02
1.203585951695023970e-01
3.555094783932907093e-02
7.618339930209393207e-02
1.389069074813419902e-01
1.713819261204179434e-01
1.985072106593186725e-01
2.158908026344030784e-01
1.938218012558112491e-01
1.605200445138257603e-01
1.880459231617255533e-01
2.252818706857464548e-01
2.224745245495031720e-01
2.169085394289021751e-01
2.479849088767890342e-01
2.767826526951160382e-01
2.926280217835676156e-01
2.856791631348524207e-01
2.407183235033806268e-01
2.306566623663141302e-01
2.599818828820389394e-01
2.718597667415708075e-01
2.614875593130475684e-01
2.571102755870808276e-01
2.419645329341117701e-01
2.983301872955296807e-01
3.323771543004672702e-01
3.411148354229854296e-01
3.192972407984165928e-01
2.995529320979306021e-01
3.288390259370634339e-01
3.814315263912627096e-01
4.125484559220641279e-01
4.068647185231027419e-01
4.328872635535230273e-01
4.661540159977900499e-01
4.870807492060261201e-01
4.438865112373818200e-01
4.520835934439029757e-01
4.850314139121101875e-01
4.915599516336418007e-01
5.034515413371134507e-01
5.010206190842616536e-01
4.193489591489623081e-01
4.007534754830449630e-01
4.258224645252167706e-01
4.271415240526567070e-01
4.258398274985589760e-01
3.590725044990871195e-01
3.227187592363969237e-01
4.092689264493859502e-01
4.917503314937883285e-01
5.309331345724982443e-01
4.425948162624577797e-01
3.979562439128141449e-01
4.639286746681767215e-01
5.741495654626823653e-01
6.491052876050827924e-01
6.599013997865045278e-01
7.021408369682429207e-01
7.589185179332420539e-01
8.244926156605058010e-01
7.901752271514024262e-01
8.062421252464753163e-01
8.679171006340883343e-01
9.014567083964366567e-01
9.638877606302902468e-01
9.534330734170892718e-01
9.846098794699223999e-01
1.054538551412411707e+00
1.100878978503442962e+00
1.052388052534609209e+00
9.805905267266129544e-01
1.035100149121739754e+00
1.125358911203733436e+00
1.183786910612081522e+00
1.174851359714640386e+00
1.181729824603222845e+00
1.244994781564899622e+00
1.298074392317714931e+00
1.332762671485693273e+00
1.309529414573326722e+00
1.292092035034864139e+00
1.355596339292506114e+00
1.392078393623388033e+00
1.420621313798029695e+00
1.432440511571454689e+00
1.446563462705934056e+00
1.457317604348757456e+00
1.474265956731391158e+00
1.489379515608106663e+00
1.499562909178713710e+00
1.507534575282455824e+00
1.518172460223937259e+00
1.528234936191444904e+00
1.537903677588671636e+00
1.548391386096044764e+00
1.556131030056953302e+00
1.562952579278102272e+00
1.567176557799459413e+00
1.569746402191348755e+00
1.570928716396540636e+00
1.570775187776709991e+00
1.570449319600036864e+00
1.574882895443161734e+00
1.583567479114768028e+00
1.588996923779294912e+00
1.594024804916844174e+00
1.596479782508232192e+00
1.596609582411733230e+00
1.594795778394922703e+00
1.591313549185278786e+00
1.589419077750721998e+00
1.587606751146284578e+00
1.583711347245065459e+00
1.584972904130690585e+00
1.587314746010446864e+00
1.591214976910462431e+00
1.594701381216248715e+00
1.595348125064640854e+00
1.592530511547687544e+00
1.589970687549596251e+00
1.584109257308655927e+00
1.579043251514889112e+00
1.574894070624677678e+00
1.569741261245704678e+00
1.569932835109992597e+00
1.577678593611863134e+00
1.581957569871639935e+00
1.585063271038407162e+00
