2.298676608883034808e-02
3.876083499806738664e-02
0.000000000000000000e+00
0.000000000000000000e+00
0.000000000000000000e+00
0.000000000000000000e+00
0.000000000000000000e+00
0.000000000000000000e+00
1.081743568433220053e-02
3.799806041142329838e-02
5.912300688994050202e-02
8.457584240570673040e-02
0.000000000000000000e+00
1.543737428033577219e-02
7.594693152560298699e-02
1.358444429553215260e-01
1.812543902950775332e-01
2.126358032269258236e-01
2.335112056790636936e-01
2.435423372555287624e-01
2.103266257309583942e-01
2.295257889646037108e-01
2.488300111116009128e-01
2.744152942993579591e-01
2.961255950559554262e-01
3.257177524054554740e-01
3.452350932159415908e-01
3.669506916736814950e-01
3.603795814871428860e-01
3.533137716899082958e-01
3.709400888425499199e-01
3.855293011081440402e-01
3.833297264992771014e-01
4.140325097817244004e-01
4.494278345861573709e-01
4.812246427700476170e-01
5.079722626435199118e-01
5.351514706774515018e-01
5.463536666989285973e-01
5.625023711961910644e-01
5.703166495786967660e-01
5.728934194969825811e-01
5.609211808700050872e-01
5.674426727083862199e-01
5.811800767640110665e-01
6.000431304542747091e-01
6.195579072564559864e-01
6.224066223342026305e-01
6.346359457059944642e-01
6.293840680396048937e-01
6.226253766538338841e-01
6.112405768539080908e-01
6.041514263381009275e-01
5.995421163872773906e-01
6.154876083506013451e-01
6.409825852783664901e-01
6.683830741358214311e-01
6.775102091394487047e-01
6.916471464201353614e-01
7.043314053172825551e-01
6.850771846308237878e-01
6.688344869118864056e-01
6.537530899884287372e-01
5.350668786851082714e-01
4.956412094095806187e-01
5.274884429495886318e-01
5.774298646041156058e-01
6.115129706606333704e-01
5.914429005314482124e-01
6.324169470406543203e-01
7.166748267172736719e-01
7.892145646790682534e-01
8.312825001044661377e-01
8.536675063906850047e-01
8.601861851779574186e-01
8.376077146305190846e-01
8.955561462680875495e-01
9.743816130379723273e-01
1.024298122644414777e+00
1.086357225330721876e+00
1.133081413783579405e+00
1.157115700170002093e+00
9.015922604359530856e-01
8.855138889159738236e-01
9.888668866844032568e-01
1.085219125222370851e+00
1.161693212049812463e+00
1.261150487959451283e+00
1.360907471500204968e+00
1.447395158290836203e+00
1.501738966751259063e+00
1.184339530137749952e+00
1.141747805082239831e+00
1.276677027906991446e+00
1.419192171370461830e+00
1.533624784179140388e+00
1.625560152145463899e+00
1.682673542075279638e+00
1.795169009690913642e+00
1.889386684620808277e+00
1.971842234957611906e+00
2.043096244092983849e+00
2.096922287718459010e+00
2.152519533225166537e+00
2.211640575166898603e+00
2.265458945768121346e+00
2.208555723721584041e+00
2.236065051299784390e+00
2.308109173732021180e+00
2.398970625957626890e+00
2.497867577926536242e+00
2.588078700195932225e+00
2.671552564517754025e+00
2.750051433992735550e+00
2.819121238747935632e+00
2.890393390256949413e+00
2.958667995788252902e+00
3.022291870077004283e+00
3.085307650381129196e+00
3.176942995777428003e+00
3.279148406543981764e+00
3.344203090460620587e+00
3.425268038700440609e+00
3.499569041546211512e+00
3.569349693484761055e+00
3.633493849489816352e+00
3.694938887169322506e+00
3.761472220278085032e+00
3.825521122525935347e+00
3.887906734565318878e+00
3.974260113358097257e+00
4.066942813995134465e+00
4.155598731250164768e+00
4.236023212219008016e+00
4.316148161390274574e+00
4.388208517153828758e+00
4.444319438879813511e+00
4.504452793828017221e+00
4.566390551202154313e+00
4.625881991199275234e+00
4.680069345545961212e+00
4.740978414130582408e+00
4.817754420740302024e+00
4.898598836945695645e+00
4.970912690469477369e+00
5.047244203797904838e+00
5.105650885770002922e+00
5.162227582701683026e+00
5.207749563229807421e+00
5.255613735891893512e+00
5.299291505196845442e+00
5.355340276929174692e+00
5.421394906112064760e+00
5.485041557643636878e+00
5.548995473447426718e+00
5.615433800121895302e+00
5.664897570584978226e+00
5.705304803360879085e+00
5.739941893657666050e+00
5.763092371776575185e+00
5.791523483219284785e+00
5.818079767754587017e+00
5.850634180123245542e+00
5.895401020353668642e+00
5.947236767931526558e+00
6.002103332198221786e+00
6.047493677645338295e+00
6.093971487020099609e+00
6.138339410801459728e+00
6.186534660291556520e+00
6.226902852906124330e+00
6.259076984526840803e+00
6.293083794916257467e+00
6.332110507884709527e+00
6.389823854827001881e+00
6.450288504916198207e+00
6.508758739155279471e+00
6.568519867280311786e+00
6.622739540498979061e+00
6.674915430569202002e+00
6.705223794621012701e+00
6.739232310486928945e+00
6.774773360997282445e+00
6.793132342257535150e+00
6.813504334455089406e+00
6.855675909105978683e+00
6.902637202664727134e+00
6.951313632183380165e+00
6.993018395783694885e+00
7.024457500818463096e+00
7.057908948987450692e+00
7.077665327391700956e+00
7.097129591109569979e+00
7.107367529735809875e+00
7.122834009931882093e+00
7.134502392452248820e+00
7.160503034946438028e+00
7.188622462665104074e+00
7.211934047349622290e+00
7.237786308071174624e+00
