0.000000000000000000e+00
0.000000000000000000e+00
0.000000000000000000e+00
0.000000000000000000e+00
0.000000000000000000e+00
0.000000000000000000e+00
0.000000000000000000e+00
0.000000000000000000e+00
0.000000000000000000e+00
0.000000000000000000e+00
0.000000000000000000e+00
0.000000000000000000e+00
0.000000000000000000e+00
0.000000000000000000e+00
0.000000000000000000e+00
0.000000000000000000e+00
0.000000000000000000e+00
0.000000000000000000e+00
0.000000000000000000e+00
3.640168485929917014e-02
8.994205830989802919e-02
1.235730524505758571e-01
3.644692678060063116e-03
4.064436653832107643e-02
1.162129699852418319e-01
1.591427993145802799e-01
1.935475731060634919e-01
2.091872161652686135e-01
2.250463837889924990e-01
2.369958997672754197e-01
2.417882983345313597e-01
2.635469440167804156e-01
2.593371915711153441e-01
2.741151057785528034e-01
2.963923856355643593e-01
3.426566829328084873e-01
3.779097965133619841e-01
3.983694464760769716e-01
4.147671593980349902e-01
4.282193085216082218e-01
4.352068304079859118e-01
4.680805481845139449e-01
4.841755903047417764e-01
5.130702397287114636e-01
5.416609790857134232e-01
5.500769092935940963e-01
5.767592227070975630e-01
5.940667445239592448e-01
6.079604701399109468e-01
6.150543179862307808e-01
6.265515299348733969e-01
6.311526684527504205e-01
6.217695869155630550e-01
6.238251534076431071e-01
6.353969346142664953e-01
6.567664508149341218e-01
6.761977054861594283e-01
6.826270448753203324e-01
6.998866826849136080e-01
7.138167100415253596e-01
6.965172301089040952e-01
6.868208467304068865e-01
6.780767035895987060e-01
6.056331149295570704e-01
6.034844462492895412e-01
6.351478525460489966e-01
6.879156914221448149e-01
7.319854549991574588e-01
7.217736006058355080e-01
7.407947891782240557e-01
7.475962447335265937e-01
7.929074004055730596e-01
8.211235409437925847e-01
8.443665491137725132e-01
8.777243199397494200e-01
9.036427277188271434e-01
9.711504111799358352e-01
1.035883952015059117e+00
1.059538028355423878e+00
1.083788407032435508e+00
1.113680541070321661e+00
1.149631365013605633e+00
1.082493114417983238e+00
1.081155435627581873e+00
1.163498271721004285e+00
1.222500755146050722e+00
1.278123925004753803e+00
1.291950596552628339e+00
1.305812347089117198e+00
1.374161513693075376e+00
1.434934632696384549e+00
1.388549512241488815e+00
1.339876735036056310e+00
1.409143110055172787e+00
1.495530187664260158e+00
1.574852632983077205e+00
1.617745517355940077e+00
1.686670620723945246e+00
1.774108361972925207e+00
1.835157397297680459e+00
1.864468922268299300e+00
1.842107278663893677e+00
1.798399442222901046e+00
1.851694987473203380e+00
1.960775857867843808e+00
2.064888454137024265e+00
2.142876052460441549e+00
2.121827442323638735e+00
2.199164821880281728e+00
2.320350192001620293e+00
2.409220250710432332e+00
2.345227389062025214e+00
2.373250761515027119e+00
2.516811065334834119e+00
2.644216119117735353e+00
2.756909702001602902e+00
2.680471993015360876e+00
2.701859734510144939e+00
2.853457334764252451e+00
3.018376461068959404e+00
3.172248871572285189e+00
3.306681723820687147e+00
3.415728274618531568e+00
3.520925103223487174e+00
3.626779014275825830e+00
3.728487223560813746e+00
3.821115025493498241e+00
3.919248277054351970e+00
4.030344878989810198e+00
4.154926336001453002e+00
4.293939531575265534e+00
4.403162756728727700e+00
4.498615853979299750e+00
4.628649622556104681e+00
4.751339267881263595e+00
4.875491261094249573e+00
5.004789763252921908e+00
5.136887834288508259e+00
5.278681411876152474e+00
5.433468493938827137e+00
5.583530460547840413e+00
5.707535701771126568e+00
5.872895673221833590e+00
6.021756903222428292e+00
6.184926435294141989e+00
6.350155593755473227e+00
6.506060065099436684e+00
6.669134546149938281e+00
6.845913472375318776e+00
7.031491334009378313e+00
7.206741163922279370e+00
7.395019133474352024e+00
7.586952469330604742e+00
7.780027012376485196e+00
7.966232458515539072e+00
8.149519463609683712e+00
8.309993442663420993e+00
8.491362559929772402e+00
8.688289809883229964e+00
8.901931313976259474e+00
9.109414048076097004e+00
9.336102647708592883e+00
9.551334036608389866e+00
9.784095010479907373e+00
1.001107859301219349e+01
1.023556791427165891e+01
1.047439736076581696e+01
1.071484512720096305e+01
1.094739719598590710e+01
1.120812625253698691e+01
1.147134289146448793e+01
1.172283031210956317e+01
1.195914700295625366e+01
1.223744570495041906e+01
1.248895903388154593e+01
1.275133136044927262e+01
1.299429497917492959e+01
1.325674039691073069e+01
1.352144123869920200e+01
1.378213788509524385e+01
1.410443126460000585e+01
1.441184254591116876e+01
1.471370662179245947e+01
1.502633007703767021e+01
1.531975309256108098e+01
1.564618604047890393e+01
1.597350757750765737e+01
1.628682409658147989e+01
1.660537641606901715e+01
1.693269517633074628e+01
1.727633221380100892e+01
1.759702655741867616e+01
1.794814366069229550e+01
1.830912086477490064e+01
1.866190484218092749e+01
1.897478045627106624e+01
1.932419180464967212e+01
1.966860892631842006e+01
1.999714706491303318e+01
2.033639744390755055e+01
