5.523783981200752063e-02
8.285346154923757533e-02
0.000000000000000000e+00
0.000000000000000000e+00
0.000000000000000000e+00
9.045002244176227535e-04
1.957205685780122675e-02
1.722241213897011958e-02
4.176310681266707375e-02
8.548393852939195625e-02
1.194549877749747080e-01
1.625710762584703650e-01
1.822340534528461495e-02
5.060656450383763105e-02
1.426012613792001227e-01
2.371016394986280307e-01
3.097021199818839610e-01
3.582268458557088531e-01
3.919059372836466437e-01
4.086606393357931077e-01
3.539689450187006869e-01
3.875266855046969328e-01
4.207400142642676033e-01
4.618148077907471283e-01
4.967076610407393789e-01
5.422409164691004424e-01
5.747897735579960976e-01
6.093165404984394184e-01
5.965591066584867708e-01
5.854940750583493836e-01
6.172218673097591424e-01
6.416514576132618108e-01
6.303236081302774352e-01
6.776703576809272045e-01
7.317726066641024874e-01
7.868913483243255014e-01
8.312269160643180888e-01
8.743271355169690562e-01
8.911264564692892298e-01
9.176765684987830962e-01
9.276552693202796407e-01
9.296017058286362156e-01
8.989522750793197403e-01
9.146372591063374191e-01
9.435917624386311875e-01
9.700648449248507887e-01
1.000457046084786805e+00
1.005776800354225564e+00
1.019422430982814154e+00
9.915007648648844762e-01
9.546542585811443882e-01
9.146537460893401361e-01
8.908671902623606087e-01
8.741410930328207263e-01
8.965802074591144866e-01
9.347220736000052543e-01
9.744250830816983955e-01
1.000701690955730028e+00
1.026040606350187678e+00
1.040807284788329845e+00
9.807312456326731098e-01
9.383633840997440689e-01
9.161636509660189276e-01
7.809603588466712543e-01
7.436798843077450094e-01
7.691174977655192979e-01
8.183334875023356991e-01
8.659789202697304455e-01
8.501867773840324771e-01
9.009840403411992771e-01
1.008862052405682386e+00
1.106604255825334393e+00
1.173716846439076367e+00
1.208248678731696835e+00
1.213238899525376890e+00
1.189556229638920604e+00
1.306808627306841775e+00
1.460713912533808001e+00
1.571135578547373735e+00
1.696977377171621670e+00
1.791208951371331848e+00
1.838773626479886403e+00
1.347622261558011347e+00
1.325462007180787882e+00
1.535109347894726639e+00
1.713826850235375288e+00
1.851237707977179792e+00
2.035655586991917065e+00
2.223171975778456488e+00
2.367125734804846893e+00
2.456874474503771388e+00
1.840943299283152035e+00
1.662597226098526892e+00
1.923761987497033088e+00
2.182457690982622545e+00
2.392501970152975943e+00
2.565548855458399835e+00
2.749440072969383309e+00
2.935286754943977172e+00
3.083171692183670487e+00
3.216636639819637100e+00
3.322294480556417184e+00
3.406034793770234437e+00
3.469688068800618197e+00
3.543866140226843431e+00
3.620243480563258398e+00
3.602334936565529944e+00
3.655610608829845898e+00
3.766510232675531089e+00
3.911569506356521231e+00
4.067320220881431858e+00
4.205907542605656246e+00
4.328201509347220366e+00
4.439205041391819151e+00
4.522752856829224122e+00
4.618204758476234240e+00
4.720384702878178906e+00
4.821277559130851209e+00
4.929606449484306374e+00
5.094423618290940148e+00
5.265041969002047573e+00
5.432329483568785200e+00
5.570768130451823730e+00
5.681340625200770766e+00
5.768396529480271262e+00
5.855091295535848062e+00
5.927445321452538884e+00
6.008349078944934085e+00
6.099078926604851070e+00
6.187178342802654107e+00
6.323715999501516194e+00
6.468746742283597584e+00
6.619241976857950682e+00
6.744226874063846466e+00
6.834555349177645844e+00
6.903367722945883855e+00
6.959390532298045606e+00
7.013838185324281049e+00
7.073582171281367792e+00
7.118274691334008253e+00
7.172069439818368863e+00
7.272477259998529675e+00
7.390859590375915111e+00
7.493079047403688797e+00
7.570785412391114910e+00
7.632493514143367186e+00
7.661832155242369602e+00
7.681885903473586019e+00
7.682911992652201150e+00
7.689742709999238812e+00
7.728327382795368905e+00
7.733186022815146110e+00
7.792383454545696253e+00
7.893972776798830360e+00
7.960008639109672934e+00
8.028172540327108919e+00
8.064008550644391704e+00
8.083899005955915484e+00
8.082735000168163708e+00
8.093870206643131837e+00
8.135443397326053372e+00
8.156786609430835000e+00
8.189069763332071261e+00
8.246313550557825778e+00
8.309163004485307980e+00
8.372466261441269708e+00
8.446978657687012060e+00
8.496123488496662546e+00
8.538514249361295327e+00
8.557056606249028974e+00
8.572685812802385286e+00
8.601287536261828848e+00
8.618413630283621174e+00
8.656308358458030483e+00
8.702357611709862439e+00
8.790013730119939694e+00
8.848814416910466107e+00
8.899112253201725053e+00
8.925036713924345833e+00
8.966276609859439972e+00
9.005753092904873469e+00
9.059712286133265735e+00
9.128949877662337897e+00
9.165294436512166243e+00
9.181192950751754012e+00
9.244119384321379584e+00
9.332400395004759375e+00
9.408583465178409710e+00
9.474055746858821792e+00
9.536993203420387033e+00
9.586087335638104889e+00
9.630872733097342930e+00
9.691212378868657495e+00
9.722200834736744568e+00
9.757875527988257858e+00
9.785066956709327357e+00
9.840448267274959804e+00
9.901274605380237404e+00
9.964762199186896652e+00
1.001942372727658892e+01
