0.000000000000000000e+00
0.000000000000000000e+00
0.000000000000000000e+00
0.000000000000000000e+00
0.000000000000000000e+00
0.000000000000000000e+00
0.000000000000000000e+00
0.000000000000000000e+00
0.000000000000000000e+00
0.000000000000000000e+00
0.000000000000000000e+00
0.000000000000000000e+00
0.000000000000000000e+00
0.000000000000000000e+00
0.000000000000000000e+00
0.000000000000000000e+00
0.000000000000000000e+00
0.000000000000000000e+00
0.000000000000000000e+00
0.000000000000000000e+00
0.000000000000000000e+00
0.000000000000000000e+00
0.000000000000000000e+00
0.000000000000000000e+00
0.000000000000000000e+00
0.000000000000000000e+00
0.000000000000000000e+00
0.000000000000000000e+00
0.000000000000000000e+00
0.000000000000000000e+00
0.000000000000000000e+00
0.000000000000000000e+00
0.000000000000000000e+00
0.000000000000000000e+00
0.000000000000000000e+00
0.000000000000000000e+00
0.000000000000000000e+00
0.000000000000000000e+00
0.000000000000000000e+00
0.000000000000000000e+00
0.000000000000000000e+00
0.000000000000000000e+00
0.000000000000000000e+00
0.000000000000000000e+00
0.000000000000000000e+00
0.000000000000000000e+00
0.000000000000000000e+00
0.000000000000000000e+00
0.000000000000000000e+00
0.000000000000000000e+00
0.000000000000000000e+00
0.000000000000000000e+00
0.000000000000000000e+00
0.000000000000000000e+00
0.000000000000000000e+00
0.000000000000000000e+00
5.463173196834252877e-03
0.000000000000000000e+00
0.000000000000000000e+00
6.578385323702016542e-03
8.715970832136521462e-02
1.043749007868141482e-01
7.581912309372826342e-02
2.022907415753481472e-02
0.000000000000000000e+00
0.000000000000000000e+00
4.806018954245229458e-02
6.583893136007822056e-02
6.165213114134764777e-02
7.044833697766217373e-02
1.016417061766319019e-01
1.333468367443177705e-01
1.083235127728996300e-01
1.125908741877530705e-01
1.429779117340089500e-01
1.675551676787220279e-01
1.911844663832179547e-01
2.076843029665577933e-01
1.912920311942436502e-01
1.858842187935769996e-01
1.880230718120528832e-01
2.040418035142172459e-01
1.854879860490593613e-01
1.422451802730964054e-01
1.157550309341415784e-01
1.580960640325971001e-01
2.059213890047403850e-01
2.339018461922455772e-01
2.179172470747345047e-01
2.150276832574565811e-01
2.538001033160862119e-01
2.666597913664274788e-01
2.672383192965158694e-01
2.969365024146741194e-01
3.248542986342907724e-01
3.431157464037484783e-01
3.634548491308386975e-01
3.443903689103653409e-01
3.635208562215970773e-01
3.980153093084624061e-01
4.184695575683857194e-01
4.321617263881988857e-01
4.031836262296604745e-01
3.642044666578759249e-01
3.662395637464437859e-01
4.019504322404559571e-01
4.019708053846728912e-01
4.011500282395814576e-01
3.597631792016413588e-01
3.531257892721947345e-01
4.167809188175831125e-01
4.487244013791682473e-01
4.544017693411478431e-01
4.777780200287288226e-01
5.091752122179090678e-01
5.519125831908402446e-01
5.990528578388049086e-01
6.314789128302574772e-01
6.627908193751839150e-01
6.824345977029661059e-01
6.844634169669713275e-01
7.009647348075850326e-01
6.817624236025905393e-01
6.046197145092193637e-01
6.045303676428799289e-01
6.601748620958736158e-01
7.196238696757150111e-01
7.217589763321727858e-01
7.069740538808844121e-01
7.718976370095905759e-01
8.446089023155787245e-01
8.635820717126703183e-01
8.875451293426425137e-01
9.430773146462075873e-01
9.776097148535576320e-01
9.974773367550544556e-01
9.999997973487122493e-01
1.015963125984175486e+00
1.081456375772259282e+00
1.137766235416161287e+00
1.181305792889132178e+00
1.220702241034181235e+00
1.169603192995456453e+00
1.187699881957938297e+00
1.256469309812529245e+00
1.307489676536121470e+00
1.349946405409705896e+00
1.392063255300875380e+00
1.430780986102099694e+00
1.465763531844753720e+00
1.494859593249456386e+00
1.438143046459786190e+00
1.415022960240497119e+00
1.496630954817176562e+00
1.554907822436212506e+00
1.607941004008228481e+00
1.642780362982308118e+00
1.677081619142880120e+00
1.711329521061260461e+00
1.739937671263799501e+00
1.767878619422238229e+00
1.795393975176000190e+00
1.816178225406303914e+00
1.841372988826641244e+00
1.868439922026335243e+00
1.895246201884471571e+00
1.913964426897180049e+00
1.931806076814283069e+00
1.954311805581792072e+00
1.973026446220208285e+00
1.993330993741860180e+00
2.010788169014971150e+00
2.028649425535582473e+00
2.046701660950441592e+00
2.067458823458902195e+00
2.089949870725626546e+00
2.107430470280920343e+00
2.121239881222430235e+00
2.131119588611750437e+00
2.143188302131457945e+00
2.150296257607711592e+00
2.156522044628084611e+00
2.163315175340875918e+00
2.176485477872260432e+00
2.177763960412463895e+00
2.189444391220872532e+00
2.203657963314895607e+00
2.214598493580451688e+00
2.211285220250541084e+00
2.219960832927832417e+00
2.228313852011031049e+00
2.237259514219771095e+00
2.230116559072226945e+00
2.234389079997960437e+00
2.238028887845481041e+00
2.241015455729927996e+00
2.251090952463793204e+00
2.263725093108664321e+00
2.273936437493762508e+00
2.282807908906956840e+00
