0.000000000000000000e+00
0.000000000000000000e+00
0.000000000000000000e+00
0.000000000000000000e+00
0.000000000000000000e+00
0.000000000000000000e+00
0.000000000000000000e+00
0.000000000000000000e+00
0.000000000000000000e+00
0.000000000000000000e+00
0.000000000000000000e+00
0.000000000000000000e+00
0.000000000000000000e+00
0.000000000000000000e+00
0.000000000000000000e+00
0.000000000000000000e+00
0.000000000000000000e+00
0.000000000000000000e+00
0.000000000000000000e+00
0.000000000000000000e+00
0.000000000000000000e+00
0.000000000000000000e+00
0.000000000000000000e+00
0.000000000000000000e+00
0.000000000000000000e+00
0.000000000000000000e+00
0.000000000000000000e+00
0.000000000000000000e+00
0.000000000000000000e+00
0.000000000000000000e+00
0.000000000000000000e+00
0.000000000000000000e+00
0.000000000000000000e+00
0.000000000000000000e+00
0.000000000000000000e+00
0.000000000000000000e+00
0.000000000000000000e+00
0.000000000000000000e+00
0.000000000000000000e+00
0.000000000000000000e+00
0.000000000000000000e+00
0.000000000000000000e+00
0.000000000000000000e+00
0.000000000000000000e+00
0.000000000000000000e+00
0.000000000000000000e+00
0.000000000000000000e+00
0.000000000000000000e+00
0.000000000000000000e+00
0.000000000000000000e+00
0.000000000000000000e+00
0.000000000000000000e+00
0.000000000000000000e+00
0.000000000000000000e+00
0.000000000000000000e+00
0.000000000000000000e+00
0.000000000000000000e+00
0.000000000000000000e+00
0.000000000000000000e+00
0.000000000000000000e+00
0.000000000000000000e+00
0.000000000000000000e+00
0.000000000000000000e+00
0.000000000000000000e+00
0.000000000000000000e+00
0.000000000000000000e+00
1.149854286650714950e-03
0.000000000000000000e+00
0.000000000000000000e+00
4.835996955735726716e-02
8.822192016904838174e-02
1.237246463004588876e-01
5.601338411470905415e-02
8.741031492127505909e-02
1.418859422627903322e-01
1.747259698629000380e-01
2.007573084166267563e-01
2.181625102755046230e-01
1.946846328013761840e-01
1.577452126276984168e-01
1.881166641879313539e-01
2.266017737081376937e-01
2.232942835580625229e-01
2.163086512691418939e-01
2.500250755798461566e-01
2.778358118344833594e-01
2.924271037837271048e-01
2.840934856608883230e-01
2.359447767037681221e-01
2.247649273294355654e-01
2.547668887981725527e-01
2.704139104862793297e-01
2.584746533069761654e-01
2.513283696181551341e-01
2.331251942141029376e-01
2.908402892354329805e-01
3.305697776441833824e-01
3.424210262815294281e-01
3.194894042505063148e-01
3.004672339690507288e-01
3.325252893727417280e-01
3.810466375854978938e-01
4.133765303922133372e-01
4.116163860538848418e-01
4.346759207126225655e-01
4.685434082243770115e-01
4.867333168312039104e-01
4.410539337779232905e-01
4.493977010677536743e-01
4.833302982429744654e-01
4.910117183523453610e-01
4.955577131940246960e-01
4.993974350622578107e-01
4.081708284236215678e-01
3.705179725574957450e-01
4.090712847398237373e-01
4.179919015229163204e-01
4.187721280415371838e-01
3.545783463809669134e-01
3.165711156867172527e-01
4.069568770960015902e-01
4.938878332147353389e-01
5.393785552514653858e-01
4.468621943737471347e-01
4.051353824332455389e-01
4.783614298891349925e-01
5.904587408005692595e-01
6.625087762296736349e-01
6.724545777217564302e-01
7.161218719226996043e-01
7.685126193810295492e-01
8.377233908383464600e-01
7.921665016184509245e-01
8.073521362676129298e-01
8.674438628969198817e-01
9.069799590510537746e-01
9.715657720615774595e-01
9.591600491512424220e-01
9.874517012760135604e-01
1.064883058777287284e+00
1.113003099353029768e+00
1.059552527572486413e+00
9.845578520113035248e-01
1.044521933088831567e+00
1.143933342597962977e+00
1.212845983239586367e+00
1.206316230231708531e+00
1.213408380370246897e+00
1.301605441069963121e+00
1.370342704189989824e+00
1.415209093065394885e+00
1.394878586630277306e+00
1.381078324649879452e+00
1.459467591857374069e+00
1.520944366214380672e+00
1.567449781853581303e+00
1.593985438809556232e+00
1.624278723431324956e+00
1.659435206843351329e+00
1.698782381002416075e+00
1.734035743274888519e+00
1.760001099258696300e+00
1.786237603242911476e+00
1.818933527298852271e+00
1.851381564728009854e+00
1.888876860573317495e+00
1.919671140945463650e+00
1.953992285841059440e+00
1.989534763428519426e+00
2.024931750649083373e+00
2.060800845596442610e+00
2.097620997759576777e+00
2.133810008200508257e+00
2.169163982387732226e+00
2.203349940020143283e+00
2.239451099792313826e+00
2.276063620937642362e+00
2.315517424458710671e+00
2.353748722694179563e+00
2.388892344278877200e+00
2.416581790515055062e+00
2.453061175798621374e+00
2.489260486657727700e+00
2.522782282030187506e+00
2.552444268741272282e+00
2.580361460312631028e+00
2.610916413478422182e+00
2.633967918715459877e+00
2.667730388486533322e+00
2.700918454174497718e+00
2.730616465696496853e+00
2.766976602126983042e+00
2.790862754349688668e+00
2.821468206539062606e+00
2.850892329626237842e+00
2.875934515254707780e+00
2.903674507510749958e+00
2.934352481887698705e+00
2.969885086228119420e+00
3.005375440994609626e+00
