0.000000000000000000e+00
0.000000000000000000e+00
0.000000000000000000e+00
0.000000000000000000e+00
0.000000000000000000e+00
0.000000000000000000e+00
0.000000000000000000e+00
0.000000000000000000e+00
0.000000000000000000e+00
0.000000000000000000e+00
0.000000000000000000e+00
0.000000000000000000e+00
0.000000000000000000e+00
0.000000000000000000e+00
0.000000000000000000e+00
0.000000000000000000e+00
0.000000000000000000e+00
0.000000000000000000e+00
0.000000000000000000e+00
0.000000000000000000e+00
0.000000000000000000e+00
0.000000000000000000e+00
0.000000000000000000e+00
0.000000000000000000e+00
0.000000000000000000e+00
0.000000000000000000e+00
0.000000000000000000e+00
0.000000000000000000e+00
0.000000000000000000e+00
0.000000000000000000e+00
0.000000000000000000e+00
0.000000000000000000e+00
0.000000000000000000e+00
0.000000000000000000e+00
0.000000000000000000e+00
0.000000000000000000e+00
0.000000000000000000e+00
0.000000000000000000e+00
0.000000000000000000e+00
0.000000000000000000e+00
0.000000000000000000e+00
0.000000000000000000e+00
0.000000000000000000e+00
0.000000000000000000e+00
0.000000000000000000e+00
0.000000000000000000e+00
0.000000000000000000e+00
0.000000000000000000e+00
0.000000000000000000e+00
0.000000000000000000e+00
0.000000000000000000e+00
0.000000000000000000e+00
0.000000000000000000e+00
0.000000000000000000e+00
0.000000000000000000e+00
0.000000000000000000e+00
0.000000000000000000e+00
0.000000000000000000e+00
0.000000000000000000e+00
0.000000000000000000e+00
0.000000000000000000e+00
0.000000000000000000e+00
0.000000000000000000e+00
0.000000000000000000e+00
0.000000000000000000e+00
0.000000000000000000e+00
0.000000000000000000e+00
0.000000000000000000e+00
0.000000000000000000e+00
0.000000000000000000e+00
0.000000000000000000e+00
4.258911011515391365e-02
0.000000000000000000e+00
0.000000000000000000e+00
3.697481786217086258e-02
1.153690314762621100e-01
1.456063818045910951e-01
1.596021548328566964e-01
1.149438195231881205e-01
2.250898711916616071e-02
8.511161321247734390e-02
1.468160916130392679e-01
1.617577060094618768e-01
1.522024301249094991e-01
1.826150852329762320e-01
2.058760699256131366e-01
2.130144352590246370e-01
1.945430940023012145e-01
1.111279925980274141e-01
5.257360281961898779e-02
9.188920860957908165e-02
1.424796329963376462e-01
1.659457162406481889e-01
1.398790499489994676e-01
9.924200448553113785e-02
1.606592666963183591e-01
2.244919101688445662e-01
2.373358995279985229e-01
2.001986325173201742e-01
1.088984542978533032e-01
1.842984061823007003e-01
2.486811264304123470e-01
2.749758967952188882e-01
2.634918852887416230e-01
2.817270084667640728e-01
3.147783503237462921e-01
3.355455058713037175e-01
3.002472140233055087e-01
2.952361833609171149e-01
3.278855193759148690e-01
3.230737896426421063e-01
3.125794961017998030e-01
2.985786316813641150e-01
1.602101855945486930e-01
8.334633478705381904e-02
1.342551870336407827e-01
2.040633049362694518e-01
2.428920844964285730e-01
1.852948934964604166e-01
1.212680078829977554e-01
2.029754595109529713e-01
2.917510075347531373e-01
3.431771739936806398e-01
2.560194450309935532e-01
1.376379732780585452e-01
2.279074565812818087e-01
3.429381786710473667e-01
4.271224521215686853e-01
4.078918248403010649e-01
4.571097959062569438e-01
5.320841152386905915e-01
5.944435971731948376e-01
4.799885328985827870e-01
4.649489817644980594e-01
5.502253372432497347e-01
6.041355676351082282e-01
6.735524382585361680e-01
6.786915529766953670e-01
6.995838867260764093e-01
7.989431158535774680e-01
8.609089742352079577e-01
6.854796072777584737e-01
5.810663073356370223e-01
6.735322182864291740e-01
7.960355890989018190e-01
8.925439719034323760e-01
9.123327987043284848e-01
8.860235473863308231e-01
1.008107936060834042e+00
1.096864182147920364e+00
1.172925596512639501e+00
1.135367166320925048e+00
1.073124645997738602e+00
1.191887557757576932e+00
1.274226320764490383e+00
1.333923123681060696e+00
1.354386169133459772e+00
1.382261096320939853e+00
1.428521997483277683e+00
1.479582841847642882e+00
1.532640419683817923e+00
1.579533631606152122e+00
1.618712042346559521e+00
1.652289693259873404e+00
1.686021608342466394e+00
1.719538993777473435e+00
1.756312661244629370e+00
1.800032844319290781e+00
1.849026143093954744e+00
1.902686230023718172e+00
1.923987332309112119e+00
1.985541199293276327e+00
1.991865579728863578e+00
2.039829013716706552e+00
2.080139495445738618e+00
2.115789241942850563e+00
2.163986409782103770e+00
2.209063983303506618e+00
2.254357395923215712e+00
2.299361994856670144e+00
2.359295955235768627e+00
2.420853446314269242e+00
2.476627359430828790e+00
2.526357568706093293e+00
2.564948906144461027e+00
2.601205496363535818e+00
2.644847564185178967e+00
2.674920300315003718e+00
2.718878362312039165e+00
2.769390292406985310e+00
2.819525180123418018e+00
2.881661455377941827e+00
2.947959209496802568e+00
2.999124858936539351e+00
3.067761144886397950e+00
3.100350455855915843e+00
3.140262620091124113e+00
3.187876970248554542e+00
3.240819190120080684e+00
3.284070059301603450e+00
