2.017889097133773735e-02
4.149219929396980033e-02
0.000000000000000000e+00
0.000000000000000000e+00
0.000000000000000000e+00
0.000000000000000000e+00
1.039643859415072258e-02
0.000000000000000000e+00
0.000000000000000000e+00
3.640001889667370677e-02
6.958193396513670526e-02
1.026885770051514657e-01
0.000000000000000000e+00
2.140395763391643794e-02
9.608512977634051100e-02
1.665871492650928265e-01
2.224868561033000181e-01
2.592567945872363833e-01
2.846591359323567549e-01
2.974455865009671962e-01
2.629474515529776624e-01
2.966971848214453034e-01
3.244779105134142916e-01
3.558670376729681228e-01
3.822029146139509503e-01
4.054628639612239405e-01
4.350919129410478758e-01
4.631974317493561255e-01
4.674275488308353155e-01
4.679912924560982179e-01
4.889591197930398536e-01
5.120416121107891350e-01
5.169315413704104190e-01
5.444489968023981108e-01
5.793547346861714908e-01
6.236246516222531122e-01
6.618321528711738067e-01
6.924640029506494709e-01
7.105452821788625917e-01
7.337633112653938472e-01
7.390698515796558787e-01
7.534393322448404984e-01
7.602597540294081524e-01
7.829409535285554167e-01
8.158663667482772830e-01
8.432632045090527884e-01
8.739251679703116116e-01
8.925242051916616459e-01
9.042074296464723826e-01
8.993417970236950998e-01
9.087309900210894797e-01
9.127130453162058954e-01
9.064092374625937198e-01
9.136112235979758633e-01
9.358755230717356044e-01
9.798298996725146592e-01
1.022996631894938613e+00
1.041332096571700783e+00
1.077689511368271846e+00
1.110737990186497770e+00
1.113464737569342056e+00
1.113913301001750122e+00
1.100192523164779113e+00
1.068268148732598899e+00
1.099826097367332389e+00
1.116456431539723404e+00
1.136877742680297398e+00
1.140045037655851745e+00
1.150880410966658829e+00
1.154009704060330099e+00
1.164062553469164873e+00
1.199792195948278017e+00
1.228082741559276991e+00
1.248281673622166910e+00
1.252840372987223061e+00
1.265747199295180536e+00
1.329353356233283989e+00
1.414735598583063636e+00
1.456302121134767091e+00
1.510691579422138053e+00
1.545248936986048260e+00
1.572965980126016516e+00
1.396429639679240831e+00
1.407404169978325736e+00
1.525499672626171366e+00
1.616268552396820768e+00
1.689915171956041906e+00
1.762897959886817523e+00
1.846858643460727700e+00
1.943358156592396302e+00
2.004981864160448879e+00
1.807585984553438108e+00
1.757449100629858707e+00
1.874473045339237531e+00
1.998637590651781037e+00
2.105821393898644089e+00
2.178013437985750311e+00
2.318918742560348800e+00
2.449420514208669353e+00
2.574371229227971458e+00
2.683203550792979897e+00
2.756904118447884855e+00
2.694450326835616139e+00
2.788610392876042621e+00
2.902653868386050107e+00
3.026791297396651981e+00
3.088417525124811824e+00
3.114527939444748039e+00
3.246893630257245533e+00
3.385067355418190704e+00
3.509061554505628511e+00
3.418667787619480869e+00
3.528550603425896437e+00
3.655216590041427072e+00
3.811963450609606507e+00
3.939576051574481763e+00
3.919349589514963039e+00
4.043786001051620893e+00
4.183748115521656707e+00
4.347355238197554428e+00
4.525663396199306909e+00
4.683118929098752936e+00
4.833758139053018432e+00
4.967639515645744019e+00
5.098405835094238725e+00
5.231293765803251894e+00
5.320676656379766278e+00
5.416704663160883726e+00
5.552187376717713008e+00
5.684746968866240202e+00
5.845299981541923096e+00
5.971744407304834468e+00
6.102402643755802991e+00
6.254095517432902263e+00
6.394980463443875607e+00
6.536229167449100430e+00
6.671654319937180055e+00
6.809552446747918708e+00
6.929647000719928229e+00
7.084952898445515679e+00
7.238966246060262399e+00
7.409281779150006741e+00
7.594194296312888781e+00
7.762782197522420269e+00
7.941759481134844201e+00
8.119575494464708498e+00
8.286360780583756025e+00
8.426470167343635964e+00
8.567386986577638197e+00
8.701608799691644691e+00
8.848965907666935138e+00
9.015537991959158504e+00
9.202918331947607555e+00
9.375946061842446611e+00
9.558070585191298818e+00
9.718423516121974970e+00
9.881213338686466230e+00
1.004106722613827962e+01
1.017296143649759976e+01
1.029803501132432864e+01
1.043023181604318061e+01
1.057937674810505335e+01
1.075416910805742887e+01
1.093849781280847999e+01
1.111128176868727557e+01
1.127604614733663801e+01
1.144996710343328772e+01
1.160567204062533442e+01
1.173484913815518027e+01
1.189205152385734010e+01
1.206822758368205051e+01
1.221042683400834505e+01
1.237310295518581427e+01
1.252007239971321262e+01
1.270552692672410267e+01
1.289876386161387245e+01
1.306547321341314216e+01
1.324201816757212313e+01
1.342725107026456932e+01
1.358071618595647045e+01
1.377080859759877640e+01
1.395542260462444695e+01
1.414241371764571475e+01
1.434660252737766228e+01
1.454455021563505213e+01
1.473559012314149896e+01
1.490218312591413685e+01
1.508521366240912442e+01
1.524119861176137825e+01
1.542928959620507534e+01
1.560545595140444419e+01
1.580458900015343104e+01
1.603780542636131301e+01
1.624158632231977606e+01
1.644031122518486043e+01
1.660581228789142827e+01
1.679113086742292538e+01
1.694682723205863439e+01
1.713630420392913223e+01
1.730079877633323449e+01
