0.000000000000000000e+00
0.000000000000000000e+00
0.000000000000000000e+00
0.000000000000000000e+00
0.000000000000000000e+00
0.000000000000000000e+00
0.000000000000000000e+00
0.000000000000000000e+00
0.000000000000000000e+00
0.000000000000000000e+00
0.000000000000000000e+00
0.000000000000000000e+00
0.000000000000000000e+00
0.000000000000000000e+00
0.000000000000000000e+00
0.000000000000000000e+00
0.000000000000000000e+00
0.000000000000000000e+00
0.000000000000000000e+00
0.000000000000000000e+00
0.000000000000000000e+00
0.000000000000000000e+00
0.000000000000000000e+00
0.000000000000000000e+00
0.000000000000000000e+00
0.000000000000000000e+00
0.000000000000000000e+00
0.000000000000000000e+00
0.000000000000000000e+00
0.000000000000000000e+00
0.000000000000000000e+00
0.000000000000000000e+00
0.000000000000000000e+00
0.000000000000000000e+00
0.000000000000000000e+00
0.000000000000000000e+00
0.000000000000000000e+00
0.000000000000000000e+00
0.000000000000000000e+00
0.000000000000000000e+00
0.000000000000000000e+00
0.000000000000000000e+00
0.000000000000000000e+00
0.000000000000000000e+00
0.000000000000000000e+00
0.000000000000000000e+00
0.000000000000000000e+00
0.000000000000000000e+00
0.000000000000000000e+00
0.000000000000000000e+00
3.245407541696117282e-02
5.969112870715702346e-02
0.000000000000000000e+00
0.000000000000000000e+00
0.000000000000000000e+00
4.553658657281883099e-02
6.969791104642782120e-02
0.000000000000000000e+00
3.646496946583270560e-02
9.156804815174196532e-02
1.207837208318611882e-01
1.487008216501519708e-01
1.999451664275085638e-02
7.384453226254268643e-02
1.337314644265334973e-01
1.905042207628284967e-01
2.362815196817961705e-01
2.275188500548449844e-01
2.197131457735518600e-01
2.339378488499053999e-01
2.824866859234853034e-01
3.251578043878330382e-01
3.554667071144220758e-01
3.420206406199817750e-01
3.462401121402563509e-01
3.560992954411971168e-01
3.918228238560210741e-01
4.168940905010002917e-01
4.280172905618278567e-01
4.486580527496011883e-01
4.773141386828795851e-01
5.092162879565372835e-01
5.183905831765923677e-01
4.983343496106769077e-01
4.935431346919613160e-01
5.170531836772414014e-01
5.611825521959030727e-01
5.664309429975843413e-01
5.373119406087217831e-01
5.429073703398576978e-01
6.026813077226483850e-01
6.487353844081638066e-01
6.409109747300685278e-01
6.511100875890515338e-01
6.957698958014765234e-01
7.394442442224345990e-01
7.668313268229923763e-01
7.728802498566544887e-01
8.136293265711178613e-01
8.413326625300614481e-01
8.410308022530493810e-01
8.303602116245739628e-01
8.047188166928945785e-01
7.722885976019847609e-01
7.816214373295322648e-01
8.036267806973292904e-01
8.322963356226470433e-01
8.304958376792827002e-01
8.208543224266835470e-01
8.472983317807408765e-01
8.723396973228167983e-01
8.918261566612476487e-01
8.919301555671799164e-01
8.043072610681449852e-01
7.703450489370486931e-01
7.989758426621486054e-01
8.464461631449501366e-01
8.455906693196849622e-01
7.777123035281531260e-01
8.096976320523802118e-01
8.998501642733017780e-01
9.855832907021997435e-01
1.020253463122138049e+00
1.030450406375343908e+00
1.084857142557323240e+00
1.127123388699881046e+00
1.181110094824974643e+00
1.260922444340890847e+00
1.325563942263202399e+00
1.376811801733345275e+00
1.396882158826976861e+00
1.412864432704386219e+00
1.341661531957099474e+00
1.399423161570615859e+00
1.539346621033278018e+00
1.654559291649678521e+00
1.745551477615619573e+00
1.649403342989930854e+00
1.708112039790775638e+00
1.857352776247236159e+00
1.991021321142445233e+00
1.855362158512869675e+00
1.809863948046536830e+00
2.012574965932675042e+00
2.189301751892423820e+00
2.320569131496303505e+00
2.158045248170099129e+00
2.140778577065139743e+00
2.328521541933117778e+00
2.497443363160487095e+00
2.630134132378679102e+00
2.726372932294552243e+00
2.829824448208778875e+00
2.937515628990056804e+00
3.035930330586724679e+00
3.126141968734235110e+00
3.171492888689827705e+00
3.227514384016027194e+00
3.309587418423440841e+00
3.409304235447894627e+00
3.496448127951376605e+00
3.550170008359701868e+00
3.616257011887263673e+00
3.699650434583654945e+00
3.788783558918651817e+00
3.879776855417330417e+00
3.955422226522512297e+00
4.022890263352812745e+00
4.095363399284278394e+00
4.175308024550798081e+00
4.263308109988726002e+00
4.348686979279006160e+00
4.425627388007225882e+00
4.504797515295956067e+00
4.595945884968175577e+00
4.692832580406578913e+00
4.781841091908048291e+00
4.875508895914007823e+00
4.945240734704628771e+00
5.032916031889074659e+00
5.117074959684879687e+00
5.190570125949580671e+00
5.278091794124204483e+00
5.358513652446474929e+00
5.437144479203699809e+00
5.537957472166540995e+00
5.626864362350781690e+00
5.716974216895873262e+00
5.785894461230379981e+00
5.860493977395079490e+00
5.932686724493805741e+00
6.001320765806619661e+00
6.063982587232338517e+00
6.143263389914830341e+00
6.215124268169152089e+00
6.289282039824643178e+00
6.370520210626629876e+00
6.460490857224225003e+00
6.537270259774809134e+00
6.602396198043186892e+00
