5.573457633263859817e-02
8.336440056315427838e-02
0.000000000000000000e+00
0.000000000000000000e+00
0.000000000000000000e+00
9.884143716582466724e-04
1.932959177754523319e-02
1.732651348997181484e-02
4.314192505267011590e-02
8.624242735310570784e-02
1.212238362419198190e-01
1.644374597042140562e-01
1.868970771286608198e-02
5.129298899050375310e-02
1.452523488634683002e-01
2.414252318365917860e-01
3.154219419037623262e-01
3.659892162257911141e-01
4.010256614282325938e-01
4.184434252665912291e-01
3.609372385159936858e-01
3.956789480761889188e-01
4.278466581219120823e-01
4.690450568047823121e-01
5.055800789760842573e-01
5.575503532847263521e-01
5.887675531402779550e-01
6.241004878430946867e-01
6.107149559474290834e-01
5.970620872915533006e-01
6.264825631309768328e-01
6.500409966661837569e-01
6.379872127456887032e-01
6.858338789313869199e-01
7.437045092013777614e-01
8.028110547046943823e-01
8.475431165334998962e-01
8.887528721320929748e-01
9.048655523925279720e-01
9.281394993558674811e-01
9.380451831960695541e-01
9.400845354843693213e-01
9.088879995689390645e-01
9.259118210812979921e-01
9.559394212602223551e-01
9.829807849862191027e-01
1.012347684154644156e+00
1.019127019739465290e+00
1.033224567648006298e+00
1.001834584248119553e+00
9.630368577897512328e-01
9.220306845692957110e-01
8.957321372057009956e-01
8.768405213981288471e-01
8.969496775514367304e-01
9.402889380523828944e-01
9.881401153392741499e-01
1.015255480184008352e+00
1.041283424169831218e+00
1.052095060486253342e+00
9.884689762415088676e-01
9.417120084816895664e-01
9.199985511095853941e-01
7.730313732917836189e-01
7.420748922556977822e-01
7.689478781579892619e-01
8.217493562402786722e-01
8.703627047569735264e-01
8.477308159294213441e-01
9.033740915124923720e-01
1.002762690637936771e+00
1.109528020901227485e+00
1.177560127842529392e+00
1.211565362419970260e+00
1.212958183417484959e+00
1.185742385178105485e+00
1.309077538155541065e+00
1.481262253602588785e+00
1.582886644664614817e+00
1.708305916792248302e+00
1.803256667177775885e+00
1.852448316087890845e+00
1.353718788440828824e+00
1.333032079913872625e+00
1.529628141668837538e+00
1.706020523224687890e+00
1.846530372820757826e+00
2.029344640099348229e+00
2.215977380267415420e+00
2.360028602578083223e+00
2.446019332774950428e+00
1.851305651032134847e+00
1.659548606128878001e+00
1.930616844175819358e+00
2.185023662101443165e+00
2.391227305772006151e+00
2.556981441514674103e+00
2.734857449921812123e+00
2.923210174338161771e+00
3.076715585250710649e+00
3.215334147415028099e+00
3.327257682744734879e+00
3.417173861344286578e+00
3.487933633420255308e+00
3.563514646858879420e+00
3.638198679117384149e+00
3.588830242612653709e+00
3.633807026068600177e+00
3.741037989858059465e+00
3.873451408652366812e+00
4.008041915601954663e+00
4.140909119520438608e+00
4.247883383794685663e+00
4.331856938845144001e+00
4.403257959495745943e+00
4.472463449942722491e+00
4.566866984556599895e+00
4.653960487662244461e+00
4.751276666770646528e+00
4.908424319000048719e+00
5.078650162342732699e+00
5.238041798586797526e+00
5.384465172797686883e+00
5.499558696376911193e+00
5.588913970407397791e+00
5.673532667127026308e+00
5.761393580220977029e+00
5.855345245877028759e+00
5.955138787453573279e+00
6.047303840308845047e+00
6.194810185400528191e+00
6.362896996642585457e+00
6.517178553846213696e+00
6.660554502959763035e+00
6.772882155103728152e+00
6.856309742371247573e+00
6.933242352181164136e+00
7.016435876889640433e+00
7.102335288723302220e+00
7.197476809595587000e+00
7.309894795934384959e+00
7.465770881768774458e+00
7.638574801040848961e+00
7.814724872393971289e+00
7.966934496591534298e+00
8.111446729724715254e+00
8.218200137953521889e+00
8.333445674747517629e+00
8.447651190319460213e+00
8.552206215639710507e+00
8.659492833176210880e+00
8.778578049241261283e+00
8.955678429132127860e+00
9.147980152214138627e+00
9.340936604840685220e+00
9.508957274720977182e+00
9.662858692698646834e+00
9.791749269046620796e+00
9.902154821413857277e+00
1.004559876144539565e+01
1.018348566326896076e+01
1.034816875011931891e+01
1.051841139407351378e+01
1.073193721522835631e+01
1.097110081976027907e+01
1.121613664540294586e+01
1.143998951932837471e+01
1.165252174761402770e+01
1.184315868573043673e+01
1.202441982569607504e+01
1.220797019380339599e+01
1.237144580811588845e+01
1.255079547583394373e+01
1.274637692884820517e+01
1.297777707819937731e+01
1.322520002100573677e+01
1.349205241855086967e+01
1.371058871402085622e+01
1.392707623499000213e+01
1.410154547235958766e+01
1.422157808591948225e+01
1.439325795701107324e+01
1.454267432535614546e+01
1.473273987420741094e+01
1.489176653132937211e+01
1.507908541368445121e+01
1.533484115091850875e+01
1.550299868839792161e+01
1.571091510674733804e+01
1.588613977723259651e+01
1.601048585001251467e+01
1.615406142602058637e+01
1.624573367017639924e+01
1.639397709973196626e+01
1.651639259150556072e+01
1.666055883167109997e+01
1.684435395111978195e+01
1.707108394169417664e+01
1.729530701682450911e+01
1.747337202017734725e+01
