0.000000000000000000e+00
0.000000000000000000e+00
0.000000000000000000e+00
0.000000000000000000e+00
0.000000000000000000e+00
0.000000000000000000e+00
0.000000000000000000e+00
0.000000000000000000e+00
0.000000000000000000e+00
0.000000000000000000e+00
0.000000000000000000e+00
0.000000000000000000e+00
0.000000000000000000e+00
0.000000000000000000e+00
0.000000000000000000e+00
0.000000000000000000e+00
0.000000000000000000e+00
0.000000000000000000e+00
0.000000000000000000e+00
0.000000000000000000e+00
0.000000000000000000e+00
0.000000000000000000e+00
0.000000000000000000e+00
0.000000000000000000e+00
0.000000000000000000e+00
0.000000000000000000e+00
0.000000000000000000e+00
0.000000000000000000e+00
0.000000000000000000e+00
0.000000000000000000e+00
0.000000000000000000e+00
0.000000000000000000e+00
0.000000000000000000e+00
0.000000000000000000e+00
0.000000000000000000e+00
0.000000000000000000e+00
0.000000000000000000e+00
0.000000000000000000e+00
0.000000000000000000e+00
0.000000000000000000e+00
0.000000000000000000e+00
0.000000000000000000e+00
0.000000000000000000e+00
0.000000000000000000e+00
0.000000000000000000e+00
0.000000000000000000e+00
0.000000000000000000e+00
0.000000000000000000e+00
0.000000000000000000e+00
0.000000000000000000e+00
0.000000000000000000e+00
0.000000000000000000e+00
0.000000000000000000e+00
0.000000000000000000e+00
0.000000000000000000e+00
0.000000000000000000e+00
0.000000000000000000e+00
0.000000000000000000e+00
0.000000000000000000e+00
0.000000000000000000e+00
0.000000000000000000e+00
0.000000000000000000e+00
0.000000000000000000e+00
0.000000000000000000e+00
0.000000000000000000e+00
0.000000000000000000e+00
0.000000000000000000e+00
0.000000000000000000e+00
0.000000000000000000e+00
0.000000000000000000e+00
0.000000000000000000e+00
0.000000000000000000e+00
0.000000000000000000e+00
0.000000000000000000e+00
0.000000000000000000e+00
0.000000000000000000e+00
0.000000000000000000e+00
0.000000000000000000e+00
0.000000000000000000e+00
4.527205967348763016e-03
5.057188800273686169e-02
7.534682993274412210e-02
9.041571704126062647e-02
9.637157212576843990e-02
7.912157378159082044e-02
1.003685868348240667e-01
1.246759552813339333e-01
1.032258015956600689e-01
1.084873064450335295e-01
9.727911633542128678e-02
1.240365272425055371e-01
1.420496815643652877e-01
1.518056653718269366e-01
1.525603284710643770e-01
1.655865840519465115e-01
1.747524231423202290e-01
1.865559530388579690e-01
1.365693788893003469e-01
8.959479919206939091e-02
1.080504511604135492e-01
1.665453047119047347e-01
2.193104439783011006e-01
2.527639691423185786e-01
2.468842217302360531e-01
2.481508305334019782e-01
2.659379638591088946e-01
3.020310675873569828e-01
3.219948271827846598e-01
3.340565247597736542e-01
3.468339761467963966e-01
3.579313620179578881e-01
3.850501842162998845e-01
4.082999870050191826e-01
3.939486753460103019e-01
3.693135127496112169e-01
3.968939129161671575e-01
4.170331254619814576e-01
3.749955895850069498e-01
3.345250866882985008e-01
3.283772477662678102e-01
3.788553359974355939e-01
4.236413005320368574e-01
4.572098411004811847e-01
4.254275220859075057e-01
4.286115918506873124e-01
4.589611852156091909e-01
4.383140696504372325e-01
4.222836055527575683e-01
3.752545553163659786e-01
3.687962959129080787e-01
4.245686518227053674e-01
4.953372515796317654e-01
5.424421881279106739e-01
5.429979817997406810e-01
5.629256596563406712e-01
5.913793152630604233e-01
6.293123470348809256e-01
6.302577343256668962e-01
6.317203260570045664e-01
6.563262782481028568e-01
6.788793357624630653e-01
7.241810680273015333e-01
7.378363977778741312e-01
7.660622651230567515e-01
8.178166237775011949e-01
8.305120900676208340e-01
8.086359307621282522e-01
7.030952694561931615e-01
5.603361309275418645e-01
5.398940553080634475e-01
6.300993543067956448e-01
7.212430306840013072e-01
7.792410532587987770e-01
7.992877622596531451e-01
8.739142555469655571e-01
9.780122657810337294e-01
9.511277282691013024e-01
9.480107580415016999e-01
1.032209083198674993e+00
1.098038205015530844e+00
1.123097716192337003e+00
1.219396900403407979e+00
1.318230746147094123e+00
1.391162189156925688e+00
1.467207926183489608e+00
1.534037278851481778e+00
1.576587014121114239e+00
1.403176351249422416e+00
1.407640700626624941e+00
1.532881683776701864e+00
1.630455875186397119e+00
1.692492175988929759e+00
1.769555893142344294e+00
1.864250558721233020e+00
1.949917034733512411e+00
2.017848265935762608e+00
1.829463312322753277e+00
1.775804563390579682e+00
1.921264486290664708e+00
2.063322854176249166e+00
2.166186689486425898e+00
2.252299882474477322e+00
2.347107985024774468e+00
2.437284557624104231e+00
2.520385223861475232e+00
2.609835801871024152e+00
2.690856505531784126e+00
2.759334258658449279e+00
2.832686546410133843e+00
2.896980601858486715e+00
2.962742172033469679e+00
3.011092737328642244e+00
3.067309784071668766e+00
3.146319972986492353e+00
3.235621095253799151e+00
3.318639599157068520e+00
3.414982916320674633e+00
3.506269082218110178e+00
3.592048463077009757e+00
3.675117278749183924e+00
