1.475601836812718594e-02
2.675445768067849159e-02
0.000000000000000000e+00
0.000000000000000000e+00
0.000000000000000000e+00
0.000000000000000000e+00
0.000000000000000000e+00
0.000000000000000000e+00
3.734446938496633912e-03
2.486907590838444843e-02
4.087688378984412341e-02
6.149320636410389451e-02
0.000000000000000000e+00
8.933103527441380032e-03
5.647674078186726981e-02
1.032335469164996355e-01
1.386371768978461316e-01
1.623539452533372396e-01
1.783423116846314660e-01
1.857122175508612028e-01
1.615842982772733027e-01
1.783180266034326555e-01
1.931398550530283864e-01
2.124519444018111713e-01
2.285873954209574621e-01
2.496806225733594897e-01
2.645706097521673961e-01
2.807625965233647158e-01
2.765462352414317371e-01
2.728550809337572658e-01
2.872602137813796697e-01
2.997666301595541816e-01
2.962273446454420922e-01
3.152091126101504992e-01
3.406784976796143338e-01
3.676064132340274293e-01
3.927180732625349391e-01
4.179525277359948943e-01
4.303302238119895984e-01
4.433868820261861465e-01
4.378892794481125672e-01
4.477757860326198047e-01
4.482507511728253680e-01
4.635473255318100505e-01
4.820635645762378907e-01
4.956669117653391687e-01
5.150770498865193670e-01
5.293768240564677985e-01
5.372382558669929198e-01
5.304880719205506967e-01
5.304161185424830505e-01
5.264681755139186681e-01
5.185364257155949952e-01
5.193463707359415871e-01
5.341267716320353687e-01
5.641044986250259852e-01
5.929343046131202444e-01
6.097730866322873533e-01
6.287472380999852284e-01
6.477960433643253912e-01
6.326528736182956969e-01
6.159256200331518771e-01
5.983391454934200437e-01
5.103470566967598376e-01
4.904447041722266309e-01
5.208832630721550450e-01
5.646266311232721602e-01
5.966505947398744736e-01
5.830419228318942659e-01
5.979062838867131857e-01
6.474443960361840888e-01
6.885421267601821160e-01
7.112740086702277198e-01
7.231513653182135570e-01
7.268174469420928263e-01
7.265306418788706200e-01
7.819742054468741266e-01
8.427496280524064964e-01
8.799816313561481529e-01
9.275555335044780580e-01
9.499463209050379442e-01
9.642855892772931314e-01
8.153369647919658236e-01
7.878282873855119162e-01
8.623884793521852110e-01
9.171298530985918518e-01
9.567879376128199942e-01
1.006602518524902123e+00
1.046725529628413032e+00
1.101253547060553784e+00
1.146808406203935649e+00
9.844067867269971073e-01
9.579318833502629138e-01
1.046844028875156374e+00
1.131649186244923389e+00
1.203357677399839343e+00
1.286898039380963921e+00
1.395551042520135843e+00
1.484740593949480214e+00
1.565814704865138296e+00
1.632546067549314195e+00
1.692481453618408516e+00
1.639736557817213614e+00
1.686130012649714516e+00
1.763809660912070587e+00
1.841817421730368665e+00
1.873185441065992940e+00
1.871908467899120243e+00
1.961750350597261550e+00
2.059834309793042717e+00
2.144833435053172366e+00
2.082451493644770668e+00
2.140997796756828109e+00
2.235480431077578434e+00
2.337646525053186597e+00
2.432852395283660485e+00
2.408306938207154246e+00
2.488279960868752916e+00
2.588921951468471150e+00
2.709933334759868639e+00
2.831764712660983729e+00
2.945246333651587278e+00
3.052772020221981464e+00
3.159727670578506231e+00
3.251656608134280813e+00
3.337505513241111998e+00
3.399656187564374044e+00
3.473207270506291522e+00
3.568896023403099971e+00
3.667121747275905896e+00
3.781137951339959891e+00
3.890931412118972421e+00
4.005073434941660793e+00
4.121219023863138986e+00
4.236932125733747334e+00
4.351782747293936993e+00
4.457411331877303873e+00
4.569826954961742516e+00
4.677624992576649987e+00
4.799770573779021277e+00
4.925768528563669868e+00
5.075020335544595973e+00
5.222835473758509650e+00
5.373588584286969727e+00
5.523407401583512844e+00
5.675827746526492135e+00
5.817759724496920803e+00
5.948093086242848493e+00
6.077278559984923056e+00
6.215387487810427380e+00
6.373859167993331631e+00
6.530088118077019388e+00
6.708474406702989334e+00
6.893183916234633557e+00
7.073807200595366496e+00
7.255483312775665716e+00
7.414689396846217306e+00
7.577755494609662357e+00
7.742587760947612807e+00
7.902459322222525451e+00
8.064869105535274585e+00
8.238355698858024212e+00
8.412621082347460089e+00
8.604892118545574675e+00
8.813606349786850203e+00
9.012104498098066685e+00
9.214834115024421735e+00
9.424665610950750505e+00
9.607813108071690422e+00
9.799528337835056391e+00
9.937581789724347914e+00
1.011951686375253878e+01
1.029118847534241787e+01
1.049629733693046951e+01
1.071042003824090649e+01
1.093714245287074327e+01
1.115332544868683584e+01
1.137120009498076101e+01
1.158374559216379929e+01
1.176757785759473052e+01
1.194768327746723280e+01
1.215955495170942235e+01
1.234303262520870170e+01
1.256962482616043708e+01
1.279466377607958627e+01
1.303484199191208681e+01
1.328630981447464343e+01
1.351465289831124217e+01
1.376168438639794722e+01
1.399630641344891657e+01
1.419786041261820664e+01
1.441420524845938367e+01
1.459551914259122185e+01
1.479728913701104531e+01
1.502749348738125867e+01
1.526989533771566521e+01
1.552548557661125628e+01
1.577435398738368733e+01
1.602831846023804729e+01
1.627504799654497347e+01
