5.524599251038739972e-02
8.123786751927743188e-02
0.000000000000000000e+00
0.000000000000000000e+00
0.000000000000000000e+00
1.421782595480204549e-03
1.975299484538285688e-02
1.640959662497911212e-02
4.106529768579292305e-02
8.389749060190010432e-02
1.174267220151355984e-01
1.586532781715781215e-01
1.843446086857734867e-02
5.019723011107663641e-02
1.420873078129305800e-01
2.341947071483885257e-01
3.056350399859266154e-01
3.553767013379321438e-01
3.877776853841184979e-01
4.048567021178346437e-01
3.505392036746174944e-01
3.827343517441847975e-01
4.155651560083524765e-01
4.565450113741488236e-01
4.904038611062153108e-01
5.391763765371436756e-01
5.717065960636276145e-01
6.059597915691050662e-01
5.961722590032784153e-01
5.847326765490098444e-01
6.154368407712982325e-01
6.397940727075921430e-01
6.283520604277593735e-01
6.755475177533419862e-01
7.345449242941266554e-01
7.887794514436807791e-01
8.325058972699078685e-01
8.748639505476459854e-01
8.868925064205768205e-01
9.104993418600730859e-01
9.190823986134519785e-01
9.234666495693799604e-01
8.943409790614113009e-01
9.096074757364608354e-01
9.395738229149804832e-01
9.661474212623450963e-01
9.968173630913359506e-01
1.005251141809893944e+00
1.017392210209691505e+00
9.869303982599587632e-01
9.501226348635750663e-01
9.064998136989058652e-01
8.853440958584670728e-01
8.659058354843007788e-01
8.878134719922898821e-01
9.364614407763420800e-01
9.785281658400998284e-01
1.000655874117656552e+00
1.026226334782851080e+00
1.038080880891210755e+00
9.753131272392727702e-01
9.310257642674207856e-01
9.111526300659221755e-01
7.757082458079888054e-01
7.449415943663685313e-01
7.711226270212852008e-01
8.209184241068946397e-01
8.650544978798018203e-01
8.538231930830262328e-01
9.061198677812499769e-01
1.002944976655444576e+00
1.097795517722331970e+00
1.164250767146050469e+00
1.197722079432667286e+00
1.207126614982606982e+00
1.182243656665942888e+00
1.291097611096200248e+00
1.451215547652913829e+00
1.557756954089650314e+00
1.683907751853292556e+00
1.780750017274321806e+00
1.831141103828272998e+00
1.343743114075051315e+00
1.322724116640330294e+00
1.509112842690743417e+00
1.684994867267777474e+00
1.819394337900475112e+00
1.993449638725765416e+00
2.181508851461644749e+00
2.333372154615209748e+00
2.426929718331097163e+00
1.836211782489583610e+00
1.636449642956175010e+00
1.903074976620872327e+00
2.157913391228108324e+00
2.363785765255471905e+00
2.529477269942641993e+00
2.697698732424599122e+00
2.886185591889804503e+00
3.038614847403861674e+00
3.171233289696359758e+00
3.279376995600747691e+00
3.356630728472385083e+00
3.426135919241170669e+00
3.508203221868409383e+00
3.596295583270550544e+00
3.564175991518130360e+00
3.621637632163468901e+00
3.751781062209477824e+00
3.918125931289566655e+00
4.077154813951546330e+00
4.210997232596310980e+00
4.324656061138371754e+00
4.409911890223937370e+00
4.514717278268273404e+00
4.613653549541519183e+00
4.744049735176541382e+00
4.868083519824581096e+00
4.994878427378171892e+00
5.176167703025038591e+00
5.375162045366643326e+00
5.572696021847160175e+00
5.768945970123434464e+00
5.940244562691052721e+00
6.079361397496440667e+00
6.217570566267123233e+00
6.360947204571237634e+00
6.502992966643333261e+00
6.662747869944082524e+00
6.830378565175695194e+00
7.066431862140812648e+00
7.337246882243397827e+00
7.591102392448231484e+00
7.837322535155618830e+00
8.044485779389580316e+00
8.231246094235057598e+00
8.416703266018053853e+00
8.611375143709990354e+00
8.822384964885733538e+00
9.027591017422377462e+00
9.238126364254290124e+00
9.518938139827540112e+00
9.832275151367172228e+00
1.011568056034678520e+01
1.041018233657523773e+01
1.069471592311259833e+01
1.090658458290931243e+01
1.113669069853211191e+01
1.138718443666921054e+01
1.162071804796455332e+01
1.185807337966728703e+01
1.212304575561744180e+01
1.245257430509499130e+01
1.280495167285835123e+01
1.313405543652511653e+01
1.348992041358534877e+01
1.382078656377568393e+01
1.409126031731577555e+01
1.436009719147283192e+01
1.459041416278938463e+01
1.483007091045595338e+01
1.510613119734295928e+01
1.542057450479092928e+01
1.576789828414250216e+01
1.611180172407496869e+01
1.645582823516723181e+01
1.685251998019332831e+01
1.718613144484239186e+01
1.749263408020780020e+01
1.778258873331440881e+01
1.789062158032893635e+01
1.818705662354063080e+01
1.842475284704939753e+01
1.874228310318786583e+01
1.915552222336846455e+01
1.958781440716037636e+01
2.006319924820950718e+01
2.042410467625178327e+01
2.081274142513233372e+01
2.116559741210532408e+01
2.148086443503793674e+01
2.180738383401931557e+01
2.214311539744793578e+01
2.251509484881853496e+01
2.287819399712464374e+01
2.322343692261575754e+01
2.371786162460081826e+01
2.413734662243955142e+01
2.451967013950482155e+01
2.498746142793342173e+01
2.533846467405210845e+01
2.572628553128420847e+01
2.608544190096154836e+01
2.650609906725950182e+01
2.689913809728551186e+01
2.731105418671354101e+01
2.769380990469520043e+01
2.813206707864227596e+01
2.860057560143255273e+01
2.902972620188747399e+01
