0.000000000000000000e+00
0.000000000000000000e+00
0.000000000000000000e+00
0.000000000000000000e+00
0.000000000000000000e+00
0.000000000000000000e+00
0.000000000000000000e+00
0.000000000000000000e+00
0.000000000000000000e+00
0.000000000000000000e+00
0.000000000000000000e+00
0.000000000000000000e+00
0.000000000000000000e+00
0.000000000000000000e+00
0.000000000000000000e+00
0.000000000000000000e+00
0.000000000000000000e+00
0.000000000000000000e+00
0.000000000000000000e+00
0.000000000000000000e+00
0.000000000000000000e+00
0.000000000000000000e+00
0.000000000000000000e+00
0.000000000000000000e+00
0.000000000000000000e+00
0.000000000000000000e+00
0.000000000000000000e+00
0.000000000000000000e+00
0.000000000000000000e+00
0.000000000000000000e+00
0.000000000000000000e+00
0.000000000000000000e+00
0.000000000000000000e+00
0.000000000000000000e+00
0.000000000000000000e+00
0.000000000000000000e+00
0.000000000000000000e+00
0.000000000000000000e+00
0.000000000000000000e+00
0.000000000000000000e+00
0.000000000000000000e+00
0.000000000000000000e+00
0.000000000000000000e+00
0.000000000000000000e+00
0.000000000000000000e+00
0.000000000000000000e+00
3.153214561087756829e-02
0.000000000000000000e+00
0.000000000000000000e+00
2.862983721847342511e-02
9.664603603766724893e-02
1.146545246116348199e-01
1.134739194448627225e-01
1.110184852595943461e-01
1.124340880032656670e-01
1.218426743290883657e-01
1.311020340116636207e-01
1.211881178147944521e-01
1.235170170826694197e-01
1.292388412701995504e-01
1.337156314045597760e-01
1.373098627991354292e-01
1.035162623093028589e-01
5.528916725536148907e-02
3.830010305352617161e-02
7.798646307753313855e-02
1.228395805643433258e-01
1.323663021245565230e-01
1.142247660646048962e-01
1.319587048662943518e-01
1.712559150201548586e-01
2.100412064883259988e-01
2.245917057960192253e-01
2.315094029924049390e-01
2.418938884555298652e-01
2.515280540509407525e-01
2.830630090792408682e-01
3.075200179999243999e-01
2.910295882461239603e-01
2.791309010858412654e-01
2.970254746040524862e-01
3.341030413261131815e-01
3.110019523910302341e-01
3.072393324009479176e-01
3.468634877938088223e-01
3.852640262385096936e-01
4.116954129807620100e-01
4.173734675464106370e-01
4.214889818843367553e-01
4.440827239316750275e-01
4.568867962219603784e-01
4.219435055313456862e-01
3.988070029538685612e-01
4.277383057629634000e-01
4.552878577059286669e-01
4.932961245385703020e-01
5.094413769849641671e-01
5.031372558906999082e-01
4.870751504904303197e-01
5.069341964353794028e-01
5.431693126773070590e-01
5.883085241963920131e-01
6.220103818354139058e-01
6.325553935010577167e-01
6.559933699352884506e-01
6.842870147212806176e-01
6.885280973541867411e-01
6.642713058977626206e-01
6.957035387424364004e-01
7.333763666380598290e-01
7.536645848055357755e-01
7.800145598822462167e-01
7.870407766873072086e-01
8.033729123098916070e-01
8.419960374769240863e-01
8.698833627507452926e-01
8.428173595390923145e-01
8.107021468832418254e-01
7.843624006981327890e-01
8.368454280125511291e-01
8.778591636019383859e-01
8.867931824010099051e-01
9.105002089491426309e-01
8.810744225015975095e-01
9.099013109392978249e-01
9.731225536412799748e-01
1.030349570162979456e+00
1.073060986785409066e+00
1.122876759934114954e+00
1.178409623423444463e+00
1.229993761167450739e+00
1.311081358381574802e+00
1.345323504985126872e+00
1.401176300525301066e+00
1.452371329800417055e+00
1.488923952571744147e+00
1.560081491406802634e+00
1.546290391869589831e+00
1.598121564694376273e+00
1.694635075348746689e+00
1.769394927151921815e+00
1.783289320703078440e+00
1.744678905585448581e+00
1.796420626947249799e+00
1.903932118865575784e+00
1.996143495804304502e+00
1.973542617774771690e+00
2.016943686680814807e+00
2.132617770213480757e+00
2.239415128336653460e+00
2.328416177670134424e+00
2.295672185581997482e+00
2.322157230113087500e+00
2.428301989693779195e+00
2.532489029932997848e+00
2.619604848620774806e+00
2.688892758780104142e+00
2.761194259642074211e+00
2.848207633458879950e+00
2.922411107801673680e+00
3.001140485487521214e+00
3.063695227630775175e+00
3.127145984338315809e+00
3.200272991502532083e+00
3.279011855280724141e+00
3.356436535082499173e+00
3.424631180327251556e+00
3.497047850609485753e+00
3.579340345870239748e+00
3.662029364668411002e+00
3.743304337200832776e+00
3.824036786890206319e+00
3.897840379205288031e+00
3.975805232808860445e+00
4.058861581230808646e+00
4.144357555243785463e+00
4.232000325174716693e+00
4.310147527241879217e+00
4.397211668739158696e+00
4.483929729629804406e+00
4.584940528288563577e+00
4.676012733174911951e+00
4.767114396892967676e+00
4.854502679685395172e+00
4.941814109835545921e+00
5.031062435927273313e+00
5.128000711543942103e+00
5.223688755296924668e+00
5.324290113585552042e+00
5.416789551806225234e+00
5.509157477226532151e+00
5.609618917298472951e+00
5.709647452601988249e+00
5.803701933696844506e+00
5.901351353659719301e+00
5.985343666124322226e+00
6.073172573170650956e+00
6.174377662656909571e+00
6.278655024645943605e+00
6.376952878329846364e+00
