0.000000000000000000e+00
0.000000000000000000e+00
0.000000000000000000e+00
0.000000000000000000e+00
0.000000000000000000e+00
0.000000000000000000e+00
0.000000000000000000e+00
0.000000000000000000e+00
0.000000000000000000e+00
0.000000000000000000e+00
0.000000000000000000e+00
0.000000000000000000e+00
0.000000000000000000e+00
0.000000000000000000e+00
0.000000000000000000e+00
0.000000000000000000e+00
0.000000000000000000e+00
0.000000000000000000e+00
0.000000000000000000e+00
0.000000000000000000e+00
0.000000000000000000e+00
0.000000000000000000e+00
0.000000000000000000e+00
0.000000000000000000e+00
0.000000000000000000e+00
0.000000000000000000e+00
0.000000000000000000e+00
0.000000000000000000e+00
0.000000000000000000e+00
0.000000000000000000e+00
0.000000000000000000e+00
0.000000000000000000e+00
0.000000000000000000e+00
0.000000000000000000e+00
0.000000000000000000e+00
0.000000000000000000e+00
0.000000000000000000e+00
0.000000000000000000e+00
0.000000000000000000e+00
0.000000000000000000e+00
0.000000000000000000e+00
0.000000000000000000e+00
0.000000000000000000e+00
0.000000000000000000e+00
0.000000000000000000e+00
0.000000000000000000e+00
0.000000000000000000e+00
0.000000000000000000e+00
0.000000000000000000e+00
0.000000000000000000e+00
0.000000000000000000e+00
0.000000000000000000e+00
0.000000000000000000e+00
0.000000000000000000e+00
0.000000000000000000e+00
0.000000000000000000e+00
0.000000000000000000e+00
0.000000000000000000e+00
0.000000000000000000e+00
0.000000000000000000e+00
0.000000000000000000e+00
0.000000000000000000e+00
0.000000000000000000e+00
0.000000000000000000e+00
0.000000000000000000e+00
0.000000000000000000e+00
0.000000000000000000e+00
0.000000000000000000e+00
0.000000000000000000e+00
4.429720971269743984e-02
8.474787221680345206e-02
1.200556108424445378e-01
4.476217222277221325e-02
7.949168208405024694e-02
1.399523810460621687e-01
1.723276041419842530e-01
1.998025395965612183e-01
2.167284729980609448e-01
1.950392357006941191e-01
1.568168742720758568e-01
1.872474469038465927e-01
2.264333738017927367e-01
2.230341683493126115e-01
2.175402726874926251e-01
2.495674518289200949e-01
2.797567482836261221e-01
2.946032118390776167e-01
2.831142141611979191e-01
2.390014761323050463e-01
2.228797306367284181e-01
2.542674678481726125e-01
2.745413816538716523e-01
2.665374768555113794e-01
2.608841792966560269e-01
2.461983000825446743e-01
2.998044471839413361e-01
3.340942450037361344e-01
3.404801732340140830e-01
3.219213098594813083e-01
3.022202463693489660e-01
3.332267409789335666e-01
3.786810583890787285e-01
4.121963654905722585e-01
4.081143935337522843e-01
4.320092247520689321e-01
4.658492464572819292e-01
4.884093434055388760e-01
4.467087249047225761e-01
4.530243283365469331e-01
4.837196781588244954e-01
4.888464750845032403e-01
4.925152927832147642e-01
4.955309377518475333e-01
3.870988730074794715e-01
3.155585059995106856e-01
3.688934769020917326e-01
4.072699643395818470e-01
4.109793198521574098e-01
3.372282836599858613e-01
3.028488251979068457e-01
3.876573566913312230e-01
4.800028617234295969e-01
5.257177168790354571e-01
4.341787619919290075e-01
3.952731182626618711e-01
4.579002533285055909e-01
5.687043019943461841e-01
6.443323111018187666e-01
6.535015111052289161e-01
6.986526248617250801e-01
7.558446403459958551e-01
8.207949775617773280e-01
7.788502931111441763e-01
7.920794356385226775e-01
8.580772867307235874e-01
8.961094051674189931e-01
9.668561206541239628e-01
9.481552516551517984e-01
9.850888900993706176e-01
1.069389059771370665e+00
1.123631789250608470e+00
1.063571296919947340e+00
9.725460865392998588e-01
1.046888095394094442e+00
1.157057923063208760e+00
1.231455813834176460e+00
1.212621630726208100e+00
1.218873948342751090e+00
1.315141382465393027e+00
1.389153789573865705e+00
1.446687800984279848e+00
1.418536622412926773e+00
1.406337806736021712e+00
1.492729284288447644e+00
1.561277934983802407e+00
1.609734240007968165e+00
1.642301361430102524e+00
1.671205065365948039e+00
1.711853686948040743e+00
1.745604850202673530e+00
1.773620301029375401e+00
1.796342786012025572e+00
1.820703237611389191e+00
1.848514492175841628e+00
1.874104931337118973e+00
1.904018825315764607e+00
1.932064936961840562e+00
1.958716413690780200e+00
1.982322990696187448e+00
2.007944984233780428e+00
2.040682951047759985e+00
2.062193724561829367e+00
2.083932848890394318e+00
2.102822100032620600e+00
2.124094155418791541e+00
2.147181910947466577e+00
2.168111890237378159e+00
2.189400175014680983e+00
2.208369510629617949e+00
2.224177724620326035e+00
2.243432228762865410e+00
2.259019819875248469e+00
2.275828591970669557e+00
2.288298292542825685e+00
2.298432624055998463e+00
2.312244896409193284e+00
2.328291305860415772e+00
2.347807458322397345e+00
2.352155470509481816e+00
2.366033422858988100e+00
2.377683791737565056e+00
2.386221567095006435e+00
2.385338671995486770e+00
2.394400581297726482e+00
2.399506536680363844e+00
2.405708532816640766e+00
2.420264263899257084e+00
2.432639590132829266e+00
2.446588675771621091e+00
2.459755455532829593e+00
