5.854349321292590114e-02
8.615094147612949171e-02
0.000000000000000000e+00
0.000000000000000000e+00
0.000000000000000000e+00
1.288028130745457953e-02
3.367800399221262259e-02
1.759935786114487366e-02
4.524978321384815622e-02
9.137634149084732094e-02
1.272826219956552929e-01
1.726990092281990019e-01
2.091376613144045257e-02
5.798820503025989975e-02
1.535242594568982932e-01
2.541503900606116861e-01
3.288807601880937015e-01
3.818260141087118087e-01
4.173730907481922880e-01
4.335162573566345157e-01
3.776630111282844871e-01
4.140961848373066467e-01
4.483879317192940306e-01
4.907759915558336794e-01
5.280950139389517517e-01
5.751343632572700759e-01
6.073905584976381222e-01
6.437948747368454905e-01
6.319042916936991050e-01
6.211598494844052798e-01
6.524370816589041278e-01
6.783635903710387716e-01
6.695028966552499794e-01
7.156547488098069509e-01
7.725328449544497378e-01
8.303576116653826888e-01
8.756694109144649296e-01
9.221135550018328964e-01
9.365218844818308241e-01
9.630749659652576566e-01
9.755167669221720406e-01
9.781142718055567675e-01
9.525541648813312667e-01
9.689916497581734234e-01
9.991331577826196852e-01
1.024359023765913479e+00
1.054323521935729868e+00
1.064600154668622789e+00
1.076844409452247575e+00
1.050271479773841943e+00
1.018347532504423114e+00
9.891799386084377810e-01
9.654794562717555761e-01
9.582732452098718934e-01
9.736633985692053628e-01
1.018392652519679586e+00
1.067140914482972880e+00
1.102262673693743977e+00
1.120330407081937318e+00
1.120905244890845420e+00
1.085542090224246081e+00
1.064914208198224133e+00
1.043191995756613144e+00
9.236184793566888374e-01
8.980343386016645946e-01
9.502822663361002453e-01
1.032879948901611389e+00
1.113911904330477931e+00
1.092411509505174072e+00
1.175380349900395416e+00
1.293969827214463741e+00
1.376679576051840215e+00
1.423783185190593548e+00
1.457640806588629712e+00
1.479857700074433291e+00
1.478221714373344264e+00
1.578864730863273724e+00
1.682613761370127303e+00
1.760706503169082282e+00
1.841523242673121175e+00
1.905554576953602197e+00
1.947844818753334373e+00
1.585570007246178914e+00
1.584062237951333385e+00
1.718366464520754144e+00
1.855977693659336403e+00
1.985240919008364857e+00
2.133451425504596433e+00
2.316376823465298163e+00
2.467252429515007339e+00
2.563069426489931413e+00
1.981159005989443722e+00
1.886729402580600290e+00
2.107618556992830516e+00
2.351744587661042996e+00
2.527740070641230297e+00
2.672267062157541062e+00
2.841629080364481474e+00
3.023444576230143621e+00
3.183607044419513699e+00
3.321556741064240370e+00
3.436202390794004913e+00
3.516940150767347451e+00
3.590680447763425320e+00
3.675490425203516764e+00
3.763680756739697486e+00
3.747502292824867354e+00
3.807842077692250360e+00
3.941848308597808881e+00
4.103937570471278384e+00
4.257432523186887252e+00
4.397471412988846140e+00
4.517340755775022920e+00
4.631440122067493448e+00
4.724863885204626968e+00
4.839427191462115196e+00
4.952115940146420314e+00
5.087531639339647249e+00
5.223575444826352943e+00
5.404835488044619218e+00
5.620948968469841489e+00
5.843727668129137243e+00
6.038666505105183546e+00
6.215709551325665494e+00
6.374688237584689610e+00
6.515772768253247804e+00
6.676293680749342485e+00
6.847970337977364430e+00
7.021272119411630541e+00
7.210746724321524859e+00
7.460270337806278462e+00
7.737210840804477741e+00
7.995167107990568844e+00
8.246053499416806432e+00
8.476783270512424195e+00
8.726299627908405299e+00
8.931756401007758583e+00
9.136384043687666434e+00
9.349856758630924247e+00
9.579110717721597723e+00
9.795054454386178833e+00
1.008281905854165572e+01
1.041352670546756798e+01
1.072685800480986451e+01
1.101578482840751505e+01
1.128529453844247676e+01
1.154397516031974469e+01
1.185434128002427379e+01
1.214080968715880360e+01
1.242625655690663145e+01
1.272051178825116402e+01
1.298865800756447797e+01
1.338251565489245287e+01
1.380762247748084626e+01
1.416992817216123335e+01
1.455252974522254128e+01
1.488767161822054952e+01
1.518192627628262592e+01
1.546909116366149561e+01
1.576036741390742968e+01
1.611226280607325378e+01
1.643512126477680013e+01
1.680694109745512677e+01
1.722994410129697584e+01
1.764523782513742134e+01
1.805574898514927185e+01
1.842278180384847985e+01
1.877509109020177291e+01
1.912193317401062487e+01
1.945798195257324181e+01
1.958911374663367155e+01
1.994775838844609339e+01
2.033426223641678021e+01
2.070092313966596720e+01
2.114681288503750167e+01
2.157652750031506272e+01
2.202649096879513735e+01
2.242715467566351606e+01
2.285029970606275995e+01
2.323776847188178607e+01
2.366522162625425452e+01
2.408022027620306105e+01
2.456895693034643458e+01
2.505664570326378282e+01
2.553122640783127650e+01
2.596527744147285688e+01
2.651220453815103539e+01
2.702047654196514870e+01
2.751140151027676239e+01
2.794797227732512823e+01
2.839654334338496611e+01
2.881533239384728873e+01
2.931274468562468627e+01
2.977160224524779153e+01
3.019196907049086676e+01
3.056506263477645291e+01
3.108225650392344974e+01
3.149480600547259712e+01
3.206688022397871407e+01
3.256609737464847143e+01
