0.000000000000000000e+00
0.000000000000000000e+00
0.000000000000000000e+00
0.000000000000000000e+00
0.000000000000000000e+00
0.000000000000000000e+00
0.000000000000000000e+00
0.000000000000000000e+00
0.000000000000000000e+00
0.000000000000000000e+00
0.000000000000000000e+00
0.000000000000000000e+00
0.000000000000000000e+00
0.000000000000000000e+00
0.000000000000000000e+00
0.000000000000000000e+00
0.000000000000000000e+00
0.000000000000000000e+00
0.000000000000000000e+00
0.000000000000000000e+00
0.000000000000000000e+00
0.000000000000000000e+00
0.000000000000000000e+00
0.000000000000000000e+00
0.000000000000000000e+00
0.000000000000000000e+00
0.000000000000000000e+00
0.000000000000000000e+00
0.000000000000000000e+00
0.000000000000000000e+00
0.000000000000000000e+00
0.000000000000000000e+00
0.000000000000000000e+00
0.000000000000000000e+00
0.000000000000000000e+00
0.000000000000000000e+00
0.000000000000000000e+00
0.000000000000000000e+00
0.000000000000000000e+00
0.000000000000000000e+00
0.000000000000000000e+00
0.000000000000000000e+00
0.000000000000000000e+00
0.000000000000000000e+00
0.000000000000000000e+00
5.763265583669787903e-04
3.575228824472665573e-02
0.000000000000000000e+00
0.000000000000000000e+00
3.538449765700978078e-02
9.828039707266603142e-02
1.137780727607758252e-01
1.135459842706675881e-01
1.110717512976722304e-01
1.116507280405487218e-01
1.216099367591410574e-01
1.318654552005537328e-01
1.226664095102271979e-01
1.269369547250604746e-01
1.317937690008150753e-01
1.352568469998408074e-01
1.382339050012321158e-01
1.052969928872821703e-01
5.518036302841560631e-02
3.990028732793393651e-02
8.005344465956286404e-02
1.236553742182680965e-01
1.323574605101602575e-01
1.157095597949361898e-01
1.329010449292424845e-01
1.708721210293752957e-01
2.103445981308294521e-01
2.225918243712807221e-01
2.287214392451695499e-01
2.400513979403890719e-01
2.522623263153876416e-01
2.822326655758316538e-01
3.065773751229227129e-01
2.889941256093285782e-01
2.797219334735321916e-01
2.983790725887173756e-01
3.326911642147035719e-01
3.095877270010919391e-01
3.058738139436228409e-01
3.453461910186224615e-01
3.825775688407003772e-01
4.092460870385831728e-01
4.132838056573257535e-01
4.186212754354262100e-01
4.423783392253583524e-01
4.551355782468760602e-01
4.203331862749524195e-01
3.978440623181690450e-01
4.191176837501318642e-01
4.461015444895118920e-01
4.872402298603242254e-01
5.023883966115811894e-01
4.974533032714405500e-01
4.865923881017192310e-01
5.058403748849547021e-01
5.414658358473590782e-01
5.853433363415079249e-01
6.203663350049448688e-01
6.307045694210847708e-01
6.556807363708250236e-01
6.833521690672197391e-01
6.887724195978149888e-01
6.604981090094249607e-01
6.909186736183573485e-01
7.269654214491342303e-01
7.494136136040614460e-01
7.754997622832074944e-01
7.779485016523824958e-01
7.930807612328556466e-01
8.348737340873315649e-01
8.590791920739522247e-01
8.279017281694340813e-01
7.967729521369488754e-01
7.667962757694785081e-01
8.190674371718068558e-01
8.532101238167805191e-01
8.722924201498145624e-01
8.899257333713920248e-01
8.556664771369664191e-01
8.781861557670849194e-01
9.378584020631963725e-01
9.943112298619073419e-01
1.032918123406338706e+00
1.072215117350422631e+00
1.116072572770658855e+00
1.167868723355338867e+00
1.237133595988388679e+00
1.263395195004058502e+00
1.306934335703516137e+00
1.344921036816953297e+00
1.374532384396649487e+00
1.429572419444949727e+00
1.415824769525362736e+00
1.448280709699570457e+00
1.527531831520131389e+00
1.580944722881352016e+00
1.574885024607056483e+00
1.541422765427529651e+00
1.582934876671861391e+00
1.677004718997397115e+00
1.743970393914242800e+00
1.726211777624142796e+00
1.753458881214334797e+00
1.844609685541203969e+00
1.917112942893852034e+00
1.980669031905793576e+00
1.959007683004057476e+00
1.968982105499924584e+00
2.056042024352648490e+00
2.125157806602215871e+00
2.188623162207449457e+00
2.228237037736848780e+00
2.278045223652617857e+00
2.323888414718023210e+00
2.368762772258964144e+00
2.419818553557378404e+00
2.457646962690300363e+00
2.497114840112331979e+00
2.540448065864319371e+00
2.587549056694373295e+00
2.639223538019834780e+00
2.680186709418478586e+00
2.729237599606845421e+00
2.773919181954816793e+00
2.827201764251343175e+00
2.885186513327830493e+00
2.938245532102411683e+00
2.981992578518402492e+00
3.027397542762461757e+00
3.075907322864567472e+00
3.130422923312228711e+00
3.185003111087925998e+00
3.241427681560692609e+00
3.293785541868281097e+00
3.346736379751453772e+00
3.396602963805688713e+00
3.451537326427640995e+00
3.503602145666122158e+00
3.548930387209448423e+00
3.591180255589875081e+00
3.638464793561560828e+00
3.687102973342888834e+00
3.729397164999894709e+00
3.778600656363745536e+00
3.823754683794734710e+00
3.863622402854349769e+00
3.905917190945128681e+00
3.953329003997078317e+00
3.995636001211435584e+00
4.039596808076826306e+00
4.080469487987383737e+00
4.123884988610859281e+00
4.169603218672800260e+00
4.218592559193294456e+00
4.271391210779244219e+00
