0.000000000000000000e+00
0.000000000000000000e+00
0.000000000000000000e+00
0.000000000000000000e+00
0.000000000000000000e+00
0.000000000000000000e+00
0.000000000000000000e+00
0.000000000000000000e+00
0.000000000000000000e+00
0.000000000000000000e+00
0.000000000000000000e+00
0.000000000000000000e+00
0.000000000000000000e+00
0.000000000000000000e+00
0.000000000000000000e+00
0.000000000000000000e+00
0.000000000000000000e+00
0.000000000000000000e+00
0.000000000000000000e+00
0.000000000000000000e+00
0.000000000000000000e+00
0.000000000000000000e+00
0.000000000000000000e+00
0.000000000000000000e+00
0.000000000000000000e+00
0.000000000000000000e+00
0.000000000000000000e+00
0.000000000000000000e+00
0.000000000000000000e+00
0.000000000000000000e+00
0.000000000000000000e+00
0.000000000000000000e+00
0.000000000000000000e+00
0.000000000000000000e+00
0.000000000000000000e+00
0.000000000000000000e+00
0.000000000000000000e+00
0.000000000000000000e+00
0.000000000000000000e+00
0.000000000000000000e+00
0.000000000000000000e+00
0.000000000000000000e+00
0.000000000000000000e+00
0.000000000000000000e+00
0.000000000000000000e+00
0.000000000000000000e+00
0.000000000000000000e+00
0.000000000000000000e+00
0.000000000000000000e+00
0.000000000000000000e+00
0.000000000000000000e+00
0.000000000000000000e+00
0.000000000000000000e+00
0.000000000000000000e+00
0.000000000000000000e+00
0.000000000000000000e+00
0.000000000000000000e+00
0.000000000000000000e+00
0.000000000000000000e+00
0.000000000000000000e+00
0.000000000000000000e+00
0.000000000000000000e+00
0.000000000000000000e+00
0.000000000000000000e+00
0.000000000000000000e+00
0.000000000000000000e+00
0.000000000000000000e+00
0.000000000000000000e+00
0.000000000000000000e+00
0.000000000000000000e+00
0.000000000000000000e+00
4.130778969669046674e-02
0.000000000000000000e+00
0.000000000000000000e+00
4.753931025606476790e-02
1.138466333230044453e-01
1.433854801542774893e-01
1.586032104315430458e-01
1.222630344515486800e-01
2.443421578242764569e-02
9.010155358600757669e-02
1.506295115425900777e-01
1.650453731722254513e-01
1.551242370436872464e-01
1.848304993143023156e-01
2.087832916226217139e-01
2.132743408456510281e-01
1.943527982919728836e-01
1.094868071624415379e-01
5.409057790711104680e-02
9.122434356194440708e-02
1.410799817040399307e-01
1.672191827882006654e-01
1.396952300906861288e-01
9.562743193123927898e-02
1.630127851130878935e-01
2.213273986123946990e-01
2.387492582334308222e-01
2.065543645148645857e-01
1.283823793373939925e-01
1.954341942038315960e-01
2.499030548038372324e-01
2.732308252390040493e-01
2.611915327377514751e-01
2.787413030400581748e-01
3.062693691358014947e-01
3.282544110944382032e-01
2.937646244662039940e-01
2.898517507159798501e-01
3.176278398650243529e-01
3.160155421571370638e-01
2.949330613344892660e-01
2.778541747390156913e-01
1.441670670419059608e-01
6.318091918524981754e-02
1.129067822422773759e-01
1.884920750881283191e-01
2.277706410557883976e-01
1.750158697937670982e-01
9.964594491103959117e-02
1.861313865043266458e-01
2.829362455235156504e-01
3.315028471819265743e-01
2.502650663165573719e-01
1.393332313027624558e-01
2.426747054475066334e-01
3.435222192734063706e-01
4.240411990169046241e-01
4.109596045789963847e-01
4.577161684199742009e-01
5.294482138908042090e-01
5.830155685046711778e-01
4.694813901727941663e-01
4.480213793108362430e-01
5.411969859497668400e-01
5.943871452868615401e-01
6.566847489087925815e-01
6.608133210660385171e-01
6.835915067890686592e-01
7.821041637002640323e-01
8.479419396239995521e-01
6.685692945181326285e-01
5.605778553950407916e-01
6.712514965185748528e-01
7.884142150359984003e-01
8.854571518089969784e-01
8.903047675913557946e-01
8.494406270373734413e-01
9.830419182109522147e-01
1.053190419504138164e+00
1.107296190671396507e+00
1.092463073461349188e+00
1.050139175026009175e+00
1.144300637943347132e+00
1.203021737611593034e+00
1.237376989692769325e+00
1.244498745921993610e+00
1.264812944070267120e+00
1.294798129703857548e+00
1.323169768350431541e+00
1.353946181170729846e+00
1.383638425516827697e+00
1.402977533650269448e+00
1.425593371546901134e+00
1.445060645034623503e+00
1.465541794473802950e+00
1.486636623729183704e+00
1.508269260905594766e+00
1.525574930361686787e+00
1.547085012388652370e+00
1.576606000969551058e+00
1.591096878427371131e+00
1.606533017606930125e+00
1.617023362831625066e+00
1.635548320801413436e+00
1.650262923501788270e+00
1.665286605894217509e+00
1.683541820594448568e+00
1.694826611287412854e+00
1.705628379160840424e+00
1.719765536077038970e+00
1.729522488688918891e+00
1.734888490963435226e+00
1.744979735989816261e+00
1.747479213500115591e+00
1.759050017790593889e+00
1.770683514964939143e+00
1.773680663291729021e+00
1.756340951199870437e+00
1.764481521721460666e+00
1.771837073103575078e+00
1.776718819980199093e+00
1.737603546470695370e+00
1.737856137216956087e+00
1.741767851202970174e+00
1.737445191936225042e+00
1.743341186641038876e+00
1.750031730362176186e+00
1.759845282375637865e+00
1.769045544557211525e+00
