1.036815774662405154e-01
1.520506630811866711e-01
0.000000000000000000e+00
0.000000000000000000e+00
0.000000000000000000e+00
2.535195976597795151e-02
4.744330227246854742e-02
4.178562173022027509e-02
8.122184102496768365e-02
1.508661137131444285e-01
2.146143817064164461e-01
2.927961868407194523e-01
4.921068401178654156e-02
9.743746814361355091e-02
2.537983212587477388e-01
4.192097779616080766e-01
5.450380205863767369e-01
6.299483244768587786e-01
6.941795626961059229e-01
7.246944456394649459e-01
6.307656294827426180e-01
6.880909749431681766e-01
7.442367729549761446e-01
8.205813987411268995e-01
8.777249075647408638e-01
9.632779674297340389e-01
1.020881960314599102e+00
1.081526377233620106e+00
1.058485335545439554e+00
1.038735023291018633e+00
1.094923920075915325e+00
1.130381550052562911e+00
1.110188230613561311e+00
1.190027845730657230e+00
1.295614648250517087e+00
1.387688527234906433e+00
1.469429814576123539e+00
1.545468491027901514e+00
1.567121280851500487e+00
1.607499762722413683e+00
1.619968040678093413e+00
1.622975189172641608e+00
1.570563640350507217e+00
1.606268157992253753e+00
1.660504920769056314e+00
1.705240049646445488e+00
1.766648446371713366e+00
1.777529184969286691e+00
1.802261211233401106e+00
1.753022260476144067e+00
1.684997233762347335e+00
1.611504077241121546e+00
1.559710950009538077e+00
1.509901541420092475e+00
1.545211609286395671e+00
1.620699782818341816e+00
1.709733289652827004e+00
1.758305673551129322e+00
1.814386897684236555e+00
1.834918132830129833e+00
1.711650043473883054e+00
1.602841551155024247e+00
1.520798718834266428e+00
1.131243091647747834e+00
1.118388111634361692e+00
1.152142007877051011e+00
1.259106477187761586e+00
1.358309019767842907e+00
1.298198579986299839e+00
1.357910025604025517e+00
1.606266464399540128e+00
1.866558328468495676e+00
2.032256588135873621e+00
2.090836364449602858e+00
2.076768222519574714e+00
2.014305496466182621e+00
2.280555207604897383e+00
2.602877163729820253e+00
2.796611173308778842e+00
3.021893494853479467e+00
3.191937826474350093e+00
3.266054452229275373e+00
2.336481669301050612e+00
2.296476313546132353e+00
2.708286001657578268e+00
3.030441591668767476e+00
3.282872319666244376e+00
3.610337045209297990e+00
3.933433483521169727e+00
4.210763736422017622e+00
4.371092459826289911e+00
3.257602263650078100e+00
2.939690046236943743e+00
3.399450955679770292e+00
3.855075280369656188e+00
4.241704976123417126e+00
4.532815232519330273e+00
4.866367138383896673e+00
5.171045337912266504e+00
5.428833523943939809e+00
5.671357554067214757e+00
5.862211602655976073e+00
6.032434404897681013e+00
6.146388429208038851e+00
6.248738146867633070e+00
6.401671226451717267e+00
6.352163704306207137e+00
6.442637608944756344e+00
6.624384863627093445e+00
6.882945643762013788e+00
7.144770295625905376e+00
7.406625624594670221e+00
7.629747608262740677e+00
7.818591572085757058e+00
7.980118722872327375e+00
8.141079344954478714e+00
8.308263906265651144e+00
8.501695431520785107e+00
8.697783261839543201e+00
8.980355541307268652e+00
9.261529829765189348e+00
9.533202739757532740e+00
9.782081007261105299e+00
9.957324013094615012e+00
1.013189365528872798e+01
1.025719105357029193e+01
1.040486866478050665e+01
1.053918995129119196e+01
1.068767147198348511e+01
1.084448995859906262e+01
1.106316052513912496e+01
1.133019742101930483e+01
1.156840527075776848e+01
1.174976978400231786e+01
1.189835468765990001e+01
1.199609610007255611e+01
1.208957617978599330e+01
1.213423310590616566e+01
1.227454455944571876e+01
1.233969597792349582e+01
1.240140829363988573e+01
1.255696039048865842e+01
1.276877517198674461e+01
1.297133435747325514e+01
1.310812555477995822e+01
1.320489361821690544e+01
1.322370767914576284e+01
1.325729588052350039e+01
1.326207010446137780e+01
1.325527505761863090e+01
1.326610565190614999e+01
1.330136937061880786e+01
1.338042534391811422e+01
1.352038810235386102e+01
1.366891019939908247e+01
1.373702571481144119e+01
1.375195465982879384e+01
1.373417475209310545e+01
1.366805799025778079e+01
1.366698393989581817e+01
1.365507216506155608e+01
1.364784935853315595e+01
1.361352908300006703e+01
1.372978105078721356e+01
1.383464768348461860e+01
1.390031481760487431e+01
1.395997246623001509e+01
1.397472087839773991e+01
1.396072524413064464e+01
1.390557004827897103e+01
1.387751798780674584e+01
1.381783972572669583e+01
1.381264911298897147e+01
1.378060439319434494e+01
1.384895015992361778e+01
1.395732406009368809e+01
1.403576298265136479e+01
1.409288541648769844e+01
1.409045554443864923e+01
1.403647868545823307e+01
1.398354812912751477e+01
1.393949024424976635e+01
1.391148346590285634e+01
1.389042485333109234e+01
1.387607972198646777e+01
1.393455087350625021e+01
1.403034380978419726e+01
1.412052584074185901e+01
1.415782941402449957e+01
1.414519433395806303e+01
1.413199143684124337e+01
1.406897813001508801e+01
1.404967523855279055e+01
1.401752847915933664e+01
1.398524364949720145e+01
1.401968875676855575e+01
1.404295711142764524e+01
1.415647514858016365e+01
1.420546439233416969e+01
1.426197748885132732e+01
