7.625321315334299133e-02
1.101352507727131474e-01
0.000000000000000000e+00
0.000000000000000000e+00
0.000000000000000000e+00
4.466672949730311759e-02
6.935153644968336528e-02
2.951410975049798338e-02
6.206042991974996398e-02
1.198688937515473701e-01
1.587840278182158227e-01
2.067011243177078739e-01
3.700019076615027741e-02
7.912868472597064939e-02
1.860862010724412818e-01
2.876353083582348646e-01
3.682032265024826057e-01
4.232979389179933327e-01
4.582990644065514929e-01
4.782376430725675531e-01
4.158492287271391419e-01
4.537508717120578572e-01
4.977093381316709531e-01
5.435485696146402645e-01
5.791341608158658838e-01
6.304462827013537218e-01
6.621122004487698387e-01
7.017443406817767126e-01
6.879787907434049554e-01
6.736194651563294222e-01
7.102717084694168959e-01
7.360837214380634430e-01
7.223357022629309787e-01
7.702678433180915052e-01
8.368275986015746293e-01
8.984420694137899011e-01
9.490646754683146336e-01
9.962242047769986897e-01
1.010395775238506433e+00
1.039608263444368852e+00
1.049809840082520429e+00
1.051672084324403178e+00
1.018894881767643312e+00
1.035811917384816594e+00
1.074255980497183405e+00
1.111699649717322380e+00
1.148494623830664807e+00
1.164136038421360819e+00
1.173039045562086047e+00
1.147772181391281787e+00
1.131708670643667869e+00
1.132803611931527676e+00
1.136176474583779683e+00
1.137578638789951802e+00
1.168583417775340916e+00
1.233722584319340010e+00
1.295411522030778917e+00
1.346477880618140333e+00
1.377730161234784978e+00
1.422605906526410058e+00
1.446813991755980355e+00
1.478697475592560817e+00
1.483454581816709306e+00
1.509065195171064522e+00
1.555687640495856172e+00
1.586871110475514657e+00
1.617226004036012688e+00
1.596942768744520569e+00
1.623424439706303346e+00
1.628024097787009739e+00
1.624071563850737698e+00
1.641329282031894765e+00
1.658257905515475139e+00
1.678390404697919669e+00
1.649748294564071349e+00
1.624905411746664363e+00
1.682015092116509791e+00
1.783303194946527226e+00
1.861935886225113190e+00
1.977131330185394331e+00
2.066923377665882633e+00
2.108268897748312387e+00
1.748037803284061331e+00
1.761893228259879374e+00
1.894976769042819642e+00
2.005038381870451136e+00
2.135891302668014191e+00
2.311969572547956098e+00
2.499229392794480642e+00
2.666315024709610348e+00
2.767354621441593387e+00
2.201704694114390293e+00
2.116608498871175748e+00
2.293906573046270658e+00
2.506376687871689324e+00
2.703705336584411700e+00
2.880704918466812536e+00
3.072994909112879647e+00
3.268949770757316298e+00
3.449698166406656163e+00
3.606438681270755620e+00
3.724914707322799945e+00
3.803303517370848486e+00
3.883807785191244921e+00
3.957465895728439875e+00
4.038869055756345361e+00
4.024363643642185906e+00
4.072322101851817422e+00
4.200819943168587756e+00
4.358326515281250479e+00
4.501888060440325745e+00
4.583947236400987890e+00
4.696473156893304690e+00
4.784772070895555451e+00
4.891306605284168718e+00
4.988782810759824216e+00
5.095445314791301250e+00
5.203847875872978257e+00
5.333346855546230003e+00
5.488167952980041342e+00
5.673063691795956487e+00
5.843912455845173604e+00
5.985292123483967330e+00
6.126125896145030225e+00
6.249550338439437525e+00
6.367077565467775813e+00
6.463311621013605901e+00
6.600425207353124435e+00
6.731043387678565360e+00
6.881916533383254375e+00
7.052092390578000192e+00
7.225120266547969905e+00
7.405519736937317354e+00
7.575548618040030213e+00
7.722590604347905341e+00
7.854202830913176392e+00
7.976534841008235510e+00
8.103997992471619227e+00
8.235783312380394960e+00
8.394598255035779388e+00
8.558554397028407479e+00
8.779734516649963183e+00
8.991965753974671571e+00
9.201346936750908867e+00
9.401806476265774037e+00
9.603130263492502650e+00
9.783229723200202343e+00
9.965084688571137050e+00
1.016691851879554065e+01
1.033689251123204933e+01
1.054098986216837908e+01
1.075606794089573448e+01
1.098839129514601787e+01
1.121413263500336654e+01
1.142457116883958612e+01
1.164756658896121877e+01
1.186687595312091581e+01
1.205066229429076685e+01
1.224842035621813352e+01
1.243761058580411571e+01
1.262114595026937991e+01
1.280410530488232190e+01
1.305150211225583057e+01
1.329759376014914807e+01
1.355631471153117040e+01
1.379769776721722607e+01
1.403147221320437765e+01
1.429552078262649850e+01
1.452273286047291201e+01
1.478766636173765647e+01
1.506653449217829710e+01
1.532540060319769815e+01
1.555357837220804385e+01
1.578067228975899816e+01
1.614076837474533477e+01
1.646787185160257039e+01
1.674623235671095856e+01
1.706072178226959934e+01
1.733609939949182177e+01
1.758053919323605996e+01
1.783385694739152427e+01
1.806963419532764803e+01
1.830579328316568777e+01
1.857350033075744378e+01
1.887779854691373416e+01
1.920956106304516808e+01
1.957023292424608840e+01
1.990447624804809479e+01
2.019897307215364535e+01
2.049690013553333401e+01
2.083094352073925393e+01
2.116053714003754038e+01
2.147858698450125559e+01
2.180979854366650628e+01
2.209486899641230551e+01
2.239980850296927173e+01
2.273659045818213897e+01
2.316344118306098565e+01
2.345103478135025910e+01
2.381194931101764567e+01
