0.000000000000000000e+00
0.000000000000000000e+00
0.000000000000000000e+00
0.000000000000000000e+00
0.000000000000000000e+00
0.000000000000000000e+00
0.000000000000000000e+00
0.000000000000000000e+00
0.000000000000000000e+00
0.000000000000000000e+00
0.000000000000000000e+00
0.000000000000000000e+00
0.000000000000000000e+00
0.000000000000000000e+00
0.000000000000000000e+00
0.000000000000000000e+00
0.000000000000000000e+00
0.000000000000000000e+00
0.000000000000000000e+00
3.928760173711487447e-02
8.972629446131123732e-02
1.238404692057437084e-01
5.660772511946711265e-03
4.101872654752596048e-02
1.156024379518868772e-01
1.583555916744127101e-01
1.940402120890988014e-01
2.131480720730952183e-01
2.317760519522070739e-01
2.420020803195238046e-01
2.424845395203816256e-01
2.657305489910211649e-01
2.654310217017307183e-01
2.799469789434985700e-01
3.046582668281199169e-01
3.463774121178764265e-01
3.844432362933720149e-01
4.031809384048472555e-01
4.205094431246904074e-01
4.356049456568266698e-01
4.450172412546020140e-01
4.796609924551144544e-01
4.966103513797143765e-01
5.234448039672707775e-01
5.502961853387602353e-01
5.591413901478471393e-01
5.873812945858980505e-01
6.031742626521361395e-01
6.167058316627266334e-01
6.214184560945166247e-01
6.323149609748580646e-01
6.353306935899650787e-01
6.261772145655921662e-01
6.276994729309633980e-01
6.394327540553726985e-01
6.618752831599616915e-01
6.828041290043558309e-01
6.918115795905560583e-01
7.070998579479574886e-01
7.208621045824649132e-01
7.081950816103733670e-01
6.979175801405237412e-01
6.909605709737112189e-01
6.161143172550991309e-01
6.129550015396837415e-01
6.426839890716203874e-01
6.940561118749238867e-01
7.338568927929669528e-01
7.197021022287992675e-01
7.446004297034453101e-01
7.511167862478619339e-01
7.953875602979117998e-01
8.285507771293815216e-01
8.482529666118617806e-01
8.750319026055780602e-01
9.039722754889162326e-01
9.693111925791648709e-01
1.031474479449113746e+00
1.055822290486905013e+00
1.080727559881841326e+00
1.113091584721290772e+00
1.147716827996511313e+00
1.087118487427162883e+00
1.082807922920809851e+00
1.160228963497477395e+00
1.223056500045038408e+00
1.282444138092772912e+00
1.293024717051159067e+00
1.301510791909358922e+00
1.367791047702517693e+00
1.428153327082944291e+00
1.382851570134899566e+00
1.329023391034117818e+00
1.401462580548433312e+00
1.495170153709582950e+00
1.572063120297816807e+00
1.610185295167684716e+00
1.680563878591564198e+00
1.768825029338123356e+00
1.834756956277115547e+00
1.867807240560786175e+00
1.853277955773321439e+00
1.815434176631147700e+00
1.867564647192090810e+00
1.979489302662092776e+00
2.081317695141160495e+00
2.156836236784668959e+00
2.136909887922014750e+00
2.205712230352119718e+00
2.330284687358862072e+00
2.426522154227247707e+00
2.366625892452932423e+00
2.398859869527292243e+00
2.530192864428458588e+00
2.660967043763021955e+00
2.772844048036770204e+00
2.679574543691957356e+00
2.703150170534249774e+00
2.854453492110518020e+00
3.013370516529539245e+00
3.148516917733720000e+00
3.263538842981820842e+00
3.368122656578095508e+00
3.464375062583411768e+00
3.555562904566851312e+00
3.641183780976832374e+00
3.716653500502463903e+00
3.793377522106680111e+00
3.885032711533847660e+00
3.988955848745632693e+00
4.105955177795391542e+00
4.175975541316000239e+00
4.205756690984184587e+00
4.290448330492963258e+00
4.377618170285847654e+00
4.464362999936143162e+00
4.554706413066972104e+00
4.655921037450414524e+00
4.791891677953194595e+00
4.917168866366033342e+00
5.023334429122981781e+00
4.974922175734771912e+00
5.059911174196954242e+00
5.145614038458626638e+00
5.253722052025973532e+00
5.350262014269242528e+00
5.436664429246908625e+00
5.546877401897665649e+00
5.675497819324024640e+00
5.795816132134349985e+00
5.925381976064202583e+00
6.031563917562994703e+00
6.142503145235194140e+00
6.238937257896364663e+00
6.327826475257293026e+00
6.422703918200570961e+00
6.460426279589673193e+00
6.539401669779245196e+00
6.645464427847597833e+00
6.751044753753333794e+00
6.859189491312005948e+00
6.948880206756590461e+00
7.043157850864549374e+00
7.153489801601200959e+00
7.246928017743609729e+00
7.342428241461992577e+00
7.436021322716105608e+00
7.517008939802408918e+00
7.593756823199260708e+00
7.690214764094893241e+00
7.784843463746025982e+00
7.880027634090114752e+00
7.987173131369764256e+00
8.068116067153347615e+00
8.167258236688835993e+00
8.250549290462936725e+00
8.333638730356422997e+00
8.402629489394287887e+00
8.477204050405401148e+00
8.540896193400833170e+00
8.598641049040915973e+00
8.685600130939551633e+00
8.760267746600741035e+00
8.830925344153660816e+00
8.890544258136490186e+00
8.947554061655070612e+00
9.003243882487669936e+00
9.047528964520644479e+00
9.092386539971277770e+00
9.128854333307300450e+00
9.148747052705013871e+00
9.189398968998416350e+00
9.227980946048900179e+00
9.275237369612296945e+00
9.318643807949769098e+00
9.356995180026357772e+00
9.401547476447325025e+00
9.427909645399507710e+00
9.438711681199807302e+00
9.458771434520757637e+00
