7.451890967395087551e-02
1.092321460307701109e-01
0.000000000000000000e+00
0.000000000000000000e+00
0.000000000000000000e+00
4.784408791380434511e-02
7.422744518871919606e-02
2.872363342340327266e-02
6.216797446081601120e-02
1.148496428375898049e-01
1.573821740109520306e-01
2.074919152295327252e-01
3.844235413963024289e-02
7.896239252293060784e-02
1.782319143110568938e-01
2.806902154743191047e-01
3.576491282908099145e-01
4.101201729844405897e-01
4.485301998873068019e-01
4.696459837971550533e-01
4.102209184763816463e-01
4.479534031035028452e-01
4.840552547734116584e-01
5.296401358513257440e-01
5.676759004507382356e-01
6.189584705069764992e-01
6.514514424562982686e-01
6.915919474618850149e-01
6.794188362160745731e-01
6.689462136449406682e-01
6.995592590891146489e-01
7.256980400108954399e-01
7.156573936501121613e-01
7.687357028044486951e-01
8.292025603132154865e-01
8.878083992469100183e-01
9.386908485154009663e-01
9.854709517408724029e-01
1.001185440748573630e+00
1.029723918418635531e+00
1.041154613816555052e+00
1.051417520009442663e+00
1.016840333272755359e+00
1.039029086864645457e+00
1.073875450005897791e+00
1.101217969632209526e+00
1.133426493495066190e+00
1.152202478704981159e+00
1.156313238571552660e+00
1.137219070090434769e+00
1.136274818137208653e+00
1.140030762710658729e+00
1.144667614116906984e+00
1.146194707044390970e+00
1.178704894111884949e+00
1.249141104924087031e+00
1.310689996872204777e+00
1.354489709628977412e+00
1.385520753892200307e+00
1.436400859781470585e+00
1.464989568176030321e+00
1.492191990869351725e+00
1.514084233783950628e+00
1.533283979018760679e+00
1.575082046425927862e+00
1.602890196493304886e+00
1.627212293427208634e+00
1.600084682928873514e+00
1.626588040473610164e+00
1.637071719346907983e+00
1.658860077824483747e+00
1.671257661278311879e+00
1.679148747579632950e+00
1.693999661094261810e+00
1.682672921026620694e+00
1.644232801832026913e+00
1.701043048254499812e+00
1.778741205055362373e+00
1.838239262493460702e+00
1.954379276914912422e+00
2.024691902631893026e+00
2.076256524680650362e+00
1.768477962047071417e+00
1.772446672313247484e+00
1.902263708899046168e+00
1.985191963103477786e+00
2.088985600226265671e+00
2.267696291660552088e+00
2.453807985035144412e+00
2.615715013330097705e+00
2.718411358871239969e+00
2.197611331784005362e+00
2.122313354689947751e+00
2.291860876814725945e+00
2.482364849742451085e+00
2.677917909247492734e+00
2.839566916632597859e+00
3.024476270352696616e+00
3.222603065898764996e+00
3.404767455171109347e+00
3.563777626410639332e+00
3.682936464951406919e+00
3.767858400471952862e+00
3.842712940634672503e+00
3.929926488871410495e+00
4.030143656719785028e+00
3.995266297173527104e+00
4.046601214650408451e+00
4.184100450954838735e+00
4.350955326184320349e+00
4.515325835895397155e+00
4.629876923488405183e+00
4.784799870508626540e+00
4.904698036941206318e+00
5.018966231123480171e+00
5.138948566556080344e+00
5.254174020708964221e+00
5.385726301823219764e+00
5.523081793805123318e+00
5.714532265046114112e+00
5.910022808023504659e+00
6.087459739364951439e+00
6.266877916090401790e+00
6.403984953936949331e+00
6.511245355162325943e+00
6.623795490207402992e+00
6.706000685690466590e+00
6.798388525778501723e+00
6.910996403942440303e+00
7.021717290524079225e+00
7.186048363960782837e+00
7.368900531755297578e+00
7.550079370526773914e+00
7.698533922794379869e+00
7.798759776340494554e+00
7.918463262407453129e+00
8.041772900933857215e+00
8.158922002407843266e+00
8.302187358519976357e+00
8.447937008616722920e+00
8.635883942232101873e+00
8.804097440256059670e+00
8.998322369603132032e+00
9.165379823870798859e+00
9.354701770295557495e+00
9.511583127967092821e+00
9.684375766282727227e+00
9.842443544672628164e+00
9.980281865961710963e+00
1.010311602461687208e+01
1.023348452107480000e+01
1.037977064824981177e+01
1.056773689918485459e+01
1.072836927939506779e+01
1.088766722942975562e+01
1.104257099874697978e+01
1.119681133947022289e+01
1.136063561297053326e+01
1.151061612764847553e+01
1.166280140324436410e+01
1.176160332420626631e+01
1.185173997300884885e+01
1.196378471113161979e+01
1.210990143665320495e+01
1.221897496303718889e+01
1.232282084955001622e+01
1.243195448784054413e+01
1.257688981568406206e+01
1.273160479034172177e+01
1.288004415645992573e+01
1.297623407746732482e+01
1.306135952484476803e+01
1.322010668052524274e+01
1.337568745535295633e+01
1.351036027997391109e+01
1.361062138351656259e+01
1.369462644971452114e+01
1.380006688166718298e+01
1.398092850424180789e+01
1.411759113063048154e+01
1.427574721392512913e+01
1.447617223578887291e+01
1.469492267372707772e+01
1.488204334557004671e+01
1.505489151142978876e+01
1.515315381643016757e+01
1.524361639948795499e+01
1.532309486812421717e+01
1.544821979326126993e+01
1.554937041810342535e+01
1.564971436621927836e+01
1.577589852307599827e+01
1.596168261763266294e+01
1.610134159329209069e+01
1.622588922160657532e+01
1.635491563107827417e+01
1.641862042538446076e+01
1.648800994346985505e+01
1.655787345299666669e+01
1.659835375961733206e+01
