2.361707278792390258e-02
4.096246731535733293e-02
0.000000000000000000e+00
0.000000000000000000e+00
0.000000000000000000e+00
0.000000000000000000e+00
5.917782755655774619e-04
0.000000000000000000e+00
9.495848228193121826e-03
3.952160173819724287e-02
6.171079202160582866e-02
8.987183618902702675e-02
0.000000000000000000e+00
1.881765352809419353e-02
8.304817409562534336e-02
1.464573575317399123e-01
1.953393251628217642e-01
2.264850525654747149e-01
2.479087658431187169e-01
2.591045628623619423e-01
2.297017635580460571e-01
2.554134574811725567e-01
2.788349637258427660e-01
3.063726167318936433e-01
3.287327632021994628e-01
3.532303860827611941e-01
3.751229573368987658e-01
3.995182312701124339e-01
3.965756962952930453e-01
3.940243816437875024e-01
4.158223871140790395e-01
4.333691261097938341e-01
4.309057866556783023e-01
4.581719352375926979e-01
4.902520037265853392e-01
5.264732611050652045e-01
5.543909914084880208e-01
5.792900156044609172e-01
5.932859600938034106e-01
6.132313000319619123e-01
6.242130773137096744e-01
6.300530794914224186e-01
6.171717153946467693e-01
6.273411896465717064e-01
6.473453547908414318e-01
6.645658039786899174e-01
6.822489136299330070e-01
6.892489306194797827e-01
7.041953760836874299e-01
6.929409722818460349e-01
6.646186646391544217e-01
6.508476771870236322e-01
6.443344932638888078e-01
6.466917569254614362e-01
6.640292046067584053e-01
6.855715749336271925e-01
7.124672947462857842e-01
7.325291834831489934e-01
7.452864335334854484e-01
7.590595254440727357e-01
7.442475009752389514e-01
7.290542951572539510e-01
7.166471717622632243e-01
5.762084657517334563e-01
5.521214486046365222e-01
5.967223106412921085e-01
6.581714860810233825e-01
7.024439469626529986e-01
6.666059446674189592e-01
7.092787062633959527e-01
7.982124910615625568e-01
8.751955935263783237e-01
9.252068155180166453e-01
9.500169612202729041e-01
9.576367940144093760e-01
9.513067251704323546e-01
1.039710774616545930e+00
1.133583850369435542e+00
1.194808316941308401e+00
1.259529137786546960e+00
1.301853520951146370e+00
1.324179079870901221e+00
1.107936929474876875e+00
1.098395805508718404e+00
1.209924180416391382e+00
1.303455350382991096e+00
1.373784619095105075e+00
1.412416158282504108e+00
1.510482951478892444e+00
1.605243073225572692e+00
1.655180856313226645e+00
1.393925536799592413e+00
1.329316208602602911e+00
1.443455617660516666e+00
1.585748233849620936e+00
1.684884540255902063e+00
1.709063260923297856e+00
1.792809872146921224e+00
1.912241215806534500e+00
2.020768032336456965e+00
2.121015192732685239e+00
2.209695028828281949e+00
2.287825089665459721e+00
2.348627744094944791e+00
2.408223360867430163e+00
2.465951925130854594e+00
2.492394310780599920e+00
2.559131329365206042e+00
2.657952886574093565e+00
2.781381465572331457e+00
2.885363115410708001e+00
2.956623917272155122e+00
2.954202792709479830e+00
3.026037597506272991e+00
3.117097655313729287e+00
3.214504404115265057e+00
3.308751163504399795e+00
3.416184451484445272e+00
3.539527478617855660e+00
3.672823925281717194e+00
3.803856865421845423e+00
3.809391220074818563e+00
3.921553017285110077e+00
4.049358962251289107e+00
4.173379615691120925e+00
4.311310822540501242e+00
4.431147977283186101e+00
4.558454321626898675e+00
4.701551711752268048e+00
4.832426487714180929e+00
4.984701262119487275e+00
5.157712578608616205e+00
5.324242268656720789e+00
5.483747456427855660e+00
5.626092887416058730e+00
5.772916229464805760e+00
5.886784529867388649e+00
6.016564362676293243e+00
6.171339133641258634e+00
6.333088320735857479e+00
6.491718032898871726e+00
6.669778181827399344e+00
6.865443728131223722e+00
7.059914050601423519e+00
7.249292264951215259e+00
7.429174053557066060e+00
7.597731613757988889e+00
7.775794581329663835e+00
7.955835319619006363e+00
8.147073105690305184e+00
8.342470809817344346e+00
8.543238616568821442e+00
8.764141728258088904e+00
8.997043577966502781e+00
9.221867226932211281e+00
9.438409816613008374e+00
9.650758185134163725e+00
9.849695138739013700e+00
1.006705150704924634e+01
1.027732992265393719e+01
1.050928496447041027e+01
1.074063709677979084e+01
1.096569541751678933e+01
1.121095544929781518e+01
1.147557677634593176e+01
1.173912247686826049e+01
1.199166774513179057e+01
1.223327064609748049e+01
1.247675052943440832e+01
1.269186414311166722e+01
1.289200030722360779e+01
1.311706959480303958e+01
1.335220114633908572e+01
1.359231440551821457e+01
1.386675752528884509e+01
1.414592387521925332e+01
1.444755516156539343e+01
1.472606545734151418e+01
1.497926453990319473e+01
1.523087739790736528e+01
1.545591754984986999e+01
1.571343661689554594e+01
1.599933314013168228e+01
1.627524894819903523e+01
1.653045587052082510e+01
1.682429126800886721e+01
1.714269426759367576e+01
1.744429698135258278e+01
1.777802412438360946e+01
1.806824818727791282e+01
1.834574782095105761e+01
1.861601032561100055e+01
1.888511298205187927e+01
1.915571322995144499e+01
1.943787659624823760e+01
1.972257156162376646e+01
2.003201986137244361e+01
2.035973681806810731e+01
2.067371750885011750e+01
2.095984370931532581e+01
