0.000000000000000000e+00
0.000000000000000000e+00
0.000000000000000000e+00
0.000000000000000000e+00
0.000000000000000000e+00
0.000000000000000000e+00
0.000000000000000000e+00
0.000000000000000000e+00
0.000000000000000000e+00
0.000000000000000000e+00
0.000000000000000000e+00
0.000000000000000000e+00
0.000000000000000000e+00
0.000000000000000000e+00
6.904361738766915182e-03
4.247284651134052708e-02
6.269755631939208373e-02
5.869084381907335723e-02
6.611880200993815182e-02
7.106631815355249349e-02
7.015070357513623900e-02
8.076990295806259212e-02
8.872281699165289470e-02
9.880443930417218135e-02
1.094740780156123611e-01
1.185576334151293432e-01
1.315217748023534694e-01
1.289446420474112120e-01
1.302844458150083928e-01
1.374265799457590753e-01
1.593737841996226701e-01
1.763723562932457412e-01
1.824737918739311737e-01
1.956141107700548887e-01
2.082576910363810874e-01
2.124560372300848543e-01
2.265736787540699460e-01
2.375751008116686325e-01
2.487980409751389121e-01
2.605352169607959012e-01
2.707365259683515157e-01
2.769015851848367071e-01
2.744559617733524637e-01
2.768738375196314050e-01
2.831765459186473266e-01
2.945006977214350563e-01
3.087701323489770999e-01
3.123367764934933954e-01
3.218750629382898243e-01
3.233836003090437838e-01
3.196472379102936467e-01
3.223220716184734269e-01
3.252826271870445929e-01
3.238781864383825648e-01
3.312235258241300051e-01
3.412070775560985814e-01
3.560199041044361246e-01
3.629294920949453496e-01
3.722398309555797202e-01
3.810432407935062105e-01
3.729679487506984414e-01
3.637605647017541077e-01
3.559238149131943030e-01
2.516363124228327419e-01
1.909755235394943462e-01
2.352459251915660077e-01
2.883885530317082946e-01
3.157413303457740628e-01
2.904591037848080481e-01
3.151876884111517452e-01
3.723561567783206794e-01
4.230477662711005782e-01
4.530722841431459313e-01
4.687576537398462917e-01
4.705521383563698312e-01
4.502730945468093604e-01
4.878778361374570549e-01
5.268215297978628975e-01
5.265256119181738192e-01
5.519929124994504832e-01
5.719512997870253024e-01
5.967137315634671868e-01
5.184988554882052902e-01
5.145916772550880314e-01
5.714583495926438550e-01
6.282096966994521470e-01
6.727462931037057059e-01
7.082201709397570877e-01
7.481538642087299795e-01
7.810056795402614549e-01
8.019663003482629948e-01
7.143715195991805489e-01
6.871340875169749118e-01
7.512051351444724023e-01
8.271115897097425229e-01
8.786335971806844558e-01
9.019203806917449606e-01
8.856854221531454963e-01
8.936362284186526450e-01
9.597012585717542565e-01
1.020634395119432769e+00
1.072512177672962697e+00
1.114774700149236075e+00
1.150615204067172659e+00
1.181464195546804374e+00
1.206895787549343346e+00
1.171503888391609793e+00
1.177984453531495612e+00
1.233863913501070053e+00
1.289483701669132509e+00
1.333970923005364018e+00
1.382094632144240443e+00
1.393474688347356993e+00
1.432932885430117320e+00
1.491830232634186126e+00
1.540518538850154773e+00
1.582578694502669636e+00
1.579940911706710249e+00
1.616744851938872962e+00
1.674866848021002941e+00
1.727576663493495479e+00
1.723420757727627484e+00
1.755707407049122093e+00
1.823867454275590383e+00
1.891444008836862700e+00
1.951637326393946603e+00
1.942903080830947538e+00
1.970731405661574787e+00
2.035224987886818937e+00
2.098335423380861098e+00
2.164401722982901344e+00
2.224901801084938846e+00
2.286844287122091313e+00
2.343136939720839695e+00
2.402808657123271630e+00
2.453970013564103159e+00
2.496535511750585190e+00
2.522297853676795931e+00
2.571060289332327553e+00
2.620450957042218310e+00
2.674233298538166270e+00
2.729883950261541514e+00
2.764037650522908951e+00
2.834040893108600301e+00
2.902044344360830141e+00
2.968304736309921754e+00
2.986751779209046109e+00
3.048520903908892521e+00
3.122381396023188760e+00
3.189383470164812273e+00
3.253585106156512641e+00
3.246585122915017330e+00
3.315474124616232032e+00
3.397351077802515107e+00
3.489210732189635955e+00
3.578533511972673331e+00
3.662016982992644110e+00
3.737229173764830215e+00
3.812018624126063848e+00
3.884894032485937121e+00
3.948260179104994272e+00
4.004832792250252460e+00
4.064853096994940351e+00
4.144933604420470985e+00
4.230482764189404499e+00
4.317460651334554811e+00
4.390092160499932561e+00
4.470084465317243350e+00
4.550793423053592690e+00
4.628221106192795808e+00
4.708035695820519173e+00
4.782486696508077451e+00
4.854598886280959924e+00
4.922311395209185925e+00
5.004746590261925476e+00
5.099261417323888601e+00
5.197668685767207641e+00
5.287025733822098950e+00
5.374875903445038183e+00
5.469411416527493408e+00
5.549997979894353506e+00
5.632920748932107813e+00
5.710580064503914421e+00
5.787573835772313657e+00
5.861927912879139058e+00
5.943207775481692323e+00
6.028789740399460584e+00
6.110945456622307148e+00
6.192077968897950591e+00
6.283411056894876445e+00
6.362125365376134489e+00
6.434132600239133914e+00
6.502741746822541025e+00
6.571341611120124604e+00
6.645292359494855639e+00
6.707264669940091295e+00
6.784690817321155976e+00
6.872209286697156472e+00
6.955617366942904667e+00
7.037423461215030152e+00
