2.315176095389964717e-02
3.876798004866100628e-02
0.000000000000000000e+00
0.000000000000000000e+00
0.000000000000000000e+00
0.000000000000000000e+00
0.000000000000000000e+00
0.000000000000000000e+00
1.099730247862988272e-02
3.838496466265622908e-02
5.882067101698918582e-02
8.449038775375036781e-02
0.000000000000000000e+00
1.629250430033665070e-02
7.592097897132214779e-02
1.360928085589659386e-01
1.811539055361411077e-01
2.127152193732585739e-01
2.338202248849741705e-01
2.434711780501917500e-01
2.109154946720628032e-01
2.296667739158067822e-01
2.486889708137733634e-01
2.736446137381977617e-01
2.965098361310423147e-01
3.280598948060846065e-01
3.478082172449378784e-01
3.694871777891489129e-01
3.624617728424811558e-01
3.559753739998702260e-01
3.737475667547296987e-01
3.892828580547353923e-01
3.848250247170636462e-01
4.151719680194774220e-01
4.516662436619755527e-01
4.834730508803647964e-01
5.113337026847024624e-01
5.386502118891817181e-01
5.487980363479341150e-01
5.642912993635534891e-01
5.712287138735174796e-01
5.756840471575367379e-01
5.633210227577517548e-01
5.685160089735208366e-01
5.815898175115119528e-01
5.991900072672501354e-01
6.184675533613802623e-01
6.211515437814235652e-01
6.335682698395954660e-01
6.285551382437135626e-01
6.200475172174610972e-01
6.088127887470945465e-01
6.024894565426592852e-01
5.956637974342922082e-01
6.130398473972631379e-01
6.393628221613172347e-01
6.632739099486893997e-01
6.729869741379346237e-01
6.872965504345182053e-01
6.980439279477275161e-01
6.826613091112812004e-01
6.663247359721321539e-01
6.530357521286405120e-01
5.356919035133581586e-01
4.966927352650114535e-01
5.253735659866508589e-01
5.769573500965406998e-01
6.088706805471649774e-01
5.887621132808557034e-01
6.287894443033162917e-01
7.095887118845946029e-01
7.806152703154293215e-01
8.237477972800841819e-01
8.472947853629700932e-01
8.512992014621827419e-01
8.271377049172787821e-01
8.933854551056176208e-01
9.686885402154490343e-01
1.021830527873423877e+00
1.082606512925436970e+00
1.131578807167448852e+00
1.156004908368950757e+00
9.016437806904623598e-01
8.848462284299521974e-01
9.912842930700692667e-01
1.078805808721336801e+00
1.152201828107622505e+00
1.252149018833720096e+00
1.350603596735175493e+00
1.437863577899531897e+00
1.495416408616859760e+00
1.184475744588203261e+00
1.137430153108226705e+00
1.269916527025401809e+00
1.411074826494712608e+00
1.523103354557333589e+00
1.614108823492379052e+00
1.675034105905709003e+00
1.785239922861387996e+00
1.880530267844075398e+00
1.967282823124641533e+00
2.038105654166845859e+00
2.096885742487903048e+00
2.154442839599177262e+00
2.213051983110903009e+00
2.270448158347235790e+00
2.222733675475799586e+00
2.258195258291747720e+00
2.339763935910847081e+00
2.440578523588676774e+00
2.536319780209764563e+00
2.624571860042717031e+00
2.704372653431938556e+00
2.779069014234849977e+00
2.850489471511469919e+00
2.926392425439516831e+00
3.005108906960023418e+00
3.073945749061266941e+00
3.149824570974737448e+00
3.249411980644796305e+00
3.367352511607241361e+00
3.468334650409806486e+00
3.575889852167637439e+00
3.681261759297433489e+00
3.772588730348246155e+00
3.874179752045828096e+00
3.966015970885308217e+00
4.062492486030945038e+00
4.162307472005117859e+00
4.262467785952949839e+00
4.394260009120527499e+00
4.535478260257779226e+00
4.683497874749797951e+00
4.825307869281533435e+00
4.964574840236101849e+00
5.097082533256565462e+00
5.226092617510693650e+00
5.360553585215585670e+00
5.483927674795024743e+00
5.617317259288839182e+00
5.745293790485684227e+00
5.907902226857683736e+00
6.082898076904602824e+00
6.257886535335033251e+00
6.428784834491112932e+00
6.596123297637676686e+00
6.752428132797507310e+00
6.903001980202613019e+00
7.056616757157630815e+00
7.224847327201040947e+00
7.381015588830638130e+00
7.537801292897474248e+00
7.732462343230276147e+00
7.941834653263452282e+00
8.146292893905823007e+00
8.353179480704239879e+00
8.547936741099851687e+00
8.733124728730860653e+00
8.918900337896941366e+00
9.093943989859949895e+00
9.277304778949071462e+00
9.457036018389270993e+00
9.634982913988869413e+00
9.853753456499138252e+00
1.008103858984382484e+01
1.031399723460023843e+01
1.054606693929990158e+01
1.076709280401243518e+01
1.097995221945327593e+01
1.118389662566402976e+01
1.135072718169249661e+01
1.155031539256345674e+01
1.174300349732062010e+01
1.194861896107149057e+01
1.218455565963048848e+01
1.243506328874093114e+01
1.268729958036347227e+01
1.293311822967812574e+01
1.318539155707745358e+01
1.342349009755041855e+01
1.363605114024036347e+01
1.384547537131029138e+01
1.407081948740899335e+01
1.429634820567580711e+01
1.453217342186820815e+01
1.479213535224585208e+01
1.506154684581215797e+01
1.532690233352067644e+01
1.558889810825857225e+01
1.585300764892273584e+01
1.609005950708847621e+01
1.631128823526165306e+01
1.654597686350634689e+01
1.678981787796824321e+01
1.702941783359869277e+01
1.724936574068949824e+01
1.749849782408546872e+01
1.778953827379956820e+01
1.807870447471000119e+01
1.836336075629257181e+01
