0.000000000000000000e+00
0.000000000000000000e+00
0.000000000000000000e+00
0.000000000000000000e+00
0.000000000000000000e+00
0.000000000000000000e+00
0.000000000000000000e+00
0.000000000000000000e+00
0.000000000000000000e+00
0.000000000000000000e+00
0.000000000000000000e+00
0.000000000000000000e+00
0.000000000000000000e+00
0.000000000000000000e+00
0.000000000000000000e+00
0.000000000000000000e+00
0.000000000000000000e+00
0.000000000000000000e+00
0.000000000000000000e+00
0.000000000000000000e+00
0.000000000000000000e+00
0.000000000000000000e+00
0.000000000000000000e+00
0.000000000000000000e+00
0.000000000000000000e+00
0.000000000000000000e+00
0.000000000000000000e+00
0.000000000000000000e+00
0.000000000000000000e+00
0.000000000000000000e+00
0.000000000000000000e+00
0.000000000000000000e+00
0.000000000000000000e+00
0.000000000000000000e+00
0.000000000000000000e+00
0.000000000000000000e+00
0.000000000000000000e+00
0.000000000000000000e+00
0.000000000000000000e+00
0.000000000000000000e+00
0.000000000000000000e+00
0.000000000000000000e+00
0.000000000000000000e+00
0.000000000000000000e+00
0.000000000000000000e+00
0.000000000000000000e+00
0.000000000000000000e+00
0.000000000000000000e+00
0.000000000000000000e+00
0.000000000000000000e+00
0.000000000000000000e+00
0.000000000000000000e+00
0.000000000000000000e+00
0.000000000000000000e+00
0.000000000000000000e+00
0.000000000000000000e+00
0.000000000000000000e+00
0.000000000000000000e+00
0.000000000000000000e+00
0.000000000000000000e+00
0.000000000000000000e+00
0.000000000000000000e+00
0.000000000000000000e+00
0.000000000000000000e+00
0.000000000000000000e+00
0.000000000000000000e+00
0.000000000000000000e+00
0.000000000000000000e+00
0.000000000000000000e+00
0.000000000000000000e+00
0.000000000000000000e+00
4.220062441553872751e-02
0.000000000000000000e+00
0.000000000000000000e+00
4.572454864388147966e-02
1.140624149505561347e-01
1.443217000844581599e-01
1.565070746597145845e-01
1.234333186220797629e-01
2.568763724619554240e-02
9.063964123644034643e-02
1.531377556792321015e-01
1.673534789811819690e-01
1.576456328611489099e-01
1.871024973270587477e-01
2.096802870812813635e-01
2.087443302344590967e-01
1.908474333314461868e-01
1.097921502690959589e-01
5.780818383874253980e-02
9.279385593398560561e-02
1.433905840913164698e-01
1.654921514996076926e-01
1.379401087966725115e-01
9.915482005011662381e-02
1.600654493016526736e-01
2.225642295313665087e-01
2.383853803501100599e-01
2.105716362106659911e-01
1.272427972873630964e-01
1.965370456254854903e-01
2.463109279474163527e-01
2.731139456291193923e-01
2.581044262513149667e-01
2.759464256903136348e-01
3.066075532132765402e-01
3.298950684124828392e-01
2.910898699426612279e-01
2.862550231550422541e-01
3.156398100739748469e-01
3.168285412837272275e-01
2.971780775951430309e-01
2.746055684282873721e-01
1.463447588298868451e-01
6.027769332947736231e-02
1.135575269981455165e-01
1.851838917482258873e-01
2.298723604266845744e-01
1.748211864498248613e-01
9.981842758181291853e-02
1.859437671913860279e-01
2.760569671385015300e-01
3.268733651161199183e-01
2.455673248881548310e-01
1.352593590046541061e-01
2.257667627771752505e-01
3.384810107038893068e-01
4.135498090110585889e-01
4.019253716092456852e-01
4.456728388159471033e-01
5.145963890805875796e-01
5.770413712001633000e-01
4.652261046380839482e-01
4.492903500563057984e-01
5.287522637134017822e-01
5.815629756440353626e-01
6.417496004962185419e-01
6.533757396127886086e-01
6.713404838639971395e-01
7.714743415295538531e-01
8.262766470355203952e-01
6.600791751336935187e-01
5.662604409491333035e-01
6.536108609611874787e-01
7.708547409189330235e-01
8.577595938280347942e-01
8.876884037902643687e-01
8.412868112606056714e-01
9.688382372866205516e-01
1.044417428944581561e+00
1.089656075762083010e+00
1.081863686120563939e+00
1.036942867457545159e+00
1.127624111254845740e+00
1.185744029828669444e+00
1.224186685708637201e+00
1.222880704637254290e+00
1.240913333189432421e+00
1.271881748792524913e+00
1.308802948726156989e+00
1.346457823454713099e+00
1.375412438080557687e+00
1.392736261562720124e+00
1.410540696076042044e+00
1.431768324236092793e+00
1.450684043837901838e+00
1.471596046414688663e+00
1.487056304803825002e+00
1.510947326215700715e+00
1.536824572840677972e+00
1.558376231126833877e+00
1.574677625148169779e+00
1.591693045855613553e+00
1.610489779800567067e+00
1.624274974116145742e+00
1.639693757775027683e+00
1.651746623121778557e+00
1.666810647817267510e+00
1.677902360118440184e+00
1.689940077068359914e+00
1.704573886113522008e+00
1.717156847328326963e+00
1.723231317899182713e+00
1.733909978268334262e+00
1.738866911672362514e+00
1.752580005512585526e+00
1.761736166166687712e+00
1.768339962804706511e+00
1.757597467170130656e+00
1.762158910146642166e+00
1.767829899073434685e+00
1.774727238908115456e+00
1.737644191198696175e+00
1.734023122600127254e+00
1.734209771664490196e+00
1.734979264370000607e+00
1.744988697747383410e+00
1.753507887954385724e+00
1.763764536268036531e+00
1.771088145920306056e+00
