0.000000000000000000e+00
0.000000000000000000e+00
0.000000000000000000e+00
0.000000000000000000e+00
0.000000000000000000e+00
0.000000000000000000e+00
0.000000000000000000e+00
0.000000000000000000e+00
0.000000000000000000e+00
0.000000000000000000e+00
0.000000000000000000e+00
0.000000000000000000e+00
0.000000000000000000e+00
0.000000000000000000e+00
0.000000000000000000e+00
0.000000000000000000e+00
5.107002221159598690e-03
0.000000000000000000e+00
0.000000000000000000e+00
0.000000000000000000e+00
3.330643422596753916e-02
4.590721756854955482e-02
0.000000000000000000e+00
0.000000000000000000e+00
8.411813654385501271e-03
3.752464302374121374e-02
5.470796957982083930e-02
9.153686941401971422e-03
3.104053983345354817e-02
6.272048196514351526e-02
8.294734355406117865e-02
1.007202348657147278e-01
7.251505564879393018e-02
8.475114352026438813e-02
1.128434869479973540e-01
1.394483722409416149e-01
1.632539822368172522e-01
1.703896731053630986e-01
1.807425322694562186e-01
1.918364332296045027e-01
1.964392953453429624e-01
2.111724937081290165e-01
2.184758389396887768e-01
2.278404909624063557e-01
2.368512296542358564e-01
2.441314477329646904e-01
2.543032080106576998e-01
2.600779578382973467e-01
2.645063948880961857e-01
2.639436856678091248e-01
2.650111830544731872e-01
2.633154398271259078e-01
2.580490875741959789e-01
2.578885616325860553e-01
2.665576646480050105e-01
2.805484037828273047e-01
2.945805203593016564e-01
3.030596443759201453e-01
3.113936155064555011e-01
3.186087156725845304e-01
3.051010753885654014e-01
3.023500020708814184e-01
2.996334062799188569e-01
2.381552919498073351e-01
2.009314422885181972e-01
2.232418672649114366e-01
2.632289432457929346e-01
2.882813101428837177e-01
2.625913822335908532e-01
2.789755029895815142e-01
3.202125754344761766e-01
3.497881935557508593e-01
3.660424426337746673e-01
3.716056042861639597e-01
3.757569273414609889e-01
3.820289981213343400e-01
4.221654777364128308e-01
4.608200620064329400e-01
4.859329458959957271e-01
5.123990729106160380e-01
5.151621016883652926e-01
5.247294330461600431e-01
4.537244415129367825e-01
4.106236414655863309e-01
4.444066996212970855e-01
4.892162747829480463e-01
5.288353489614715519e-01
5.468558320347933766e-01
5.319699574385269303e-01
5.535052235474628990e-01
6.011550389872709621e-01
5.680428475407949263e-01
5.586590288614722288e-01
6.040352980611494171e-01
6.539228629599570519e-01
6.918125886264513413e-01
7.238954744024214127e-01
7.612127007090552233e-01
8.072750542050551870e-01
8.481564512110598697e-01
8.764589234840705068e-01
9.091667748085935363e-01
8.654309402614411839e-01
8.707194115887096908e-01
9.271013742939501201e-01
9.673990820108416822e-01
9.821073136916423918e-01
9.830113537339817409e-01
1.011877292444002041e+00
1.062610644057308873e+00
1.100400395293197997e+00
1.040332679936098126e+00
1.038870094549902756e+00
1.100165375930843625e+00
1.158755122764933310e+00
1.204275944069432613e+00
1.234117741484027642e+00
1.275416046291593553e+00
1.333858469976541450e+00
1.388215000226199924e+00
1.434275348660467131e+00
1.476355123523587665e+00
1.480083000744325528e+00
1.515529565480377761e+00
1.566422674311521712e+00
1.616956091280648211e+00
1.650715985971802136e+00
1.654847525080583859e+00
1.705804255022498772e+00
1.759012136587920327e+00
1.815532900537691674e+00
1.804510437230957498e+00
1.850567856384799148e+00
1.912497883250889652e+00
1.975977684911680132e+00
2.030313320714325354e+00
2.029598163689092960e+00
2.077911032703881222e+00
2.146062978999232040e+00
2.215537960981244670e+00
2.283945716803350567e+00
2.347681273096587695e+00
2.370617264243129796e+00
2.432554724304683447e+00
2.489941309566680250e+00
2.550044291543814623e+00
2.597382124401371506e+00
2.652079551544020308e+00
2.713265428021636616e+00
2.770712393495976311e+00
2.827770346860708273e+00
2.804929377002101987e+00
2.846081245992239328e+00
2.917740084854454796e+00
2.993969230524344383e+00
3.064492163885714326e+00
3.130973002568105290e+00
3.194317777218602661e+00
3.252664361117911795e+00
3.313918883256983250e+00
3.373367036110216155e+00
3.438198456170666883e+00
3.500903218237735537e+00
3.566541946179332623e+00
3.637625399286120498e+00
3.707327871199196156e+00
3.767359544364616841e+00
3.826040623098391436e+00
3.889734275899007443e+00
3.952456627406308876e+00
4.013051111945699745e+00
4.076378059199019077e+00
4.143812230776246608e+00
4.214861183011168855e+00
4.286010548541815623e+00
4.365771455817075264e+00
4.438584861203179521e+00
4.506049498271797127e+00
4.572208075603712452e+00
4.642326283766830208e+00
4.703765680968643892e+00
4.772448688325499511e+00
4.839946825135085895e+00
4.911230057670005422e+00
4.983781210165061815e+00
5.058214388631112612e+00
5.140652750464543175e+00
5.207071652869563749e+00
5.280702602255310296e+00
5.349035503814726589e+00
5.413022313544463060e+00
5.472623634774050672e+00
5.532443439746683289e+00
5.597909726112437312e+00
5.661697435428247438e+00
5.725257866146968411e+00
5.795639740708948828e+00
5.869263319739180140e+00
5.938752005590260730e+00
6.004144174557596969e+00
