0.000000000000000000e+00
0.000000000000000000e+00
0.000000000000000000e+00
0.000000000000000000e+00
0.000000000000000000e+00
0.000000000000000000e+00
0.000000000000000000e+00
0.000000000000000000e+00
0.000000000000000000e+00
0.000000000000000000e+00
0.000000000000000000e+00
0.000000000000000000e+00
0.000000000000000000e+00
0.000000000000000000e+00
0.000000000000000000e+00
0.000000000000000000e+00
0.000000000000000000e+00
0.000000000000000000e+00
0.000000000000000000e+00
0.000000000000000000e+00
0.000000000000000000e+00
0.000000000000000000e+00
0.000000000000000000e+00
0.000000000000000000e+00
0.000000000000000000e+00
0.000000000000000000e+00
0.000000000000000000e+00
0.000000000000000000e+00
0.000000000000000000e+00
0.000000000000000000e+00
0.000000000000000000e+00
0.000000000000000000e+00
0.000000000000000000e+00
0.000000000000000000e+00
0.000000000000000000e+00
0.000000000000000000e+00
0.000000000000000000e+00
0.000000000000000000e+00
0.000000000000000000e+00
0.000000000000000000e+00
0.000000000000000000e+00
0.000000000000000000e+00
0.000000000000000000e+00
0.000000000000000000e+00
0.000000000000000000e+00
0.000000000000000000e+00
0.000000000000000000e+00
0.000000000000000000e+00
0.000000000000000000e+00
0.000000000000000000e+00
0.000000000000000000e+00
0.000000000000000000e+00
0.000000000000000000e+00
0.000000000000000000e+00
0.000000000000000000e+00
0.000000000000000000e+00
0.000000000000000000e+00
0.000000000000000000e+00
0.000000000000000000e+00
0.000000000000000000e+00
0.000000000000000000e+00
1.164350339877600823e-02
0.000000000000000000e+00
0.000000000000000000e+00
0.000000000000000000e+00
0.000000000000000000e+00
4.257179294645996315e-02
0.000000000000000000e+00
4.104402482920700007e-03
4.759907760195972865e-02
9.150415176290968566e-02
1.376151390024469567e-01
1.227677258193101417e-01
1.165893794927225641e-01
1.511550464284896200e-01
1.944018419706282919e-01
2.341262733648664662e-01
2.661499196712389104e-01
2.855947579887472276e-01
2.976423707513518591e-01
2.841805019825074941e-01
3.011166081087985336e-01
2.780960825718856166e-01
2.786901541999268206e-01
3.143857032539409402e-01
3.450268648028300134e-01
3.673305841381508952e-01
3.537622000042191517e-01
3.588265838886803838e-01
3.849875028194698068e-01
3.930614901725643651e-01
3.593597500501946040e-01
3.340844505201487902e-01
2.705738731047158674e-01
1.773159454779481281e-01
2.485872062212410027e-01
3.253826135043174084e-01
3.498644474921432934e-01
3.230535938618820380e-01
3.233126940226245249e-01
4.034859647773305080e-01
4.744346193278475288e-01
5.099035764642101398e-01
5.156266914221364628e-01
5.311876768109867752e-01
5.442570103545131266e-01
5.925801014012590517e-01
6.342263472126898893e-01
6.568447172184115335e-01
6.792414351032000086e-01
6.879601779033689413e-01
6.983412914761802925e-01
6.212989086313861486e-01
6.198712222259256110e-01
6.789546673280107969e-01
7.219356957157264665e-01
7.508700531060377159e-01
7.690477020267453279e-01
7.226635971275965353e-01
7.073996762017897844e-01
7.326167801223874010e-01
7.116546093609322776e-01
6.907679374143167461e-01
6.810327178378584589e-01
7.446613886706754393e-01
8.299419322235185303e-01
8.974716879097095479e-01
9.435925673951909287e-01
9.837862818482849825e-01
1.007984394244318738e+00
1.034092905665315643e+00
1.095216907587629462e+00
1.143162809726303797e+00
1.176566505176652067e+00
1.200143184302244981e+00
1.218559951362747418e+00
1.263340363586120674e+00
1.244629557806727460e+00
1.269716351056960901e+00
1.336263279843428409e+00
1.388733731412539640e+00
1.425003535253264841e+00
1.342240546074334073e+00
1.356478250370935168e+00
1.436305707129761799e+00
1.502004302862059104e+00
1.493099738863344683e+00
1.503346796097566385e+00
1.603043122536513154e+00
1.680314903847212271e+00
1.731314227526370653e+00
1.635223859146278880e+00
1.610778857961982169e+00
1.706965559947405620e+00
1.795640409568781237e+00
1.855470317366185951e+00
1.911084150610785626e+00
1.973632568861265257e+00
2.028612602201266490e+00
2.076083153475121179e+00
2.130000804091713107e+00
2.174888713487314273e+00
2.213466975762561795e+00
2.258128076389795513e+00
2.299433200053323301e+00
2.338505085433559838e+00
2.365730375650442419e+00
2.407011370684329687e+00
2.460444266650257283e+00
2.516540589887090729e+00
2.574997424412011959e+00
2.625190858242258507e+00
2.618007276758842927e+00
2.663204664187376558e+00
2.714560738162643094e+00
2.767260641321145798e+00
2.825373115660057444e+00
2.891335233103116575e+00
2.965406091031338676e+00
3.040379597323508154e+00
3.094920806141352010e+00
3.028693835315451999e+00
3.058433098543998252e+00
3.108311556843592616e+00
3.176996734117258026e+00
3.261273945714877165e+00
3.338355012733114524e+00
3.403361216433684167e+00
3.481350176736701219e+00
3.553676104313302719e+00
3.611297891707198282e+00
3.672023214660630863e+00
3.720282985823596622e+00
3.766030467813315852e+00
3.812906906296845921e+00
3.864230821795729742e+00
3.888675686710444612e+00
3.927431141123163272e+00
3.984489982616278514e+00
4.042872393346201854e+00
