0.000000000000000000e+00
0.000000000000000000e+00
0.000000000000000000e+00
0.000000000000000000e+00
0.000000000000000000e+00
0.000000000000000000e+00
0.000000000000000000e+00
0.000000000000000000e+00
0.000000000000000000e+00
0.000000000000000000e+00
0.000000000000000000e+00
0.000000000000000000e+00
0.000000000000000000e+00
0.000000000000000000e+00
0.000000000000000000e+00
0.000000000000000000e+00
0.000000000000000000e+00
0.000000000000000000e+00
0.000000000000000000e+00
0.000000000000000000e+00
0.000000000000000000e+00
0.000000000000000000e+00
0.000000000000000000e+00
0.000000000000000000e+00
0.000000000000000000e+00
0.000000000000000000e+00
0.000000000000000000e+00
0.000000000000000000e+00
0.000000000000000000e+00
0.000000000000000000e+00
0.000000000000000000e+00
0.000000000000000000e+00
0.000000000000000000e+00
0.000000000000000000e+00
0.000000000000000000e+00
0.000000000000000000e+00
0.000000000000000000e+00
0.000000000000000000e+00
0.000000000000000000e+00
0.000000000000000000e+00
0.000000000000000000e+00
0.000000000000000000e+00
0.000000000000000000e+00
0.000000000000000000e+00
0.000000000000000000e+00
0.000000000000000000e+00
0.000000000000000000e+00
0.000000000000000000e+00
0.000000000000000000e+00
0.000000000000000000e+00
0.000000000000000000e+00
0.000000000000000000e+00
0.000000000000000000e+00
0.000000000000000000e+00
0.000000000000000000e+00
0.000000000000000000e+00
0.000000000000000000e+00
0.000000000000000000e+00
0.000000000000000000e+00
0.000000000000000000e+00
0.000000000000000000e+00
0.000000000000000000e+00
0.000000000000000000e+00
0.000000000000000000e+00
0.000000000000000000e+00
0.000000000000000000e+00
0.000000000000000000e+00
0.000000000000000000e+00
0.000000000000000000e+00
4.537004908043688195e-02
8.595214029733276584e-02
1.206959324853388305e-01
4.341502330485200872e-02
8.024059653278224624e-02
1.391501426929516727e-01
1.721604956772467554e-01
1.992059246573559816e-01
2.170502853585103697e-01
1.937703381201566766e-01
1.577429622080353255e-01
1.861160953116720307e-01
2.263071777960838915e-01
2.220457767255078207e-01
2.184610574873930011e-01
2.515313094399594940e-01
2.785478184174202676e-01
2.915017131404160633e-01
2.826573001080823211e-01
2.397608832921273303e-01
2.282855541079499284e-01
2.556238652805823408e-01
2.680071127085378313e-01
2.618675964847616000e-01
2.567236565094951906e-01
2.429606262863409083e-01
2.973548328826882692e-01
3.315019890121573831e-01
3.373356609266812134e-01
3.209460729898085951e-01
3.031081523970564628e-01
3.327466737326949531e-01
3.789607471784018911e-01
4.113548587268905932e-01
4.086054918515192869e-01
4.338028368252771494e-01
4.669127662185465488e-01
4.873431013706051029e-01
4.439960087990683091e-01
4.522265794190326593e-01
4.823547113724956370e-01
4.917216821086945466e-01
4.953532147998636614e-01
4.960979529203085048e-01
3.937723993883450180e-01
3.176698723561226512e-01
3.778496618127376583e-01
4.105750668535900205e-01
4.190606744838175635e-01
3.421036371644846641e-01
3.101225504959307933e-01
3.939358336630414681e-01
4.797340338714846664e-01
5.249911038692195442e-01
4.428864895155238957e-01
4.003842059807794507e-01
4.687554109708875205e-01
5.786238881797700628e-01
6.581697188014848932e-01
6.702818853400045462e-01
7.154833089662998580e-01
7.607642034406510989e-01
8.284268675143912075e-01
7.856538554696764765e-01
7.975711810859622553e-01
8.663367578217918696e-01
9.047195701946775248e-01
9.731059895124569703e-01
9.571525541857615060e-01
9.902567254276247732e-01
1.074546048271047827e+00
1.132912011631180604e+00
1.070087779551511797e+00
9.733645803830676124e-01
1.047157780948581252e+00
1.159231864094070863e+00
1.236357847794036680e+00
1.225985849726973997e+00
1.226941046886840914e+00
1.325449755022570120e+00
1.396891840826826048e+00
1.456664992911586021e+00
1.425497043991325041e+00
1.420628167711489809e+00
1.497406369901655543e+00
1.560088647730671241e+00
1.607689579500155341e+00
1.634213549827116418e+00
1.669027971386774611e+00
1.706307791395022422e+00
1.741771453443449857e+00
1.778140907398465531e+00
1.804911190930044373e+00
1.828189743716166049e+00
1.858964344317906026e+00
1.887621086730074671e+00
1.915607251383220966e+00
1.938415653387676407e+00
1.964301493565569157e+00
1.985352899655205672e+00
2.020442692442722787e+00
2.047455965502052777e+00
2.064783946866680875e+00
2.089167033971142562e+00
2.107626332633770527e+00
2.128635362224518879e+00
2.151318266380454869e+00
2.172997300437896850e+00
2.191800497931203573e+00
2.209684454016467736e+00
2.225566397733998336e+00
2.244914969430714446e+00
2.260287507841804544e+00
2.274867674367941905e+00
2.289534232935522606e+00
2.298907544801716885e+00
2.315008874446648157e+00
2.329736568142016573e+00
2.346208558335339589e+00
2.354186055517514031e+00
2.370133893669983838e+00
2.386605149046865826e+00
2.399937638913673510e+00
2.395655173696545237e+00
2.401699524111739148e+00
2.406688997203655145e+00
2.409880103880365887e+00
2.422975299415125683e+00
2.435510812521775925e+00
2.447052573395787523e+00
2.458551492478987743e+00
