1.066489082427040935e-01
1.538164378887491024e-01
0.000000000000000000e+00
0.000000000000000000e+00
0.000000000000000000e+00
2.258109894794121941e-02
4.768481826257096878e-02
5.123316662987997122e-02
9.136128385120108331e-02
1.584804589639339234e-01
2.148395960337763366e-01
2.861973063515666493e-01
5.824974929188546369e-02
1.074544616311557399e-01
2.451081227575670485e-01
3.941161360112563350e-01
5.081086546320765507e-01
5.881684510266188548e-01
6.446619206321840823e-01
6.766429778622878866e-01
5.883851083193962772e-01
6.435311460332816536e-01
7.034878034595901664e-01
7.688579386344224220e-01
8.251573782426799841e-01
9.033003524347013036e-01
9.526037186117403133e-01
1.013423917019674825e+00
9.907251295113100875e-01
9.690208767645850374e-01
1.015355572470342249e+00
1.055025970192758455e+00
1.037911291859133334e+00
1.109224328198081810e+00
1.204488123409327427e+00
1.293439965387655599e+00
1.367290224328403747e+00
1.435222325208752814e+00
1.460551955882557928e+00
1.501369472263254234e+00
1.516026487685315338e+00
1.524135135615954040e+00
1.474518134582902373e+00
1.500490936251626994e+00
1.550257190296675969e+00
1.590575758270543982e+00
1.638327838433803363e+00
1.643459222677130516e+00
1.667558258322072717e+00
1.612375069155910223e+00
1.562649401442471442e+00
1.495482926084381159e+00
1.446050246405445439e+00
1.403235308399702674e+00
1.430935898812210727e+00
1.510220278809526917e+00
1.598439943690052933e+00
1.639607044784848089e+00
1.683261403190034589e+00
1.705547907974820365e+00
1.576467525738901365e+00
1.473865480435852193e+00
1.402975608595760981e+00
1.002981047001141768e+00
9.427919659553448684e-01
9.739020861227623005e-01
1.077766169200803370e+00
1.207713812889596117e+00
1.129103775372421570e+00
1.223218793304276852e+00
1.458109878058025943e+00
1.699088119614660553e+00
1.856981137951571270e+00
1.913818643552049670e+00
1.905095326864191918e+00
1.837245880579162494e+00
2.084343896484635916e+00
2.387055939912621660e+00
2.545448720013707700e+00
2.755736298390686567e+00
2.926080285908416290e+00
2.990024909828126187e+00
2.165515060330386543e+00
2.124610281460656225e+00
2.484978920571942584e+00
2.775184433726754385e+00
2.989905608478940824e+00
3.303374737894944513e+00
3.607217234779262593e+00
3.847985987410828201e+00
3.989628116526860335e+00
2.998038892894810292e+00
2.722237972598729794e+00
3.121804395904506091e+00
3.537932782077338967e+00
3.876455794464328974e+00
4.141241283152927721e+00
4.409236703819012781e+00
4.731115899643345557e+00
4.984651533661718759e+00
5.208725245990780017e+00
5.383673142566817837e+00
5.521535776039193877e+00
5.645750501624099194e+00
5.770648298994451864e+00
5.899761217975594718e+00
5.856710970784654968e+00
5.940688828179235159e+00
6.121535318949057114e+00
6.353767300479963964e+00
6.602968384694457349e+00
6.837360176653799471e+00
7.053575262977960669e+00
7.230995546868649093e+00
7.362629287093205299e+00
7.550949669328743674e+00
7.736592002379034660e+00
7.926876259315791096e+00
8.107026370277216287e+00
8.368471498791391738e+00
8.635589605874743668e+00
8.899099760283963434e+00
9.144051895551912779e+00
9.339872380677805452e+00
9.483512839558663643e+00
9.618656232685976804e+00
9.754234926312960852e+00
9.899701847237736274e+00
1.004593858021241992e+01
1.020701785923916560e+01
1.041665140774108167e+01
1.065043033461128275e+01
1.085933186100343661e+01
1.104664016540867344e+01
1.120675794563940464e+01
1.131096594264712607e+01
1.141447420012180203e+01
1.150656686945310625e+01
1.159148277762425572e+01
1.169325855085921972e+01
1.179364162363908797e+01
1.192551936910918542e+01
1.208015747088618319e+01
1.225388029648277310e+01
1.236079814448908287e+01
1.242624264773895781e+01
1.248913453513141292e+01
1.250775050450019066e+01
1.253884506307263891e+01
1.254858407528198150e+01
1.256085227906822155e+01
1.258229828517151816e+01
1.267764545500418905e+01
1.281718294398346814e+01
1.290133189029317684e+01
1.298873531294327677e+01
1.301014268524558126e+01
1.299476970286897703e+01
1.297241608453741080e+01
1.295356895633113936e+01
1.293870967069454281e+01
1.293593297264833097e+01
1.293318198282563714e+01
1.298777676860041197e+01
1.306353370260710633e+01
1.315281370359160462e+01
1.321189811919403212e+01
1.321064968704307141e+01
1.320168736147652666e+01
1.314662574931977268e+01
1.311405492132602291e+01
1.306715630304675457e+01
1.305695549761408536e+01
1.304682314900881579e+01
1.308149685102751647e+01
1.318124782938801154e+01
1.325893427140551672e+01
1.333070130987187518e+01
1.335960157092757150e+01
1.334293968572709232e+01
1.332519341832990811e+01
1.329493329863812612e+01
1.331126388871436106e+01
1.332931106001142396e+01
1.333516612498639553e+01
1.338660379602084305e+01
1.346032873560855947e+01
1.353551685418567629e+01
1.359305140386136479e+01
1.360119890633450090e+01
1.360187159822107894e+01
1.362409748711225710e+01
1.358489340638695708e+01
1.357369684056097014e+01
1.355678971613546935e+01
1.354804345754948969e+01
1.363599947464241247e+01
1.370645819809307575e+01
1.378188553807602013e+01
1.387451145832340593e+01
