0.000000000000000000e+00
0.000000000000000000e+00
0.000000000000000000e+00
0.000000000000000000e+00
0.000000000000000000e+00
0.000000000000000000e+00
0.000000000000000000e+00
0.000000000000000000e+00
0.000000000000000000e+00
0.000000000000000000e+00
0.000000000000000000e+00
0.000000000000000000e+00
0.000000000000000000e+00
0.000000000000000000e+00
0.000000000000000000e+00
0.000000000000000000e+00
0.000000000000000000e+00
0.000000000000000000e+00
0.000000000000000000e+00
0.000000000000000000e+00
0.000000000000000000e+00
0.000000000000000000e+00
0.000000000000000000e+00
0.000000000000000000e+00
0.000000000000000000e+00
0.000000000000000000e+00
0.000000000000000000e+00
0.000000000000000000e+00
0.000000000000000000e+00
0.000000000000000000e+00
0.000000000000000000e+00
0.000000000000000000e+00
0.000000000000000000e+00
0.000000000000000000e+00
0.000000000000000000e+00
0.000000000000000000e+00
0.000000000000000000e+00
0.000000000000000000e+00
0.000000000000000000e+00
0.000000000000000000e+00
0.000000000000000000e+00
0.000000000000000000e+00
0.000000000000000000e+00
0.000000000000000000e+00
0.000000000000000000e+00
0.000000000000000000e+00
0.000000000000000000e+00
0.000000000000000000e+00
0.000000000000000000e+00
0.000000000000000000e+00
3.396972625995627049e-02
6.192043892357242119e-02
0.000000000000000000e+00
0.000000000000000000e+00
0.000000000000000000e+00
4.936249503733985966e-02
7.196618041250300857e-02
0.000000000000000000e+00
4.840798736741878244e-02
9.538683765955519034e-02
1.228076931508134545e-01
1.503701643677829713e-01
2.892748095007867046e-02
8.358782238607866122e-02
1.369862171874152434e-01
1.903909262163107907e-01
2.364357487612246955e-01
2.297846336908661302e-01
2.200182598401694833e-01
2.346213999433254815e-01
2.801945990739017622e-01
3.241232324369888174e-01
3.529769226848721853e-01
3.413919299743550240e-01
3.457116249000333763e-01
3.543365097784308970e-01
3.886423922710034451e-01
4.130032837714601168e-01
4.236359416822945700e-01
4.447020717249863253e-01
4.749202877673349699e-01
5.063167108499974089e-01
5.161743121926670730e-01
4.940291449941416890e-01
4.891038293335869813e-01
5.132792146084953488e-01
5.546204539516020882e-01
5.627859286064149646e-01
5.332883797182088603e-01
5.434983113649035635e-01
5.992269220944602681e-01
6.489152395292971942e-01
6.443188020321587439e-01
6.544391343567147468e-01
6.971237217969699085e-01
7.427744521923232979e-01
7.674692050751508177e-01
7.732762393429575276e-01
8.095806426344699380e-01
8.373950733394238677e-01
8.386596147707565674e-01
8.286521476610707593e-01
8.043347519263742695e-01
7.768090229255822932e-01
7.853351511168974453e-01
8.048894239232639025e-01
8.304706895222857543e-01
8.348564760299738152e-01
8.225691435895405856e-01
8.537209539230287136e-01
8.815502536268886580e-01
8.960989468122081414e-01
9.004813098736614840e-01
8.116902781283626966e-01
7.838506571224072017e-01
8.073385083971458265e-01
8.555684576976998468e-01
8.515361474900328131e-01
7.833922341061164696e-01
8.155974902021952966e-01
8.997889951048543278e-01
9.846923312354597391e-01
1.020908912724262096e+00
1.034706344200000183e+00
1.089516766075673715e+00
1.130751948255602102e+00
1.171925209285615610e+00
1.243521091791891076e+00
1.300968226003756056e+00
1.354875807245692565e+00
1.377309195481253079e+00
1.399704517978197282e+00
1.342443631647255886e+00
1.407993113823351461e+00
1.536820224836795479e+00
1.664572573177697024e+00
1.748838654291449357e+00
1.644976684732883943e+00
1.697745992836219076e+00
1.840562362002612140e+00
1.955082721040015015e+00
1.855264221791707913e+00
1.804654242493949123e+00
2.008660187112743412e+00
2.178266805669663242e+00
2.289329714877596178e+00
2.138607009904621492e+00
2.130865063166618167e+00
2.295489429624674393e+00
2.445836144017472069e+00
2.556919223293329768e+00
2.620218136325430880e+00
2.719144813448217235e+00
2.827823149968670791e+00
2.910525594221684553e+00
2.983998130362914836e+00
3.032218135273659687e+00
3.088342333252570793e+00
3.152240734655887611e+00
3.210961406176977118e+00
3.272413943415350523e+00
3.301040717932140822e+00
3.339397184922662021e+00
3.399259825369535637e+00
3.467317489574163858e+00
3.543640743009174976e+00
3.600371331689993681e+00
3.648922188850738380e+00
3.698618895421138753e+00
3.755794955659048195e+00
3.816269804887130412e+00
3.864035841780575353e+00
3.908665777727602375e+00
3.962837716520792419e+00
4.035323918676950505e+00
4.099029042097644293e+00
4.164033767046676715e+00
4.227193793077899109e+00
4.265513119278865339e+00
4.309891760459615639e+00
4.355759777394296428e+00
4.405529054498734887e+00
4.442134956055867612e+00
4.479312368398745470e+00
4.532380285609692194e+00
4.601836307701410611e+00
4.672650727342828603e+00
4.708963846807759701e+00
4.749970079106724086e+00
4.783607994590083123e+00
4.832235753813729495e+00
4.838033398503879035e+00
4.875916291706853478e+00
4.909846194098354211e+00
4.958054511056212199e+00
5.010042211537325763e+00
5.073072258645569654e+00
5.137388174193523227e+00
5.187339689571659029e+00
5.225742449497847275e+00
