2.353247395366626221e-02
3.914253081557785702e-02
0.000000000000000000e+00
0.000000000000000000e+00
0.000000000000000000e+00
0.000000000000000000e+00
0.000000000000000000e+00
0.000000000000000000e+00
1.132454395405813920e-02
3.836263832232574000e-02
5.962229677567807556e-02
8.477567248318586268e-02
0.000000000000000000e+00
1.624276728297771935e-02
7.663720222106035207e-02
1.378707690674562669e-01
1.838086326487228805e-01
2.151570964935193009e-01
2.361912145764844539e-01
2.466836917171288668e-01
2.141032083372656492e-01
2.337856942130704663e-01
2.529521195626527330e-01
2.781352044326968476e-01
2.998779916396100975e-01
3.305742801328015457e-01
3.504467636226054617e-01
3.716513703951677128e-01
3.650019994447887273e-01
3.593183246354160199e-01
3.765906180365642952e-01
3.922057951612544224e-01
3.879324035319358099e-01
4.178223644192541331e-01
4.538007773710917014e-01
4.874003959191474111e-01
5.157528098845449716e-01
5.430735259480431454e-01
5.539145476344047303e-01
5.700877147548114587e-01
5.758660095467924567e-01
5.784058557326703376e-01
5.665857378809112666e-01
5.715053324546363056e-01
5.852356511831645625e-01
6.038889114422367754e-01
6.232186773162888827e-01
6.263024943808019884e-01
6.399823954024730366e-01
6.347059121147837768e-01
6.254226973915585353e-01
6.138950609986647544e-01
6.059366232633929261e-01
6.006193680248326228e-01
6.177233640772227252e-01
6.440347808517119521e-01
6.681074288433465069e-01
6.784668581037126556e-01
6.919350128541355005e-01
7.032747602682153376e-01
6.890125859121831731e-01
6.755352848914722985e-01
6.610119677531473004e-01
5.359500351158738018e-01
4.943651747772653260e-01
5.270973500142681623e-01
5.810315921911748394e-01
6.173128136680974265e-01
5.941236597156113186e-01
6.385497915943297853e-01
7.214671804043308878e-01
7.980636878945991386e-01
8.410789894305447101e-01
8.626697178096220942e-01
8.697412872503205161e-01
8.443896025105884773e-01
9.075898979953341827e-01
9.844784823880540214e-01
1.038317432258820006e+00
1.102520962005317351e+00
1.146248310167633733e+00
1.171452297415353394e+00
9.161504149248705930e-01
8.990161265477002450e-01
1.001292050333853156e+00
1.094416251496854953e+00
1.168230779895885751e+00
1.269173659760582051e+00
1.374484632588034660e+00
1.464003522714057981e+00
1.518826570009954358e+00
1.195430720750650933e+00
1.153737651861693747e+00
1.284562413327948072e+00
1.424608832268282388e+00
1.536483344274098384e+00
1.632060162729440878e+00
1.698477269715940041e+00
1.814568184716547794e+00
1.912729085918855931e+00
1.996046785619330244e+00
2.066575076589597604e+00
2.123852375257927250e+00
2.175049086465695058e+00
2.226870044483070021e+00
2.281921816085024091e+00
2.232737129213532956e+00
2.256372267442738888e+00
2.322049143487779688e+00
2.405227368493629836e+00
2.491873165987099181e+00
2.574083829707231708e+00
2.650457267303012454e+00
2.716560297134551050e+00
2.782940465904923055e+00
2.847505109147434155e+00
2.912131778708215268e+00
2.972792484472742469e+00
3.034440568258853776e+00
3.120801075560875049e+00
3.218401415846285918e+00
3.279125421481505764e+00
3.360419077602477600e+00
3.437775802580336215e+00
3.509880607455411639e+00
3.575562316548362762e+00
3.636687553709349707e+00
3.708403451775984738e+00
3.780197048374429158e+00
3.852355674473777913e+00
3.947564229259060031e+00
4.051990846097151433e+00
4.151061332481502220e+00
4.238601232336874247e+00
4.317505365725470945e+00
4.392391555373086121e+00
4.453394618724870746e+00
4.517921125757851541e+00
4.587152600922415502e+00
4.662189271230149146e+00
4.741965630907450269e+00
4.833376128327371291e+00
4.940080315600450689e+00
5.049210508517787410e+00
5.148623906490277236e+00
5.245334118971598514e+00
5.337333538943498823e+00
5.419688138794347410e+00
5.504037953647980430e+00
5.590798071703268590e+00
5.680175988099295914e+00
5.766320595244223135e+00
5.876429170550739656e+00
5.996905159949542430e+00
6.109061767344488914e+00
6.226158302766042318e+00
6.343688922171384803e+00
6.448223962310600577e+00
6.547970196572462598e+00
6.642064915891053190e+00
6.743035987508755547e+00
6.851626548219027946e+00
6.959859104790761641e+00
7.088784233899425580e+00
7.226546777637261165e+00
7.371719159546914923e+00
7.510896078258037178e+00
7.639758353678921310e+00
7.767347779049397438e+00
7.883583299498523544e+00
7.998287064293484683e+00
8.116373462690701146e+00
8.228030748567620734e+00
8.357350381061165123e+00
8.494962294402991887e+00
8.642661084670919536e+00
8.801693635796453918e+00
8.954191275050941812e+00
9.106162499622216799e+00
9.246992534923698770e+00
9.358427738578528832e+00
9.478862892632912818e+00
9.607486616703328153e+00
9.728619906239558190e+00
9.847548955643556923e+00
9.987557165186789376e+00
1.013876517203270033e+01
1.027734273918901842e+01
1.041519476122471310e+01
1.054993372832350218e+01
1.067937183183706473e+01
1.078840381929932768e+01
1.092214823990550343e+01
1.104848837944880913e+01
1.116484816776684852e+01
1.127480299970565270e+01
1.140823424407706099e+01
1.155330976565485912e+01
1.170400162467349325e+01
1.186426100563784125e+01
