0.000000000000000000e+00
0.000000000000000000e+00
0.000000000000000000e+00
0.000000000000000000e+00
0.000000000000000000e+00
0.000000000000000000e+00
0.000000000000000000e+00
0.000000000000000000e+00
0.000000000000000000e+00
0.000000000000000000e+00
0.000000000000000000e+00
0.000000000000000000e+00
0.000000000000000000e+00
0.000000000000000000e+00
4.819509034789241399e-03
3.462405190584009335e-02
5.548455704255418619e-02
0.000000000000000000e+00
1.761599858573117613e-02
6.340781970725166417e-02
7.830321583588845114e-02
9.167255438120296140e-02
1.020420049818821090e-01
1.129699356941610694e-01
1.224671656959640947e-01
1.260732662090991441e-01
1.362999466778014868e-01
1.459012972946590048e-01
1.495287914429375420e-01
1.520626216979479028e-01
1.631914837009113550e-01
1.729833566584771387e-01
1.691652049894952770e-01
1.785813023329223814e-01
1.890802536464720740e-01
2.033820962270170285e-01
2.159124083048529485e-01
2.190454107214963031e-01
2.278812950730670084e-01
2.412374841598737274e-01
2.530653183045294963e-01
2.634085908917633834e-01
2.465829837837549277e-01
2.508346429547226308e-01
2.667806066979291901e-01
2.945363014414359992e-01
3.164003526076971107e-01
3.243162481492170013e-01
3.341249051180240071e-01
3.356999162361618549e-01
3.246329388162660923e-01
3.324443735654402654e-01
3.351465344218888531e-01
3.374275269707395219e-01
3.486310394483921327e-01
3.624560626658496765e-01
3.789650769831244270e-01
3.916504749595148827e-01
3.975579815962164698e-01
4.008640643083417610e-01
3.921718205160055759e-01
3.818073851712212030e-01
3.697443772103317650e-01
2.620674150631961408e-01
2.003129692034327780e-01
2.503827084126842850e-01
3.118360537230930873e-01
3.456068542282746403e-01
3.004391430946758978e-01
3.188968680977123382e-01
3.913868654220542531e-01
4.553549373896794150e-01
4.935137646597790306e-01
5.052563306577888547e-01
5.122067283542772742e-01
5.045441191540873671e-01
5.638208422584869428e-01
6.196980894581390897e-01
6.568516503245719340e-01
6.878960853888276272e-01
7.071148604183672415e-01
7.231629413669881101e-01
6.038861182062542632e-01
5.972587339913150162e-01
6.641351463255292797e-01
7.226830478453476481e-01
7.653634954209828090e-01
7.806589075550455226e-01
8.215266698426823000e-01
8.738011301250475649e-01
9.007948981951771072e-01
7.699795105775165682e-01
7.200727509616889899e-01
7.654006764776360994e-01
8.320771755791320778e-01
8.918112417100042544e-01
9.012621950045527353e-01
9.292031534173393892e-01
9.346342383242611795e-01
9.867765617248901444e-01
1.059905202044454597e+00
1.119608539337660913e+00
1.165616010776691525e+00
1.195583490486044065e+00
1.221435547085883977e+00
1.252562176283193773e+00
1.290325695388415461e+00
1.340081782432737567e+00
1.387079090622827193e+00
1.443035128873650708e+00
1.487803136643508717e+00
1.545221968502222598e+00
1.516963299457133374e+00
1.557628883610578496e+00
1.633099101722576219e+00
1.686119073528093093e+00
1.735264745747993054e+00
1.729037467377972925e+00
1.781436760793449370e+00
1.879297214020735129e+00
1.966951357559203917e+00
1.917641072314335560e+00
1.948407432075695445e+00
2.051726004868867914e+00
2.156210322335407437e+00
2.236906131146502386e+00
2.240494372659493028e+00
2.286183768405669614e+00
2.393261283576651799e+00
2.496952924151039088e+00
2.597707639939266677e+00
2.695089156809217457e+00
2.791049613951139818e+00
2.880515092303867153e+00
2.971667862737568111e+00
3.054878466354973288e+00
3.111178814336179155e+00
3.140088044214873086e+00
3.222350040360963508e+00
3.317990032498362218e+00
3.412502908317300410e+00
3.509840418840111997e+00
3.620300822252810580e+00
3.734292658415756083e+00
3.851310927199512513e+00
3.952835169423340567e+00
3.975614484181078101e+00
4.062470633552808685e+00
4.161710012972771544e+00
4.270625361633088701e+00
4.394217836145435818e+00
4.514728795087431301e+00
4.648599021551240718e+00
4.782924221726240432e+00
4.908919152558459231e+00
5.032996150137476477e+00
5.147671375211908540e+00
5.259215792540075540e+00
5.371674631803294631e+00
5.486781402140479713e+00
5.612854770687636830e+00
5.726406139613331447e+00
5.848464225847770592e+00
5.991398590926590551e+00
6.138974871163859426e+00
6.290638960735985385e+00
6.437381192113780237e+00
6.571884452699922718e+00
6.701582907956028734e+00
6.832830535853719134e+00
6.940748565693918515e+00
7.071997709999623183e+00
7.209513253293494905e+00
7.358046856579300687e+00
7.515147483164978048e+00
7.672030468119862334e+00
7.836543491513070947e+00
7.987199815220005661e+00
8.133707515770172591e+00
8.275650770910530696e+00
8.411701343668786635e+00
8.549282953099746507e+00
8.703239858986741240e+00
8.858479181624366205e+00
9.027797610232100922e+00
9.207364427461527612e+00
9.392946019173290750e+00
9.570166408454134910e+00
9.734374857742594145e+00
9.895453264537461990e+00
1.005068430954694492e+01
1.019362238019334299e+01
1.033764704481539987e+01
1.050071238182976785e+01
1.067110331064344564e+01
1.083115138014722234e+01
1.100921784619718125e+01
1.118474347939664248e+01
1.136640956242212575e+01
1.153308501313306245e+01
