1.070756302816534139e-01
1.524341724659615538e-01
0.000000000000000000e+00
0.000000000000000000e+00
0.000000000000000000e+00
2.283740377301440860e-02
4.626131152073588437e-02
4.905403263812201098e-02
9.044264353472741824e-02
1.597928357411271538e-01
2.137245916760874276e-01
2.843900154286876925e-01
5.663627544114044343e-02
1.038017424251415771e-01
2.418965831705876257e-01
3.925580606762241742e-01
5.082200854365205300e-01
5.859268824283438981e-01
6.409325524602862423e-01
6.703167926943077726e-01
5.849015734830883551e-01
6.423407431613732399e-01
6.932325394901309723e-01
7.592946973161565083e-01
8.149401985395171577e-01
8.902976944466635123e-01
9.399204397035276770e-01
9.947175510917959373e-01
9.737870075566473771e-01
9.598208858241172869e-01
1.004095587264644651e+00
1.043462115902778597e+00
1.028375964632472606e+00
1.101956904034216977e+00
1.190495571753032777e+00
1.284318996411922598e+00
1.361112614682080446e+00
1.436090189365159198e+00
1.463750336877014613e+00
1.501099081330483642e+00
1.510222983926804208e+00
1.505762560616475731e+00
1.455520020547070192e+00
1.485260334291035322e+00
1.532166708450242831e+00
1.577693681547533311e+00
1.623904437389880995e+00
1.633129499273863861e+00
1.654518424141227628e+00
1.610679940265338006e+00
1.540285318949444537e+00
1.471990941492210547e+00
1.424657457751843159e+00
1.386794333528853285e+00
1.421430942185302859e+00
1.494310791363579582e+00
1.568701611665474838e+00
1.613984366897387224e+00
1.657351959575277922e+00
1.675468013635412312e+00
1.567689219802077094e+00
1.462083414686777827e+00
1.391452929470011979e+00
9.891959067332293243e-01
9.355945109896689482e-01
9.704850557750275275e-01
1.084375988011500036e+00
1.208057378786119074e+00
1.145115970651156223e+00
1.227440287435103805e+00
1.473667132894406651e+00
1.710534833368872576e+00
1.856933284188110544e+00
1.917415810477122617e+00
1.921832267848240461e+00
1.856680315542107440e+00
2.102676965842977364e+00
2.387769946118408537e+00
2.567658531679518852e+00
2.766027963001512546e+00
2.921412486644066053e+00
3.001222938078992986e+00
2.162914247287626157e+00
2.116326581297070852e+00
2.478852730193934484e+00
2.773172356335251276e+00
2.996484813589989749e+00
3.282568419374739754e+00
3.586244720256780649e+00
3.821446024517594520e+00
3.959929454610914501e+00
3.005931174723110555e+00
2.720479784989269234e+00
3.138545122532091280e+00
3.559481320195100995e+00
3.884056909900535981e+00
4.158988333791018732e+00
4.438923819801344095e+00
4.724644044430876377e+00
4.964393833094525199e+00
5.184195028999734056e+00
5.361577842765953505e+00
5.492701772323843379e+00
5.620312969983884521e+00
5.749357987604246212e+00
5.902812426672723767e+00
5.880105414542035724e+00
5.982202968005396748e+00
6.207040251555772770e+00
6.438178017270689502e+00
6.664841228692151454e+00
6.891046427855995304e+00
7.105510797361082709e+00
7.285309075136671808e+00
7.437199668359641080e+00
7.594927484693269726e+00
7.786831377332952719e+00
7.993106772594749110e+00
8.201604849127237529e+00
8.453753097392963767e+00
8.793203870611915107e+00
9.132491639174480369e+00
9.458098700627239452e+00
9.756096763964853480e+00
9.983836118262827242e+00
1.020589824957058234e+01
1.049562350408320910e+01
1.073362926918731119e+01
1.096784377469470506e+01
1.127350308966073200e+01
1.162714652977846796e+01
1.203110659393582260e+01
1.242156253690412626e+01
1.279836157796062857e+01
1.314498513919576261e+01
1.348537684553817328e+01
1.378720043374622684e+01
1.414748923617856136e+01
1.447377044481061859e+01
1.480489873186582450e+01
1.511733557483276158e+01
1.557111758522114187e+01
1.602522480373563951e+01
1.646675534347689407e+01
1.700438129015242339e+01
1.742798760550740766e+01
1.780768312227093375e+01
1.817926259562973357e+01
1.861448350045825961e+01
1.902509934501535582e+01
1.945970924309148486e+01
1.987643920290209820e+01
2.035189319924497298e+01
2.090960515106827700e+01
2.177752660378485317e+01
2.233083884508306483e+01
2.297448943562292811e+01
2.360685343966991212e+01
2.420792071576923732e+01
2.465991968688676295e+01
2.489707554379761234e+01
2.536948702375836007e+01
2.586193916292663175e+01
2.650047557164791101e+01
2.704237863426364541e+01
2.767803801043837097e+01
2.842676133298581220e+01
2.892946737473023333e+01
2.937252290471082006e+01
2.990106741357670117e+01
3.012371341468320551e+01
3.063563702615235584e+01
3.125788502419772286e+01
3.185979909077517291e+01
3.249875512497155938e+01
3.303293116822327136e+01
3.377500731952142132e+01
3.452497789552300844e+01
3.513644172258593557e+01
3.573384749027315621e+01
3.637297060238800128e+01
3.713298255227912392e+01
3.786945323176580303e+01
3.843700245213209143e+01
3.909700772409592417e+01
3.970235192143672265e+01
4.050956649857307923e+01
4.115124407968535536e+01
4.174595778645737454e+01
4.246199086170121717e+01
4.316256899833290106e+01
4.383696618213951979e+01
4.452149617237319745e+01
4.537523195062827597e+01
4.601958732467369373e+01
4.659297571923092818e+01
4.728427745024369244e+01
4.802048915477396207e+01
4.850932294388023536e+01
4.921541453958784729e+01
