1.230019438388967462e-01
1.775526828634913512e-01
0.000000000000000000e+00
0.000000000000000000e+00
0.000000000000000000e+00
5.119996227249361959e-02
7.964289384231343361e-02
5.447740776850899802e-02
9.876898173477502429e-02
1.769913636673375035e-01
2.422912593697212069e-01
3.280808172856504723e-01
6.454434366210545782e-02
1.209217492718240444e-01
2.837194761226030093e-01
4.719204162425553184e-01
6.039739267926224064e-01
7.000808347660427700e-01
7.658872551291056041e-01
8.050788447169344719e-01
6.964113023738659480e-01
7.655279029606457675e-01
8.337346456905971870e-01
9.147679636869803232e-01
9.865190744137808387e-01
1.080611047205257913e+00
1.141172697488225696e+00
1.206031806599923817e+00
1.184661301897054209e+00
1.159791430843122528e+00
1.216949181318341289e+00
1.266838401554831295e+00
1.240743644760340159e+00
1.340096967597455446e+00
1.448256174145099218e+00
1.557781140117206364e+00
1.649612783634298863e+00
1.734277729144924063e+00
1.766421319571963355e+00
1.816131890807839211e+00
1.836115256970165754e+00
1.833161640282011673e+00
1.773402803030104780e+00
1.797770564926722381e+00
1.860328846125592017e+00
1.912198000765578110e+00
1.972114184853107188e+00
1.985136038459147212e+00
2.012189196942098413e+00
1.960416364651428545e+00
1.884055132488915874e+00
1.789159557700149783e+00
1.720946963955098497e+00
1.680413600243861660e+00
1.727794520175561122e+00
1.817537521398026934e+00
1.921782019422335841e+00
1.980641172717252374e+00
2.025176545567917596e+00
2.054443675859388474e+00
1.912050083716592130e+00
1.781427763484248139e+00
1.704359488022866298e+00
1.228536632287622332e+00
1.243701711437924073e+00
1.343695009413815811e+00
1.473483753061426427e+00
1.602950238870900712e+00
1.566488573813388685e+00
1.652236428435575721e+00
1.819157568651468049e+00
2.059116000901456189e+00
2.222229701088640486e+00
2.287742443908593160e+00
2.277915529925635951e+00
2.208329400258430386e+00
2.501371761030363405e+00
2.857652704755835771e+00
3.070757561346649123e+00
3.329059353812474420e+00
3.523174641019160003e+00
3.600516188360552761e+00
2.571187047336549902e+00
2.516218339334799214e+00
2.959172907318980528e+00
3.320778614484610980e+00
3.594023297881795642e+00
3.929981272893013688e+00
4.281527132915868172e+00
4.581922923882815191e+00
4.756006423429175456e+00
3.607144708050954662e+00
3.238301429660389363e+00
3.755893050000513433e+00
4.228239831271288551e+00
4.643883157844639342e+00
5.006078858139631826e+00
5.349280976195896820e+00
5.712632709394086739e+00
6.049933699923107255e+00
6.292067664655245807e+00
6.511619360646979437e+00
6.659820696366256954e+00
6.786185159829430269e+00
6.913713619108404984e+00
7.090343792061901240e+00
7.063428956332347575e+00
7.196241635347041310e+00
7.463603010964914297e+00
7.787127359326095011e+00
8.091896008203750768e+00
8.353030238610148928e+00
8.605266779263754273e+00
8.819338612235405606e+00
8.990942959778868371e+00
9.228368656104299461e+00
9.457578034549387169e+00
9.694007655857644679e+00
9.938373970022992054e+00
1.028600458732369738e+01
1.068894428603329239e+01
1.104680476358222130e+01
1.139761955461595555e+01
1.173844074149522498e+01
1.200662324975149886e+01
1.227808927668777628e+01
1.256630100010033857e+01
1.285387606171257957e+01
1.317523541987100977e+01
1.350628296255584004e+01
1.396813609450871319e+01
1.444873792038024263e+01
1.491562502684162439e+01
1.536945390071567985e+01
1.582063249968054208e+01
1.619939010273672864e+01
1.656687367150087198e+01
1.693613646346788926e+01
1.733367253350610326e+01
1.779804414048903638e+01
1.823202725090893850e+01
1.874595977810405145e+01
1.933974592349062505e+01
1.994446049135659038e+01
2.049929255578701159e+01
2.101784656864937517e+01
2.144970605343720749e+01
2.191346252093747182e+01
2.243491235168706766e+01
2.300469720982830779e+01
2.350624135486075161e+01
2.397445546647186632e+01
2.467374182182220821e+01
2.546044316965180343e+01
2.619381907246171437e+01
2.691043131449984216e+01
2.763716934399480607e+01
2.833223236921234900e+01
2.906865033197954418e+01
2.970196238752605211e+01
2.985715886095857385e+01
3.051396028332522548e+01
3.138001450736378573e+01
3.215063397174405679e+01
3.303214308547742206e+01
3.376664498499633993e+01
3.474168369089704811e+01
3.541662614874604031e+01
3.628958663126596917e+01
3.687090746099541860e+01
3.628091276146922439e+01
3.701825118858896246e+01
3.772802700817581467e+01
3.846854254269441498e+01
3.930296492588256996e+01
4.012186500742970452e+01
4.118418688671462746e+01
4.190046364453255023e+01
4.266619814094736540e+01
4.324048353779213016e+01
4.394390915087655003e+01
4.460111634523370583e+01
4.538143635435442036e+01
4.601033090890073396e+01
4.694772062124278733e+01
4.778140557867457971e+01
4.891596427405443137e+01
4.966327550030592164e+01
5.064849913915231383e+01
5.147734165261682193e+01
5.205431045393983425e+01
5.261661635641823409e+01
5.329163836561639300e+01
5.409378811222734385e+01
5.544353755252150506e+01
5.618448380499790318e+01
5.682651804513324123e+01
5.777079958148314631e+01
5.851122730778918424e+01
5.926537564880361941e+01
