2.368208919556112971e-02
3.928496424656901381e-02
0.000000000000000000e+00
0.000000000000000000e+00
0.000000000000000000e+00
0.000000000000000000e+00
0.000000000000000000e+00
0.000000000000000000e+00
1.132424772218030597e-02
3.821927013791836386e-02
5.894051492895931860e-02
8.574378533580266637e-02
0.000000000000000000e+00
1.609499894945685614e-02
7.696377022626782471e-02
1.376480620824920564e-01
1.841054719992231692e-01
2.156084060973459393e-01
2.358410522737433290e-01
2.465977297050273576e-01
2.145420603459330944e-01
2.347733317497228966e-01
2.537234105558980879e-01
2.785994885566665524e-01
3.009341253470811384e-01
3.311415977113542630e-01
3.514339418872989285e-01
3.731670704232415425e-01
3.667935816988988629e-01
3.606003536668099807e-01
3.784385901080563053e-01
3.940754667078498197e-01
3.886854772184673013e-01
4.184375474568133857e-01
4.547767846992525897e-01
4.883213976272792189e-01
5.167142008316937263e-01
5.435195718840732937e-01
5.529339369571746321e-01
5.691557436898332378e-01
5.760931233000065044e-01
5.790330953596304342e-01
5.667861259516083772e-01
5.726755634438727149e-01
5.869698871904969195e-01
6.050337160413754578e-01
6.245898077328008169e-01
6.279603754446504427e-01
6.406085033157571385e-01
6.341068620987012627e-01
6.253552600015296337e-01
6.144622967092607801e-01
6.085401059460637807e-01
6.021104720681472733e-01
6.187804824099590872e-01
6.453586675080421609e-01
6.682345323079450505e-01
6.786989215028402800e-01
6.927615882412866410e-01
7.045114703586944360e-01
6.838372526539139296e-01
6.695350724697721745e-01
6.569701769614337827e-01
5.361229963835437706e-01
4.964755491035125479e-01
5.267453053364898885e-01
5.778610009014795157e-01
6.128398781663192407e-01
5.884889433763449418e-01
6.301651035931421507e-01
7.153526346889624854e-01
7.876686347086948592e-01
8.355487715735997467e-01
8.577127319432831243e-01
8.619795794251400300e-01
8.358552086337045495e-01
9.026565266925011821e-01
9.806296504709488548e-01
1.035888279127814782e+00
1.096821427611530009e+00
1.144112998586872765e+00
1.170573474882037335e+00
9.039197473055221588e-01
8.895561723666559617e-01
9.982912160783267153e-01
1.092604594115520023e+00
1.163783261386913237e+00
1.262047198477720844e+00
1.370287163594696711e+00
1.457688424694108420e+00
1.512487812701762691e+00
1.189652297123192426e+00
1.145201114442649049e+00
1.280662733442117895e+00
1.421386213813150112e+00
1.536248957465322418e+00
1.630862402086461271e+00
1.694181672522557580e+00
1.808187745539921787e+00
1.906226512596199241e+00
1.988339059910345208e+00
2.055706446482768346e+00
2.111050000774949087e+00
2.162618350532540479e+00
2.221356840098453578e+00
2.275173770956809172e+00
2.220012037837268970e+00
2.245915478761417727e+00
2.310688173560745629e+00
2.393358850992588494e+00
2.475821485242756914e+00
2.559584498987285350e+00
2.632972859418215350e+00
2.703612466271022363e+00
2.767024576510160649e+00
2.829762723551735526e+00
2.888968003703224596e+00
2.948678664261279891e+00
3.006180990325479030e+00
3.085277768966714351e+00
3.183861395911953274e+00
3.239289245435811093e+00
3.319132718688976524e+00
3.395722782580709698e+00
3.469566625790605041e+00
3.538726790311699233e+00
3.603026457030293006e+00
3.669844935364274363e+00
3.739266296350604257e+00
3.811833087066121895e+00
3.906580044286590336e+00
4.004840086265245347e+00
4.095055361967065544e+00
4.182296573479292512e+00
4.267527372255562668e+00
4.345997840543569524e+00
4.412775801975374002e+00
4.477306417766897084e+00
4.542844352996755042e+00
4.617085501449825102e+00
4.694047219055238251e+00
4.777858506795065630e+00
4.878918887273139937e+00
4.988269043063504604e+00
5.090890466778672518e+00
5.188706899096792391e+00
5.287044500183734286e+00
5.371230216830231718e+00
5.460010971703450622e+00
5.542643017938759797e+00
5.623132732854119631e+00
5.713418418638548602e+00
5.816088770262333618e+00
5.933653727998197347e+00
6.046984394091993842e+00
6.157913535161463336e+00
6.267510029381658576e+00
6.373016706673512388e+00
6.470994203643724241e+00
6.563974714602268890e+00
6.670205657937350097e+00
6.773166023294926674e+00
6.879977241613553396e+00
7.011958395982670567e+00
7.157424197811524280e+00
7.294667472900966843e+00
7.423526403181980982e+00
7.561291171196264926e+00
7.680565301425184899e+00
7.797149754713354142e+00
7.918736269990709786e+00
8.031889373854060210e+00
8.151206680834055973e+00
8.263408987566133845e+00
8.402502651192872207e+00
8.535576519564010312e+00
8.685659751987643062e+00
8.835086904659581464e+00
8.991496049099202637e+00
9.131326453036916035e+00
9.250929482085570754e+00
9.370875470088106951e+00
9.503428294102485907e+00
9.637175632148586857e+00
9.755652993776079640e+00
9.887800271775708083e+00
1.004146220227091924e+01
1.018110037734427387e+01
1.031893940534894938e+01
1.045080921679016051e+01
1.058175048743540714e+01
1.071401745432437380e+01
1.082929665356117788e+01
1.093723437076155847e+01
1.106446953859592419e+01
1.117046787667034380e+01
1.131492669175006327e+01
1.146341364184838696e+01
1.160916361244517425e+01
1.175393291802941320e+01
