2.345342413731044129e-02
3.884301635173680045e-02
0.000000000000000000e+00
0.000000000000000000e+00
0.000000000000000000e+00
0.000000000000000000e+00
0.000000000000000000e+00
0.000000000000000000e+00
1.120746773932179002e-02
3.862213549685258179e-02
5.884042060326952206e-02
8.417716514647917425e-02
0.000000000000000000e+00
1.641712915919789004e-02
7.550125653970790607e-02
1.348754196754966272e-01
1.797432793140255058e-01
2.108270732488652099e-01
2.310067535768080271e-01
2.413741973342602432e-01
2.092772630453522409e-01
2.297176673289854087e-01
2.479694259273564350e-01
2.735789708516138119e-01
2.953325774749394617e-01
3.256023726734796897e-01
3.450337057919898864e-01
3.657730740101349243e-01
3.600707083146220677e-01
3.540228056713354277e-01
3.709535917034857411e-01
3.863197666063846736e-01
3.818977137090557306e-01
4.115000937564179950e-01
4.467967573874210285e-01
4.795570832123975946e-01
5.074882131502266303e-01
5.339812267672381374e-01
5.440054896931323380e-01
5.605548114969753914e-01
5.688709698884479860e-01
5.721865841844215872e-01
5.604953754937435084e-01
5.660512166976749970e-01
5.788384554468086751e-01
5.972818872470238016e-01
6.160431477777804643e-01
6.176655122111558427e-01
6.316153312673536968e-01
6.274762780449263389e-01
6.176385607566678981e-01
6.081432054662885278e-01
6.027830761179784336e-01
5.960807180054804588e-01
6.130042621948070813e-01
6.379564733498735984e-01
6.644012115476800595e-01
6.701831259785618888e-01
6.853881126652031641e-01
6.965440960479907240e-01
6.801473076839577026e-01
6.647841223408396116e-01
6.521943220466526192e-01
5.319045307229722797e-01
4.935160466048597039e-01
5.239629078268611684e-01
5.750709282832832114e-01
6.082920818906604188e-01
5.860132105739048747e-01
6.293115922100587234e-01
7.074824211967838394e-01
7.822167065352390036e-01
8.230702153159961121e-01
8.461156102294692394e-01
8.539012220015766985e-01
8.278917713448278315e-01
8.888574344525407289e-01
9.632544538573469817e-01
1.015139859558098712e+00
1.079850763026938720e+00
1.127276552409595789e+00
1.149865762388891488e+00
8.916007005598233226e-01
8.806935923782193143e-01
9.842976051109327829e-01
1.076098532753678283e+00
1.148081784402186001e+00
1.246939806888799795e+00
1.344013262353202398e+00
1.431026168425386880e+00
1.485836103585437051e+00
1.181436364413252837e+00
1.138384253688550674e+00
1.267101323532382029e+00
1.412587343060982326e+00
1.521401769716227870e+00
1.610884303089627378e+00
1.664021144310298350e+00
1.772758817296981704e+00
1.870049262399657852e+00
1.950508457689698494e+00
2.022251777729569433e+00
2.080088176876362382e+00
2.140921145665023673e+00
2.200055705505456594e+00
2.256547564120041649e+00
2.194816651004047436e+00
2.221409586144486692e+00
2.293618352367135405e+00
2.381119953340963935e+00
2.468353640116012659e+00
2.550448049825037256e+00
2.630110451697579954e+00
2.701469604528926816e+00
2.773198206398654442e+00
2.842003568349252607e+00
2.906427214873069875e+00
2.966722002090244725e+00
3.035603063402087187e+00
3.125554305429341539e+00
3.233871315299686966e+00
3.301932011598093908e+00
3.386804267114325917e+00
3.470030604248466766e+00
3.549114417210425643e+00
3.622431121530952147e+00
3.693209223416850318e+00
3.768385706565691162e+00
3.842974474028747256e+00
3.924070992561782489e+00
4.025254540708115059e+00
4.138689264677895885e+00
4.247850480901629311e+00
4.352144554547201949e+00
4.455940895252656020e+00
4.552619377730058758e+00
4.633448835714353287e+00
4.716981700687255419e+00
4.803758751597237087e+00
4.888725976876435730e+00
4.975321332638647398e+00
5.079973009530264427e+00
5.191948166398802300e+00
5.304180779631812115e+00
5.413446783569648701e+00
5.518850923555489452e+00
5.619118705473731268e+00
5.718162897347092155e+00
5.814842030920095439e+00
5.910967859255267243e+00
5.998942948094327043e+00
6.090954585352552186e+00
6.201262532826911311e+00
6.318726429644710763e+00
6.432115609869582862e+00
6.549258691724064718e+00
6.656897762134375895e+00
6.761563414188297649e+00
6.848512273751841128e+00
6.934321138765262127e+00
7.027264181106468222e+00
7.117582978343786060e+00
7.194411942174906649e+00
7.299740099747133115e+00
7.407228427189019193e+00
7.510134756281184210e+00
7.615295424984788397e+00
7.710969582084677754e+00
7.807432950170729136e+00
7.886362999532350315e+00
7.963712823373684913e+00
8.035073147969830742e+00
8.101289426218546197e+00
8.171775576269986630e+00
8.262359396002651124e+00
8.366694211963304539e+00
8.464669962644073564e+00
8.561460662141021416e+00
8.654473955220947090e+00
8.730086713823355993e+00
8.804427966528100669e+00
8.875738100635841121e+00
8.947008754949990816e+00
9.020020010950601019e+00
9.085162618088187259e+00
9.164435255139407488e+00
9.261439012235067381e+00
9.363605091777756684e+00
9.452357428652392812e+00
9.531160282495655167e+00
9.616742697920686922e+00
9.702077582444147197e+00
9.755747020216265497e+00
9.821726066764210117e+00
9.890675206991977220e+00
9.963402123103481500e+00
1.005029352118827823e+01
1.013147971743238429e+01
1.022379650918512439e+01
1.030783864246003212e+01
