1.051590977267656130e-01
1.487628883029862292e-01
0.000000000000000000e+00
0.000000000000000000e+00
0.000000000000000000e+00
2.115749367909020365e-02
4.763530603999310831e-02
4.986642643048522228e-02
8.776206481461198972e-02
1.574932038537387446e-01
2.126872114175741846e-01
2.790453242243348675e-01
5.668863889468496453e-02
1.063246392995810946e-01
2.366471528490376175e-01
3.869136958422942363e-01
5.058133689666495236e-01
5.851831839735767149e-01
6.398427848349509395e-01
6.696522885053989294e-01
5.775385163885350392e-01
6.344044884317099342e-01
6.909087229182229173e-01
7.588205482581453776e-01
8.141735610511671162e-01
8.882857552722140948e-01
9.393104688505754529e-01
9.944639705950397701e-01
9.792900329423687156e-01
9.657520503504760656e-01
1.011925466198643209e+00
1.048992379874390535e+00
1.023862195065018188e+00
1.108622243586348866e+00
1.199665425562690180e+00
1.294479832749190873e+00
1.365628167742085175e+00
1.432881136920014065e+00
1.456583944750477588e+00
1.500856984010118911e+00
1.516387767426168542e+00
1.520587958324816080e+00
1.457860185560230892e+00
1.496194037423079770e+00
1.547487460426272055e+00
1.598272186052738686e+00
1.639649135411307634e+00
1.654613740181163362e+00
1.676575130961904803e+00
1.627441432820489808e+00
1.558038631947749275e+00
1.489946657374104033e+00
1.439115581430589152e+00
1.402720908656236665e+00
1.433812315868024934e+00
1.518782467297877803e+00
1.602042130740358505e+00
1.648844663202031047e+00
1.688563212632905097e+00
1.711528439436496907e+00
1.590295581031717198e+00
1.476959662332318679e+00
1.413594099513994840e+00
9.870773410972216722e-01
9.316117421409463306e-01
9.693810474044688430e-01
1.085762229275833768e+00
1.234800383904761656e+00
1.145435238434870495e+00
1.238488165622306569e+00
1.479792647379182702e+00
1.720513971723581781e+00
1.863035753101056846e+00
1.920603983163571282e+00
1.907896946193648136e+00
1.852465967094221400e+00
2.093230478099529002e+00
2.389926372005433119e+00
2.565513207762102343e+00
2.768146081264051706e+00
2.916384186220966512e+00
2.998636987990879188e+00
2.149109724986636660e+00
2.098456293188430966e+00
2.474453368875343617e+00
2.775588919379133213e+00
3.005719293768077005e+00
3.311451476899746726e+00
3.598931902851555620e+00
3.835524033154692702e+00
3.962520026886985569e+00
2.986079564348046667e+00
2.685612521042864298e+00
3.094373234484887547e+00
3.521518983647316414e+00
3.873750378568030506e+00
4.156457433415853941e+00
4.444872363015997863e+00
4.746928173365314585e+00
5.038649185543879305e+00
5.270963980562967777e+00
5.459921429027802198e+00
5.592733338208731197e+00
5.697849460497566021e+00
5.805854941754549081e+00
5.921629759080994759e+00
5.854562453639974962e+00
5.918010857062271590e+00
6.089624270688923424e+00
6.310424089281287507e+00
6.526515001921823433e+00
6.742327727040052565e+00
6.909440093331297383e+00
7.040003895153829738e+00
7.162597208017495554e+00
7.293056149151506240e+00
7.444900606796238662e+00
7.579181121865030235e+00
7.728882507324572160e+00
7.954569348533657269e+00
8.200767393530997040e+00
8.457061395100943457e+00
8.707945566303127549e+00
8.905658801171712824e+00
9.043275662306713869e+00
9.194639137698203513e+00
9.357847776947417984e+00
9.535611637631253856e+00
9.715909220349727704e+00
9.879781990591967045e+00
1.013723109355417940e+01
1.041039332875251411e+01
1.065529899240340761e+01
1.086501470742929243e+01
1.106438707513202857e+01
1.118721642485244949e+01
1.131011499359976824e+01
1.142082766949692285e+01
1.154219062548942887e+01
1.167910446725815987e+01
1.183714767854515593e+01
1.208812452258115222e+01
1.239639466583714089e+01
1.266262313052981625e+01
1.288402865531085695e+01
1.310874499407687566e+01
1.327992593901705476e+01
1.342644274983222274e+01
1.361446766056902646e+01
1.382546983902022752e+01
1.399067584221320182e+01
1.416979798978224103e+01
1.445564546105854298e+01
1.476305076926047199e+01
1.505686004895140861e+01
1.534040761291034016e+01
1.558895599349999905e+01
1.579284961652773589e+01
1.598450783598350888e+01
1.615517411131453684e+01
1.634491641837752951e+01
1.657085710014233015e+01
1.684095288340717289e+01
1.719881270391689654e+01
1.761372591058651338e+01
1.800852937723520597e+01
1.836742929328924845e+01
1.867567145521032401e+01
1.894461640561620186e+01
1.924177610273000383e+01
1.955988022373419355e+01
2.001984337222385335e+01
2.036635878302449498e+01
2.066212372300734401e+01
2.104793026085016550e+01
2.156462858110624126e+01
2.209035648052952183e+01
2.252621610350707115e+01
2.294313777609044536e+01
2.326125402767707584e+01
2.319311505042993815e+01
2.344895665134517770e+01
2.371154597040733947e+01
2.404330315721476907e+01
2.434456356489376816e+01
2.459733660731611593e+01
2.501037281881913543e+01
2.510489886849658348e+01
2.539383957911202927e+01
2.577563054418414978e+01
2.606837140505091810e+01
2.623929904546085012e+01
2.637391127963873672e+01
2.656621085907758584e+01
2.676854406176891743e+01
2.692413781849544208e+01
2.719104129934357772e+01
2.766409683510378770e+01
2.803739189957702749e+01
2.831825840456887278e+01
