0.000000000000000000e+00
0.000000000000000000e+00
0.000000000000000000e+00
0.000000000000000000e+00
0.000000000000000000e+00
0.000000000000000000e+00
0.000000000000000000e+00
0.000000000000000000e+00
0.000000000000000000e+00
0.000000000000000000e+00
0.000000000000000000e+00
0.000000000000000000e+00
0.000000000000000000e+00
0.000000000000000000e+00
0.000000000000000000e+00
0.000000000000000000e+00
0.000000000000000000e+00
0.000000000000000000e+00
0.000000000000000000e+00
0.000000000000000000e+00
0.000000000000000000e+00
0.000000000000000000e+00
0.000000000000000000e+00
0.000000000000000000e+00
0.000000000000000000e+00
0.000000000000000000e+00
0.000000000000000000e+00
0.000000000000000000e+00
0.000000000000000000e+00
0.000000000000000000e+00
0.000000000000000000e+00
0.000000000000000000e+00
0.000000000000000000e+00
0.000000000000000000e+00
0.000000000000000000e+00
0.000000000000000000e+00
0.000000000000000000e+00
0.000000000000000000e+00
0.000000000000000000e+00
0.000000000000000000e+00
0.000000000000000000e+00
0.000000000000000000e+00
0.000000000000000000e+00
0.000000000000000000e+00
0.000000000000000000e+00
0.000000000000000000e+00
0.000000000000000000e+00
0.000000000000000000e+00
0.000000000000000000e+00
0.000000000000000000e+00
0.000000000000000000e+00
0.000000000000000000e+00
0.000000000000000000e+00
0.000000000000000000e+00
0.000000000000000000e+00
0.000000000000000000e+00
0.000000000000000000e+00
0.000000000000000000e+00
0.000000000000000000e+00
0.000000000000000000e+00
0.000000000000000000e+00
0.000000000000000000e+00
0.000000000000000000e+00
0.000000000000000000e+00
0.000000000000000000e+00
0.000000000000000000e+00
0.000000000000000000e+00
0.000000000000000000e+00
0.000000000000000000e+00
4.605156706084695406e-02
8.466346854329233340e-02
1.204740200423813218e-01
3.510862797378724864e-02
7.544673052250865097e-02
1.379493455068093732e-01
1.720420007216277858e-01
1.996069742449475271e-01
2.183503788291302761e-01
1.932595298396955763e-01
1.582572946170300310e-01
1.847450655459432489e-01
2.249792817118675403e-01
2.230691993893363922e-01
2.179439804320295604e-01
2.493666944178489497e-01
2.786675601698303528e-01
2.950118152801916027e-01
2.830288496973854540e-01
2.385942665660353845e-01
2.273291694932895457e-01
2.593026541378352645e-01
2.750481115307341629e-01
2.599759236309215904e-01
2.579332888819263481e-01
2.402328210364477745e-01
2.952368076043969114e-01
3.287164958267053683e-01
3.374051227611319370e-01
3.146980396557151893e-01
3.006069376932057335e-01
3.296490808532959726e-01
3.800439404790190157e-01
4.126421351524403036e-01
4.097745754777743499e-01
4.363705845147681783e-01
4.681077711309661327e-01
4.880705229587429250e-01
4.426391631126441184e-01
4.530168472391224999e-01
4.860703375748853250e-01
4.953588826348940266e-01
5.049898894520004067e-01
5.034600661584071046e-01
4.290001339608201514e-01
4.014222620560969901e-01
4.290501975296707737e-01
4.289737511904979095e-01
4.278281987097928285e-01
3.655273465705860536e-01
3.218120122251145188e-01
4.093190356919414463e-01
4.971313801810834376e-01
5.342951075541545469e-01
4.456345174545441878e-01
4.042330878073859268e-01
4.688781073863785842e-01
5.805773828703520989e-01
6.555442088634834130e-01
6.642196698893871876e-01
7.106716317506778235e-01
7.672143740300869652e-01
8.362903890081141434e-01
7.944447679025423703e-01
8.096925926495740500e-01
8.737015324101982117e-01
9.094793324377351551e-01
9.740165220665722989e-01
9.651035108733502232e-01
9.940121421425092141e-01
1.068814063090358424e+00
1.116368426039316741e+00
1.061358851965974237e+00
9.841375215926035924e-01
1.032967718074261132e+00
1.127416295492509768e+00
1.194950515495396770e+00
1.188512767182877461e+00
1.191521668109808862e+00
1.264989105850195195e+00
1.311771934428422437e+00
1.339866983217235630e+00
1.311386002242190152e+00
1.294020897264070324e+00
1.357126056746674969e+00
1.394847933337358015e+00
1.427600683711364837e+00
1.434882894167350154e+00
1.447080399504670822e+00
1.457730883730754101e+00
1.467142713556857769e+00
1.478471379905946792e+00
1.489386575223937026e+00
1.495836848509991990e+00
1.505203452832384547e+00
1.515896860107282418e+00
1.525935997527144927e+00
1.532487106700203938e+00
1.539291384977592214e+00
1.543406732610736798e+00
1.548205159921609342e+00
1.552525187181538646e+00
1.550864945906846870e+00
1.553202740737721355e+00
1.551473412216367143e+00
1.553962008946358164e+00
1.561417603496117135e+00
1.564829926719064179e+00
1.569475606395304590e+00
1.569056243114788085e+00
1.566297422891645530e+00
1.568122813260025339e+00
1.565753277870419291e+00
1.561733818366266346e+00
1.557682105885749291e+00
1.551867941426452902e+00
1.552861350065274371e+00
1.557975055986771995e+00
1.559783352843234994e+00
1.563674072440443208e+00
1.562070529926251838e+00
1.558951295359678690e+00
1.558139232705753718e+00
1.553493388280076770e+00
1.551103974410044550e+00
1.546306746796383802e+00
1.539441910696652593e+00
1.539206874436514161e+00
1.544121296143356137e+00
1.546503040953316033e+00
1.549985875395342827e+00
