0.000000000000000000e+00
0.000000000000000000e+00
0.000000000000000000e+00
0.000000000000000000e+00
0.000000000000000000e+00
0.000000000000000000e+00
0.000000000000000000e+00
0.000000000000000000e+00
0.000000000000000000e+00
0.000000000000000000e+00
0.000000000000000000e+00
0.000000000000000000e+00
0.000000000000000000e+00
0.000000000000000000e+00
0.000000000000000000e+00
0.000000000000000000e+00
0.000000000000000000e+00
0.000000000000000000e+00
0.000000000000000000e+00
0.000000000000000000e+00
0.000000000000000000e+00
0.000000000000000000e+00
0.000000000000000000e+00
0.000000000000000000e+00
0.000000000000000000e+00
0.000000000000000000e+00
0.000000000000000000e+00
0.000000000000000000e+00
0.000000000000000000e+00
0.000000000000000000e+00
0.000000000000000000e+00
0.000000000000000000e+00
0.000000000000000000e+00
0.000000000000000000e+00
0.000000000000000000e+00
0.000000000000000000e+00
0.000000000000000000e+00
0.000000000000000000e+00
0.000000000000000000e+00
0.000000000000000000e+00
0.000000000000000000e+00
0.000000000000000000e+00
0.000000000000000000e+00
0.000000000000000000e+00
0.000000000000000000e+00
1.771453418073203100e-03
3.372669841947208841e-02
0.000000000000000000e+00
0.000000000000000000e+00
2.621251669142286508e-02
9.633900383191543182e-02
1.122201365926543543e-01
1.117427840652652077e-01
1.085015518432030784e-01
1.104239881894442388e-01
1.203336114976050475e-01
1.303880218512634137e-01
1.197202671535023549e-01
1.224274646469609151e-01
1.272645267660461876e-01
1.315974245363047690e-01
1.389683146839929551e-01
1.027262353964393526e-01
5.580919889071405543e-02
3.890047183623136090e-02
7.801090064746506181e-02
1.233111720100392439e-01
1.308054713734193020e-01
1.127686072810521606e-01
1.318149613827454547e-01
1.702457704236345071e-01
2.087808194297970932e-01
2.208990324727678756e-01
2.284002117494980943e-01
2.385590568983038118e-01
2.509243484247898337e-01
2.808277983352836515e-01
3.053913099794773323e-01
2.885869039286896309e-01
2.792207539627540869e-01
2.968340094036270860e-01
3.315576614849284898e-01
3.084260486746281948e-01
3.054892061248864477e-01
3.435398244699849890e-01
3.797445706821703792e-01
4.059997413555744283e-01
4.141315216914407960e-01
4.168263912438063268e-01
4.384360386705132284e-01
4.516278523841841253e-01
4.186681701844151005e-01
3.976343622100733666e-01
4.195817203045532628e-01
4.466347528044068982e-01
4.866087281533875708e-01
5.042971740526032143e-01
5.010642892596071096e-01
4.859162927926503617e-01
5.082578832247603984e-01
5.431367421547593777e-01
5.862068476755715185e-01
6.201875476035680901e-01
6.323479480965272792e-01
6.558746227000078477e-01
6.865399759048282924e-01
6.882142882381983018e-01
6.621653187390310613e-01
6.918167583684575739e-01
7.264338950946278572e-01
7.488673666520991867e-01
7.739964787022908244e-01
7.751813410824510697e-01
7.909905684651027391e-01
8.328485916951554602e-01
8.559601644928298558e-01
8.329096062522819421e-01
8.038348953355077819e-01
7.771297096460353382e-01
8.264713569605506294e-01
8.585798609033429285e-01
8.740580476129421461e-01
8.942612252446168197e-01
8.630206345165114534e-01
8.908289455440286941e-01
9.489576452021855069e-01
1.000514208458806342e+00
1.038403241572804836e+00
1.075702987451156556e+00
1.120079212021811488e+00
1.172494068866605899e+00
1.234959966489774130e+00
1.255857353547968458e+00
1.294751532828853691e+00
1.333182024888553530e+00
1.362223602991462279e+00
1.414757224894124255e+00
1.411193290400707845e+00
1.443694134387111250e+00
1.513843335662360845e+00
1.565646011906107526e+00
1.551791819742071921e+00
1.501996616483061375e+00
1.534603243639530712e+00
1.621651667366199812e+00
1.682185324300847551e+00
1.666164698363982177e+00
1.683795870606960010e+00
1.759420906581920852e+00
1.815802285460026866e+00
1.857415994992728026e+00
1.822055478718312083e+00
1.814286149714920304e+00
1.888892869111649331e+00
1.943463748192751916e+00
1.984305170382179462e+00
2.006060027824263514e+00
2.028340536009586081e+00
2.047833409847914510e+00
2.068222327576409114e+00
2.089588279480399713e+00
2.101645655175999217e+00
2.111238105703165058e+00
2.130212284408710133e+00
2.151501165650473890e+00
2.171558782487969630e+00
2.188148315179363479e+00
2.199835510992841581e+00
2.209314323451898598e+00
2.216235092026871190e+00
2.221458559420493195e+00
2.227649988753000798e+00
2.228703381682412221e+00
2.229856553003192854e+00
2.240229272152944873e+00
2.253189190637660655e+00
2.265273972276853787e+00
2.274712531302168994e+00
2.281634143373621360e+00
2.281241911683825396e+00
2.284546846350211879e+00
2.281216411684136691e+00
2.279177977577908631e+00
2.273548953970325748e+00
2.270259606683083575e+00
2.275996122427255131e+00
2.284303014498613393e+00
2.293850604966158890e+00
2.300324272036494033e+00
2.301559480095747734e+00
2.298937165630586144e+00
2.292852743840152918e+00
2.288584384910490321e+00
2.285297880301905504e+00
2.279304328489698772e+00
2.273301104772487147e+00
2.277791576064626788e+00
2.285833667242349598e+00
2.290805987423771395e+00
2.293631755056788624e+00
