1.184496332286896630e-01
1.707750131796679505e-01
0.000000000000000000e+00
0.000000000000000000e+00
0.000000000000000000e+00
5.186297562289444302e-02
8.123190095886242967e-02
5.470270572679577364e-02
9.916881275078918978e-02
1.763220232712014723e-01
2.418159839614064943e-01
3.262011762896467881e-01
6.827066819440073819e-02
1.194047412488875304e-01
2.831917349154774444e-01
4.694757749900472787e-01
6.059766435969342613e-01
7.061853806168152392e-01
7.786729795259026421e-01
8.180116130892554072e-01
7.115807299320675572e-01
7.788077737685650259e-01
8.380192272449966673e-01
9.222101710272646580e-01
9.894940606669409000e-01
1.082925395641532340e+00
1.145254352442878210e+00
1.211695916550216801e+00
1.194151390284840186e+00
1.172178578903433355e+00
1.231422260759197806e+00
1.275148545989517546e+00
1.255407257477421323e+00
1.349087946780430869e+00
1.458131122126733459e+00
1.566283672570681018e+00
1.660980832464075130e+00
1.748814169614318903e+00
1.780703939487713106e+00
1.829055807681394086e+00
1.848094196403130107e+00
1.849126095869852104e+00
1.792967285331276583e+00
1.821326857914599362e+00
1.879316869430166514e+00
1.924384615501361528e+00
1.987742542796655076e+00
1.999029492849322187e+00
2.016151212441350093e+00
1.959297558186288812e+00
1.888146143569109148e+00
1.794626065076548871e+00
1.719908879638857302e+00
1.689099176413390024e+00
1.736294633900882234e+00
1.830755590406424771e+00
1.929940850366073546e+00
1.983978560032240823e+00
2.036468286932891836e+00
2.064296691472536693e+00
1.924673185840994893e+00
1.783949279031956658e+00
1.704433792519732815e+00
1.250786025517821809e+00
1.234143341203155497e+00
1.333877637762848734e+00
1.482878397545281057e+00
1.616061243918106127e+00
1.578989313965910801e+00
1.664609566055011314e+00
1.858181938927581101e+00
2.084491096006622968e+00
2.248623450421922243e+00
2.314091013433924982e+00
2.305577110686849007e+00
2.262869076538029933e+00
2.529020288722901633e+00
2.900939482607574949e+00
3.113296136482483156e+00
3.384753202829777763e+00
3.572776567394455149e+00
3.668533996689737453e+00
2.596270435904487695e+00
2.564430546885014817e+00
3.028228298860367484e+00
3.376023305312632949e+00
3.654357598061788615e+00
4.021800440006740196e+00
4.384645668702931154e+00
4.685870911752574308e+00
4.869010710979868151e+00
3.659956461572311692e+00
3.276737331500567674e+00
3.812592769679614690e+00
4.314604009767419868e+00
4.751028283651986150e+00
5.093335390055138134e+00
5.451817916966525956e+00
5.808556853126270347e+00
6.100486521781051330e+00
6.368187133394713761e+00
6.601154975520861612e+00
6.754354373206571616e+00
6.879395282987855076e+00
7.029416793232732275e+00
7.188047786646944104e+00
7.139443205669049775e+00
7.228998937499183874e+00
7.457045860082477162e+00
7.737062600515119293e+00
8.043483712238181482e+00
8.345030072299964630e+00
8.580367601549841794e+00
8.760388732483924912e+00
8.955974414565590180e+00
9.144035468292070590e+00
9.337467959842459919e+00
9.552640255495933985e+00
9.752621373798930904e+00
1.004793178848168544e+01
1.040541281500809312e+01
1.074320467993101147e+01
1.101591465057483710e+01
1.123265650173400765e+01
1.143899642270582007e+01
1.161486301583789604e+01
1.174985911560493257e+01
1.187559532224988423e+01
1.204356433973497964e+01
1.223235344847356210e+01
1.251411913425369882e+01
1.282488361672773181e+01
1.307603466140035486e+01
1.332136083311329422e+01
1.352457170332381686e+01
1.362985375441862779e+01
1.375387168045484643e+01
1.386137166428678213e+01
1.396637102256037188e+01
1.409738053328769247e+01
1.419313517437952221e+01
1.436213985324567410e+01
1.452280990626679547e+01
1.472555232540472403e+01
1.485828608667167217e+01
1.496088179327772849e+01
1.503565872690887240e+01
1.508201144208847388e+01
1.509956233559878669e+01
1.511017921536768505e+01
1.511909692841518371e+01
1.513706371631213088e+01
1.525696370451660044e+01
1.540777757539069448e+01
1.554293153278968553e+01
1.563949719062132537e+01
1.566650457596589341e+01
1.565747110112062401e+01
1.563454705787864540e+01
1.561301235059072745e+01
1.559336243876795791e+01
1.559058449876091679e+01
1.558919516280685613e+01
1.567992109045729521e+01
1.580271736880909295e+01
1.588537901337914882e+01
1.598858391158092651e+01
1.606171208268140305e+01
1.605928147427809094e+01
1.602029572372829236e+01
1.599691692669932230e+01
1.597153075545620204e+01
1.597391345833933940e+01
1.596340683887858169e+01
1.609147391766891033e+01
1.617902665686528607e+01
1.626835835741102088e+01
1.633080284742719712e+01
1.633166159670589224e+01
1.633516933185424236e+01
1.631000857952263772e+01
1.630634762186258868e+01
1.632055452142223473e+01
1.634811059463259042e+01
1.636237823637504718e+01
1.642401337893625168e+01
1.650943558185191762e+01
1.658388978512740053e+01
1.664276304097466408e+01
1.669227911728283686e+01
1.670644055885922086e+01
1.666676866705007143e+01
1.661130868318728560e+01
1.655948426020161079e+01
1.653459263547046731e+01
1.658499566836017891e+01
1.663892585310901140e+01
1.669333736564361104e+01
1.679313793717281200e+01
1.684498155652900309e+01
