2.410246754815286233e-02
4.116335674056919441e-02
0.000000000000000000e+00
0.000000000000000000e+00
0.000000000000000000e+00
0.000000000000000000e+00
1.361107124025287562e-04
0.000000000000000000e+00
9.888661109760150600e-03
4.036684386866535440e-02
6.314890682139348566e-02
9.192548541760631187e-02
0.000000000000000000e+00
1.814740946303202568e-02
8.433967744514622722e-02
1.496031696201393091e-01
1.980614523082802336e-01
2.300089825789432829e-01
2.519980675163492334e-01
2.627110752107674752e-01
2.321548513652244572e-01
2.579484751061772441e-01
2.823086795919770298e-01
3.097270636362429719e-01
3.325056602694678731e-01
3.548412828749384351e-01
3.777584271592197562e-01
4.011525381696990911e-01
3.991053509111078812e-01
3.965645195864163086e-01
4.186974713082922683e-01
4.359755195987777832e-01
4.341947151052266141e-01
4.600334163382545638e-01
4.938310027046049488e-01
5.300093968305041869e-01
5.590114258037375272e-01
5.832616242062927947e-01
5.972077301306104591e-01
6.164059987005793273e-01
6.289409950503035418e-01
6.358305274047724165e-01
6.228806393662681407e-01
6.332322186167528288e-01
6.535910802956536036e-01
6.706901246246786963e-01
6.896439577728150638e-01
6.950119251744597548e-01
7.091301755258075934e-01
7.004082259973417601e-01
6.723485829145630088e-01
6.570415856599352011e-01
6.513804656305856033e-01
6.500283098852429609e-01
6.644138508672674526e-01
6.869621174877802439e-01
7.151052184682927804e-01
7.331540734016471772e-01
7.483888172287571638e-01
7.617221803690854554e-01
7.403540796455627682e-01
7.246529575473333873e-01
7.093299555806459322e-01
5.678775244709253212e-01
5.417892545132165782e-01
5.880729832582718419e-01
6.475192169889391058e-01
6.933424407646071597e-01
6.575872330105672070e-01
7.013265783315750790e-01
7.859774643155773566e-01
8.611114700276824019e-01
9.144669403060716739e-01
9.393151966717202539e-01
9.461755553495693194e-01
9.354147467074809263e-01
1.028969168984792182e+00
1.122815114146091808e+00
1.186950394646393070e+00
1.249995359700725617e+00
1.295616784044822722e+00
1.321285081006979834e+00
1.088293215848483264e+00
1.086288811377685848e+00
1.196881573049452863e+00
1.297010943129888849e+00
1.372355974991881888e+00
1.415486400701345682e+00
1.518601446150118717e+00
1.607966352704174984e+00
1.664251127924452955e+00
1.387269878339568718e+00
1.325083857009596633e+00
1.439692437728886443e+00
1.583473291908624514e+00
1.690570073483047553e+00
1.716650385090243924e+00
1.796512104295835854e+00
1.916302010134947720e+00
2.029678926616024448e+00
2.131090244331606431e+00
2.221865395206938931e+00
2.296261595715786807e+00
2.367594720310371770e+00
2.423820318993246126e+00
2.479340371564844769e+00
2.503131469340519111e+00
2.569175079508872361e+00
2.650445049672681463e+00
2.759905812586427309e+00
2.859256044066818436e+00
2.928350878535499913e+00
2.918886631405258392e+00
2.986071754275640533e+00
3.067112959050966481e+00
3.159708700145035909e+00
3.248242430988273810e+00
3.332527714129516649e+00
3.435761826229430049e+00
3.554567313827783348e+00
3.671358212421039546e+00
3.662808519455334366e+00
3.751868112546288270e+00
3.859018005650151739e+00
3.984506581498969968e+00
4.091944085097749984e+00
4.175617101973959855e+00
4.284424618818900576e+00
4.402959046190978221e+00
4.507273735211730248e+00
4.634027664041814099e+00
4.762769735339497323e+00
4.891234636374127476e+00
5.010087336518103562e+00
5.122240917336338129e+00
5.233797961085063122e+00
5.319610411193525401e+00
5.408128943613578876e+00
5.516725042262693002e+00
5.625751257016020190e+00
5.728124993981599467e+00
5.831680638024030472e+00
5.963034113956297233e+00
6.088691727368126472e+00
6.224674858939131639e+00
6.339288628154963412e+00
6.452118950103863604e+00
6.559566562900309705e+00
6.659945716086157042e+00
6.764248357503912068e+00
6.873908992123804573e+00
6.981308455465848439e+00
7.112418860062535764e+00
7.244640417196975157e+00
7.388527998313366929e+00
7.511910676184598401e+00
7.627425391972101565e+00
7.725578729949224233e+00
7.828222642036407386e+00
7.918934161059318910e+00
8.013530408869430133e+00
8.108491677637459816e+00
8.203551854066354565e+00
8.317803402952995029e+00
8.440316504187761026e+00
8.576425978002575334e+00
8.702126484149653507e+00
8.801019045296497367e+00
8.893103130104138998e+00
8.973642163540640482e+00
9.067533966832886705e+00
9.152291073477083927e+00
9.235081633072676155e+00
9.323641919511489462e+00
9.435420231200598806e+00
9.556927752103803186e+00
9.687261816113581503e+00
9.806324987724849507e+00
9.903124912277249337e+00
9.983872083807915132e+00
1.006316705981343773e+01
1.011807456263373162e+01
1.020016346022240405e+01
1.027069184934258672e+01
1.034760051537471703e+01
1.044779859138493450e+01
1.056349516793991938e+01
1.067873973410565291e+01
1.077100557811147397e+01
1.084690820745383810e+01
1.092588735321616333e+01
1.097963347112880506e+01
1.103042343648609780e+01
1.109510426411990203e+01
1.116627109480996261e+01
1.124725195261891741e+01
1.134096776360052949e+01
1.144188005585897194e+01
1.156017826776413138e+01
1.166845592538400389e+01
