2.394318127459916373e-02
4.119185551787214045e-02
0.000000000000000000e+00
0.000000000000000000e+00
0.000000000000000000e+00
0.000000000000000000e+00
1.722860562677951211e-03
0.000000000000000000e+00
9.250305676959006546e-03
3.937560940375633978e-02
6.191506213152179333e-02
9.004363914345860087e-02
0.000000000000000000e+00
1.835016336846205867e-02
8.350981377703607655e-02
1.478593616390695975e-01
1.974182865379298657e-01
2.282963192882090653e-01
2.503938283689774447e-01
2.606914193326370643e-01
2.305136657084307927e-01
2.564846476416557941e-01
2.803647148769191633e-01
3.082855356206081199e-01
3.305516806583257972e-01
3.546135038283547702e-01
3.768672946200838925e-01
4.000626113354699420e-01
3.971437313843278472e-01
3.947094108047047856e-01
4.172293185863557019e-01
4.352950672904150053e-01
4.338290940372739324e-01
4.593054625744623642e-01
4.913131171842442524e-01
5.271315721067648674e-01
5.565085830127511901e-01
5.816120158199251655e-01
5.956721742798615216e-01
6.153229206228557624e-01
6.265356847260541429e-01
6.339726810369687993e-01
6.214412943258869060e-01
6.313832384859743296e-01
6.519906521258099774e-01
6.683702365009936974e-01
6.876358144636848246e-01
6.920673753403168149e-01
7.057135770501633543e-01
6.983466664665189949e-01
6.696011917999640239e-01
6.553302113248000715e-01
6.481386141125156097e-01
6.459729221652178444e-01
6.627681323706597905e-01
6.849424935903764000e-01
7.107424089520707478e-01
7.307099921094344364e-01
7.419772523338351577e-01
7.552900871824622664e-01
7.360604333986252579e-01
7.219960406603030956e-01
7.058341555384649579e-01
5.693938156093416580e-01
5.418369810933573172e-01
5.888589837134126093e-01
6.489340984621856379e-01
6.938070469963459885e-01
6.536137403338676544e-01
6.978337584552587458e-01
7.794618189828006471e-01
8.585065505180164980e-01
9.101525015840452593e-01
9.342200820770989456e-01
9.394212885316106654e-01
9.316840048775781868e-01
1.024868428734502679e+00
1.123646600957368014e+00
1.182788251442990823e+00
1.243933403619182698e+00
1.289833035666381189e+00
1.315978881335928330e+00
1.091877489583478189e+00
1.082902594944128882e+00
1.194963746957292239e+00
1.290411324391754988e+00
1.364579025151273273e+00
1.405993575993444988e+00
1.510883360107998952e+00
1.603458088833353612e+00
1.655571180789544350e+00
1.379414189115675704e+00
1.316374488674408871e+00
1.436205123289135743e+00
1.584565657917460069e+00
1.691128649296495867e+00
1.701225111350826324e+00
1.790787695946390867e+00
1.915404968165912214e+00
2.030553350927542855e+00
2.133593088173846297e+00
2.228073067900043558e+00
2.301619809751751067e+00
2.366184193699101712e+00
2.426908754491922782e+00
2.484665095509311250e+00
2.498953075481617159e+00
2.562866899830790413e+00
2.647818980708279479e+00
2.763165355699109593e+00
2.867990019422947068e+00
2.936160807003011186e+00
2.939039794193516020e+00
3.009096722856334338e+00
3.093741286538697288e+00
3.185650857700612182e+00
3.275780801162178069e+00
3.372158317392250915e+00
3.474568115223899412e+00
3.602585864552629857e+00
3.720307001823621729e+00
3.700962704782227330e+00
3.783844335423119709e+00
3.887907564170439922e+00
3.987685402647474842e+00
4.087067501295702066e+00
4.158241155408978429e+00
4.262338195159562027e+00
4.358290918294148497e+00
4.441410845607481228e+00
4.550947732959937930e+00
4.658816952311514825e+00
4.761305646189581964e+00
4.858183048017886030e+00
4.939981465217690548e+00
5.010242261513705664e+00
5.058940997902508840e+00
5.114267079367209590e+00
5.184232216964986151e+00
5.252126230786297256e+00
5.317425384490352513e+00
5.390077545463776154e+00
5.472637831680298603e+00
5.553865389009607689e+00
5.637862255198831996e+00
5.716736352980675839e+00
5.768189089389919033e+00
5.815606725145607392e+00
5.855353354602559790e+00
5.907319854684142335e+00
5.957126760522276854e+00
6.009080117658982978e+00
6.077653878954627942e+00
6.146531236028200063e+00
6.219698607497067933e+00
6.294060688228589662e+00
6.358040687368551325e+00
6.394309189427007212e+00
6.436943697312519141e+00
6.473543056448382238e+00
6.504708745178941598e+00
6.530615338835959349e+00
6.556753371330322544e+00
6.625911956368081057e+00
6.717038288121652378e+00
6.800459698317465218e+00
6.868239568075156676e+00
6.917076027635077118e+00
6.951122020380450017e+00
6.980570363860445049e+00
7.016001834621055089e+00
7.053615257057615828e+00
7.080038433008440713e+00
7.115439351126751966e+00
7.183478612227689020e+00
7.247444234946053498e+00
7.318186643157474691e+00
7.370631912626093296e+00
7.404696957023642945e+00
7.430002377175366490e+00
7.438120957144417567e+00
7.446542505084358332e+00
7.471907666104278256e+00
7.498168539016976553e+00
7.530176261131988014e+00
7.579846720361659962e+00
7.622865741893138036e+00
7.673704537750611898e+00
7.706884090786396690e+00
7.741319142189606595e+00
7.767820417245289377e+00
7.763395790464548085e+00
7.777717933836563624e+00
7.796687406861616765e+00
7.814534456066366985e+00
7.826873779269160281e+00
7.851641420758527445e+00
7.898636404901673735e+00
7.936114781727550138e+00
7.976547316048726799e+00
