0.000000000000000000e+00
0.000000000000000000e+00
0.000000000000000000e+00
0.000000000000000000e+00
0.000000000000000000e+00
0.000000000000000000e+00
0.000000000000000000e+00
0.000000000000000000e+00
0.000000000000000000e+00
0.000000000000000000e+00
0.000000000000000000e+00
0.000000000000000000e+00
0.000000000000000000e+00
0.000000000000000000e+00
0.000000000000000000e+00
0.000000000000000000e+00
0.000000000000000000e+00
0.000000000000000000e+00
0.000000000000000000e+00
0.000000000000000000e+00
0.000000000000000000e+00
0.000000000000000000e+00
0.000000000000000000e+00
0.000000000000000000e+00
0.000000000000000000e+00
0.000000000000000000e+00
0.000000000000000000e+00
0.000000000000000000e+00
0.000000000000000000e+00
0.000000000000000000e+00
0.000000000000000000e+00
0.000000000000000000e+00
0.000000000000000000e+00
0.000000000000000000e+00
0.000000000000000000e+00
0.000000000000000000e+00
0.000000000000000000e+00
0.000000000000000000e+00
0.000000000000000000e+00
0.000000000000000000e+00
0.000000000000000000e+00
0.000000000000000000e+00
0.000000000000000000e+00
0.000000000000000000e+00
0.000000000000000000e+00
0.000000000000000000e+00
0.000000000000000000e+00
0.000000000000000000e+00
0.000000000000000000e+00
0.000000000000000000e+00
0.000000000000000000e+00
0.000000000000000000e+00
0.000000000000000000e+00
0.000000000000000000e+00
0.000000000000000000e+00
0.000000000000000000e+00
2.387908894123080480e-02
0.000000000000000000e+00
0.000000000000000000e+00
1.907039687527884581e-02
9.116584532832298915e-02
1.044655396231380928e-01
7.937508434791699929e-02
2.602988328415915126e-02
0.000000000000000000e+00
0.000000000000000000e+00
5.035157381800325904e-02
6.805189655195421905e-02
6.162484402587026233e-02
7.091382013016700459e-02
1.014851632298376105e-01
1.327280561482305499e-01
1.078533308260080509e-01
1.098173438079928371e-01
1.426391769850036961e-01
1.652845603106809225e-01
1.881600095199582323e-01
2.055828878291488804e-01
1.871506692060078969e-01
1.813343594549264026e-01
1.841208439767640093e-01
2.021182719896372770e-01
1.868995388041154171e-01
1.425278265267182209e-01
1.093897686844236550e-01
1.547424509242589785e-01
2.044900207706777939e-01
2.306522377488822440e-01
2.128029989923362619e-01
2.130006317443192132e-01
2.497850335424225410e-01
2.663671323327009288e-01
2.652873914996918825e-01
2.958225172767127154e-01
3.210237896380185307e-01
3.375696325113259344e-01
3.571320488621430589e-01
3.410958050856597312e-01
3.599062229555486936e-01
3.960347408385986312e-01
4.172400990698234002e-01
4.289232388354975445e-01
3.979203804172155579e-01
3.596515793073343237e-01
3.643794928222031659e-01
3.954855097177999990e-01
3.942424107503318398e-01
3.965605158248927120e-01
3.551945306350824949e-01
3.497807831703022008e-01
4.159484194370183796e-01
4.503120423914856452e-01
4.548759583326440481e-01
4.775261482562036530e-01
5.081737198134274047e-01
5.449847118568958981e-01
5.914218811180464996e-01
6.256346991882403286e-01
6.562506237595323588e-01
6.761236363096838620e-01
6.749535552819816431e-01
6.901303707540434873e-01
6.666472208006493094e-01
5.991780163610556098e-01
6.059444687179759148e-01
6.528537737522581708e-01
7.118476842332834842e-01
7.081313264262510954e-01
6.970924054378897505e-01
7.549696101173235530e-01
8.271611547745134629e-01
8.468291609516912510e-01
8.585544638921908112e-01
9.158374406886139463e-01
9.537595344662952446e-01
9.743913245420922076e-01
9.766000869618504110e-01
9.864427408897367133e-01
1.050141191773730442e+00
1.103168766944327528e+00
1.139222769453632544e+00
1.169295249619767718e+00
1.119270778696550339e+00
1.126888903010632603e+00
1.185202909575595154e+00
1.224480044113091415e+00
1.255456564367938288e+00
1.284440041852419334e+00
1.305028912217132797e+00
1.324942823944810444e+00
1.338294978677283531e+00
1.291370040402121555e+00
1.265068461720773918e+00
1.320872135278068793e+00
1.360029277769535083e+00
1.381775056862852402e+00
1.400775819986117554e+00
1.410564395064123566e+00
1.411303059613866928e+00
1.409793536437970785e+00
1.409840592916196345e+00
1.411076323689687939e+00
1.412888017319599232e+00
1.418689646571674512e+00
1.429827488094651322e+00
1.434755660423855383e+00
1.439258794140157560e+00
1.440160995649349962e+00
1.439504373988283570e+00
1.436189859477823738e+00
1.435196043762127394e+00
1.432009092520892146e+00
1.429623882999419449e+00
1.426207779021009925e+00
1.429214787432926403e+00
1.437186264639391808e+00
1.442229478056280767e+00
1.442844777090086517e+00
1.443745545189252688e+00
1.439755042306542387e+00
1.434280573179459006e+00
1.430480175123550968e+00
1.424789970610923273e+00
1.421052687513186141e+00
1.417466001945724141e+00
1.422513880661741448e+00
1.427852451584335380e+00
1.432703775784328393e+00
1.435352425240781660e+00
1.434293325181162260e+00
1.428525920274110961e+00
1.424356811637629283e+00
1.424293445510184108e+00
1.430356492660493029e+00
1.435607466607139449e+00
1.442977149363474876e+00
1.455986975008017437e+00
1.467697680566421914e+00
1.474865666215511295e+00
1.480862490962784328e+00
