0.000000000000000000e+00
0.000000000000000000e+00
0.000000000000000000e+00
0.000000000000000000e+00
0.000000000000000000e+00
0.000000000000000000e+00
0.000000000000000000e+00
0.000000000000000000e+00
0.000000000000000000e+00
0.000000000000000000e+00
0.000000000000000000e+00
0.000000000000000000e+00
0.000000000000000000e+00
0.000000000000000000e+00
6.597145036649916180e-03
4.360933898408056453e-02
6.399525995209570661e-02
6.113094423525912424e-02
6.840742327872911810e-02
7.381257617461105258e-02
7.105685724100865852e-02
8.102999662799210967e-02
8.940580666430847367e-02
9.966023264658573078e-02
1.104115678403697481e-01
1.196136741410306209e-01
1.325845712636799234e-01
1.295761858178248183e-01
1.311545229390982947e-01
1.384130272165888520e-01
1.599525075324159107e-01
1.767789671066241353e-01
1.825958796122338634e-01
1.956145202866809707e-01
2.084668404635530436e-01
2.134076439113511692e-01
2.272711646665941942e-01
2.391113484644465659e-01
2.502190280613030837e-01
2.620324666249064793e-01
2.724629411830019610e-01
2.778367212551432486e-01
2.755026811211785942e-01
2.789678109405421824e-01
2.852639295306163558e-01
2.966738855124023133e-01
3.107192226245418243e-01
3.143276170340421061e-01
3.250329911247064607e-01
3.262596525077273157e-01
3.214809061441855631e-01
3.235315907035667959e-01
3.254596886240117559e-01
3.233727669672110117e-01
3.307885708355666754e-01
3.410021519526877931e-01
3.562600365609110975e-01
3.631996480994432730e-01
3.728824633218467133e-01
3.820798216343109788e-01
3.732615913942164965e-01
3.635055954788368182e-01
3.553905758530709891e-01
2.504318746003965646e-01
1.873714115173326089e-01
2.317258198236087641e-01
2.884779579339888933e-01
3.182425758465311505e-01
2.915534540494061910e-01
3.166880910490462164e-01
3.725808680124952366e-01
4.215066828412784572e-01
4.515106344969179730e-01
4.659662979314318498e-01
4.668446793157577379e-01
4.498965419250814946e-01
4.882075495755837102e-01
5.304239196276313573e-01
5.292876843853847602e-01
5.533355676455404826e-01
5.745458490695568576e-01
5.991311871539357625e-01
5.189734152049794158e-01
5.134096723637664450e-01
5.729068165236034238e-01
6.293581879237274412e-01
6.757369903896904839e-01
7.111497011011475022e-01
7.491594061477986344e-01
7.826335201182655910e-01
8.030423173583312035e-01
7.136837874127449632e-01
6.838302379282086285e-01
7.483676808889607734e-01
8.236954940565257566e-01
8.749774219975015033e-01
8.979462000917087794e-01
8.847595273820272332e-01
8.978127918917242489e-01
9.629159065350612057e-01
1.022786155616059345e+00
1.075422770383114734e+00
1.115856259574590892e+00
1.151869326452734654e+00
1.179634992020452522e+00
1.209974476703309154e+00
1.174176509164745585e+00
1.183046832603247278e+00
1.243265751901474259e+00
1.303568041210501294e+00
1.353944327263546077e+00
1.404289813725214442e+00
1.410181446061204102e+00
1.451627701502695489e+00
1.512379622363833498e+00
1.565781601102111953e+00
1.613998085115929682e+00
1.617028627463608759e+00
1.658918802430718431e+00
1.725203729035388323e+00
1.786973331802165887e+00
1.772739606777338661e+00
1.807800956643252466e+00
1.872999952596746676e+00
1.947671701864859939e+00
2.009072628317972065e+00
1.999162766319972251e+00
2.028757248114451350e+00
2.090990184250859141e+00
2.151926768346608121e+00
2.213046765891727219e+00
2.270214919986282442e+00
2.327450642488498644e+00
2.383692671774138017e+00
2.433369515592608057e+00
2.479023678651387730e+00
2.508215263681902840e+00
2.533866410627357180e+00
2.573376588568479395e+00
2.614854919647544573e+00
2.656249764568944460e+00
2.699216617770032300e+00
2.715191971592306963e+00
2.767956343977176825e+00
2.829327985470026174e+00
2.882717079001006599e+00
2.876859820668311141e+00
2.917037174189117898e+00
2.967529487626359153e+00
3.014254675698560870e+00
3.060077848968713710e+00
3.023462319224382799e+00
3.060635492170861394e+00
3.123353524631790723e+00
3.190565905765638366e+00
3.247903642021090498e+00
3.302641205054626550e+00
3.349061635271902038e+00
3.384914684096535620e+00
3.426974988221534346e+00
3.456879191296861276e+00
3.474720011944888665e+00
3.493097673352049348e+00
3.527810273113133999e+00
3.565066095100062338e+00
3.603874152124044716e+00
3.629674497197080019e+00
3.662996287982881682e+00
3.684889586541037598e+00
3.713004504883047119e+00
3.742456676341223698e+00
3.765679508521638574e+00
3.784123883841314484e+00
3.796027093424213739e+00
3.823038528511116585e+00
3.852705134319660996e+00
3.880669831177345763e+00
3.905169927336838320e+00
3.925767006030930428e+00
3.945559577925348727e+00
3.963116937385378957e+00
3.975267891301680567e+00
3.984898059265699288e+00
3.989131501182634487e+00
3.992786117697919135e+00
4.009632506938360486e+00
4.030433391964697520e+00
4.045559899475124510e+00
4.063093448541195585e+00
4.074571522539815582e+00
4.077651521869822382e+00
4.081884517033365078e+00
4.083662140272990904e+00
4.082015920537400255e+00
4.078783713036102654e+00
4.075271734584567263e+00
4.085412607028903409e+00
4.097908184113979502e+00
4.111441592895053176e+00
4.120562454536380592e+00
