0.000000000000000000e+00
0.000000000000000000e+00
0.000000000000000000e+00
0.000000000000000000e+00
0.000000000000000000e+00
0.000000000000000000e+00
0.000000000000000000e+00
0.000000000000000000e+00
0.000000000000000000e+00
0.000000000000000000e+00
0.000000000000000000e+00
0.000000000000000000e+00
0.000000000000000000e+00
0.000000000000000000e+00
0.000000000000000000e+00
0.000000000000000000e+00
4.400057510384011716e-03
0.000000000000000000e+00
0.000000000000000000e+00
0.000000000000000000e+00
3.044442474036208532e-02
4.416749365242544217e-02
0.000000000000000000e+00
0.000000000000000000e+00
8.566484781339270271e-03
3.500742425104245992e-02
5.182017000349944252e-02
6.626014518188076165e-03
2.723584486734474328e-02
5.908192750467805565e-02
8.048481092229657630e-02
9.948602045286079887e-02
7.234611391249640144e-02
8.422880204110461122e-02
1.122676612951390013e-01
1.368665491595570660e-01
1.596118355688499191e-01
1.670495868142546358e-01
1.779887335258800718e-01
1.887385206235606683e-01
1.930039182937647868e-01
2.073902050881129278e-01
2.141536742460707909e-01
2.238407419813980559e-01
2.335592015931685361e-01
2.401861885600200253e-01
2.510824180849203224e-01
2.557199161157171496e-01
2.609932896199362307e-01
2.618178066394908909e-01
2.631719675345999820e-01
2.628910551942071350e-01
2.587258986244746484e-01
2.583166846164480224e-01
2.657104865881819711e-01
2.800470338025026762e-01
2.941832745006239258e-01
3.015875594881489707e-01
3.095903679776498829e-01
3.167756340682895688e-01
3.052389391424001897e-01
3.038556631962137655e-01
3.017172508707949841e-01
2.384262742864675100e-01
2.006751800287115695e-01
2.237756229459505475e-01
2.614426363464138481e-01
2.862030065140661605e-01
2.602537155361566157e-01
2.766873912048484763e-01
3.188551734002709748e-01
3.511259469751289997e-01
3.670218795934363509e-01
3.706612728480150887e-01
3.750738403969245405e-01
3.817043404959090114e-01
4.226286260664676164e-01
4.589558549222411132e-01
4.834550238277311451e-01
5.085375564533259896e-01
5.110495839350742697e-01
5.216363072076390939e-01
4.517123616080692683e-01
4.126363983645172095e-01
4.459624333187710565e-01
4.915093019412634101e-01
5.318098983364931698e-01
5.469544594770100465e-01
5.323378840523109723e-01
5.550927840944551717e-01
5.977259406877363235e-01
5.642863054793725297e-01
5.568718858552029749e-01
6.045196066638747201e-01
6.523124977128674784e-01
6.910839982945313764e-01
7.212455563055684138e-01
7.561752008430853156e-01
8.002092595354552973e-01
8.438698973694761518e-01
8.707004466688974542e-01
9.030205205650061462e-01
8.627139585339170802e-01
8.735796669368224299e-01
9.319152004848052506e-01
9.688729071667311343e-01
9.795850824109830768e-01
9.791203655118015936e-01
1.010316200952513954e+00
1.063358387017575790e+00
1.102577664730205464e+00
1.051459650465291995e+00
1.048199322946849366e+00
1.112537663316226721e+00
1.172884728588827308e+00
1.224671896949455441e+00
1.249512767112904266e+00
1.292781608518349001e+00
1.356215119928832813e+00
1.418351910952112105e+00
1.467586472926156071e+00
1.511756372748829680e+00
1.523866242688147743e+00
1.568313074348753000e+00
1.627066067100311653e+00
1.686407648247245206e+00
1.728492288644710939e+00
1.747883076126275581e+00
1.805582352760199516e+00
1.868634605244896107e+00
1.936947377787534341e+00
1.937099078202764613e+00
1.996067825105148463e+00
2.076553012348095084e+00
2.150334157592574069e+00
2.225213925152253580e+00
2.243451038789749052e+00
2.316482940270280011e+00
2.390995236761456866e+00
2.473931157795894453e+00
2.558590630323013482e+00
2.641200838714379273e+00
2.701575933786923400e+00
2.787541962767912551e+00
2.865217017281448619e+00
2.946179269633163234e+00
3.012025644612489561e+00
3.095204872823655418e+00
3.181086019757753292e+00
3.274866556282999497e+00
3.363002728962420917e+00
3.384639388333980925e+00
3.469719145556115603e+00
3.568784409542279601e+00
3.666015492796304454e+00
3.765324481099979970e+00
3.862978349799512490e+00
3.966262703964059000e+00
4.067385508803913474e+00
4.167853552930272265e+00
4.265981406740775306e+00
4.371141578213915579e+00
4.468376673243366959e+00
4.577061035363205299e+00
4.690153295589738924e+00
4.796457457514690326e+00
4.889332979464235507e+00
4.994509168707078395e+00
5.101898395993262447e+00
5.211103632255690954e+00
5.312283249281790631e+00
5.431527963139449078e+00
5.537065114434757795e+00
5.651063034682091590e+00
5.768102745578914003e+00
5.893028772314875319e+00
6.013225722980834576e+00
6.132027045700400691e+00
6.245283008352011223e+00
6.375776621879343686e+00
6.497225340915694147e+00
6.624671372727300778e+00
6.756728990985775063e+00
6.883591677669822495e+00
7.010415506938529440e+00
7.136284617130024266e+00
7.273313909653353448e+00
7.418135146676083203e+00
7.557900526323515500e+00
7.682785158957445404e+00
7.815542521815240562e+00
7.951320853311788284e+00
8.077369677210009868e+00
8.210389925597011640e+00
8.344308618645570164e+00
8.480012792272205502e+00
8.616702492643131706e+00
8.755404837075873914e+00
8.895829430197542464e+00
9.035065363698217666e+00
