0.000000000000000000e+00
0.000000000000000000e+00
0.000000000000000000e+00
0.000000000000000000e+00
0.000000000000000000e+00
0.000000000000000000e+00
0.000000000000000000e+00
0.000000000000000000e+00
0.000000000000000000e+00
0.000000000000000000e+00
0.000000000000000000e+00
0.000000000000000000e+00
0.000000000000000000e+00
0.000000000000000000e+00
6.655194739767114447e-03
4.326219696475960830e-02
6.370990981421191524e-02
6.040944706396531028e-02
6.740602493631606129e-02
7.246394187715762825e-02
7.106590818236213636e-02
8.171389392065890600e-02
8.980754353974167159e-02
9.958942285819107065e-02
1.104930692788538005e-01
1.200806329892908364e-01
1.334672874527015607e-01
1.291442182825212615e-01
1.313701934762192824e-01
1.384675203888837969e-01
1.619250357107402949e-01
1.791813859766628048e-01
1.839274986369061338e-01
1.974934212585400528e-01
2.117631058235609764e-01
2.171851943981008837e-01
2.315006067274184565e-01
2.421609658077074068e-01
2.537556598609723713e-01
2.654130210590943117e-01
2.746062693760402129e-01
2.797468998034076115e-01
2.759850160541442166e-01
2.791388809459905973e-01
2.862851105137525498e-01
2.968895832621042952e-01
3.114848745655195983e-01
3.156536498886867714e-01
3.240678544777303438e-01
3.243780642120346336e-01
3.202001605847281662e-01
3.221047346472919459e-01
3.232174721267029316e-01
3.223471941584641898e-01
3.291552170167819091e-01
3.388617361381079940e-01
3.547769707313838672e-01
3.610270771338355833e-01
3.705502298908444070e-01
3.793115398238194325e-01
3.715394227526344628e-01
3.603386163237772832e-01
3.518845574086310046e-01
2.447347601921897597e-01
1.835141976550170861e-01
2.275156498415482620e-01
2.834816213331063373e-01
3.129278800667452121e-01
2.861500209309191245e-01
3.122165433266851364e-01
3.685102009656616717e-01
4.199195674117123800e-01
4.496255427174070674e-01
4.640234291801150768e-01
4.641503163302473367e-01
4.464486621535576627e-01
4.848588327243576468e-01
5.265944998754370499e-01
5.256027763429199640e-01
5.519512126126413509e-01
5.711490506142501422e-01
5.970940143568033154e-01
5.165397877364011903e-01
5.114054000156795787e-01
5.695241446417957931e-01
6.272006544877614109e-01
6.734646553037606509e-01
7.085454240350977928e-01
7.491325057368308782e-01
7.827798116627783243e-01
8.029198719463662703e-01
7.104563317619049245e-01
6.799558906911932210e-01
7.452679019409592653e-01
8.233301076009584829e-01
8.781476709960497340e-01
9.010147492886455556e-01
8.882088787225816962e-01
9.006304670716227534e-01
9.650558468015292268e-01
1.026653769304680663e+00
1.076136074339769877e+00
1.117513373804327026e+00
1.153674687370710661e+00
1.182508127890219196e+00
1.211047782623662750e+00
1.178620533736671527e+00
1.183267601672665092e+00
1.243864274496005562e+00
1.299030882734651282e+00
1.346186413968448958e+00
1.393269805629480329e+00
1.406444964928956320e+00
1.444982895129016010e+00
1.505227831496665170e+00
1.555182254701428679e+00
1.601040913103707108e+00
1.599956178555111519e+00
1.638669216146936058e+00
1.700766592628321083e+00
1.760573369788794196e+00
1.762105318125355424e+00
1.799447122151152989e+00
1.869904030323531030e+00
1.939523682153825757e+00
1.997810088379389448e+00
1.991343124485350335e+00
2.024979929661258282e+00
2.090214932980555496e+00
2.159178286183865758e+00
2.230414756050926428e+00
2.298405492853884180e+00
2.366795506974274321e+00
2.431397353192288335e+00
2.493839743815053911e+00
2.552632771954249868e+00
2.602062049073053718e+00
2.642852738814753799e+00
2.699628397919191958e+00
2.757905274642045601e+00
2.817481311523093446e+00
2.873387618895046902e+00
2.912064830702424167e+00
2.987142506319814039e+00
3.063697790836026780e+00
3.131916762716313141e+00
3.158894205676831213e+00
3.226939377637274120e+00
3.295540216244345011e+00
3.362450938977518344e+00
3.425766691990824064e+00
3.425584887987045857e+00
3.495312711509184211e+00
3.578362667555389454e+00
3.664956556968894663e+00
3.747063903071052415e+00
3.828606618308449061e+00
3.902826681941546472e+00
3.975525205889359537e+00
4.038981957251404076e+00
4.096878289431539422e+00
4.142352446745436900e+00
4.193892301381027643e+00
4.254581129173010901e+00
4.326200159123606781e+00
4.397229326164120877e+00
4.457433261724077056e+00
4.512969714850752823e+00
4.573625615089508933e+00
4.626984700866302980e+00
4.688280882971835872e+00
4.742727046151547832e+00
4.801314515166456687e+00
4.847452432390679355e+00
4.912420346748267441e+00
4.978038993750105945e+00
5.039293399840756749e+00
5.105639439600115459e+00
5.165552133221178011e+00
5.220610267868784682e+00
5.279254439256846787e+00
5.326403863604562972e+00
5.368885929370523336e+00
5.407666731306594698e+00
5.448884944181713763e+00
5.504318507060918186e+00
5.555111590948002664e+00
5.613287445848179402e+00
5.659001211180384239e+00
5.704647022406587276e+00
5.746617234055796608e+00
5.791615247828266533e+00
5.823475953701454877e+00
5.860644567632215640e+00
5.897403667105648672e+00
5.924365350544903208e+00
5.973933690101941529e+00
6.018559112987360571e+00
6.065717312948078366e+00
6.106987981246043695e+00
