0.000000000000000000e+00
0.000000000000000000e+00
0.000000000000000000e+00
0.000000000000000000e+00
0.000000000000000000e+00
0.000000000000000000e+00
0.000000000000000000e+00
0.000000000000000000e+00
0.000000000000000000e+00
0.000000000000000000e+00
0.000000000000000000e+00
0.000000000000000000e+00
0.000000000000000000e+00
0.000000000000000000e+00
0.000000000000000000e+00
0.000000000000000000e+00
0.000000000000000000e+00
0.000000000000000000e+00
0.000000000000000000e+00
0.000000000000000000e+00
0.000000000000000000e+00
0.000000000000000000e+00
0.000000000000000000e+00
0.000000000000000000e+00
0.000000000000000000e+00
0.000000000000000000e+00
0.000000000000000000e+00
0.000000000000000000e+00
0.000000000000000000e+00
0.000000000000000000e+00
0.000000000000000000e+00
0.000000000000000000e+00
0.000000000000000000e+00
0.000000000000000000e+00
0.000000000000000000e+00
0.000000000000000000e+00
0.000000000000000000e+00
0.000000000000000000e+00
0.000000000000000000e+00
0.000000000000000000e+00
0.000000000000000000e+00
0.000000000000000000e+00
0.000000000000000000e+00
0.000000000000000000e+00
0.000000000000000000e+00
0.000000000000000000e+00
0.000000000000000000e+00
0.000000000000000000e+00
0.000000000000000000e+00
0.000000000000000000e+00
3.606841201485614518e-02
6.303248352266266341e-02
0.000000000000000000e+00
0.000000000000000000e+00
0.000000000000000000e+00
5.081841727624254040e-02
7.286010525637645618e-02
0.000000000000000000e+00
4.895737097843604752e-02
9.500092247505176335e-02
1.226042204142151482e-01
1.518029969999692974e-01
2.731557471484453645e-02
8.390823945970862785e-02
1.367752919742425410e-01
1.920549499468970356e-01
2.382480804425483878e-01
2.277378008134158804e-01
2.183107926318097747e-01
2.334262168132762438e-01
2.799808117261387008e-01
3.231974294711338902e-01
3.513716457758112033e-01
3.407227627020574245e-01
3.434263862987098626e-01
3.516971659339759304e-01
3.878693123264406184e-01
4.113055656775294611e-01
4.224749213692617356e-01
4.435432623851218725e-01
4.704881339897607484e-01
5.030964256194820905e-01
5.144124600877794107e-01
4.969796338422897142e-01
4.895806666110693040e-01
5.140542359047770571e-01
5.570561062267768149e-01
5.643167496795910010e-01
5.318821005216950448e-01
5.409427461235821744e-01
5.988945975043663550e-01
6.480042134271433163e-01
6.402821306366378584e-01
6.470110772689622314e-01
6.926035047921753618e-01
7.431529969203719554e-01
7.656291749762872412e-01
7.711828227589793139e-01
8.097754782084402025e-01
8.362752052204268649e-01
8.394428763360703982e-01
8.252954195590208597e-01
7.972527720620037339e-01
7.727176776540085612e-01
7.862891584661355626e-01
8.081772573269477844e-01
8.278207375103603383e-01
8.284218136488734618e-01
8.176636248425827036e-01
8.433073480812041112e-01
8.742876294350316879e-01
8.906407553175329506e-01
8.923348170900545773e-01
8.095269856042097700e-01
7.803233548320434032e-01
8.054706330779721757e-01
8.509449376719689928e-01
8.511582801237101981e-01
7.808505548142761210e-01
8.151622001174541055e-01
8.967173959320220433e-01
9.794341552579959309e-01
1.015367595206254192e+00
1.028027616592779747e+00
1.085541651811266828e+00
1.124116016710618782e+00
1.168639238367569666e+00
1.244048192338883752e+00
1.298776247293994102e+00
1.346883082043486501e+00
1.364893525861280654e+00
1.392035770021785579e+00
1.335305710955278391e+00
1.404543004219888758e+00
1.536366465861676689e+00
1.650944136923659489e+00
1.731332335599570449e+00
1.631447293700673429e+00
1.682892154320816624e+00
1.828828364043322940e+00
1.944797726624579060e+00
1.851433498429358115e+00
1.795964796343310965e+00
1.988871395445265033e+00
2.161463611836889509e+00
2.273414248771563617e+00
2.110611524105043824e+00
2.102639048756994811e+00
2.281315268590774270e+00
2.445780927469808574e+00
2.569113414909629078e+00
2.647579041612522666e+00
2.759200666608121466e+00
2.857379204774338266e+00
2.948217746518222437e+00
3.030494121393292328e+00
3.076539538177195610e+00
3.137283941248729224e+00
3.213935354902042629e+00
3.295021550995845150e+00
3.379665613351759745e+00
3.425501421258761336e+00
3.483095957245169405e+00
3.562680440901510703e+00
3.650369291400652916e+00
3.732509394215744347e+00
3.801718763622510266e+00
3.874535986760832440e+00
3.955556853056520605e+00
4.036730576059573750e+00
4.131104882178363802e+00
4.215115511578941820e+00
4.301658400715480113e+00
4.377729245658414037e+00
4.470589778275582127e+00
4.565928235470201990e+00
4.662008482036582357e+00
4.751334474086743143e+00
4.830434486982251308e+00
4.916246263253606585e+00
5.006844484664332739e+00
5.099438610411229256e+00
5.200047876815360404e+00
5.291890655865911341e+00
5.382704351740860815e+00
5.481730151264396333e+00
5.581577680352626913e+00
5.682040701983983588e+00
5.769893161493590661e+00
5.859819490529642572e+00
5.942388168271923732e+00
6.036635347573930943e+00
6.135839886483609895e+00
6.229348605071455935e+00
6.311375404280155088e+00
6.397039641390938947e+00
6.498765243688893634e+00
6.595507534425991913e+00
6.697645154048426086e+00
6.795685208453939197e+00
