4.548343512755402551e-02
6.890988980945568498e-02
0.000000000000000000e+00
0.000000000000000000e+00
0.000000000000000000e+00
0.000000000000000000e+00
1.536091498678479432e-02
1.048651761621950673e-02
3.094580638326918307e-02
6.907757896521241059e-02
1.001504603906553520e-01
1.385250499388286649e-01
1.280171521707372702e-02
3.875739175675221165e-02
1.226600592151914498e-01
2.063194869118621932e-01
2.719916176212615055e-01
3.148393778608929439e-01
3.461396721656195830e-01
3.618258423804462942e-01
3.123867486460102372e-01
3.418705194445807449e-01
3.723143694573746165e-01
4.094668712810503042e-01
4.381471837481923925e-01
4.788669855362234773e-01
5.062062371066544664e-01
5.363682050399543044e-01
5.263828243921284677e-01
5.159155046383254728e-01
5.411865090672152157e-01
5.598996726675835589e-01
5.497874578121141331e-01
5.887673681879990184e-01
6.361041884341537278e-01
6.856995750027542469e-01
7.227807164820947428e-01
7.598575427610713140e-01
7.718859076839658107e-01
7.937846323072037524e-01
8.035818908713965314e-01
8.080912982236122533e-01
7.802067636563643216e-01
7.942996815355174434e-01
8.222534146382974862e-01
8.490387589909610400e-01
8.750212626898751234e-01
8.857427349958226781e-01
8.971398313775348354e-01
8.739735996622732817e-01
8.502241404779765643e-01
8.326995597548506600e-01
8.189123020116584328e-01
8.185074490903281319e-01
8.467924626289673462e-01
8.993112166748793435e-01
9.456493606231995974e-01
9.810054005614622374e-01
1.003897539394259741e+00
1.026975694700206887e+00
1.007147646231000726e+00
9.969964696573160312e-01
9.814709675282394796e-01
8.611325077102134351e-01
8.400939711316920411e-01
8.825348751422530391e-01
9.470482036968650430e-01
9.814904267668448368e-01
9.640179333059620825e-01
9.869236404754340164e-01
1.058269748545943134e+00
1.123928766479702857e+00
1.154019013688659223e+00
1.174212074423093721e+00
1.160306059049144300e+00
1.135335700539848336e+00
1.208853462122891020e+00
1.309889093371051194e+00
1.384045662448901259e+00
1.480088547789640829e+00
1.549518887483612328e+00
1.587827583807795540e+00
1.238253391814138071e+00
1.217373067132114350e+00
1.360018207882454755e+00
1.476563876334823888e+00
1.592471349320288665e+00
1.741891343604284881e+00
1.902492619052064571e+00
2.030298767281707661e+00
2.114987064102236580e+00
1.611500909167122408e+00
1.495894840779348423e+00
1.685977615973674126e+00
1.898064261036500167e+00
2.077266446963573099e+00
2.211262940902635421e+00
2.357621352887589783e+00
2.511325427731724957e+00
2.644164795615853603e+00
2.757815080628144511e+00
2.850726062182593168e+00
2.913993509005909033e+00
2.973621083652578267e+00
3.025518378159622657e+00
3.087144049387848810e+00
3.070274606048977617e+00
3.114482160734998839e+00
3.204285336309034893e+00
3.329674644159912322e+00
3.441777630556642542e+00
3.547458405318358210e+00
3.634435259148491859e+00
3.707293728397680788e+00
3.775808341703189353e+00
3.841868029362185855e+00
3.910757261184009792e+00
3.985004312330000076e+00
4.072334484372169605e+00
4.196874785000859198e+00
4.351897210989434939e+00
4.482754579572488574e+00
4.604521574133835671e+00
4.713127995299656980e+00
4.807388201214387813e+00
4.892504519110522310e+00
4.956537236227427812e+00
5.035813469702969947e+00
5.131948639444467553e+00
5.232225180759259686e+00
5.361312380606458206e+00
5.520178761739945372e+00
5.660081153451031355e+00
5.776448443674024880e+00
5.882161497815945772e+00
5.956290626099733920e+00
6.037600869743076082e+00
6.123057136766187902e+00
6.224651171009414341e+00
6.341566386708445968e+00
6.457430855687610993e+00
6.618271219971487263e+00
6.776693334288413695e+00
6.939634353954224011e+00
7.081983116225189612e+00
7.240972592937096941e+00
7.343080094758168030e+00
7.469140930356860331e+00
7.592746574683144622e+00
7.710925234779841375e+00
7.830921727764788898e+00
7.978445893979243309e+00
8.162280960498506488e+00
8.332825868527384827e+00
8.478220709241968578e+00
8.641628101525849814e+00
8.777075460769125925e+00
8.916029967041808391e+00
9.044289099552292654e+00
9.176628081125841163e+00
9.300201772759560725e+00
9.452497083656981047e+00
9.614777913604473980e+00
9.807826576869356217e+00
1.003305958435663747e+01
1.023605255334898168e+01
1.042940669533370723e+01
1.062190155372191214e+01
1.081544447182674951e+01
1.098028146074205225e+01
1.116621140259472433e+01
1.133656806900573422e+01
1.153678288809177843e+01
1.174074365360558581e+01
1.196950807901187908e+01
1.223121083575977153e+01
1.243972554658024698e+01
1.265700806927310929e+01
1.284493950081929015e+01
1.300807876113261941e+01
1.314228162506647024e+01
1.332999974605288607e+01
1.350260927702758451e+01
1.372213028131634971e+01
1.392218300142218013e+01
1.414400183959046231e+01
1.442156084278778572e+01
1.453910269996930715e+01
1.482264688924014706e+01
1.504355843095333967e+01
1.524035170971803943e+01
1.539185190328709041e+01
1.560502636199639959e+01
1.576941795650137657e+01
1.597758239416170767e+01
1.611705058297220106e+01
1.633216983507916353e+01
1.656448662537174599e+01
1.678842953627523116e+01
1.701166718054057014e+01
