0.000000000000000000e+00
0.000000000000000000e+00
0.000000000000000000e+00
0.000000000000000000e+00
0.000000000000000000e+00
0.000000000000000000e+00
0.000000000000000000e+00
0.000000000000000000e+00
0.000000000000000000e+00
0.000000000000000000e+00
0.000000000000000000e+00
0.000000000000000000e+00
0.000000000000000000e+00
0.000000000000000000e+00
0.000000000000000000e+00
0.000000000000000000e+00
0.000000000000000000e+00
0.000000000000000000e+00
0.000000000000000000e+00
0.000000000000000000e+00
0.000000000000000000e+00
0.000000000000000000e+00
0.000000000000000000e+00
0.000000000000000000e+00
0.000000000000000000e+00
0.000000000000000000e+00
0.000000000000000000e+00
0.000000000000000000e+00
0.000000000000000000e+00
0.000000000000000000e+00
0.000000000000000000e+00
0.000000000000000000e+00
0.000000000000000000e+00
0.000000000000000000e+00
0.000000000000000000e+00
0.000000000000000000e+00
0.000000000000000000e+00
0.000000000000000000e+00
0.000000000000000000e+00
0.000000000000000000e+00
0.000000000000000000e+00
0.000000000000000000e+00
0.000000000000000000e+00
0.000000000000000000e+00
0.000000000000000000e+00
0.000000000000000000e+00
0.000000000000000000e+00
0.000000000000000000e+00
0.000000000000000000e+00
0.000000000000000000e+00
0.000000000000000000e+00
0.000000000000000000e+00
0.000000000000000000e+00
0.000000000000000000e+00
0.000000000000000000e+00
0.000000000000000000e+00
0.000000000000000000e+00
0.000000000000000000e+00
0.000000000000000000e+00
0.000000000000000000e+00
0.000000000000000000e+00
0.000000000000000000e+00
0.000000000000000000e+00
0.000000000000000000e+00
0.000000000000000000e+00
0.000000000000000000e+00
0.000000000000000000e+00
0.000000000000000000e+00
0.000000000000000000e+00
0.000000000000000000e+00
0.000000000000000000e+00
4.221904588775124423e-02
0.000000000000000000e+00
0.000000000000000000e+00
3.684189424928881879e-02
1.154087651424848260e-01
1.467080497636846503e-01
1.618514544245035214e-01
1.177442957025210263e-01
2.263533533668185202e-02
8.345985514910915504e-02
1.497733566013405571e-01
1.657825966161698139e-01
1.532882591887551604e-01
1.831845207611046411e-01
2.083199628736128461e-01
2.121620278903779966e-01
1.941972941517157991e-01
1.082083138598216449e-01
5.387249744703484500e-02
8.942860797342870594e-02
1.405520613181743539e-01
1.664540074383205337e-01
1.360039030285900563e-01
1.063398538330288939e-01
1.661950226544041120e-01
2.247912569371003089e-01
2.423482418182125731e-01
2.020196487692531018e-01
1.085139235685286668e-01
1.862187640931722288e-01
2.538265100238749072e-01
2.789679707354491556e-01
2.643904166993995553e-01
2.855605899542227322e-01
3.225377115505894676e-01
3.414664435167243939e-01
2.984282118186858956e-01
2.933417417904878310e-01
3.253388240259237896e-01
3.295061481752884491e-01
3.149663344407652721e-01
2.975280168714689588e-01
1.578941407774006045e-01
8.159502147042489717e-02
1.319371047260100294e-01
2.052975391216167733e-01
2.430835853046587058e-01
1.860156490562144549e-01
1.164327886796644590e-01
2.039905848873510563e-01
3.012569658726364508e-01
3.419127317593151916e-01
2.557881972477242249e-01
1.364258497153370553e-01
2.432853159821383449e-01
3.533269710570327571e-01
4.236963478664688698e-01
4.157989102326887787e-01
4.541439714197865185e-01
5.228720086659297550e-01
5.844092303655021858e-01
4.788064882955719304e-01
4.686925509418335412e-01
5.587438028986105865e-01
6.017119861264424996e-01
6.715971236763312868e-01
6.822711565285266566e-01
6.963589426890495204e-01
7.994334076815359236e-01
8.592735387679776293e-01
6.832521539131569677e-01
5.904978833874120481e-01
6.760933695317533632e-01
8.019647294900545953e-01
8.947757864905802050e-01
9.088287600793547583e-01
8.615706974391996731e-01
1.006446224353904295e+00
1.105833698966488976e+00
1.172525488379659642e+00
1.139822861294900402e+00
1.069294392143592898e+00
1.195577166324321539e+00
1.282342946291690211e+00
1.340534833188687269e+00
1.358176435405854088e+00
1.391964571670690543e+00
1.441460863445606977e+00
1.487067351516800251e+00
1.533575428822722797e+00
1.571775839652513662e+00
1.608304066108292796e+00
1.644748490475472780e+00
1.678809994064985212e+00
1.712230764781501158e+00
1.753709632683728037e+00
1.793589871473676434e+00
1.840103707098348140e+00
1.891103082305570116e+00
1.907250251915402206e+00
1.966331638515598224e+00
1.982830782667492020e+00
2.033564342316382501e+00
2.075385228650442393e+00
2.115065440439229949e+00
2.157212774242491360e+00
2.200404074411146826e+00
2.248757898869313987e+00
2.296267803604256308e+00
2.357822964783866215e+00
2.420054714515454730e+00
2.476771091008423742e+00
2.525803971932392145e+00
2.573627142604065110e+00
2.614399123696888427e+00
2.670764050687630231e+00
2.706962274244263167e+00
2.748928429353284297e+00
2.788076563421066467e+00
2.846957356508248882e+00
2.917544702768805731e+00
2.977896600900584279e+00
3.037765382074483878e+00
3.086679823374578024e+00
3.128904978429530193e+00
3.171994856298648635e+00
3.220063915767647611e+00
3.264355890831049489e+00
3.306587168072233851e+00
