1.017392084511192785e-01
1.464239814093812320e-01
0.000000000000000000e+00
0.000000000000000000e+00
0.000000000000000000e+00
2.557524661558686560e-02
4.774602010473262548e-02
4.059973483760295765e-02
7.793523218097674066e-02
1.496754470994737518e-01
2.108971661797729713e-01
2.837697649143379741e-01
4.605413169102853810e-02
9.388981763819025106e-02
2.450106279829763478e-01
4.172309622273739360e-01
5.418643830084299839e-01
6.320109483076268297e-01
6.884645680646968025e-01
7.148629170209654937e-01
6.212125975115685428e-01
6.799442333736266386e-01
7.370816581103798448e-01
8.101203718237629525e-01
8.715491019764884939e-01
9.490301439509970516e-01
9.994373612056458578e-01
1.060789736782026704e+00
1.038501171766678111e+00
1.023913849771740381e+00
1.076467505862210849e+00
1.124102234195900829e+00
1.097023644135477927e+00
1.182166910259415449e+00
1.278507400252938853e+00
1.370352405493158621e+00
1.443788983713687690e+00
1.514844966767641576e+00
1.539301675471750341e+00
1.581640490124812892e+00
1.599358921406308198e+00
1.608125550458422426e+00
1.563222569281506713e+00
1.591844313786449083e+00
1.638408468343681923e+00
1.676781826350868920e+00
1.730421183994240275e+00
1.743288766711997173e+00
1.764518119152285180e+00
1.720809243252478415e+00
1.659476937454470002e+00
1.586401586247670581e+00
1.534735584353823512e+00
1.484921861091687223e+00
1.520261625930221294e+00
1.599349175642793330e+00
1.685445086708468487e+00
1.737407006065148529e+00
1.781278071490361103e+00
1.806581506331883524e+00
1.678454295045896716e+00
1.558394779991140400e+00
1.499164054085124098e+00
1.123101552632551625e+00
1.127656010693842470e+00
1.158595155304727342e+00
1.236933958634475417e+00
1.314166165201281045e+00
1.273067939592822828e+00
1.326507850767693508e+00
1.551368543991320070e+00
1.799778627025838240e+00
1.964970437936352621e+00
2.031645178481117586e+00
2.015165693309731942e+00
1.945839247214643741e+00
2.217307427200362113e+00
2.542832378142882988e+00
2.732942478475903769e+00
2.955489123185246481e+00
3.114913366730400313e+00
3.191925478932638338e+00
2.274555567997624816e+00
2.243168877553384455e+00
2.619178744834627537e+00
2.955068463255065225e+00
3.206642899224618759e+00
3.513048555326014011e+00
3.840264108031894885e+00
4.098654726673032656e+00
4.255384840083808129e+00
3.145109766006793706e+00
2.846676948311097188e+00
3.298863786302998147e+00
3.744511680434417400e+00
4.107499257067543041e+00
4.397854842199510728e+00
4.680784360580727999e+00
5.012987581614163801e+00
5.289088950705787440e+00
5.520221108802867427e+00
5.714810898744851819e+00
5.855798218698510027e+00
5.982040483232186290e+00
6.094333901471428838e+00
6.250728554301754336e+00
6.194587311491271286e+00
6.264827179670370505e+00
6.457820727161504237e+00
6.700272384936991621e+00
6.983577142151077055e+00
7.198006701004262986e+00
7.396824153121448475e+00
7.543417828587925200e+00
7.685224636877018511e+00
7.833603811418083041e+00
8.025204236081142639e+00
8.216442259019087757e+00
8.414985140945434594e+00
8.695839629200843746e+00
8.992800432905850627e+00
9.278243223583645616e+00
9.552862950463776315e+00
9.770637177176983101e+00
9.952052095759400530e+00
1.015464611877056988e+01
1.033332687268609718e+01
1.053086827451155294e+01
1.076556788635147122e+01
1.095565391063394500e+01
1.124946187688397714e+01
1.158676930904153402e+01
1.188563468702061598e+01
1.214347862121742594e+01
1.238953142808788144e+01
1.257230610115019687e+01
1.277654480789757052e+01
1.296754335935379387e+01
1.318224425225179708e+01
1.337224720426966584e+01
1.359824543722799994e+01
1.386698311770489944e+01
1.421127953806806943e+01
1.453502678251011737e+01
1.478953576744002163e+01
1.507851419706916651e+01
1.527807860140479335e+01
1.541370813835833076e+01
1.560085200737492350e+01
1.583713167900018526e+01
1.601871900194211307e+01
1.620416711719762759e+01
1.646588844736723090e+01
1.681769674461810027e+01
1.709950698143678594e+01
1.732694801888355940e+01
1.756902809025561041e+01
1.774129214846145430e+01
1.784956762757686732e+01
1.795637534614877495e+01
1.809769631983902727e+01
1.821324866031368828e+01
1.834856369867827652e+01
1.858270542587492358e+01
1.895002086262280017e+01
1.925304512772483889e+01
1.956111995092979683e+01
1.973153413414302904e+01
1.984635061675836099e+01
2.007540964026407337e+01
2.020129809722988767e+01
2.034727492478586441e+01
2.045546380599655123e+01
2.057465415825368638e+01
2.080259507375421890e+01
2.106438107731183962e+01
2.129514805275349332e+01
2.150455170429114915e+01
2.167071093645008517e+01
2.182921992170325254e+01
2.191877424178093037e+01
2.206859558056333981e+01
2.213842082954138490e+01
2.186623875555627805e+01
2.202943833526475004e+01
2.217116002843262734e+01
2.236831473563678685e+01
2.262744801893319746e+01
2.211245742495345112e+01
2.222777676878857633e+01
2.229278728150287847e+01
2.232822762972909558e+01
2.216734706103073904e+01
2.227145415837191678e+01
2.233574167797291210e+01
2.239212649736059291e+01
2.255292480985646719e+01
2.267249847830707310e+01
2.278879070363246484e+01
2.291928817132082230e+01
