-0.000000000000000000e+00
1.829143499198673643e-04
3.841127965625863293e-04
5.149789027355623295e-04
6.141260499253937835e-04
8.026081517767338783e-04
9.913162540038684013e-04
1.118766087703785628e-03
1.300002315943630821e-03
1.427668921945288768e-03
1.568864688952749343e-03
1.772263652102790870e-03
1.958198501232384561e-03
2.145229537905498588e-03
2.358612709997236732e-03
2.513364054202818585e-03
2.699622020171318221e-03
2.871854707145620345e-03
3.110809117026803149e-03
3.227389393854656133e-03
3.478426818391821065e-03
3.788042402663719353e-03
4.081515828096159322e-03
4.238614098336556703e-03
4.566426660613428709e-03
4.684492080729483164e-03
4.910754357756286215e-03
5.130260838894722120e-03
5.409511066648245610e-03
5.608719966753246758e-03
5.729877056866537928e-03
5.962505882674771704e-03
6.268285787753523179e-03
6.495432118518927947e-03
6.708599071003039371e-03
6.944054059563415683e-03
7.110711266283503522e-03
7.436510566090080536e-03
7.528203093219121463e-03
7.749344120353688845e-03
8.013233430627245482e-03
8.194068240519479865e-03
8.543559716772588380e-03
8.751575256291792629e-03
9.039713305786128625e-03
9.245860606963250336e-03
9.481925030284608577e-03
9.695254321746338277e-03
9.988338702680298747e-03
1.018412993705443415e-02
1.050866093614810648e-02
1.069776675730312217e-02
1.099161010741088636e-02
1.126097204930643844e-02
1.151735301005802660e-02
1.182786807930367480e-02
1.207883508184581442e-02
1.231325217010223808e-02
1.257912518031500428e-02
1.286529409495440653e-02
1.308826465384912985e-02
1.342771434337662259e-02
1.371974416365846945e-02
1.400633964634429365e-02
1.429571857824813406e-02
1.463805816080685288e-02
1.488729369539651924e-02
1.513869844673114071e-02
1.552905922504559284e-02
1.572899433371649502e-02
1.596804944002210708e-02
1.619455689572810164e-02
1.650725941619232001e-02
1.671363676555954678e-02
1.691112645655706154e-02
1.714443751119093529e-02
1.747767834514506874e-02
1.772100878512296307e-02
1.793412518382978688e-02
1.824512816190107869e-02
1.860175417672285322e-02
1.879884611075987796e-02
1.919010803708206744e-02
1.938976520088422223e-02
1.967342948026526775e-02
1.994623483929262170e-02
2.016225613019066026e-02
2.045162760828958190e-02
2.062369765131804450e-02
2.102277816034263738e-02
2.124186783897209080e-02
2.158078952991434110e-02
2.187996820360320685e-02
2.207031092784747170e-02
2.236374011731417574e-02
2.264587036382426088e-02
2.289964545603757895e-02
2.322752502058027246e-02
2.343555822325504162e-02
2.374493243040618970e-02
2.394871305382702265e-02
2.432478808799115946e-02
2.453721624007736829e-02
2.484508038505664484e-02
2.513225488239845262e-02
2.551562656433268780e-02
2.571419653746338796e-02
2.588194505866813974e-02
2.621242599146725652e-02
2.639815349806023601e-02
2.675632902345399453e-02
2.699870370832826647e-02
2.732419035291517098e-02
2.748710971005250206e-02
2.782393740208897320e-02
2.816549993546283576e-02
2.840640388369162703e-02
2.870421113362807419e-02
2.903338779862945501e-02
2.928751604771483857e-02
2.958895824392373738e-02
2.998850656969328371e-02
3.017054334314451386e-02
3.039641369720917294e-02
3.080201746934512277e-02
3.103317132937275652e-02
3.145484395902735375e-02
3.173984807523625579e-02
3.193405532011053122e-02
3.221768899554573046e-02
3.247360357489914584e-02
3.272877852769272983e-02
3.309630546346504359e-02
3.339155877533020456e-02
3.375525675042829327e-02
3.392033357026803114e-02
3.424952198900248906e-02
3.455528403445150276e-02
3.495828176732799358e-02
3.532146531584415272e-02
3.570421887180989101e-02
3.607575053944183513e-02
3.643869170134290958e-02
3.669186200128211894e-02
3.724405768059684679e-02
3.774720350407295005e-02
3.820909736352583880e-02
3.861213571993368093e-02
3.897369692267477204e-02
3.936285395381044355e-02
3.972294468297319497e-02
4.009226660478585474e-02
4.045765027092566857e-02
4.080365053384912843e-02
4.113065429626968500e-02
4.149306960898591079e-02
4.184808845255595655e-02
4.217663233415860913e-02
4.250539119859629567e-02
4.282720401068803445e-02
4.315523678431611165e-02
4.346801982800773539e-02
4.379032095206410874e-02
4.409484690252556127e-02
4.440097582380768404e-02
4.471943550605139706e-02
4.501267035726996130e-02
4.532673011573362665e-02
4.562139086627245432e-02
4.588706474037027028e-02
4.619963548243161133e-02
4.647861744854379917e-02
4.676737788563691683e-02
4.705458290695772178e-02
4.732785296900801630e-02
4.761623228353688980e-02
4.787910299017408139e-02
4.815552840354794112e-02
4.844329264429952930e-02
4.871724879866261293e-02
4.900133896922907045e-02
4.923422321457861239e-02
4.951359022324398895e-02
4.978103730809615990e-02
5.005965371957999538e-02
5.033541054942249071e-02
5.059329726144238398e-02
5.085490515782260107e-02
5.111384960785852333e-02
5.139492334195081696e-02
5.163432049499861592e-02
5.190129003849681955e-02
5.217842859324675620e-02
5.242289372332688269e-02
5.269376998184028410e-02
5.295549073695496323e-02
5.319787885245647746e-02
5.343226981062172004e-02
5.370394288127106758e-02
5.395934119936999368e-02
