-0.000000000000000000e+00
1.588960264161370505e-04
2.884765688311688209e-04
3.653855817297596044e-04
4.397466469300911765e-04
5.723156109754075262e-04
6.960653423266096023e-04
7.365445267421940256e-04
8.485770538712351539e-04
9.212789741696601796e-04
1.043049547576678547e-03
1.175740049704338290e-03
1.283242255507046053e-03
1.417713768610113188e-03
1.627488946946670451e-03
1.658146242155291578e-03
1.776252536004421052e-03
1.889073150107764554e-03
2.065748622558717749e-03
2.036771012975960304e-03
2.194800546637192765e-03
2.461751237435755822e-03
2.610566185620337171e-03
2.710599418679193046e-03
2.934921834285714355e-03
2.990485516208897434e-03
3.155100009582757856e-03
3.267819637579441865e-03
3.492894964752694259e-03
3.629156073379386470e-03
3.695239819187620851e-03
3.841629130599613206e-03
4.078925755335727731e-03
4.187621188228792674e-03
4.331108998684719304e-03
4.506361536225476742e-03
4.513362406532191520e-03
4.676747303387676288e-03
4.754892155600994909e-03
4.877347998154186667e-03
5.050758212898590928e-03
5.133599581906603607e-03
5.441353747234042339e-03
5.503381292754904418e-03
5.620378468051948420e-03
5.740409464813484713e-03
5.895596541972920879e-03
5.997472001823708071e-03
6.170256223907156536e-03
6.286701813185962585e-03
6.539141231467256003e-03
6.519414298369715505e-03
6.733040052379110629e-03
6.918010231213042247e-03
7.047413729726443969e-03
7.267059530334346075e-03
7.394890853838076948e-03
7.533864836065211346e-03
7.646487360607902468e-03
7.809026473357280618e-03
7.891925170389609695e-03
8.097787342149765505e-03
8.245307640486322295e-03
8.379084436805748007e-03
8.544859676120475714e-03
8.719266583133461479e-03
8.814090140381321270e-03
8.935460905288754654e-03
9.203341603967947135e-03
9.284338288996959662e-03
9.475055231279358101e-03
9.595084911820945389e-03
9.756737312727272599e-03
9.880054215153357897e-03
9.992606658767616210e-03
1.012479801589389293e-02
1.037106033892235338e-02
1.044471235495993307e-02
1.057365921052224288e-02
1.080010830524454242e-02
1.109458811299253965e-02
1.109661511025145098e-02
1.137364132710693559e-02
1.150486373929814933e-02
1.174387366938933405e-02
1.185421865168278556e-02
1.198706713675600985e-02
1.215784033568389003e-02
1.221613162910196136e-02
1.240907907171041706e-02
1.249270739403150060e-02
1.273354793588284128e-02
1.292329690912406674e-02
1.299575128072948289e-02
1.318018644358109892e-02
1.336094677839182177e-02
1.348425000909643512e-02
1.364228876794694630e-02
1.374287024148107203e-02
1.391809361348438773e-02
1.403705462580823356e-02
1.425110868625587175e-02
1.432053373812655454e-02
1.450673520822326652e-02
1.467129308366952115e-02
1.491142655176568195e-02
1.490653683914893585e-02
1.500594631194252480e-02
1.520512815921525214e-02
1.530225993897761823e-02
1.552689859004144877e-02
1.566839079284885333e-02
1.590392961685548404e-02
1.598881157833655781e-02
1.622904701573915295e-02
1.629274477182647216e-02
1.644760267960209896e-02
1.664730568445426870e-02
1.686389783229621381e-02
1.703594497202542274e-02
1.720785935413097698e-02
1.741762201902182991e-02
1.753526227814313290e-02
1.768948222416136945e-02
1.790976545208068649e-02
1.799355355745786006e-02
1.817306364408952796e-02
1.831406459389886554e-02
1.849882325884498468e-02
1.867390356807957855e-02
1.881695707197568457e-02
1.897940081833655868e-02
1.909327060889748698e-02
1.930097449603758106e-02
1.939415714736667656e-02
1.956266768567007514e-02
1.970739243398728774e-02
1.985459470487980008e-02
1.999889375436308264e-02
2.017316341710969838e-02
2.031224654749930886e-02
2.041913648638850678e-02
2.049883005839182176e-02
2.075523024700745914e-02
2.099098987226305502e-02
2.110352461587178610e-02
2.121566932311688344e-02
2.133882278796352464e-02
2.142142744354794126e-02
2.166090475363360163e-02
2.181927057208068663e-02
2.198493365854655920e-02
2.204121886073500888e-02
2.225741212798010640e-02
2.234014370478032765e-02
2.251227495918209365e-02
2.271253675573362690e-02
2.278463646449295499e-02
2.297648999350096824e-02
2.314808977723127950e-02
2.333632888032053168e-02
2.339843258967670703e-02
2.357688948469743168e-02
2.370938978421663346e-02
2.391804910973197029e-02
2.410161578072395755e-02
2.422237022240398066e-02
2.436517686427189938e-02
2.449521573225752966e-02
2.462677458653771828e-02
2.474709249296490679e-02
2.500785320412268753e-02
2.521013577044487267e-02
2.541491940027632013e-02
2.564616510670350916e-02
2.574254662468085028e-02
2.590781962638297881e-02
2.595508772017684346e-02
2.610931868479690610e-02
2.630162647229621412e-02
2.641765023711522414e-02
2.658578585248963858e-02
2.677118422598507783e-02
2.693424314251450721e-02
2.719873583992262964e-02
2.726390692564796894e-02
2.743369906308925146e-02
2.760870776412268496e-02
2.774644861215805336e-02
2.791418017913235849e-02
2.804493408116054062e-02
2.824080134054711075e-02
2.840209116900801328e-02
2.852417255736943921e-02
2.861658951554573241e-02
2.882811901083172021e-02
2.900686057828129327e-02
2.919047781589389351e-02
2.937535868165791486e-02
2.945364242890301243e-02
