-0.000000000000000000e+00
1.761928136059684956e-04
3.648347707985631302e-04
4.807726920475269478e-04
5.602460806521138148e-04
7.109907048908537973e-04
8.311719822160818123e-04
9.308229498867089894e-04
1.088591295694943438e-03
1.181803595965736330e-03
1.280762113080961655e-03
1.426493569991710330e-03
1.555827751456203330e-03
1.673425482077922155e-03
1.886566534291240702e-03
1.981233231621995234e-03
2.090672514208344757e-03
2.197016404962697043e-03
2.370962106471401036e-03
2.454250219696048514e-03
2.594818393699916889e-03
2.822939733208068482e-03
3.022684545786128840e-03
3.101049816523901697e-03
3.303906000088422008e-03
3.335147726079027309e-03
3.503127553622547522e-03
3.619330385410334319e-03
3.838640348317214849e-03
4.008592762741089097e-03
4.056417727029566420e-03
4.191153549588284150e-03
4.424490618612876743e-03
4.551789793257806326e-03
4.684403872572533503e-03
4.875068882310030355e-03
4.919495572511743166e-03
5.110529687836418838e-03
5.224931740315004111e-03
5.342870424139264940e-03
5.508281188494059191e-03
5.562459733661232093e-03
5.843983228217739488e-03
5.941165267830892868e-03
6.074915874484664545e-03
6.167861711224095420e-03
6.312828031400939503e-03
6.399677525449018814e-03
6.554172204896379847e-03
6.642141109256700753e-03
6.908977061431335019e-03
6.988516985841393067e-03
7.169917997336280879e-03
7.363602271423044972e-03
7.451813296966012384e-03
7.617362231069356275e-03
7.756366911997789569e-03
7.864465778060237069e-03
8.064293768543796467e-03
8.161868993611494372e-03
8.253029294689141412e-03
8.506052266626139627e-03
8.622786274584138752e-03
8.741929806233766226e-03
8.911843902569769812e-03
9.115908577408123742e-03
9.264502819320254851e-03
9.393787106460348146e-03
9.567738595236253626e-03
9.646844652301740305e-03
9.809199200364741508e-03
9.910840812843326256e-03
1.011899468704061979e-02
1.022637585150594150e-02
1.033283151920419939e-02
1.043575282912406754e-02
1.062500788689693318e-02
1.074606342518927803e-02
1.083542322322188396e-02
1.106059749040066292e-02
1.131266300866537802e-02
1.139211974764299529e-02
1.165649285370544408e-02
1.169849431660679832e-02
1.190827250458137594e-02
1.206637107323569984e-02
1.215605072581376137e-02
1.232070058014921206e-02
1.238095258017131786e-02
1.254155932529428009e-02
1.261670269274385234e-02
1.284764094180712926e-02
1.300318329031224102e-02
1.317452893945288833e-02
1.334241976028737245e-02
1.349707405759602123e-02
1.359741460039790018e-02
1.376316156360320522e-02
1.384511708406742196e-02
1.399165879806576335e-02
1.407537902466979816e-02
1.423597050463664034e-02
1.430200754967670546e-02
1.449259967740259766e-02
1.465719244063000762e-02
1.489546774084553674e-02
1.494699191956894158e-02
1.498859805111909388e-02
1.517008664478585248e-02
1.525967770682508905e-02
1.545382151021829249e-02
1.559234310313346167e-02
1.579885651473887653e-02
1.586069851736943842e-02
1.606277668915169834e-02
1.622147396585797013e-02
1.633707828926222669e-02
1.651809292022105718e-02
1.667901611836418788e-02
1.683113137292069697e-02
1.701525877836971429e-02
1.730678609246753125e-02
1.735946885940867560e-02
1.746483240549322885e-02
1.770769444173528676e-02
1.779821024563691539e-02
1.796851493708759295e-02
1.814427805843603358e-02
1.824933241283227536e-02
1.843818195909367394e-02
1.857109624907432935e-02
1.867326678058027142e-02
1.880699688024316252e-02
1.904791881092014402e-02
1.930405611472782446e-02
1.945329892187897328e-02
1.953985670365294275e-02
1.977728098805194706e-02
1.992601445521967329e-02
2.007328858777562841e-02
2.014268676105001460e-02
2.026119815614257913e-02
2.033189272989223417e-02
2.047423803520309615e-02
2.067674041791655107e-02
2.088121725005802690e-02
2.101781815386570898e-02
2.114841413862392910e-02
2.125984471203094806e-02
2.149281230201713008e-02
2.155594635330201556e-02
2.166851851124619935e-02
2.174944419277148253e-02
2.201116924312793502e-02
2.199553791547941353e-02
2.214819577719812083e-02
2.235617362739983349e-02
2.257318677209173632e-02
2.269918509590494737e-02
2.276407108698535672e-02
2.292233873445703382e-02
2.303010920723956925e-02
2.314603725169383716e-02
2.331325071490467082e-02
2.341185761827024175e-02
2.347032152200055274e-02
2.359332848889748521e-02
2.373623847720364791e-02
2.390513347487151219e-02
2.398685486794141855e-02
2.413341172002210488e-02
2.431092545928709506e-02
2.445645442395136607e-02
2.461743093243437541e-02
2.484061378142028015e-02
2.499796579179883876e-02
2.498066513309753905e-02
2.519395109699917173e-02
2.536369319470571995e-02
2.545605903606521295e-02
2.562018677477756121e-02
2.572246680658745593e-02
2.582786925521967508e-02
2.597783445419176579e-02
2.610844230426084475e-02
2.629829483880629856e-02
2.641916448065211379e-02
2.664348103421939826e-02
2.668656349252279680e-02
2.680686366632771545e-02
2.703340784983697051e-02
2.717347292280740401e-02
2.736095229352859814e-02
2.752608151152251964e-02
2.758415533065487757e-02
2.770639879379939094e-02
2.780312996665377026e-02
2.794017377715390937e-02
2.796763217913235747e-02
2.817608428527217448e-02
