0.000000000000000000e+00
1.571541125466150736e-04
3.143082250932301472e-04
4.714623376398451937e-04
6.286164501864602945e-04
7.857705627330753952e-04
8.673624284529428234e-04
9.378421990512296382e-04
1.008321969649516453e-03
1.078801740247803268e-03
1.149281510846090083e-03
1.253285550643547935e-03
1.368849683268305974e-03
1.484413815893064230e-03
1.599977948517822485e-03
1.715542081142580524e-03
1.835932306256976782e-03
1.959338839177396981e-03
2.082745372097816964e-03
2.206151905018236947e-03
2.329558437938656495e-03
2.452541578390273098e-03
2.575079042558938661e-03
2.697616506727604224e-03
2.820153970896269353e-03
2.942691435064934916e-03
3.073535732989113051e-03
3.219213662619563234e-03
3.364891592250013417e-03
3.510569521880464033e-03
3.656247451510914216e-03
3.792934813337828052e-03
3.899653615819618710e-03
4.006372418301409367e-03
4.113091220783200025e-03
4.219810023264990682e-03
4.327107945423376914e-03
4.439473164751976154e-03
4.551838384080574527e-03
4.664203603409173768e-03
4.776568822737773008e-03
4.888934042066371381e-03
5.000174417508593261e-03
5.111385191795910291e-03
5.222595966083227320e-03
5.333806740370544350e-03
5.445017514657860512e-03
5.579536290697153372e-03
5.718292885236805553e-03
5.857049479776456867e-03
5.995806074316109048e-03
6.134562668855761229e-03
6.282152091882840794e-03
6.433211554672837486e-03
6.584271017462835045e-03
6.735330480252831736e-03
6.886389943042829295e-03
7.014346098718871915e-03
7.126230388576512004e-03
7.238114678434152093e-03
7.349998968291792181e-03
7.461883258149432270e-03
7.572209343410664373e-03
7.680717523309421937e-03
7.789225703208178635e-03
7.897733883106935332e-03
8.006242063005692897e-03
8.131250801389168156e-03
8.289260656742084010e-03
8.447270512094998129e-03
8.605280367447913983e-03
8.763290222800829837e-03
8.919103101507820652e-03
9.066402695711853893e-03
9.213702289915887134e-03
9.361001884119922109e-03
9.508301478323955350e-03
9.654259246805801595e-03
9.784115106621386546e-03
9.913970966436971496e-03
1.004382682625255471e-02
1.017368268606813966e-02
1.030353854588372461e-02
1.041714402022940120e-02
1.052987109536048654e-02
1.064259817049157189e-02
1.075532524562265897e-02
1.086805232075374432e-02
1.098962973757568358e-02
1.111314316664249735e-02
1.123665659570931112e-02
1.136017002477612489e-02
1.148368345384293866e-02
1.160979162132599884e-02
1.173705300588294941e-02
1.186431439043989823e-02
1.199157577499684879e-02
1.211883715955379762e-02
1.224299395409980500e-02
1.236475174727372055e-02
1.248650954044763783e-02
1.260826733362155339e-02
1.273002512679546894e-02
1.286728745264481902e-02
1.302461446783884959e-02
1.318194148303288016e-02
1.333926849822691073e-02
1.349659551342094303e-02
1.364469562688919342e-02
1.377203521147443883e-02
1.389937479605968251e-02
1.402671438064492793e-02
1.415405396523017334e-02
1.427550108523205179e-02
1.437001122428140272e-02
1.446452136333075365e-02
1.455903150238010459e-02
1.465354164142945552e-02
1.474813117449560659e-02
1.484418949687256115e-02
1.494024781924951570e-02
1.503630614162647025e-02
1.513236446400342480e-02
1.522842278638037936e-02
1.535295051083967847e-02
1.547985068547250501e-02
1.560675086010533327e-02
1.573365103473816154e-02
1.586055120937098634e-02
1.602424817763581019e-02
1.619744109264437820e-02
1.637063400765294274e-02
1.654382692266150728e-02
1.671701983767007182e-02
1.685469529174733402e-02
1.697461201535893638e-02
1.709452873897054220e-02
1.721444546258214803e-02
1.733436218619375385e-02
1.743822975581232199e-02
1.752834090772257408e-02
1.761845205963282618e-02
1.770856321154307828e-02
1.779867436345333037e-02
1.790643968063796582e-02
1.803958286040453080e-02
1.817272604017109577e-02
1.830586921993766075e-02
1.843901239970422573e-02
1.857331440115042587e-02
1.871056613050842490e-02
1.884781785986642394e-02
1.898506958922442298e-02
1.912232131858242201e-02
1.925893338946371713e-02
1.939202733872312512e-02
1.952512128798253310e-02
1.965821523724194456e-02
1.979130918650135254e-02
1.992432337646454776e-02
2.005430671317159214e-02
2.018429004987863998e-02
2.031427338658568435e-02
2.044425672329273219e-02
2.057424005999977656e-02
2.071442188384995525e-02
2.085576924908792359e-02
2.099711661432588847e-02
2.113846397956385334e-02
2.127981134480181821e-02
2.139389862192041594e-02
2.149980787260320075e-02
2.160571712328598903e-02
2.171162637396877385e-02
2.181753562465155866e-02
2.192982664360320494e-02
2.204569145278540906e-02
2.216155626196761319e-02
2.227742107114981732e-02
2.239328588033202491e-02
2.251902923475435081e-02
2.265415720715479100e-02
2.278928517955523467e-02
2.292441315195567486e-02
2.305954112435611852e-02
2.318310261414312928e-02
2.328815773174865850e-02
2.339321284935418424e-02
2.349826796695970998e-02
2.360332308456523573e-02
2.370929726175186394e-02
2.381793671172367788e-02
2.392657616169549528e-02
2.403521561166730922e-02
2.414385506163912315e-02
2.425424142704448588e-02
2.437650681739795405e-02
2.449877220775142223e-02
2.462103759810489040e-02
2.474330298845835857e-02
