-0.000000000000000000e+00
1.782928543243990187e-04
3.726327622768720689e-04
4.820968860237634726e-04
5.706429068140370575e-04
7.307859600221055033e-04
8.807509243990052812e-04
9.712413137883393541e-04
1.103389616667587629e-03
1.205956826206134322e-03
1.314734964951644108e-03
1.471574390096711893e-03
1.600566719712627701e-03
1.766443547753523014e-03
1.990657703630837033e-03
2.074838134888090570e-03
2.189969257120751717e-03
2.313230927162199333e-03
2.505306128289582629e-03
2.559620013296490942e-03
2.739239235424150310e-03
3.008437096689693235e-03
3.244737379353412540e-03
3.355323725835866137e-03
3.598255796595744519e-03
3.662987409240121752e-03
3.859857126289029973e-03
4.014526519381044281e-03
4.264533089638021870e-03
4.444673317999447634e-03
4.530265978281293113e-03
4.727406509964078747e-03
4.995117655628626349e-03
5.147696465399281829e-03
5.305759549809339719e-03
5.519276924774799316e-03
5.602946696601270732e-03
5.836890610699088482e-03
5.983920657275490322e-03
6.153489336324951230e-03
6.349265794142027949e-03
6.465630809284333112e-03
6.748119656247581789e-03
6.893231221011328694e-03
7.086092885006907600e-03
7.244923948858800894e-03
7.392097491660679434e-03
7.563522464758220230e-03
7.807042942691351343e-03
7.960755060933959182e-03
8.264873627753523480e-03
8.402711498535506487e-03
8.637998406266923779e-03
8.869646063675048001e-03
9.043809437557335726e-03
9.255987795733628537e-03
9.439471072030948540e-03
9.608061881901077544e-03
9.852762089936446463e-03
1.002119151477203624e-02
1.015713315756838937e-02
1.044380199161094175e-02
1.064451909360596832e-02
1.085724960809063278e-02
1.106949962883669453e-02
1.134424934480243209e-02
1.152048297513125208e-02
1.169963670622824019e-02
1.202209446339872964e-02
1.215216595376623389e-02
1.238101815204200110e-02
1.255268697271069364e-02
1.275544771237358335e-02
1.294150368884222115e-02
1.311350737703232891e-02
1.329561696213318531e-02
1.357642964856590161e-02
1.372829097342912440e-02
1.389455929705443564e-02
1.420131169846918992e-02
1.453680932394584187e-02
1.467479874247029636e-02
1.500803144089527495e-02
1.516265062544349188e-02
1.546758888859905978e-02
1.568510142668140539e-02
1.585665450784194686e-02
1.609802237958551929e-02
1.624058316207792341e-02
1.652654559750207225e-02
1.668513648646587424e-02
1.699820968827853163e-02
1.724859141157225606e-02
1.740981127205305443e-02
1.766739601842497870e-02
1.791864877614810642e-02
1.812679803389886588e-02
1.838185510812931703e-02
1.856693525600442221e-02
1.883064246962144403e-02
1.898099142812931586e-02
1.926166731283780048e-02
1.941411662210555319e-02
1.966516302775352457e-02
1.993663227299254104e-02
2.027068765498756669e-02
2.040786624006631772e-02
2.053871580119370072e-02
2.083846994711246320e-02
2.102495021903288269e-02
2.138735809521967457e-02
2.161328186202818302e-02
2.194448280754904626e-02
2.210401402807405519e-02
2.242314380166897034e-02
2.269062378171870717e-02
2.291734767395412972e-02
2.321619532865432448e-02
2.351740849466703656e-02
2.380698159264990274e-02
2.409713427856314052e-02
2.450431846433821434e-02
2.470488228815695061e-02
2.493921641838076769e-02
2.530370168768168032e-02
2.553843195583310396e-02
2.584480619865156190e-02
2.616474215141199183e-02
2.638124020064105957e-02
2.669595864564796792e-02
2.695824094817352717e-02
2.719483778613981592e-02
2.748399369645758428e-02
2.779999525562862686e-02
2.804442607492677389e-02
2.830301511375517970e-02
2.856292544550428220e-02
2.881777694796352693e-02
2.908288767229621347e-02
2.939055364034263637e-02
2.969613980426637212e-02
2.987209937505388296e-02
3.005277922691351050e-02
3.038148138924564798e-02
3.077136773135120268e-02
3.105126737946393989e-02
3.130534611573362880e-02
3.157901933607074052e-02
3.184130360177949565e-02
3.218446678597402383e-02
3.247340439834208586e-02
3.275959932284056714e-02
3.301763995781154676e-02
3.331185958011605164e-02
3.353006503185410048e-02
3.385286664905222398e-02
3.415925036538270537e-02
3.442373032584691850e-02
3.476052880890853625e-02
3.513204718009394628e-02
3.555579106560928515e-02
3.582369104124896037e-02
3.616952648376899754e-02
3.647013442683614409e-02
3.680560257158330822e-02
3.726838431789997186e-02
3.754905592706272305e-02
3.785690139120199277e-02
3.816074194678088088e-02
3.845741412342636167e-02
3.877683020107212247e-02
3.919861961444597726e-02
3.964928290434927005e-02
4.008272079534678373e-02
4.042818958113290895e-02
4.071286817497651173e-02
4.110284041546283240e-02
4.134974286307820102e-02
4.166893277054434935e-02
4.204961606827300330e-02
4.231943723158883980e-02
4.263444915568941757e-02
4.304037451444045481e-02
4.334060420128212077e-02
4.378775009200331497e-02
4.411649492088422220e-02
4.445226221611495165e-02
4.480797706350925919e-02
4.513375683573362523e-02
4.545402817498756659e-02
4.575590757344017573e-02
4.610563664244266696e-02
4.646318642642718877e-02
4.676354031523625304e-02
4.706109197989499782e-02
4.743803018063553339e-02
4.780275015346780593e-02
4.819774148481901360e-02
4.856634100475269722e-02
4.883329360647692408e-02
