-0.000000000000000000e+00
1.691147787012986948e-04
3.274256831721470036e-04
3.559761433434650629e-04
4.380145549488809274e-04
4.714719923072672255e-04
5.502380435589941795e-04
5.909949541862393125e-04
6.546214576291793218e-04
7.273559588505112018e-04
8.947608802100027363e-04
9.439099209505388572e-04
1.058691508328267559e-03
1.051966397468914001e-03
1.227047179563415342e-03
1.223319249019066057e-03
1.339623209892235392e-03
1.384050293506493582e-03
1.522587695904946024e-03
1.536641466581928741e-03
1.676200475346780903e-03
1.760975348361425771e-03
1.879854727969052256e-03
1.933174028814589563e-03
2.100473480408952907e-03
2.193302161315280416e-03
2.364214160939486029e-03
2.478616476363636363e-03
2.678356213605968643e-03
2.756791413904393587e-03
2.930379255120199155e-03
2.993481705985078650e-03
3.113761715722575436e-03
3.173029857905498765e-03
3.325402484620060967e-03
3.418761104890854011e-03
3.636147254025974031e-03
3.788174842144238948e-03
3.932912117104172059e-03
4.042039483448466031e-03
4.167899279392097214e-03
4.252042142105554035e-03
4.415776736789168468e-03
4.512122272395689693e-03
4.722062634617297909e-03
4.860593941210278844e-03
5.017400917148383266e-03
5.124457960375794312e-03
5.281980865310859780e-03
5.334303665067698270e-03
5.514872189632495127e-03
5.617879283183200081e-03
5.818265358529980426e-03
5.936283335175462569e-03
6.139725673788339749e-03
6.298885024669798050e-03
6.340912724432163326e-03
6.557704326753246993e-03
6.672912995313622780e-03
6.813384884520585702e-03
6.909540794606244991e-03
7.087268943840840420e-03
7.245364788781431462e-03
7.421080738071290754e-03
7.500350954064659119e-03
7.714743635203094585e-03
7.794557154959933475e-03
7.912741444421110201e-03
8.059538883503730017e-03
8.205104733893341454e-03
8.406055768168002248e-03
8.584945780281846156e-03
8.753895304802430943e-03
9.039158007814313694e-03
9.139092253208068797e-03
9.249399389477755765e-03
9.356394470107763997e-03
9.498720129660126812e-03
9.645077692931748603e-03
9.791862759237358882e-03
9.889566604531638966e-03
1.012735196583586586e-02
1.029306815511467181e-02
1.042540394109975170e-02
1.047030300963802153e-02
1.060497983921525333e-02
1.072250046550980891e-02
1.093275066416136976e-02
1.102906285127383187e-02
1.117890387257253378e-02
1.134819672120475353e-02
1.156456974513401549e-02
1.170268435724785769e-02
1.183206817525283248e-02
1.205603469710969829e-02
1.220708665415860816e-02
1.230492013366123183e-02
1.255937551976789128e-02
1.262978000255319221e-02
1.280059747058303471e-02
1.292083857971815415e-02
1.303663798360873115e-02
1.320936356610113299e-02
1.337921424302846059e-02
1.355057965542967591e-02
1.378951993281016773e-02
1.396261338476927245e-02
1.414912791351202043e-02
1.426738088701851384e-02
1.448696476297319652e-02
1.460928080170212709e-02
1.477163486822879318e-02
1.490739099017408115e-02
1.501752649009118618e-02
1.522878532327162117e-02
1.539651383687206353e-02
1.552127072925117354e-02
1.563045047970157420e-02
1.579967192982591889e-02
1.601530327689416888e-02
1.611460007174357612e-02
1.625275001113014525e-02
1.640246883228516084e-02
1.658188396183475979e-02
1.672354169722022749e-02
1.692836301240121730e-02
1.707605295416413441e-02
1.725626121111909286e-02
1.733200290434926821e-02
1.744959944171317959e-02
1.756960183950262433e-02
1.773664252129317567e-02
1.787670482736667538e-02
1.815929248564797024e-02
1.834626032030947651e-02
1.851818830891406586e-02
1.863587177005802606e-02
1.866544056819010797e-02
1.889543005151699331e-02
1.911594689710969727e-02
1.925436395082619559e-02
1.946485764603481453e-02
1.958456950966565302e-02
1.975924437560652031e-02
1.989393387229621349e-02
2.020324924410057954e-02
2.043369837708759393e-02
2.058594894417242402e-02
2.072798079886156372e-02
2.083211008721746332e-02
2.102909221851340105e-02
2.117194283648521705e-02
2.132160395608731843e-02
2.148605216591323655e-02
2.162049737790549750e-02
2.184404567683890727e-02
2.199932894221608148e-02
2.216453600922906747e-02
2.236667858381873389e-02
2.253355153871235139e-02
2.257379185336280680e-02
2.277674711631942628e-02
2.291761013587178750e-02
2.313570946890301100e-02
2.322485652321635771e-02
2.337622831478309085e-02
2.351800629647968904e-02
2.373563033188173452e-02
2.384958964492953776e-02
2.398716962888090484e-02
2.416713702378557593e-02
2.433203231029566066e-02
2.445262471005250210e-02
2.459263505418071358e-02
2.484300966209449998e-02
2.503527577309754004e-02
2.513766322581928794e-02
2.534560826804089367e-02
2.550482704631113623e-02
2.573663546260292895e-02
2.582973737185962834e-02
2.591595620240950623e-02
2.614361593726443819e-02
2.636951055914893774e-02
2.647421477108593407e-02
2.668018754479137972e-02
2.684364586903564484e-02
2.708090490718983306e-02
2.720039898555402097e-02
2.744140442167449651e-02
2.763212293430229380e-02
2.777604743070461596e-02
2.784518131054987411e-02
2.796831960511743723e-02
2.825748162914617362e-02
2.848364837476650979e-02
2.856549885315280354e-02
2.863377267819839853e-02
2.890856785674495583e-02
2.904696925514230546e-02
