0.000000000000000000e+00
1.830598458335819072e-03
3.698697951323173805e-03
5.606886816197254909e-03
7.522337054683419719e-03
9.442535328998379052e-03
1.134215323731290609e-02
1.324442831244174341e-02
1.513996237592812530e-02
1.703131640351437590e-02
1.891175509766363991e-02
2.078296183409187453e-02
2.263878770740034713e-02
2.448466508331258173e-02
2.630921576330447556e-02
2.812521351033333422e-02
2.993872999512159350e-02
3.174510409664666605e-02
3.353372005515347504e-02
3.532595200490563914e-02
3.710500439079345014e-02
3.886977430460992339e-02
4.061488280738856371e-02
4.234607230929852972e-02
4.406693948678599287e-02
4.576635666691363652e-02
4.746664971112364573e-02
4.915104842127139551e-02
5.082230224979701616e-02
5.249259572834327064e-02
5.416081108795665899e-02
5.582781613316072089e-02
5.748852111928091230e-02
5.914480515218439871e-02
6.079881184355912654e-02
6.244522665540024053e-02
6.408632428969553152e-02
6.572339819518688286e-02
6.735549701485289698e-02
6.898033259851492349e-02
7.060054514600183628e-02
7.222287054559316244e-02
7.383232823870373995e-02
7.543942182615261116e-02
7.704159372879311463e-02
7.864005387342888620e-02
8.022786541646660663e-02
8.180513404295751412e-02
8.337721501867845220e-02
8.494771422253415138e-02
8.651780459138229407e-02
8.808243346438597576e-02
8.964822497084803943e-02
9.120872174160159218e-02
9.277062293113165492e-02
9.433251690706256909e-02
9.589610868322254178e-02
9.745667508418211222e-02
9.902691297481019950e-02
1.005955950570277813e-01
1.021661175773220936e-01
