 time       EAIS       Ross   Amundsen    Weddell  Peninsula
    1    0.00120    0.00060    0.00073    0.00129    0.00129
    2    0.00207    0.00114    0.00111    0.00130    0.00133
    3    0.00256    0.00192    0.00131    0.00220    0.00109
    4    0.00276    0.00191    0.00140    0.00283    0.00192
    5    0.00326    0.00240    0.00162    0.00368    0.00171
    6    0.00329    0.00228    0.00138    0.00343    0.00193
    7    0.00222    0.00240    0.00108    0.00409    0.00133
    8    0.00292    0.00162    0.00063    0.00400    0.00071
    9    0.00238    0.00144   -0.00036    0.00400    0.00060
   10    0.00259    0.00111   -0.00066    0.00401   -0.00019
   11    0.00230    0.00071   -0.00093    0.00378   -0.00113
   12    0.00182   -0.00010   -0.00184    0.00362   -0.00117
   13    0.00185   -0.00037   -0.00195    0.00387   -0.00249
   14    0.00237   -0.00051   -0.00311    0.00387   -0.00362
   15    0.00162   -0.00079   -0.00430    0.00343   -0.00463
   16    0.00137   -0.00119   -0.00520    0.00293   -0.00528
   17    0.00022   -0.00168   -0.00584    0.00208   -0.00636
   18   -0.00004   -0.00254   -0.00729    0.00200   -0.00717
   19   -0.00020   -0.00301   -0.00792    0.00096   -0.00885
   20   -0.00078   -0.00413   -0.00848    0.00064   -0.01001
   21   -0.00094   -0.00441   -0.01016    0.00069   -0.01137
   22   -0.00211   -0.00537   -0.01119   -0.00009   -0.01229
   23   -0.00238   -0.00645   -0.01213   -0.00039   -0.01343
   24   -0.00338   -0.00734   -0.01350   -0.00035   -0.01447
   25   -0.00436   -0.00777   -0.01388   -0.00089   -0.01607
   26   -0.00428   -0.00913   -0.01500   -0.00242   -0.01757
   27   -0.00536   -0.00896   -0.01635   -0.00280   -0.01836
   28   -0.00625   -0.00914   -0.01713   -0.00351   -0.01997
   29   -0.00624   -0.01015   -0.01802   -0.00345   -0.02100
   30   -0.00722   -0.01058   -0.01924   -0.00473   -0.02204
   31   -0.00765   -0.01025   -0.02047   -0.00475   -0.02346
   32   -0.00891   -0.01135   -0.02169   -0.00488   -0.02492
   33   -0.00938   -0.01261   -0.02295   -0.00512   -0.02646
   34   -0.00934   -0.01360   -0.02402   -0.00567   -0.02719
   35   -0.01054   -0.01377   -0.02542   -0.00518   -0.02881
   36   -0.01005   -0.01523   -0.02640   -0.00525   -0.03002
   37   -0.01112   -0.01560   -0.02817   -0.00567   -0.03116
   38   -0.01177   -0.01659   -0.02935   -0.00568   -0.03267
   39   -0.01211   -0.01682   -0.03045   -0.00634   -0.03356
   40   -0.01304   -0.01794   -0.03151   -0.00727   -0.03525
   41   -0.01412   -0.01836   -0.03372   -0.00663   -0.03668
   42   -0.01507   -0.01978   -0.03509   -0.00680   -0.03765
   43   -0.01484   -0.02035   -0.03565   -0.00689   -0.03930
   44   -0.01535   -0.02064   -0.03778   -0.00802   -0.04095
   45   -0.01682   -0.02172   -0.03858   -0.00795   -0.04230
   46   -0.01794   -0.02291   -0.03994   -0.00849   -0.04414
   47   -0.01876   -0.02342   -0.04144   -0.00763   -0.04535
   48   -0.01904   -0.02382   -0.04276   -0.00936   -0.04655
   49   -0.02009   -0.02512   -0.04465   -0.00848   -0.04771
   50   -0.02131   -0.02593   -0.04517   -0.00939   -0.04941
   51   -0.02175   -0.02665   -0.04723   -0.00968   -0.05081
   52   -0.02261   -0.02809   -0.04877   -0.00980   -0.05309
   53   -0.02264   -0.02914   -0.04992   -0.01111   -0.05373
   54   -0.02441   -0.03047   -0.05157   -0.01012   -0.05527
   55   -0.02470   -0.03043   -0.05282   -0.01000   -0.05644
   56   -0.02509   -0.03196   -0.05366   -0.01146   -0.05811
   57   -0.02539   -0.03246   -0.05519   -0.01097   -0.06052
   58   -0.02627   -0.03220   -0.05676   -0.01147   -0.06165
   59   -0.02698   -0.03264   -0.05817   -0.01074   -0.06402
   60   -0.02718   -0.03353   -0.05953   -0.01206   -0.06539
   61   -0.02748   -0.03408   -0.06144   -0.01141   -0.06639
   62   -0.02830   -0.03507   -0.06243   -0.01145   -0.06773
   63   -0.02963   -0.03563   -0.06376   -0.01173   -0.06939
   64   -0.03046   -0.03576   -0.06592   -0.01176   -0.07081
   65   -0.03076   -0.03717   -0.06702   -0.01215   -0.07207
   66   -0.03118   -0.03693   -0.06832   -0.01273   -0.07445
   67   -0.03184   -0.03765   -0.06952   -0.01228   -0.07564
   68   -0.03296   -0.03891   -0.07119   -0.01254   -0.07676
   69   -0.03371   -0.03864   -0.07232   -0.01252   -0.07873
   70   -0.03419   -0.03908   -0.07373   -0.01283   -0.08045
   71   -0.03553   -0.03918   -0.07486   -0.01315   -0.08186
   72   -0.03633   -0.03946   -0.07627   -0.01323   -0.08326
   73   -0.03634   -0.04050   -0.07783   -0.01341   -0.08498
   74   -0.03737   -0.04073   -0.07939   -0.01357   -0.08667
   75   -0.03759   -0.04095   -0.08076   -0.01373   -0.08851
   76   -0.03850   -0.04025   -0.08217   -0.01381   -0.08988
   77   -0.03947   -0.04150   -0.08414   -0.01411   -0.09178
   78   -0.04012   -0.04151   -0.08561   -0.01545   -0.09350
   79   -0.04016   -0.04361   -0.08714   -0.01499   -0.09537
   80   -0.04172   -0.04334   -0.08868   -0.01622   -0.09601
   81   -0.04241   -0.04467   -0.09069   -0.01625   -0.09773
   82   -0.04334   -0.04487   -0.09175   -0.01722   -0.09923
   83   -0.04359   -0.04429   -0.09355   -0.01736   -0.10099
   84   -0.04442   -0.04422   -0.09539   -0.01833   -0.10224
   85   -0.04515   -0.04499   -0.09712   -0.01880   -0.10413
   86   -0.04518   -0.04523   -0.09806   -0.01872   -0.10550
   87   -0.04575   -0.04616   -0.09991   -0.02011   -0.10757
   88   -0.04661   -0.04832   -0.10157   -0.02074   -0.10868
   89   -0.04744   -0.04761   -0.10360   -0.02080   -0.11052
   90   -0.04782   -0.04780   -0.10506   -0.02184   -0.11282
   91   -0.04847   -0.04959   -0.10598   -0.02206   -0.11417
   92   -0.04886   -0.05056   -0.10715   -0.02213   -0.11554
   93   -0.05077   -0.04965   -0.10888   -0.02271   -0.11699
   94   -0.05161   -0.04899   -0.11038   -0.02325   -0.11886
   95   -0.05268   -0.04935   -0.11234   -0.02303   -0.12116
   96   -0.05285   -0.04806   -0.11322   -0.02352   -0.12243
   97   -0.05433   -0.04781   -0.11449   -0.02431   -0.12478
   98   -0.05543   -0.04799   -0.11623   -0.02409   -0.12560
   99   -0.05545   -0.04846   -0.11798   -0.02486   -0.12797
  100   -0.05639   -0.04887   -0.11956   -0.02467   -0.13035
  101   -0.05722   -0.04925   -0.12163   -0.02528   -0.13129
  102   -0.05838   -0.04862   -0.12247   -0.02677   -0.13317
  103   -0.05949   -0.05069   -0.12429   -0.02648   -0.13477
  104   -0.06035   -0.04975   -0.12572   -0.02770   -0.13669
  105   -0.06169   -0.05059   -0.12714   -0.02750   -0.13851
  106   -0.06244   -0.04914   -0.12855   -0.02852   -0.14006
  107   -0.06351   -0.04978   -0.12971   -0.02869   -0.14140
  108   -0.06506   -0.04917   -0.13186   -0.02946   -0.14333
  109   -0.06543   -0.04989   -0.13345   -0.02990   -0.14558
  110   -0.06643   -0.04845   -0.13499   -0.03025   -0.14673
  111   -0.06754   -0.05018   -0.13662   -0.03061   -0.14860
  112   -0.06892   -0.05007   -0.13842   -0.03146   -0.14950
  113   -0.06945   -0.04868   -0.13920   -0.03195   -0.15136
  114   -0.07112   -0.04837   -0.14124   -0.03246   -0.15266
  115   -0.07145   -0.04839   -0.14288   -0.03233   -0.15484
  116   -0.07211   -0.04847   -0.14422   -0.03263   -0.15674
  117   -0.07315   -0.04723   -0.14630   -0.03283   -0.15849
  118   -0.07445   -0.04972   -0.14801   -0.03282   -0.16041
  119   -0.07552   -0.05122   -0.14961   -0.03375   -0.16215
  120   -0.07648   -0.05383   -0.15185   -0.03399   -0.16381
  121   -0.07745   -0.05284   -0.15372   -0.03454   -0.16611
  122   -0.07895   -0.05036   -0.15546   -0.03471   -0.16761
  123   -0.08041   -0.05044   -0.15758   -0.03529   -0.16977
  124   -0.08129   -0.05064   -0.15920   -0.03529   -0.17113
  125   -0.08227   -0.04993   -0.16082   -0.03567   -0.17222
  126   -0.08292   -0.05063   -0.16260   -0.03549   -0.17409
  127   -0.08385   -0.05057   -0.16492   -0.03629   -0.17681
  128   -0.08532   -0.05058   -0.16542   -0.03630   -0.17757
  129   -0.08613   -0.05010   -0.16751   -0.03627   -0.17899
  130   -0.08684   -0.04994   -0.16926   -0.03654   -0.18077
  131   -0.08791   -0.05118   -0.17060   -0.03745   -0.18347
  132   -0.08944   -0.05212   -0.17275   -0.03843   -0.18444
  133   -0.08982   -0.05089   -0.17392   -0.03893   -0.18609
  134   -0.09122   -0.05164   -0.17584   -0.03943   -0.18846
  135   -0.09171   -0.05163   -0.17748   -0.03986   -0.18981
  136   -0.09272   -0.05133   -0.17941   -0.04083   -0.19106
  137   -0.09398   -0.05185   -0.18100   -0.04157   -0.19332
  138   -0.09478   -0.05246   -0.18147   -0.04156   -0.19504
  139   -0.09524   -0.05295   -0.18276   -0.04216   -0.19668
  140   -0.09562   -0.05256   -0.18478   -0.04282   -0.19761
  141   -0.09669   -0.05353   -0.18655   -0.04384   -0.19974
  142   -0.09742   -0.05329   -0.18933   -0.04447   -0.20193
  143   -0.09844   -0.05345   -0.19037   -0.04509   -0.20321
  144   -0.09901   -0.05349   -0.19215   -0.04612   -0.20522
  145   -0.10011   -0.05483   -0.19358   -0.04663   -0.20692
  146   -0.10102   -0.05555   -0.19578   -0.04789   -0.20846
  147   -0.10236   -0.05446   -0.19693   -0.04837   -0.21059
  148   -0.10324   -0.05479   -0.19876   -0.04928   -0.21181
  149   -0.10425   -0.05533   -0.20047   -0.04963   -0.21371
  150   -0.10530   -0.05556   -0.20208   -0.04996   -0.21507
  151   -0.10547   -0.05548   -0.20422   -0.05099   -0.21726
  152   -0.10715   -0.05634   -0.20551   -0.05190   -0.21907
  153   -0.10773   -0.05694   -0.20733   -0.05299   -0.22095
  154   -0.10918   -0.05707   -0.20857   -0.05367   -0.22277
  155   -0.11009   -0.05738   -0.21032   -0.05438   -0.22402
  156   -0.11139   -0.05740   -0.21183   -0.05461   -0.22600
  157   -0.11146   -0.05878   -0.21352   -0.05510   -0.22720
  158   -0.11284   -0.05754   -0.21429   -0.05644   -0.22938
  159   -0.11352   -0.05698   -0.21624   -0.05731   -0.23097
  160   -0.11428   -0.05721   -0.21823   -0.05794   -0.23309
  161   -0.11541   -0.05725   -0.21940   -0.05874   -0.23423
  162   -0.11635   -0.05757   -0.22132   -0.06015   -0.23661
  163   -0.11739   -0.05787   -0.22309   -0.06095   -0.23805
  164   -0.11860   -0.05831   -0.22455   -0.06146   -0.23943
  165   -0.11929   -0.05901   -0.22615   -0.06219   -0.24156
  166   -0.12116   -0.05872   -0.22736   -0.06351   -0.24329
  167   -0.12166   -0.05883   -0.22834   -0.06452   -0.24477
  168   -0.12252   -0.05798   -0.23073   -0.06519   -0.24669
  169   -0.12361   -0.05850   -0.23260   -0.06641   -0.24859
  170   -0.12476   -0.05905   -0.23392   -0.06650   -0.25011
  171   -0.12557   -0.05894   -0.23548   -0.06689   -0.25203
  172   -0.12679   -0.05936   -0.23703   -0.06730   -0.25417
  173   -0.12823   -0.05958   -0.23887   -0.06776   -0.25568
  174   -0.12938   -0.06011   -0.24075   -0.06856   -0.25770
  175   -0.13038   -0.05991   -0.24191   -0.06937   -0.25906
  176   -0.13076   -0.06078   -0.24356   -0.07002   -0.26085
  177   -0.13284   -0.06106   -0.24575   -0.07143   -0.26276
  178   -0.13304   -0.06125   -0.24681   -0.07153   -0.26487
  179   -0.13495   -0.06217   -0.24824   -0.07187   -0.26646
  180   -0.13571   -0.06329   -0.25034   -0.07274   -0.26802
  181   -0.13652   -0.06252   -0.25246   -0.07316   -0.26981
  182   -0.13697   -0.06268   -0.25358   -0.07371   -0.27133
  183   -0.13849   -0.06273   -0.25530   -0.07417   -0.27334
  184   -0.13953   -0.06357   -0.25641   -0.07504   -0.27478
  185   -0.14051   -0.06317   -0.25780   -0.07548   -0.27592
  186   -0.14120   -0.06388   -0.25942   -0.07617   -0.27783
  187   -0.14262   -0.06440   -0.26107   -0.07702   -0.27970
  188   -0.14270   -0.06433   -0.26216   -0.07734   -0.28165
  189   -0.14447   -0.06472   -0.26352   -0.07900   -0.28347
  190   -0.14523   -0.06568   -0.26501   -0.07865   -0.28497
  191   -0.14564   -0.06532   -0.26662   -0.07944   -0.28676
  192   -0.14692   -0.06581   -0.26835   -0.07983   -0.28871
  193   -0.14829   -0.06592   -0.26996   -0.08002   -0.29067
  194   -0.14946   -0.06688   -0.27158   -0.08092   -0.29177
  195   -0.15051   -0.06700   -0.27335   -0.08187   -0.29320
  196   -0.15141   -0.06770   -0.27497   -0.08214   -0.29475
  197   -0.15315   -0.06924   -0.27665   -0.08366   -0.29669
  198   -0.15386   -0.06880   -0.27773   -0.08396   -0.29875
  199   -0.15499   -0.06906   -0.27930   -0.08476   -0.30164
  200   -0.15650   -0.07057   -0.28112   -0.08593   -0.30235
