    1    0.00023   -0.00038   -0.00001    0.00034    0.00008
    2    0.00040    0.00073    0.00024    0.00096   -0.00008
    3    0.00084    0.00061    0.00015    0.00142   -0.00061
    4    0.00192    0.00119    0.00040    0.00258   -0.00026
    5    0.00262    0.00237    0.00017    0.00297    0.00014
    6    0.00358    0.00325    0.00071    0.00510    0.00024
    7    0.00389    0.00386    0.00024    0.00640   -0.00027
    8    0.00492    0.00418    0.00043    0.00765   -0.00065
    9    0.00565    0.00497    0.00066    0.00872   -0.00053
   10    0.00567    0.00481   -0.00003    0.00936   -0.00040
   11    0.00700    0.00610    0.00015    0.01133   -0.00071
   12    0.00772    0.00643    0.00073    0.01300   -0.00069
   13    0.00949    0.00803    0.00135    0.01456   -0.00027
   14    0.01017    0.00851    0.00081    0.01528   -0.00064
   15    0.01204    0.01010    0.00142    0.01686   -0.00068
   16    0.01390    0.01211    0.00250    0.01874    0.00019
   17    0.01434    0.01266    0.00171    0.02030   -0.00027
   18    0.01586    0.01388    0.00214    0.02230   -0.00015
   19    0.01614    0.01476    0.00179    0.02391   -0.00004
   20    0.01808    0.01589    0.00214    0.02503    0.00025
   21    0.01945    0.01772    0.00229    0.02738   -0.00006
   22    0.02077    0.01871    0.00210    0.02794   -0.00050
   23    0.02160    0.02042    0.00258    0.02993   -0.00055
   24    0.02331    0.02250    0.00287    0.03185    0.00049
   25    0.02493    0.02370    0.00366    0.03330    0.00006
   26    0.02608    0.02439    0.00291    0.03576   -0.00009
   27    0.02695    0.02602    0.00376    0.03730   -0.00029
   28    0.02877    0.02705    0.00410    0.03893    0.00005
   29    0.03029    0.02824    0.00493    0.04143   -0.00030
   30    0.03162    0.02960    0.00434    0.04326   -0.00040
   31    0.03388    0.03047    0.00478    0.04570   -0.00004
   32    0.03569    0.03275    0.00516    0.04730    0.00003
   33    0.03676    0.03431    0.00519    0.04957    0.00028
   34    0.03817    0.03503    0.00504    0.05056   -0.00094
   35    0.03967    0.03528    0.00520    0.05251   -0.00035
   36    0.04114    0.03613    0.00550    0.05475   -0.00021
   37    0.04228    0.03537    0.00582    0.05693   -0.00055
   38    0.04433    0.03830    0.00557    0.05882   -0.00037
   39    0.04551    0.04106    0.00569    0.05955   -0.00034
   40    0.04651    0.04392    0.00562    0.06222    0.00001
   41    0.04915    0.04625    0.00617    0.06441    0.00041
   42    0.04919    0.04681    0.00582    0.06707   -0.00025
   43    0.05195    0.04874    0.00647    0.06886    0.00026
   44    0.05287    0.05080    0.00637    0.07042   -0.00070
   45    0.05372    0.05179    0.00714    0.07193   -0.00040
   46    0.05559    0.05408    0.00786    0.07424   -0.00007
   47    0.05814    0.05717    0.00876    0.07630    0.00068
   48    0.06025    0.06014    0.00955    0.07863    0.00127
   49    0.06074    0.06224    0.00906    0.07960    0.00142
   50    0.06234    0.06498    0.00922    0.08148    0.00168
   51    0.06436    0.06611    0.00922    0.08325    0.00171
   52    0.06572    0.06885    0.00908    0.08586    0.00131
   53    0.06659    0.07079    0.00924    0.08630    0.00070
   54    0.06791    0.07332    0.00917    0.08842    0.00050
   55    0.07026    0.07619    0.01072    0.09077    0.00081
   56    0.07136    0.07798    0.01110    0.09283    0.00083
   57    0.07317    0.08056    0.01115    0.09507    0.00084
   58    0.07567    0.08379    0.01206    0.09781    0.00083
   59    0.07808    0.08583    0.01320    0.10088    0.00170
   60    0.07969    0.08720    0.01314    0.10246    0.00083
   61    0.08058    0.08981    0.01354    0.10357    0.00069
   62    0.08200    0.09222    0.01399    0.10649    0.00100
   63    0.08284    0.09481    0.01368    0.10855    0.00010
   64    0.08457    0.09730    0.01387    0.11059   -0.00024
   65    0.08762    0.09970    0.01511    0.11343    0.00116
   66    0.08917    0.10174    0.01568    0.11549    0.00073
   67    0.09074    0.10460    0.01586    0.11854    0.00042
   68    0.09038    0.10680    0.01520    0.12008    0.00051
   69    0.09362    0.11087    0.01706    0.12354    0.00076
   70    0.09390    0.11207    0.01723    0.12528    0.00142
   71    0.09613    0.11449    0.01786    0.12641    0.00101
   72    0.09852    0.11758    0.01881    0.13113    0.00215
   73    0.09873    0.11932    0.01843    0.13214    0.00124
   74    0.09950    0.12124    0.01794    0.13290    0.00047
   75    0.10087    0.12327    0.01807    0.13520    0.00060
   76    0.10277    0.12560    0.01849    0.13640    0.00083
   77    0.10424    0.12819    0.01938    0.13935    0.00143
   78    0.10492    0.12894    0.01984    0.14102    0.00084
   79    0.10719    0.13203    0.02051    0.14244    0.00047
   80    0.10814    0.13465    0.02058    0.14460    0.00124
   81    0.10926    0.13615    0.02071    0.14605    0.00067
   82    0.11150    0.13884    0.02162    0.14761    0.00104
   83    0.11268    0.14183    0.02234    0.15001    0.00149
   84    0.11381    0.14386    0.02201    0.15093    0.00039
   85    0.11522    0.14646    0.02218    0.15361    0.00124
   86    0.11647    0.14814    0.02231    0.15490    0.00057
   87    0.11744    0.15085    0.02192    0.15669    0.00069
   88    0.11976    0.15429    0.02290    0.15921    0.00171
   89    0.12006    0.15517    0.02231    0.16051    0.00118
   90    0.12084    0.15752    0.02266    0.16167    0.00041
   91    0.12291    0.15871    0.02311    0.16291    0.00071
   92    0.12404    0.16087    0.02350    0.16506    0.00037
   93    0.12489    0.16260    0.02373    0.16686    0.00023
   94    0.12611    0.16493    0.02367    0.16919    0.00052
   95    0.12781    0.16682    0.02363    0.17003    0.00006
   96    0.12955    0.16895    0.02453    0.17158    0.00019
   97    0.13088    0.17067    0.02481    0.17294   -0.00005
   98    0.13225    0.17223    0.02454    0.17528    0.00026
   99    0.13329    0.17485    0.02400    0.17608   -0.00036
  100    0.13425    0.17673    0.02444    0.17805   -0.00005
  101    0.13380    0.17831    0.02487    0.17793   -0.00011
  102    0.13563    0.17975    0.02493    0.18071    0.00005
  103    0.13739    0.18267    0.02470    0.18249   -0.00040
  104    0.13878    0.18381    0.02485    0.18382   -0.00015
  105    0.14050    0.18649    0.02631    0.18611    0.00003
  106    0.14172    0.18789    0.02593    0.18782   -0.00042
  107    0.14236    0.19091    0.02586    0.18912   -0.00059
  108    0.14458    0.19352    0.02701    0.19161    0.00002
  109    0.14542    0.19487    0.02590    0.19293   -0.00040
  110    0.14597    0.19676    0.02670    0.19451   -0.00036
  111    0.14729    0.19911    0.02754    0.19693   -0.00003
  112    0.14808    0.20143    0.02778    0.19898    0.00024
  113    0.14991    0.20360    0.02832    0.20104   -0.00007
  114    0.15185    0.20605    0.02916    0.20233    0.00106
  115    0.15289    0.20804    0.02950    0.20385    0.00066
  116    0.15390    0.20948    0.02927    0.20578    0.00028
  117    0.15579    0.21291    0.03050    0.20842    0.00085
  118    0.15579    0.21418    0.03004    0.20945    0.00074
  119    0.15710    0.21569    0.02920    0.21063    0.00054
  120    0.15808    0.21824    0.02955    0.21141    0.00093
  121    0.15853    0.22037    0.03001    0.21405    0.00032
  122    0.16069    0.22243    0.03074    0.21564    0.00043
  123    0.16205    0.22399    0.03131    0.21792   -0.00005
  124    0.16257    0.22543    0.03178    0.21985    0.00065
  125    0.16280    0.22751    0.03147    0.22125   -0.00021
  126    0.16415    0.23037    0.03293    0.22297    0.00121
  127    0.16618    0.23266    0.03283    0.22435    0.00013
  128    0.16682    0.23408    0.03309    0.22660   -0.00024
  129    0.16832    0.23606    0.03326    0.22824    0.00053
  130    0.16996    0.23824    0.03374    0.23068    0.00121
  131    0.17028    0.23991    0.03323    0.23161    0.00056
  132    0.17168    0.24305    0.03491    0.23399    0.00065
  133    0.17160    0.24345    0.03483    0.23522   -0.00018
  134    0.17366    0.24688    0.03636    0.23824    0.00119
  135    0.17439    0.24855    0.03574    0.24037    0.00088
  136    0.17530    0.25070    0.03591    0.24252    0.00117
  137    0.17650    0.25317    0.03569    0.24314    0.00098
  138    0.17854    0.25611    0.03686    0.24588    0.00102
  139    0.18032    0.25813    0.03779    0.24811    0.00204
  140    0.18151    0.26034    0.03776    0.24942    0.00184
  141    0.18189    0.26212    0.03734    0.25066    0.00119
  142    0.18384    0.26448    0.03840    0.25336    0.00164
  143    0.18447    0.26707    0.03879    0.25486    0.00126
  144    0.18525    0.26876    0.03861    0.25612    0.00138
  145    0.18566    0.27165    0.03803    0.25767    0.00091
  146    0.18669    0.27364    0.03886    0.25969    0.00146
  147    0.18841    0.27670    0.03907    0.26194    0.00158
  148    0.18988    0.27941    0.04029    0.26417    0.00228
  149    0.19078    0.28064    0.04025    0.26496    0.00102
  150    0.19190    0.28280    0.04014    0.26668    0.00099
  151    0.19237    0.28498    0.03982    0.26899    0.00094
  152    0.19356    0.28640    0.04112    0.27120    0.00058
  153    0.19474    0.28860    0.04143    0.27438    0.00095
  154    0.19635    0.29146    0.04252    0.27784    0.00112
  155    0.19690    0.29350    0.04174    0.28000    0.00091
  156    0.19712    0.29403    0.04077    0.28153    0.00053
  157    0.19915    0.29828    0.04249    0.28465    0.00073
  158    0.20028    0.30068    0.04274    0.28711    0.00116
  159    0.20100    0.30328    0.04280    0.28855    0.00055
  160    0.20236    0.30562    0.04395    0.29083    0.00114
  161    0.20397    0.30884    0.04482    0.29324    0.00186
  162    0.20421    0.31152    0.04457    0.29555    0.00146
  163    0.20492    0.31399    0.04440    0.29760    0.00210
  164    0.20576    0.31687    0.04501    0.29930    0.00114
  165    0.20625    0.31873    0.04530    0.30189    0.00093
  166    0.20794    0.32106    0.04580    0.30439    0.00181
  167    0.20905    0.32362    0.04678    0.30644    0.00175
  168    0.20970    0.32646    0.04669    0.30855    0.00159
  169    0.21161    0.32985    0.04771    0.31107    0.00195
  170    0.21174    0.33290    0.04713    0.31251    0.00124
  171    0.21216    0.33500    0.04722    0.31416    0.00094
  172    0.21327    0.33788    0.04730    0.31624    0.00084
  173    0.21423    0.34005    0.04703    0.31883    0.00110
  174    0.21430    0.34181    0.04747    0.31944   -0.00025
  175    0.21555    0.34501    0.04809    0.32227    0.00038
  176    0.21611    0.34655    0.04757    0.32367   -0.00022
  177    0.21631    0.34906    0.04793    0.32563   -0.00015
  178    0.21761    0.35244    0.04834    0.32710   -0.00078
  179    0.21857    0.35485    0.04941    0.32946    0.00021
  180    0.21826    0.35693    0.04923    0.33131    0.00045
  181    0.22040    0.35991    0.05058    0.33391    0.00056
  182    0.22147    0.36211    0.05097    0.33496    0.00010
  183    0.22171    0.36391    0.05044    0.33662   -0.00071
  184    0.22343    0.36636    0.05104    0.33814   -0.00020
  185    0.22427    0.36755    0.05126    0.34043   -0.00043
  186    0.22535    0.37092    0.05155    0.34235    0.00054
  187    0.22612    0.37229    0.05211    0.34359    0.00004
  188    0.22674    0.37512    0.05306    0.34555    0.00082
  189    0.22728    0.37764    0.05454    0.34778    0.00151
  190    0.22938    0.37914    0.05515    0.35002    0.00150
  191    0.22969    0.38274    0.05635    0.35250    0.00188
  192    0.23056    0.38484    0.05609    0.35350    0.00202
  193    0.23070    0.38581    0.05724    0.35440    0.00153
  194    0.23200    0.38770    0.05786    0.35773    0.00114
  195    0.23228    0.38858    0.05846    0.35872    0.00112
  196    0.23329    0.39062    0.05915    0.36141    0.00150
  197    0.23485    0.39386    0.05951    0.36347    0.00203
  198    0.23602    0.39466    0.06018    0.36565    0.00178
  199    0.23672    0.39680    0.06109    0.36728    0.00216
  200    0.23710    0.39814    0.06178    0.36925    0.00185
