time (years) EAIS Ross Amundsen Weddell Peninsula
  1 0.0000 0.0000 0.0000 0.0001 0.0000 
  2 0.0000 0.0000 0.0000 0.0001 0.0000 
  3 0.0000 0.0000 0.0000 0.0000 0.0000 
  4 0.0000 0.0001 0.0000 0.0002 0.0000 
  5 0.0000 0.0001 0.0000 0.0002 0.0000 
  6 0.0000 0.0001 0.0000 0.0003 0.0000 
  7 0.0000 0.0001 0.0000 0.0003 0.0000 
  8 0.0000 0.0001 0.0001 0.0004 0.0000 
  9 0.0000 0.0002 0.0001 0.0005 0.0000 
 10 -0.0001 0.0002 0.0000 0.0004 0.0000 
 11 -0.0001 0.0003 0.0000 0.0005 0.0000 
 12 0.0000 0.0003 0.0000 0.0006 0.0000 
 13 0.0000 0.0004 0.0001 0.0007 0.0000 
 14 0.0000 0.0005 0.0001 0.0008 0.0000 
 15 -0.0001 0.0005 0.0000 0.0008 0.0000 
 16 -0.0001 0.0005 0.0000 0.0009 0.0000 
 17 -0.0001 0.0005 0.0000 0.0010 -0.0001 
 18 -0.0001 0.0005 0.0000 0.0011 -0.0001 
 19 -0.0001 0.0006 0.0000 0.0011 -0.0001 
 20 -0.0001 0.0006 0.0000 0.0012 -0.0001 
 21 -0.0001 0.0006 0.0000 0.0013 -0.0001 
 22 -0.0001 0.0007 0.0000 0.0014 -0.0001 
 23 0.0000 0.0008 0.0000 0.0016 0.0000 
 24 0.0000 0.0008 0.0000 0.0018 0.0000 
 25 0.0000 0.0009 0.0000 0.0019 0.0000 
 26 -0.0001 0.0008 -0.0001 0.0019 -0.0001 
 27 0.0000 0.0009 0.0000 0.0021 0.0000 
 28 0.0000 0.0010 0.0000 0.0023 -0.0001 
 29 0.0000 0.0010 0.0000 0.0024 0.0000 
 30 0.0000 0.0011 0.0000 0.0025 -0.0001 
 31 0.0000 0.0011 0.0000 0.0027 -0.0001 
 32 0.0000 0.0012 -0.0001 0.0028 -0.0001 
 33 0.0000 0.0012 -0.0001 0.0030 -0.0001 
 34 0.0000 0.0013 -0.0001 0.0032 -0.0001 
 35 0.0000 0.0014 -0.0001 0.0034 -0.0001 
 36 0.0000 0.0014 -0.0001 0.0035 -0.0001 
 37 -0.0001 0.0014 -0.0001 0.0037 -0.0001 
 38 -0.0001 0.0016 -0.0001 0.0039 -0.0001 
 39 -0.0001 0.0016 -0.0001 0.0041 -0.0001 
 40 -0.0001 0.0017 -0.0002 0.0042 -0.0002 
 41 0.0000 0.0018 -0.0001 0.0045 -0.0001 
 42 0.0000 0.0019 -0.0001 0.0047 -0.0001 
 43 -0.0001 0.0020 -0.0001 0.0049 -0.0001 
 44 -0.0002 0.0020 -0.0002 0.0050 -0.0002 
 45 -0.0001 0.0021 -0.0001 0.0053 -0.0001 
 46 -0.0001 0.0022 -0.0002 0.0055 -0.0001 
 47 -0.0001 0.0023 -0.0002 0.0057 -0.0002 
 48 -0.0001 0.0024 -0.0002 0.0059 -0.0002 
 49 -0.0001 0.0024 -0.0002 0.0061 -0.0002 
 50 -0.0001 0.0025 -0.0002 0.0063 -0.0001 
 51 -0.0001 0.0025 -0.0002 0.0064 -0.0002 
 52 -0.0002 0.0025 -0.0002 0.0066 -0.0002 
 53 -0.0001 0.0027 -0.0002 0.0069 -0.0002 
 54 -0.0001 0.0027 -0.0002 0.0071 -0.0002 
 55 -0.0001 0.0028 -0.0002 0.0074 -0.0001 
 56 -0.0001 0.0029 -0.0002 0.0076 -0.0002 
 57 -0.0001 0.0029 -0.0002 0.0077 -0.0002 
 58 -0.0002 0.0030 -0.0003 0.0079 -0.0002 
 59 -0.0002 0.0030 -0.0003 0.0081 -0.0003 
 60 -0.0001 0.0032 -0.0002 0.0084 -0.0002 
 61 -0.0001 0.0033 -0.0002 0.0086 -0.0002 
 62 -0.0002 0.0034 -0.0003 0.0087 -0.0003 
 63 -0.0002 0.0035 -0.0003 0.0089 -0.0003 
 64 -0.0002 0.0037 -0.0003 0.0091 -0.0003 
 65 -0.0003 0.0038 -0.0003 0.0093 -0.0003 
 66 -0.0002 0.0041 -0.0003 0.0096 -0.0002 
 67 -0.0002 0.0042 -0.0003 0.0098 -0.0003 
 68 -0.0002 0.0043 -0.0003 0.0100 -0.0003 
 69 -0.0003 0.0044 -0.0003 0.0102 -0.0003 
 70 -0.0003 0.0046 -0.0004 0.0104 -0.0004 
 71 -0.0003 0.0048 -0.0004 0.0106 -0.0004 
 72 -0.0003 0.0050 -0.0003 0.0110 -0.0003 
 73 -0.0003 0.0052 -0.0004 0.0112 -0.0003 
 74 -0.0004 0.0052 -0.0004 0.0113 -0.0004 
 75 -0.0003 0.0055 -0.0004 0.0117 -0.0003 
 76 -0.0003 0.0056 -0.0004 0.0120 -0.0003 
 77 -0.0003 0.0057 -0.0004 0.0123 -0.0003 
 78 -0.0003 0.0059 -0.0004 0.0125 -0.0003 
 79 -0.0004 0.0059 -0.0005 0.0126 -0.0004 
 80 -0.0004 0.0061 -0.0004 0.0128 -0.0004 
 81 -0.0004 0.0062 -0.0004 0.0130 -0.0003 
 82 -0.0004 0.0063 -0.0004 0.0133 -0.0004 
 83 -0.0005 0.0064 -0.0005 0.0134 -0.0004 
 84 -0.0005 0.0065 -0.0005 0.0136 -0.0004 
 85 -0.0005 0.0066 -0.0005 0.0140 -0.0004 
 86 -0.0005 0.0068 -0.0005 0.0143 -0.0004 
 87 -0.0005 0.0069 -0.0005 0.0146 -0.0004 
 88 -0.0005 0.0072 -0.0005 0.0148 -0.0004 
 89 -0.0005 0.0076 -0.0005 0.0151 -0.0004 
 90 -0.0005 0.0076 -0.0006 0.0152 -0.0005 
 91 -0.0005 0.0079 -0.0005 0.0156 -0.0004 
 92 -0.0005 0.0080 -0.0006 0.0158 -0.0005 
 93 -0.0006 0.0081 -0.0006 0.0161 -0.0005 
 94 -0.0005 0.0085 -0.0006 0.0164 -0.0004 
 95 -0.0005 0.0086 -0.0005 0.0167 -0.0005 
 96 -0.0005 0.0089 -0.0006 0.0170 -0.0004 
 97 -0.0006 0.0091 -0.0005 0.0173 -0.0004 
 98 -0.0005 0.0094 -0.0006 0.0175 -0.0004 
 99 -0.0005 0.0097 -0.0006 0.0178 -0.0004 
100 -0.0006 0.0098 -0.0006 0.0180 -0.0005 
101 -0.0006 0.0100 -0.0006 0.0183 -0.0005 
102 -0.0006 0.0102 -0.0006 0.0187 -0.0005 
103 -0.0006 0.0104 -0.0006 0.0190 -0.0005 
104 -0.0006 0.0105 -0.0006 0.0193 -0.0004 
105 -0.0006 0.0106 -0.0007 0.0195 -0.0005 
106 -0.0007 0.0109 -0.0006 0.0199 -0.0005 
107 -0.0007 0.0110 -0.0007 0.0202 -0.0005 
108 -0.0007 0.0112 -0.0006 0.0205 -0.0005 
109 -0.0007 0.0113 -0.0006 0.0208 -0.0005 
110 -0.0007 0.0115 -0.0006 0.0211 -0.0005 
111 -0.0008 0.0115 -0.0007 0.0213 -0.0005 
112 -0.0008 0.0117 -0.0007 0.0217 -0.0005 
113 -0.0007 0.0119 -0.0007 0.0220 -0.0005 
114 -0.0007 0.0121 -0.0007 0.0223 -0.0005 
115 -0.0008 0.0121 -0.0008 0.0226 -0.0006 
116 -0.0008 0.0124 -0.0008 0.0229 -0.0005 
117 -0.0008 0.0127 -0.0008 0.0233 -0.0005 
118 -0.0007 0.0128 -0.0007 0.0237 -0.0005 
119 -0.0008 0.0130 -0.0007 0.0241 -0.0005 
120 -0.0008 0.0132 -0.0008 0.0243 -0.0005 
121 -0.0008 0.0134 -0.0008 0.0247 -0.0005 
122 -0.0009 0.0135 -0.0008 0.0250 -0.0005 
123 -0.0009 0.0137 -0.0008 0.0254 -0.0005 
124 -0.0008 0.0138 -0.0008 0.0258 -0.0005 
125 -0.0009 0.0140 -0.0008 0.0262 -0.0005 
126 -0.0009 0.0142 -0.0008 0.0265 -0.0005 
127 -0.0008 0.0143 -0.0008 0.0269 -0.0005 
128 -0.0009 0.0145 -0.0008 0.0273 -0.0005 
129 -0.0009 0.0149 -0.0009 0.0277 -0.0005 
130 -0.0009 0.0150 -0.0009 0.0280 -0.0005 
131 -0.0009 0.0152 -0.0009 0.0284 -0.0005 
132 -0.0009 0.0154 -0.0009 0.0288 -0.0005 
133 -0.0009 0.0156 -0.0009 0.0291 -0.0004 
134 -0.0009 0.0158 -0.0009 0.0296 -0.0005 
135 -0.0009 0.0159 -0.0009 0.0300 -0.0005 
136 -0.0009 0.0162 -0.0009 0.0304 -0.0005 
137 -0.0009 0.0165 -0.0009 0.0308 -0.0004 
138 -0.0010 0.0167 -0.0010 0.0311 -0.0005 
139 -0.0010 0.0169 -0.0010 0.0315 -0.0005 
140 -0.0010 0.0170 -0.0010 0.0319 -0.0005 
141 -0.0010 0.0173 -0.0010 0.0324 -0.0004 
142 -0.0010 0.0174 -0.0009 0.0329 -0.0004 
143 -0.0010 0.0176 -0.0009 0.0333 -0.0004 
144 -0.0011 0.0177 -0.0010 0.0336 -0.0004 
145 -0.0010 0.0179 -0.0010 0.0340 -0.0004 
146 -0.0010 0.0181 -0.0010 0.0344 -0.0004 
147 -0.0011 0.0183 -0.0010 0.0348 -0.0004 
148 -0.0010 0.0185 -0.0010 0.0353 -0.0004 
149 -0.0010 0.0187 -0.0010 0.0357 -0.0004 
150 -0.0011 0.0188 -0.0011 0.0360 -0.0004 
151 -0.0011 0.0190 -0.0010 0.0365 -0.0004 
152 -0.0011 0.0192 -0.0010 0.0371 -0.0004 
153 -0.0011 0.0194 -0.0010 0.0374 -0.0003 
154 -0.0011 0.0196 -0.0010 0.0378 -0.0003 
155 -0.0011 0.0197 -0.0010 0.0382 -0.0003 
156 -0.0011 0.0200 -0.0010 0.0387 -0.0003 
157 -0.0011 0.0200 -0.0010 0.0391 -0.0003 
158 -0.0011 0.0202 -0.0011 0.0395 -0.0003 
159 -0.0012 0.0203 -0.0011 0.0399 -0.0003 
160 -0.0012 0.0205 -0.0011 0.0404 -0.0003 
161 -0.0012 0.0207 -0.0012 0.0408 -0.0004 
162 -0.0012 0.0209 -0.0011 0.0413 -0.0003 
163 -0.0012 0.0211 -0.0011 0.0417 -0.0003 
164 -0.0011 0.0214 -0.0011 0.0422 -0.0003 
165 -0.0012 0.0216 -0.0011 0.0426 -0.0003 
166 -0.0012 0.0218 -0.0012 0.0430 -0.0003 
167 -0.0013 0.0219 -0.0011 0.0434 -0.0003 
168 -0.0012 0.0223 -0.0011 0.0440 -0.0002 
169 -0.0012 0.0225 -0.0011 0.0445 -0.0002 
170 -0.0013 0.0227 -0.0012 0.0449 -0.0003 
171 -0.0012 0.0232 -0.0011 0.0454 -0.0002 
172 -0.0013 0.0234 -0.0011 0.0458 -0.0003 
173 -0.0012 0.0237 -0.0011 0.0463 -0.0002 
174 -0.0013 0.0239 -0.0012 0.0467 -0.0002 
175 -0.0013 0.0242 -0.0011 0.0473 -0.0002 
176 -0.0014 0.0244 -0.0012 0.0477 -0.0002 
177 -0.0013 0.0247 -0.0012 0.0483 -0.0002 
178 -0.0013 0.0250 -0.0011 0.0488 -0.0002 
179 -0.0014 0.0251 -0.0012 0.0493 -0.0002 
180 -0.0014 0.0254 -0.0012 0.0498 -0.0002 
181 -0.0015 0.0256 -0.0013 0.0502 -0.0002 
182 -0.0015 0.0259 -0.0013 0.0506 -0.0002 
183 -0.0014 0.0262 -0.0012 0.0512 -0.0002 
184 -0.0015 0.0265 -0.0012 0.0516 -0.0001 
185 -0.0015 0.0267 -0.0012 0.0521 -0.0002 
186 -0.0015 0.0269 -0.0013 0.0526 -0.0002 
187 -0.0015 0.0272 -0.0012 0.0531 -0.0001 
188 -0.0016 0.0273 -0.0013 0.0535 -0.0002 
189 -0.0017 0.0275 -0.0013 0.0541 -0.0002 
190 -0.0016 0.0280 -0.0013 0.0546 -0.0002 
191 -0.0017 0.0282 -0.0013 0.0552 -0.0002 
192 -0.0017 0.0284 -0.0013 0.0557 -0.0002 
193 -0.0018 0.0286 -0.0013 0.0562 -0.0002 
194 -0.0017 0.0290 -0.0012 0.0568 -0.0001 
195 -0.0019 0.0293 -0.0014 0.0572 -0.0003 
196 -0.0018 0.0298 -0.0013 0.0579 -0.0001 
197 -0.0018 0.0300 -0.0013 0.0583 -0.0002 
198 -0.0019 0.0302 -0.0014 0.0588 -0.0002 
199 -0.0019 0.0304 -0.0014 0.0593 -0.0002 
200 -0.0019 0.0308 -0.0014 0.0600 -0.0001 
