time (years) all_regions
  1 0.0001 
  2 0.0001 
  3 0.0000 
  4 0.0002 
  5 0.0003 
  6 0.0003 
  7 0.0004 
  8 0.0005 
  9 0.0007 
 10 0.0007 
 11 0.0008 
 12 0.0009 
 13 0.0010 
 14 0.0012 
 15 0.0012 
 16 0.0013 
 17 0.0014 
 18 0.0015 
 19 0.0016 
 20 0.0017 
 21 0.0019 
 22 0.0020 
 23 0.0022 
 24 0.0024 
 25 0.0025 
 26 0.0026 
 27 0.0028 
 28 0.0030 
 29 0.0032 
 30 0.0034 
 31 0.0035 
 32 0.0037 
 33 0.0039 
 34 0.0041 
 35 0.0044 
 36 0.0046 
 37 0.0049 
 38 0.0051 
 39 0.0054 
 40 0.0056 
 41 0.0059 
 42 0.0062 
 43 0.0064 
 44 0.0066 
 45 0.0069 
 46 0.0072 
 47 0.0074 
 48 0.0077 
 49 0.0079 
 50 0.0082 
 51 0.0084 
 52 0.0086 
 53 0.0090 
 54 0.0092 
 55 0.0095 
 56 0.0098 
 57 0.0100 
 58 0.0102 
 59 0.0105 
 60 0.0108 
 61 0.0111 
 62 0.0113 
 63 0.0117 
 64 0.0120 
 65 0.0124 
 66 0.0128 
 67 0.0131 
 68 0.0134 
 69 0.0138 
 70 0.0142 
 71 0.0145 
 72 0.0149 
 73 0.0153 
 74 0.0156 
 75 0.0161 
 76 0.0165 
 77 0.0169 
 78 0.0172 
 79 0.0173 
 80 0.0176 
 81 0.0179 
 82 0.0183 
 83 0.0186 
 84 0.0189 
 85 0.0194 
 86 0.0198 
 87 0.0202 
 88 0.0207 
 89 0.0213 
 90 0.0216 
 91 0.0221 
 92 0.0224 
 93 0.0229 
 94 0.0234 
 95 0.0239 
 96 0.0244 
 97 0.0249 
 98 0.0255 
 99 0.0259 
100 0.0263 
101 0.0268 
102 0.0273 
103 0.0277 
104 0.0281 
105 0.0285 
106 0.0290 
107 0.0295 
108 0.0299 
109 0.0303 
110 0.0307 
111 0.0311 
112 0.0315 
113 0.0320 
114 0.0325 
115 0.0329 
116 0.0335 
117 0.0340 
118 0.0345 
119 0.0352 
120 0.0356 
121 0.0361 
122 0.0365 
123 0.0371 
124 0.0376 
125 0.0381 
126 0.0386 
127 0.0392 
128 0.0397 
129 0.0403 
130 0.0409 
131 0.0414 
132 0.0419 
133 0.0425 
134 0.0431 
135 0.0437 
136 0.0443 
137 0.0450 
138 0.0455 
139 0.0461 
140 0.0467 
141 0.0473 
142 0.0479 
143 0.0485 
144 0.0490 
145 0.0495 
146 0.0501 
147 0.0507 
148 0.0513 
149 0.0519 
150 0.0525 
151 0.0532 
152 0.0538 
153 0.0544 
154 0.0549 
155 0.0555 
156 0.0561 
157 0.0566 
158 0.0571 
159 0.0576 
160 0.0583 
161 0.0588 
162 0.0596 
163 0.0603 
164 0.0610 
165 0.0616 
166 0.0622 
167 0.0628 
168 0.0636 
169 0.0643 
170 0.0652 
171 0.0659 
172 0.0666 
173 0.0672 
174 0.0679 
175 0.0687 
176 0.0694 
177 0.0701 
178 0.0709 
179 0.0715 
180 0.0723 
181 0.0729 
182 0.0737 
183 0.0744 
184 0.0751 
185 0.0758 
186 0.0764 
187 0.0771 
188 0.0778 
189 0.0785 
190 0.0794 
191 0.0801 
192 0.0809 
193 0.0816 
194 0.0824 
195 0.0832 
196 0.0840 
197 0.0848 
198 0.0854 
199 0.0862 
200 0.0871 
