1.999999999924284566e-04
3.999999999990677679e-04
5.000000000023874236e-04
7.999999999981355359e-04
1.000000000004774847e-03
1.199999999997203304e-03
1.400000000003842615e-03
1.699999999999590727e-03
2.000000000009549694e-03
2.200000000001978151e-03
2.499999999997726263e-03
2.899999999996794031e-03
3.299999999995861799e-03
3.600000000005820766e-03
3.900000000001568878e-03
4.199999999997316991e-03
4.699999999999704414e-03
4.999999999995452526e-03
5.399999999994520294e-03
5.699999999990268407e-03
6.100000000003547029e-03
6.500000000002614797e-03
6.900000000001682565e-03
7.199999999997430677e-03
7.599999999996498445e-03
7.999999999995566213e-03
8.399999999994633981e-03
8.700000000004592948e-03
9.000000000000341061e-03
9.600000000006048140e-03
1.000000000000511591e-02
1.049999999999329248e-02
1.090000000000657110e-02
1.120000000000231921e-02
1.179999999999381544e-02
1.220000000000709406e-02
1.260000000000616183e-02
1.290000000000190994e-02
1.330000000000097771e-02
1.370000000000004547e-02
1.420000000000243290e-02
1.449999999999818101e-02
1.500000000000056843e-02
1.529999999999631655e-02
1.579999999999870397e-02
1.619999999999777174e-02
1.659999999999683951e-02
1.700000000001011813e-02
1.730000000000586624e-02
1.780000000000825366e-02
1.820000000000732143e-02
1.870000000000970886e-02
1.920000000001209628e-02
1.960000000001116405e-02
2.009999999999934062e-02
2.060000000000172804e-02
2.109999999998990461e-02
2.159999999999229203e-02
2.199999999999135980e-02
2.249999999999374722e-02
2.299999999999613465e-02
2.349999999999852207e-02
2.400000000000090949e-02
2.450000000000329692e-02
2.490000000000236469e-02
2.559999999999718057e-02
2.590000000000713953e-02
2.630000000000620730e-02
2.689999999999770353e-02
2.729999999999677129e-02
2.800000000000579803e-02
2.850000000000818545e-02
2.900000000001057288e-02
2.949999999999874944e-02
3.000000000000113687e-02
3.060000000000684395e-02
3.100000000000591172e-02
3.150000000000829914e-02
3.190000000000736691e-02
3.230000000000643468e-02
3.270000000000550244e-02
3.329999999999699867e-02
3.359999999999274678e-02
3.419999999999845386e-02
3.489999999999326974e-02
3.529999999999233751e-02
3.589999999999804459e-02
3.640000000000043201e-02
3.690000000000281943e-02
3.730000000000188720e-02
3.780000000000427463e-02
3.819999999998913154e-02
3.879999999999483862e-02
3.929999999999722604e-02
3.969999999999629381e-02
4.030000000000200089e-02
4.070000000000106866e-02
4.139999999999588454e-02
4.200000000000159162e-02
4.250000000000397904e-02
4.290000000000304681e-02
4.350000000000875389e-02
4.400000000001114131e-02
4.460000000000263753e-02
4.500000000000170530e-02
4.550000000000409273e-02
4.600000000000648015e-02
4.650000000000886757e-02
4.699999999999704414e-02
4.749999999999943157e-02
4.789999999999849933e-02
4.840000000000088676e-02
4.890000000000327418e-02
4.949999999999477041e-02
5.010000000000047748e-02
5.069999999999197371e-02
5.140000000000100044e-02
5.209999999999581632e-02
5.270000000000152340e-02
5.310000000000059117e-02
5.369999999999208740e-02
5.429999999999779448e-02
5.480000000000018190e-02
5.529999999998835847e-02
5.589999999999406555e-02
5.629999999999313332e-02
5.689999999999884039e-02
5.739999999998701696e-02
5.789999999998940439e-02
5.839999999999179181e-02
5.899999999999749889e-02
5.959999999998899511e-02
6.029999999999802185e-02
6.109999999999615738e-02
6.169999999998765361e-02
6.209999999998672138e-02
6.269999999999242846e-02
6.310000000000570708e-02
6.370000000001141416e-02
6.440000000000623004e-02
6.490000000000861746e-02
6.560000000000343334e-02
6.610000000000582077e-02
6.650000000000488853e-02
6.699999999999306510e-02
6.749999999999545253e-02
6.820000000000447926e-02
6.869999999999265583e-02
6.919999999999504325e-02
6.959999999999411102e-02
7.009999999999649845e-02
7.069999999998799467e-02
7.119999999999038209e-02
7.179999999999608917e-02
7.239999999998758540e-02
7.289999999998997282e-02
7.330000000000325144e-02
7.380000000000563887e-02
7.420000000000470664e-02
7.480000000001041371e-02
7.529999999999859028e-02
7.589999999999008651e-02
7.649999999999579359e-02
7.720000000000482032e-02
7.760000000000388809e-02
7.809999999999206466e-02
7.880000000000109139e-02
7.940000000000679847e-02
7.980000000000586624e-02
8.030000000000825366e-02
8.089999999999974989e-02
8.140000000000213731e-02
8.189999999999031388e-02
8.239999999999270131e-02
8.289999999999508873e-02
8.329999999999415650e-02
8.389999999999986358e-02
8.450000000000557066e-02
8.490000000000463842e-02
8.540000000000702585e-02
8.620000000000516138e-02
8.689999999999997726e-02
8.750000000000568434e-02
8.799999999999386091e-02
8.870000000000288765e-02
8.930000000000859472e-02
8.980000000001098215e-02
9.029999999999915872e-02
9.090000000000486580e-02
9.159999999999968168e-02
9.210000000000206910e-02
9.259999999999024567e-02
9.309999999999263309e-02
9.369999999999834017e-02
9.429999999998983640e-02
9.499999999999886313e-02
9.569999999999367901e-02
9.639999999998849489e-02
9.689999999999088232e-02
9.759999999999990905e-02
