9.999999998910880095e-05
1.999999999924284566e-04
3.000000000099589670e-04
5.000000000023874236e-04
6.000000000057070793e-04
7.000000000090267349e-04
9.000000000014551915e-04
1.000000000004774847e-03
1.199999999997203304e-03
1.199999999997203304e-03
1.400000000003842615e-03
1.500000000007162271e-03
1.699999999999590727e-03
1.800000000002910383e-03
1.899999999992019184e-03
1.999999999995338840e-03
2.099999999998658495e-03
2.299999999991086952e-03
2.399999999994406608e-03
2.499999999997726263e-03
2.600000000001045919e-03
2.799999999993474376e-03
3.000000000000113687e-03
3.100000000003433342e-03
3.200000000006752998e-03
3.199999999992542143e-03
3.399999999999181455e-03
3.600000000005820766e-03
3.699999999994929567e-03
3.799999999998249223e-03
3.900000000001568878e-03
4.000000000004888534e-03
4.199999999997316991e-03
4.199999999997316991e-03
4.400000000003956302e-03
4.500000000007275958e-03
4.599999999996384759e-03
4.699999999999704414e-03
4.800000000003024070e-03
4.800000000003024070e-03
5.000000000009663381e-03
5.099999999998772182e-03
5.200000000002091838e-03
5.200000000002091838e-03
5.400000000008731149e-03
5.499999999997839950e-03
5.600000000001159606e-03
5.600000000001159606e-03
5.700000000004479261e-03
5.800000000007798917e-03
5.899999999996907718e-03
5.899999999996907718e-03
6.100000000003547029e-03
6.100000000003547029e-03
6.299999999995975486e-03
6.299999999995975486e-03
6.399999999999295142e-03
6.399999999999295142e-03
6.500000000002614797e-03
6.699999999995043254e-03
6.699999999995043254e-03
6.799999999998362910e-03
6.900000000001682565e-03
6.900000000001682565e-03
7.099999999994111022e-03
7.300000000000750333e-03
7.400000000004069989e-03
7.400000000004069989e-03
7.500000000007389644e-03
7.599999999996498445e-03
7.599999999996498445e-03
7.800000000003137757e-03
7.900000000006457412e-03
7.800000000003137757e-03
8.000000000009777068e-03
8.100000000013096724e-03
8.200000000002205525e-03
8.300000000005525180e-03
8.300000000005525180e-03
8.400000000008844836e-03
8.499999999997953637e-03
8.499999999997953637e-03
8.499999999997953637e-03
8.600000000001273293e-03
8.700000000004592948e-03
8.700000000004592948e-03
8.799999999993701749e-03
8.899999999997021405e-03
9.000000000000341061e-03
9.000000000000341061e-03
9.199999999992769517e-03
9.099999999989449861e-03
9.199999999992769517e-03
9.299999999996089173e-03
9.399999999999408828e-03
9.399999999999408828e-03
9.500000000002728484e-03
9.599999999991837285e-03
9.699999999995156941e-03
9.700000000009367795e-03
9.800000000012687451e-03
9.900000000001796252e-03
9.900000000001796252e-03
1.000000000000511591e-02
1.000000000000511591e-02
1.010000000000843556e-02
1.010000000000843556e-02
1.019999999999754436e-02
1.030000000000086402e-02
1.030000000000086402e-02
1.030000000000086402e-02
1.040000000000418368e-02
1.049999999999329248e-02
1.049999999999329248e-02
1.049999999999329248e-02
1.059999999999661213e-02
1.069999999999993179e-02
1.080000000000325144e-02
1.080000000000325144e-02
1.079999999998904059e-02
1.089999999999236024e-02
1.099999999999567990e-02
1.099999999999567990e-02
1.109999999999899956e-02
1.109999999999899956e-02
1.109999999999899956e-02
1.119999999998810836e-02
1.119999999998810836e-02
1.119999999998810836e-02
1.129999999999142801e-02
1.129999999999142801e-02
1.129999999999142801e-02
1.139999999999474767e-02
1.139999999999474767e-02
1.149999999999806732e-02
1.149999999999806732e-02
1.159999999998717612e-02
1.149999999999806732e-02
1.160000000000138698e-02
1.160000000000138698e-02
1.170000000000470664e-02
1.170000000000470664e-02
1.180000000000802629e-02
1.179999999999381544e-02
1.179999999999381544e-02
1.189999999999713509e-02
1.189999999999713509e-02
1.200000000000045475e-02
1.200000000000045475e-02
1.189999999999713509e-02
1.200000000000045475e-02
1.200000000000045475e-02
1.209999999998956355e-02
1.209999999998956355e-02
1.209999999998956355e-02
1.219999999999288320e-02
1.230000000001041371e-02
1.230000000001041371e-02
1.230000000001041371e-02
1.239999999999952252e-02
1.239999999999952252e-02
1.259999999999195097e-02
1.259999999999195097e-02
1.279999999999859028e-02
1.279999999999859028e-02
1.290000000000190994e-02
1.290000000000190994e-02
1.309999999999433840e-02
1.309999999999433840e-02
1.309999999999433840e-02
1.319999999999765805e-02
1.319999999999765805e-02
1.329999999998676685e-02
1.329999999998676685e-02
1.339999999999008651e-02
1.339999999999008651e-02
1.349999999999340616e-02
1.370000000000004547e-02
1.359999999999672582e-02
1.370000000000004547e-02
1.370000000000004547e-02
1.389999999999247393e-02
1.389999999999247393e-02
1.389999999999247393e-02
1.399999999999579359e-02
1.399999999999579359e-02
1.409999999999911324e-02
1.420000000000243290e-02
1.430000000000575255e-02
1.429999999999154170e-02
1.439999999999486135e-02
1.439999999999486135e-02
1.449999999999818101e-02
1.460000000000150067e-02
1.460000000000150067e-02
1.470000000000482032e-02
1.479999999999392912e-02
1.479999999999392912e-02
1.489999999999724878e-02
1.500000000000056843e-02
