0.000000000000000000e+00
9.999999998910880095e-05
1.000000000033196557e-04
1.999999999924284566e-04
3.000000000099589670e-04
3.999999999990677679e-04
5.000000000023874236e-04
6.000000000057070793e-04
7.999999999981355359e-04
7.999999999981355359e-04
9.000000000014551915e-04
1.099999999993883648e-03
1.199999999997203304e-03
1.300000000000522959e-03
1.400000000003842615e-03
1.499999999992951416e-03
1.599999999996271072e-03
1.699999999999590727e-03
1.899999999992019184e-03
1.999999999995338840e-03
2.099999999998658495e-03
2.200000000001978151e-03
2.399999999994406608e-03
2.499999999997726263e-03
2.600000000001045919e-03
2.600000000001045919e-03
2.799999999993474376e-03
2.899999999996794031e-03
3.000000000000113687e-03
3.100000000003433342e-03
3.299999999995861799e-03
3.299999999995861799e-03
3.500000000002501110e-03
3.600000000005820766e-03
3.699999999994929567e-03
3.799999999998249223e-03
3.900000000001568878e-03
4.000000000004888534e-03
4.099999999993997335e-03
4.199999999997316991e-03
4.400000000003956302e-03
4.400000000003956302e-03
4.600000000010595613e-03
4.500000000007275958e-03
4.699999999999704414e-03
4.800000000003024070e-03
4.900000000006343726e-03
5.000000000009663381e-03
5.099999999998772182e-03
5.200000000002091838e-03
5.300000000005411493e-03
5.300000000005411493e-03
5.400000000008731149e-03
5.500000000012050805e-03
5.600000000001159606e-03
5.799999999993588062e-03
5.799999999993588062e-03
5.799999999993588062e-03
5.899999999996907718e-03
6.100000000003547029e-03
6.100000000003547029e-03
6.199999999992655830e-03
6.299999999995975486e-03
6.299999999995975486e-03
6.299999999995975486e-03
6.500000000002614797e-03
6.500000000002614797e-03
6.600000000005934453e-03
6.600000000005934453e-03
6.700000000009254109e-03
6.799999999998362910e-03
6.900000000001682565e-03
7.000000000005002221e-03
6.900000000001682565e-03
7.100000000008321877e-03
7.100000000008321877e-03
7.200000000011641532e-03
7.300000000000750333e-03
7.300000000000750333e-03
7.300000000000750333e-03
7.400000000004069989e-03
7.500000000007389644e-03
7.400000000004069989e-03
7.499999999993178790e-03
7.599999999996498445e-03
7.599999999996498445e-03
7.699999999999818101e-03
7.699999999999818101e-03
7.800000000003137757e-03
7.800000000003137757e-03
7.900000000006457412e-03
7.899999999992246558e-03
7.899999999992246558e-03
7.899999999992246558e-03
7.999999999995566213e-03
8.099999999998885869e-03
8.099999999998885869e-03
8.200000000002205525e-03
8.200000000002205525e-03
8.200000000002205525e-03
8.300000000005525180e-03
8.400000000008844836e-03
8.500000000012164492e-03
8.500000000012164492e-03
8.499999999997953637e-03
8.499999999997953637e-03
8.499999999997953637e-03
8.600000000001273293e-03
8.600000000001273293e-03
8.700000000004592948e-03
8.700000000004592948e-03
8.700000000004592948e-03
8.799999999993701749e-03
8.799999999993701749e-03
8.799999999993701749e-03
8.899999999997021405e-03
8.899999999997021405e-03
9.000000000000341061e-03
9.000000000000341061e-03
9.000000000000341061e-03
9.000000000000341061e-03
9.099999999989449861e-03
9.099999999989449861e-03
9.199999999992769517e-03
9.199999999992769517e-03
9.199999999992769517e-03
9.299999999996089173e-03
9.299999999996089173e-03
9.299999999996089173e-03
9.399999999999408828e-03
9.399999999999408828e-03
9.399999999999408828e-03
9.499999999988517629e-03
9.499999999988517629e-03
9.599999999991837285e-03
9.799999999998476596e-03
9.899999999987585397e-03
9.799999999998476596e-03
9.900000000001796252e-03
1.000000000000511591e-02
1.019999999999754436e-02
1.019999999999754436e-02
1.009999999999422471e-02
1.019999999999754436e-02
1.009999999999422471e-02
1.040000000000418368e-02
1.040000000000418368e-02
1.049999999999329248e-02
1.049999999999329248e-02
1.049999999999329248e-02
1.049999999999329248e-02
1.069999999999993179e-02
1.059999999999661213e-02
1.079999999998904059e-02
1.079999999998904059e-02
1.089999999999236024e-02
1.090000000000657110e-02
1.069999999999993179e-02
1.100000000000989075e-02
1.090000000000657110e-02
1.100000000000989075e-02
1.109999999999899956e-02
1.109999999999899956e-02
1.120000000000231921e-02
1.129999999999142801e-02
1.129999999999142801e-02
1.129999999999142801e-02
1.149999999999806732e-02
1.139999999999474767e-02
1.149999999999806732e-02
1.160000000000138698e-02
1.160000000000138698e-02
1.179999999999381544e-02
1.179999999999381544e-02
1.189999999999713509e-02
1.189999999999713509e-02
1.210000000000377440e-02
1.220000000000709406e-02
1.220000000000709406e-02
1.230000000001041371e-02
1.240000000001373337e-02
1.250000000000284217e-02
1.260000000000616183e-02
1.260000000000616183e-02
1.270000000000948148e-02
1.279999999999859028e-02
1.300000000000522959e-02
1.300000000000522959e-02
1.300000000000522959e-02
1.319999999999765805e-02
1.319999999999765805e-02
1.319999999999765805e-02
1.319999999999765805e-02
1.340000000000429736e-02
1.339999999999008651e-02
1.349999999999340616e-02
1.359999999999672582e-02
1.349999999999340616e-02
1.359999999999672582e-02
1.370000000000004547e-02
