9.999999998910880095e-05
9.999999998910880095e-05
1.000000000033196557e-04
1.999999999924284566e-04
3.000000000099589670e-04
3.000000000099589670e-04
3.999999999990677679e-04
5.000000000023874236e-04
6.000000000057070793e-04
5.000000000023874236e-04
6.000000000057070793e-04
6.999999999948158802e-04
7.999999999981355359e-04
9.000000000014551915e-04
9.000000000014551915e-04
9.000000000014551915e-04
9.999999999905639925e-04
9.999999999905639925e-04
1.099999999993883648e-03
1.099999999993883648e-03
1.199999999997203304e-03
1.199999999997203304e-03
1.400000000003842615e-03
1.400000000003842615e-03
1.400000000003842615e-03
1.400000000003842615e-03
1.500000000007162271e-03
1.599999999996271072e-03
1.599999999996271072e-03
1.699999999999590727e-03
1.699999999999590727e-03
1.699999999999590727e-03
1.800000000002910383e-03
1.800000000002910383e-03
1.800000000002910383e-03
1.900000000006230039e-03
1.900000000006230039e-03
1.900000000006230039e-03
1.900000000006230039e-03
1.999999999995338840e-03
2.099999999998658495e-03
2.099999999998658495e-03
2.200000000001978151e-03
2.099999999998658495e-03
2.200000000001978151e-03
2.200000000001978151e-03
2.200000000001978151e-03
2.300000000005297807e-03
2.300000000005297807e-03
2.400000000008617462e-03
2.400000000008617462e-03
2.400000000008617462e-03
2.500000000011937118e-03
2.500000000011937118e-03
2.600000000001045919e-03
2.600000000001045919e-03
2.600000000001045919e-03
2.600000000001045919e-03
2.600000000001045919e-03
2.700000000004365575e-03
2.700000000004365575e-03
2.700000000004365575e-03
2.700000000004365575e-03
2.799999999993474376e-03
2.799999999993474376e-03
2.800000000007685230e-03
2.899999999996794031e-03
2.899999999996794031e-03
2.899999999996794031e-03
2.899999999996794031e-03
2.899999999996794031e-03
3.000000000000113687e-03
3.000000000000113687e-03
2.899999999996794031e-03
3.100000000003433342e-03
3.100000000003433342e-03
3.100000000003433342e-03
3.100000000003433342e-03
3.000000000000113687e-03
3.100000000003433342e-03
3.100000000003433342e-03
3.100000000003433342e-03
3.100000000003433342e-03
3.100000000003433342e-03
3.100000000003433342e-03
3.100000000003433342e-03
3.199999999992542143e-03
3.199999999992542143e-03
3.199999999992542143e-03
3.099999999989222488e-03
3.299999999995861799e-03
3.199999999992542143e-03
3.299999999995861799e-03
3.299999999995861799e-03
3.299999999995861799e-03
3.299999999995861799e-03
3.299999999995861799e-03
3.399999999999181455e-03
3.399999999999181455e-03
3.300000000010072654e-03
3.300000000010072654e-03
3.400000000013392309e-03
3.400000000013392309e-03
3.400000000013392309e-03
3.500000000002501110e-03
3.500000000002501110e-03
3.500000000002501110e-03
3.500000000002501110e-03
3.600000000005820766e-03
3.600000000005820766e-03
3.600000000005820766e-03
3.600000000005820766e-03
3.699999999994929567e-03
3.699999999994929567e-03
3.599999999991609911e-03
3.699999999994929567e-03
3.799999999998249223e-03
3.799999999998249223e-03
3.900000000001568878e-03
3.799999999998249223e-03
3.899999999987358024e-03
3.999999999990677679e-03
3.999999999990677679e-03
3.999999999990677679e-03
3.999999999990677679e-03
4.099999999993997335e-03
4.099999999993997335e-03
4.099999999993997335e-03
4.099999999993997335e-03
4.099999999993997335e-03
4.199999999997316991e-03
4.199999999997316991e-03
4.199999999997316991e-03
4.199999999997316991e-03
4.300000000000636646e-03
4.300000000000636646e-03
4.300000000000636646e-03
4.300000000000636646e-03
4.300000000000636646e-03
4.400000000003956302e-03
4.400000000003956302e-03
4.400000000003956302e-03
4.500000000007275958e-03
4.400000000003956302e-03
4.400000000003956302e-03
4.499999999993065103e-03
4.499999999993065103e-03
4.499999999993065103e-03
4.499999999993065103e-03
4.499999999993065103e-03
4.499999999993065103e-03
4.499999999993065103e-03
4.599999999996384759e-03
4.499999999993065103e-03
4.599999999996384759e-03
4.599999999996384759e-03
4.699999999999704414e-03
4.600000000010595613e-03
4.600000000010595613e-03
4.600000000010595613e-03
4.600000000010595613e-03
4.699999999999704414e-03
4.599999999996384759e-03
4.699999999999704414e-03
4.699999999999704414e-03
4.699999999999704414e-03
4.699999999999704414e-03
4.800000000003024070e-03
4.699999999999704414e-03
4.699999999999704414e-03
4.800000000003024070e-03
4.800000000003024070e-03
4.799999999988813215e-03
4.699999999999704414e-03
4.800000000003024070e-03
4.699999999999704414e-03
4.800000000003024070e-03
4.900000000006343726e-03
4.800000000003024070e-03
4.900000000006343726e-03
4.800000000003024070e-03
4.899999999992132871e-03
4.900000000006343726e-03
4.900000000006343726e-03
5.000000000009663381e-03
4.900000000006343726e-03
5.000000000009663381e-03
4.900000000006343726e-03
4.900000000006343726e-03
4.999999999995452526e-03
4.999999999995452526e-03
4.999999999995452526e-03
4.999999999995452526e-03
5.099999999998772182e-03
4.999999999995452526e-03
5.099999999998772182e-03
5.099999999998772182e-03
5.099999999998772182e-03
5.099999999998772182e-03
5.099999999998772182e-03
