0.000000000000000000e+00
1.999999999924284566e-04
2.000000000066393113e-04
2.999999999957481123e-04
3.000000000099589670e-04
3.000000000099589670e-04
3.999999999990677679e-04
5.000000000023874236e-04
6.000000000057070793e-04
6.999999999948158802e-04
7.999999999981355359e-04
9.000000000014551915e-04
1.000000000004774847e-03
1.099999999993883648e-03
1.199999999997203304e-03
1.300000000000522959e-03
1.499999999992951416e-03
1.599999999996271072e-03
1.699999999999590727e-03
1.899999999992019184e-03
1.999999999995338840e-03
2.200000000001978151e-03
2.399999999994406608e-03
2.499999999997726263e-03
2.799999999993474376e-03
2.799999999993474376e-03
3.000000000000113687e-03
3.299999999995861799e-03
3.399999999999181455e-03
3.600000000005820766e-03
3.699999999994929567e-03
4.000000000004888534e-03
4.199999999997316991e-03
4.400000000003956302e-03
4.599999999996384759e-03
4.800000000003024070e-03
4.999999999995452526e-03
5.099999999998772182e-03
5.399999999994520294e-03
5.499999999997839950e-03
5.800000000007798917e-03
6.100000000003547029e-03
6.600000000005934453e-03
6.799999999998362910e-03
7.100000000008321877e-03
7.300000000000750333e-03
7.500000000007389644e-03
7.800000000003137757e-03
7.900000000006457412e-03
8.099999999998885869e-03
8.300000000005525180e-03
8.499999999997953637e-03
8.800000000007912604e-03
9.100000000003660716e-03
9.399999999999408828e-03
9.599999999991837285e-03
9.799999999998476596e-03
1.009999999999422471e-02
1.030000000000086402e-02
1.059999999999661213e-02
1.099999999999567990e-02
1.139999999999474767e-02
1.160000000000138698e-02
1.179999999999381544e-02
1.200000000000045475e-02
1.239999999999952252e-02
1.260000000000616183e-02
1.279999999999859028e-02
1.310000000000854925e-02
1.340000000000429736e-02
1.359999999999672582e-02
1.409999999999911324e-02
1.430000000000575255e-02
1.460000000000150067e-02
1.500000000000056843e-02
1.530000000001052740e-02
1.560000000000627551e-02
1.590000000000202363e-02
1.610000000000866294e-02
1.640000000000441105e-02
1.680000000000347882e-02
1.709999999999922693e-02
1.730000000000586624e-02
1.760000000000161435e-02
1.800000000000068212e-02
1.829999999999643023e-02
1.860000000000638920e-02
1.879999999999881766e-02
1.909999999999456577e-02
1.919999999999788542e-02
1.970000000000027285e-02
1.989999999999270131e-02
2.009999999999934062e-02
2.039999999999508873e-02
2.069999999999083684e-02
2.109999999998990461e-02
2.139999999999986358e-02
2.169999999999561169e-02
2.199999999999135980e-02
2.220000000001220997e-02
2.250000000000795808e-02
2.290000000000702585e-02
2.320000000000277396e-02
2.360000000000184173e-02
2.400000000000090949e-02
2.439999999999997726e-02
2.479999999999904503e-02
2.530000000000143245e-02
2.570000000000050022e-02
2.609999999999956799e-02
2.639999999999531610e-02
2.670000000000527507e-02
2.700000000000102318e-02
2.740000000000009095e-02
2.759999999999251941e-02
2.799999999999158717e-02
2.830000000000154614e-02
2.870000000000061391e-02
2.909999999999968168e-02
2.939999999999542979e-02
2.979999999999449756e-02
3.019999999999356532e-02
3.049999999998931344e-02
3.079999999999927240e-02
3.109999999999502052e-02
3.139999999999076863e-02
3.179999999998983640e-02
3.229999999999222382e-02
3.259999999998797193e-02
3.289999999999793090e-02
3.329999999999699867e-02
3.359999999999274678e-02
3.399999999999181455e-02
3.429999999998756266e-02
3.459999999999752163e-02
3.499999999999658939e-02
3.529999999999233751e-02
3.549999999999897682e-02
3.580000000000893579e-02
3.620000000000800355e-02
3.660000000000707132e-02
3.679999999999949978e-02
3.719999999999856755e-02
3.749999999999431566e-02
3.789999999999338343e-02
3.820000000000334239e-02
3.869999999999151896e-02
3.919999999999390639e-02
3.950000000000386535e-02
3.979999999999961346e-02
4.009999999999536158e-02
4.039999999999110969e-02
4.079999999999017746e-02
4.110000000000013642e-02
4.149999999999920419e-02
4.179999999999495230e-02
4.210000000000491127e-02
4.240000000000065938e-02
4.279999999999972715e-02
4.319999999999879492e-02
4.350000000000875389e-02
4.389999999999361080e-02
4.419999999998935891e-02
4.469999999999174634e-02
4.489999999999838565e-02
4.529999999999745341e-02
4.559999999999320153e-02
4.600000000000648015e-02
4.659999999999797637e-02
4.690000000000793534e-02
4.730000000000700311e-02
4.760000000000275122e-02
4.799999999998760813e-02
4.819999999999424745e-02
4.859999999999331521e-02
4.890000000000327418e-02
4.940000000000566160e-02
4.980000000000472937e-02
5.010000000000047748e-02
5.050000000001375611e-02
5.080000000000950422e-02
5.119999999999436113e-02
5.169999999999674856e-02
5.199999999999249667e-02
5.240000000000577529e-02
5.270000000000152340e-02
5.320000000000391083e-02
5.349999999999965894e-02
5.390000000001293756e-02
5.429999999999779448e-02
5.469999999999686224e-02
5.499999999999261036e-02
5.539999999999167812e-02
5.589999999999406555e-02
5.610000000000070486e-02
5.679999999999552074e-02
5.710000000000547971e-02
5.729999999999790816e-02
5.769999999999697593e-02
5.819999999999936335e-02
