1.099999999965461939e-03
2.199999999987767296e-03
3.200000000035174708e-03
5.099999999998772182e-03
6.400000000027716851e-03
8.000000000009777068e-03
9.500000000016939339e-03
1.130000000001984972e-02
1.320000000002607976e-02
1.449999999999818101e-02
1.659999999998262865e-02
1.860000000000638920e-02
2.079999999999415650e-02
2.280000000000370619e-02
2.449999999997487521e-02
2.639999999999531610e-02
2.859999999998308340e-02
3.069999999998174189e-02
3.299999999997282885e-02
3.499999999998237854e-02
3.709999999999524789e-02
3.950000000000386535e-02
4.200000000000159162e-02
4.410000000000025011e-02
4.630000000000222826e-02
4.809999999999092779e-02
5.059999999998865405e-02
5.270000000001573426e-02
5.479999999998597104e-02
5.710000000000547971e-02
5.930000000000745786e-02
6.159999999999854481e-02
6.390000000001805347e-02
6.600000000000250111e-02
6.839999999999690772e-02
7.040000000002066827e-02
7.250000000000511591e-02
7.460000000000377440e-02
7.680000000000575255e-02
7.880000000001530225e-02
8.130000000002723937e-02
8.339999999999747615e-02
8.570000000001698481e-02
8.740000000000236469e-02
9.000000000001762146e-02
9.210000000001627996e-02
9.440000000000736691e-02
9.650000000002023626e-02
9.880000000002553406e-02
1.010000000000275122e-01
1.031000000000261707e-01
1.054000000000172577e-01
1.078000000000258751e-01
1.096000000000429964e-01
1.121999999999871989e-01
1.141999999999967486e-01
1.163999999999703050e-01
1.185999999999864940e-01
1.208999999999775810e-01
1.233999999999895181e-01
1.253999999999990678e-01
1.277000000000043656e-01
1.300999999999987722e-01
1.322999999999865395e-01
1.344999999999885176e-01
1.373000000000104137e-01
1.394000000000232831e-01
1.414000000000186219e-01
1.437000000000239197e-01
1.457000000000050477e-01
1.480000000000245564e-01
1.506000000000256023e-01
1.529000000000309001e-01
1.543000000000063210e-01
1.570000000000248974e-01
1.592000000000410864e-01
1.612000000000364253e-01
1.635000000000275122e-01
1.654000000000195314e-01
1.675000000000039790e-01
1.696000000000168484e-01
1.717000000000012960e-01
1.732999999999833562e-01
1.753999999999962256e-01
1.779000000000081627e-01
1.798999999999892907e-01
1.822999999999836973e-01
1.842999999999932470e-01
1.866999999999876536e-01
1.882999999999981355e-01
1.907999999999958618e-01
1.924999999999670308e-01
1.948999999999756483e-01
1.970999999999918373e-01
1.989999999999838565e-01
2.011999999999858346e-01
2.032999999999844931e-01
2.057999999999822194e-01
2.079999999999841975e-01
2.098000000000297405e-01
2.119000000000283990e-01
2.143000000000370164e-01
2.162000000000290356e-01
2.187000000000267619e-01
2.206000000000329919e-01
2.226000000000283308e-01
2.248000000000303089e-01
2.270000000000180762e-01
2.292000000000200544e-01
2.313000000000045020e-01
2.330000000000040927e-01
2.352000000000060709e-01
2.376000000000004775e-01
2.395999999999816055e-01
2.415999999999911552e-01
2.439999999999713509e-01
2.463999999999941792e-01
2.486999999999852662e-01
2.510000000000047748e-01
2.527999999999650527e-01
2.551999999999594593e-01
2.574999999999789679e-01
2.597999999999842657e-01
2.617999999999653937e-01
2.639999999999815827e-01
2.660999999999802412e-01
2.681999999999646889e-01
2.700999999999709189e-01
2.721999999999553665e-01
2.744999999999606644e-01
2.765999999999735337e-01
2.788999999999504098e-01
2.812999999999732381e-01
2.834999999999752163e-01
2.859999999999729425e-01
2.881999999999607098e-01
2.904999999999660076e-01
2.922000000000224418e-01
2.946000000000168484e-01
2.970000000000112550e-01
2.994000000000340833e-01
3.017000000000109594e-01
3.041000000000195769e-01
3.058999999999940655e-01
3.080999999999818328e-01
3.104999999999904503e-01
3.130000000000023874e-01
3.152999999999792635e-01
3.173999999999921329e-01
3.190999999999775127e-01
3.213999999999685997e-01
3.236999999999738975e-01
3.259999999999649845e-01
3.283999999999593911e-01
3.306999999999646889e-01
3.329999999999557758e-01
3.350000000000221689e-01
3.373000000000274667e-01
3.393000000000370164e-01
3.417000000000314230e-01
3.438000000000158707e-01
3.463999999999600732e-01
3.485999999999620513e-01
3.512999999999948386e-01
3.532000000000010687e-01
3.554999999999921556e-01
3.577000000000083446e-01
3.605000000000018190e-01
3.625000000000113687e-01
3.644999999999924967e-01
3.671000000000219643e-01
3.695000000000163709e-01
3.719999999999714646e-01
3.739999999999525926e-01
3.765999999999820602e-01
3.785999999999631882e-01
3.812000000000068667e-01
3.840000000000287628e-01
3.859000000000065711e-01
3.883000000000293994e-01
3.907000000000238060e-01
3.934999999999746478e-01
3.960000000000007958e-01
3.980999999999852434e-01
4.004999999999938609e-01
4.029000000000166892e-01
4.053000000000253067e-01
4.075000000000272848e-01
4.098000000000183718e-01
4.123999999999767851e-01
4.143999999999863348e-01
4.167999999999665306e-01
4.189999999999685087e-01
4.214999999999946567e-01
4.235999999999648935e-01
4.265999999999934289e-01
4.290999999999769443e-01
4.310999999999722831e-01
4.333999999999775810e-01
4.361999999999994770e-01
