9.999999998910880095e-05
5.999999999488636604e-04
5.000000000165982783e-04
1.099999999965461939e-03
1.500000000035583980e-03
1.800000000031332092e-03
2.200000000016189006e-03
2.700000000018576429e-03
3.400000000027603164e-03
3.500000000002501110e-03
4.099999999993997335e-03
4.799999999988813215e-03
5.400000000008731149e-03
6.000000000000227374e-03
6.299999999981764631e-03
6.799999999984152055e-03
7.399999999975648279e-03
7.899999999992246558e-03
8.499999999983742782e-03
9.099999999989449861e-03
9.699999999995156941e-03
1.039999999998997282e-02
1.129999999997721716e-02
1.189999999999713509e-02
1.259999999999195097e-02
1.259999999997774012e-02
1.359999999999672582e-02
1.449999999999818101e-02
1.509999999998967724e-02
1.570000000000959517e-02
1.639999999999020019e-02
1.709999999999922693e-02
1.789999999999736247e-02
1.840000000001396074e-02
1.909999999999456577e-02
1.970000000001448370e-02
2.039999999999508873e-02
2.089999999999747615e-02
2.189999999998804014e-02
2.219999999999799911e-02
2.330000000002030447e-02
2.420000000002175966e-02
2.520000000002653451e-02
2.540000000001896296e-02
2.670000000001948592e-02
2.740000000001430180e-02
2.800000000002000888e-02
2.880000000001814442e-02
2.960000000001627996e-02
3.030000000001109584e-02
3.090000000001680291e-02
3.150000000002250999e-02
3.260000000004481535e-02
3.340000000004295089e-02
3.449999999999420197e-02
3.529999999997812665e-02
3.599999999998715339e-02
3.679999999998528892e-02
3.749999999999431566e-02
3.860000000000241016e-02
3.940000000001475655e-02
4.030000000000200089e-02
4.110000000000013642e-02
4.169999999999163265e-02
4.229999999999733973e-02
4.370000000001539320e-02
4.430000000002110028e-02
4.510000000001923581e-02
4.580000000002826255e-02
4.680000000001882654e-02
4.749999999999943157e-02
4.900000000000659384e-02
4.970000000001562057e-02
5.010000000000047748e-02
5.140000000001521130e-02
5.230000000003087735e-02
5.320000000003233254e-02
5.400000000001625722e-02
5.450000000001864464e-02
5.560000000001252829e-02
5.660000000000309228e-02
5.750000000001875833e-02
5.780000000000029559e-02
5.889999999999417923e-02
5.989999999999895408e-02
6.099999999999283773e-02
6.180000000000518412e-02
6.250000000000000000e-02
6.349999999999056399e-02
6.379999999998631210e-02
6.540000000001100489e-02
6.579999999998165094e-02
6.679999999998642579e-02
6.749999999998124167e-02
6.849999999997180566e-02
6.959999999997990017e-02
7.039999999999224656e-02
7.139999999998281055e-02
7.259999999999422471e-02
7.300000000005013590e-02
7.420000000003312834e-02
7.530000000004122285e-02
7.640000000003510650e-02
7.750000000002899014e-02
7.840000000001623448e-02
7.930000000001768967e-02
8.030000000000825366e-02
8.160000000000877662e-02
8.260000000001355147e-02
8.360000000001832632e-02
8.440000000000225100e-02
8.530000000001791705e-02
8.649999999998669864e-02
8.759999999999479314e-02
8.799999999997965006e-02
8.929999999998017302e-02
9.009999999999251941e-02
9.119999999998640305e-02
9.229999999999449756e-02
9.299999999997510258e-02
9.409999999998319709e-02
9.519999999997708073e-02
9.609999999996432507e-02
9.709999999996909992e-02
9.819999999996298357e-02
9.899999999996111910e-02
1.001999999999583224e-01
1.011999999999630973e-01
1.020999999999645524e-01
1.029999999999802185e-01
1.038999999999816737e-01
1.048999999999580268e-01
1.060999999999552301e-01
1.070999999999457941e-01
1.079999999999614602e-01
1.091999999999728743e-01
1.103999999999558668e-01
1.107000000000084583e-01
1.116000000000241243e-01
1.128000000000213277e-01
1.140000000000185310e-01
1.148000000000024556e-01
1.157000000000039108e-01
1.164999999999736247e-01
1.171999999999684405e-01
1.183999999999940655e-01
1.195999999999912689e-01
1.207999999999884722e-01
1.215999999999866077e-01
1.222999999999672127e-01
1.231999999999686679e-01
1.242999999999767624e-01
1.251999999999640067e-01
1.262999999999721013e-01
1.272999999999768761e-01
1.284999999999740794e-01
1.293000000000432692e-01
1.300000000000238742e-01
1.313000000000386081e-01
1.323000000000291720e-01
1.333000000000339469e-01
1.346999999999809461e-01
1.354999999999790816e-01
1.370999999999895635e-01
1.379000000000019099e-01
1.388999999999924739e-01
1.397999999999939291e-01
1.414000000000044110e-01
1.424000000000091859e-01
1.434000000000139607e-01
1.448000000000178034e-01
1.457000000000192586e-01
1.470999999999662577e-01
1.478999999999643933e-01
1.492999999999824468e-01
1.501999999999839019e-01
1.517000000000052751e-01
1.531000000000233285e-01
1.539000000000214641e-01
1.552000000000504087e-01
1.561000000000518639e-01
1.573999999999813326e-01
1.590000000000060254e-01
1.598999999999932697e-01
1.613000000000255341e-01
1.623000000000018872e-01
1.639000000000265800e-01
1.648000000000280352e-01
1.655000000000512728e-01
1.672999999999689180e-01
1.681999999999703732e-01
1.689999999999827196e-01
1.699999999999732836e-01
1.715999999999979764e-01
1.720999999999719421e-01
1.739999999999781721e-01
1.750999999999862666e-01
1.754999999999711235e-01
1.765999999999792180e-01
1.782999999999930196e-01
