4.999999999455440047e-04
1.099999999965461939e-03
1.400000000046475179e-03
2.699999999975943865e-03
3.500000000030922820e-03
4.200000000011527845e-03
5.200000000016302693e-03
6.200000000021077540e-03
7.300000000000750333e-03
7.699999999999818101e-03
9.000000000000341061e-03
1.009999999999422471e-02
1.140000000000895852e-02
1.250000000001705303e-02
1.329999999998676685e-02
1.429999999999154170e-02
1.549999999997453415e-02
1.649999999997930900e-02
1.779999999999404281e-02
1.879999999997039595e-02
1.989999999999270131e-02
2.109999999998990461e-02
2.290000000002123670e-02
2.409999999999001830e-02
2.520000000001232365e-02
2.609999999999956799e-02
2.790000000000247837e-02
2.899999999999636202e-02
3.019999999999356532e-02
3.150000000000829914e-02
3.300000000000125056e-02
3.410000000000934506e-02
3.540000000000986802e-02
3.659999999999286047e-02
3.779999999999006377e-02
3.920000000000811724e-02
4.040000000001953140e-02
4.160000000000252385e-02
4.290000000000304681e-02
4.410000000000025011e-02
4.590000000001737135e-02
4.699999999999704414e-02
4.850000000001841727e-02
4.930000000000234195e-02
5.110000000000525233e-02
5.240000000000577529e-02
5.380000000002382876e-02
5.500000000002103206e-02
5.630000000002155502e-02
5.790000000001782610e-02
5.910000000001502940e-02
6.030000000002644356e-02
6.210000000005777565e-02
6.330000000002655725e-02
6.499999999998351541e-02
6.619999999998071871e-02
6.759999999999877218e-02
6.899999999998840394e-02
7.009999999998228759e-02
7.199999999998851763e-02
7.329999999998904059e-02
7.470000000002130491e-02
7.580000000000097771e-02
7.739999999998303792e-02
7.869999999999777174e-02
8.020000000000493401e-02
8.180000000000120508e-02
8.330000000002257821e-02
8.450000000000557066e-02
8.580000000000609361e-02
8.700000000000329692e-02
8.890000000002373781e-02
9.010000000002094112e-02
9.090000000001907665e-02
9.290000000002862635e-02
9.430000000001825811e-02
9.580000000002542038e-02
9.740000000002169145e-02
9.830000000000893579e-02
1.004000000000075943e-01
1.018000000000114369e-01
1.032000000000152795e-01
1.045000000000015916e-01
1.058999999999912234e-01
1.073999999999983856e-01
1.091000000000121872e-01
1.107999999999975671e-01
1.120999999999838792e-01
1.135999999999768306e-01
1.145999999999673946e-01
1.165999999999911552e-01
1.173999999999750798e-01
1.192999999999813099e-01
1.206999999999851525e-01
1.220999999999747843e-01
1.231999999999686679e-01
1.246999999999758302e-01
1.261999999999829924e-01
1.273999999999801958e-01
1.286000000000342425e-01
1.299000000000347654e-01
1.314000000000561386e-01
1.328000000000315595e-01
1.346000000000344698e-01
1.356000000000108230e-01
1.370000000000146656e-01
1.384000000000185082e-01
1.397000000000190312e-01
1.411000000000228738e-01
1.426000000000158252e-01
1.436000000000063892e-01
1.449999999999960210e-01
1.463999999999998636e-01
1.478000000000037062e-01
1.487999999999800593e-01
1.502999999999730107e-01
1.517999999999801730e-01
1.532999999999873353e-01
1.548999999999978172e-01
1.558999999999599595e-01
1.575999999999595502e-01
1.589999999999633928e-01
1.604999999999705551e-01
1.620999999999668262e-01
1.635999999999739885e-01
1.650999999999811507e-01
1.666999999999632109e-01
1.679999999999637339e-01
1.693999999999675765e-01
1.708999999999605279e-01
1.722999999999785814e-01
1.736999999999682132e-01
1.751999999999753754e-01
1.763999999999867896e-01
1.777999999999764213e-01
1.793999999999584816e-01
1.807999999999907459e-01
1.819000000000130512e-01
1.834000000000202135e-01
1.850000000000164846e-01
1.865000000000094360e-01
1.876000000000033197e-01
1.895000000000095497e-01
1.902999999999934744e-01
1.919999999999930651e-01
1.934999999999718057e-01
1.948999999999756483e-01
1.966000000000036607e-01
1.979999999999932925e-01
1.990999999999871761e-01
2.007999999999725560e-01
2.020999999999730790e-01
2.038999999999617785e-01
2.053999999999689408e-01
2.070999999999685315e-01
2.087999999999823331e-01
2.101000000000396994e-01
2.114000000000260115e-01
2.130000000000222826e-01
2.146000000000327645e-01
2.158000000000299679e-01
2.177999999999826741e-01
2.191999999999723059e-01
2.210999999999785359e-01
2.222999999999899501e-01
2.238999999999862212e-01
2.251999999999867441e-01
2.271000000000071850e-01
2.283000000000043883e-01
2.300000000000181899e-01
2.316000000000286718e-01
2.330000000000325144e-01
2.350999999999601187e-01
2.363999999999748525e-01
2.382999999999952934e-01
2.394999999999782858e-01
2.413999999999987267e-01
2.433000000000191676e-01
2.446000000000196906e-01
2.463000000000334921e-01
2.477000000000373348e-01
2.494999999999834017e-01
2.513000000000005230e-01
2.528000000000076852e-01
2.548000000000314458e-01
2.559000000000253294e-01
2.577000000000424507e-01
2.592000000000354021e-01
2.607000000000425644e-01
2.625999999999635293e-01
2.642999999999773308e-01
2.657999999999844931e-01
2.673999999999807642e-01
2.693999999999903139e-01
2.700999999999851298e-01
2.720999999999946795e-01
2.736000000000018417e-01
2.747999999999848342e-01
2.763999999999811052e-01
2.783000000000015461e-01
