9.999999998910880095e-05
2.999999999957481123e-04
4.000000000132786226e-04
6.999999999948158802e-04
9.000000000014551915e-04
1.199999999997203304e-03
1.500000000007162271e-03
1.800000000002910383e-03
2.099999999998658495e-03
2.399999999994406608e-03
2.899999999996794031e-03
3.200000000006752998e-03
3.600000000005820766e-03
4.000000000004888534e-03
4.300000000000636646e-03
4.599999999996384759e-03
5.099999999998772182e-03
5.499999999997839950e-03
5.899999999996907718e-03
6.399999999999295142e-03
6.799999999998362910e-03
7.300000000000750333e-03
7.900000000006457412e-03
8.399999999994633981e-03
8.899999999997021405e-03
9.299999999996089173e-03
1.000000000000511591e-02
1.049999999999329248e-02
1.109999999999899956e-02
1.160000000000138698e-02
1.220000000000709406e-02
1.279999999999859028e-02
1.340000000000429736e-02
1.399999999999579359e-02
1.449999999999818101e-02
1.500000000000056843e-02
1.560000000000627551e-02
1.630000000000109139e-02
1.690000000000679847e-02
1.760000000000161435e-02
1.830000000001064109e-02
1.890000000000213731e-02
1.959999999999695319e-02
2.020000000000266027e-02
2.089999999999747615e-02
2.160000000000650289e-02
2.230000000000131877e-02
2.290000000000702585e-02
2.360000000000184173e-02
2.429999999999665761e-02
2.490000000000236469e-02
2.559999999999718057e-02
2.640000000000952696e-02
2.710000000000434284e-02
2.790000000000247837e-02
2.849999999999397460e-02
2.920000000000300133e-02
2.989999999999781721e-02
3.049999999998931344e-02
3.130000000000165983e-02
3.199999999999647571e-02
3.270000000000550244e-02
3.329999999999699867e-02
3.409999999999513420e-02
3.480000000000416094e-02
3.560000000000229647e-02
3.640000000000043201e-02
3.719999999999856755e-02
3.790000000000759428e-02
3.870000000000572982e-02
3.940000000000054570e-02
4.030000000000200089e-02
4.110000000000013642e-02
4.170000000000584350e-02
4.260000000000729869e-02
4.330000000000211458e-02
4.410000000000025011e-02
4.500000000000170530e-02
4.569999999999652118e-02
4.659999999999797637e-02
4.730000000000700311e-02
4.810000000000513865e-02
4.879999999999995453e-02
4.970000000000140972e-02
5.049999999999954525e-02
5.140000000000100044e-02
5.219999999999913598e-02
5.299999999999727152e-02
5.379999999999540705e-02
5.449999999999022293e-02
5.540000000000588898e-02
5.610000000000070486e-02
5.689999999999884039e-02
5.769999999999697593e-02
5.849999999999511147e-02
5.919999999998992735e-02
6.000000000000227374e-02
6.080000000000040927e-02
6.149999999999522515e-02
6.220000000000425189e-02
6.290000000001327862e-02
6.370000000001141416e-02
6.440000000000623004e-02
6.520000000000436557e-02
6.589999999999918145e-02
6.660000000000820819e-02
6.740000000000634373e-02
6.799999999999783995e-02
6.870000000000686668e-02
6.950000000000500222e-02
7.019999999999981810e-02
7.089999999999463398e-02
7.160000000000366072e-02
7.240000000000179625e-02
7.309999999999661213e-02
7.379999999999142801e-02
7.460000000000377440e-02
7.540000000000190994e-02
7.620000000000004547e-02
7.689999999999486135e-02
7.779999999999631655e-02
7.849999999999113243e-02
7.929999999998926796e-02
8.009999999998740350e-02
8.089999999999974989e-02
8.169999999999788542e-02
8.249999999999602096e-02
8.329999999999415650e-02
8.409999999999229203e-02
8.489999999999042757e-02
8.559999999999945430e-02
8.639999999999758984e-02
8.719999999999572537e-02
8.789999999999054126e-02
8.859999999999956799e-02
8.949999999998681233e-02
9.029999999999915872e-02
9.090000000000486580e-02
9.170000000000300133e-02
9.250000000000113687e-02
9.329999999999927240e-02
9.420000000000072760e-02
9.510000000000218279e-02
9.579999999999699867e-02
9.659999999999513420e-02
9.739999999999326974e-02
9.819999999999140528e-02
9.900000000000375167e-02
9.980000000000188720e-02
1.006000000000000227e-01
1.015000000000014779e-01
1.023999999999887223e-01
1.032999999999901775e-01
1.041999999999916326e-01
1.050999999999930878e-01
1.059999999999945430e-01
1.069000000000102091e-01
1.079000000000007731e-01
1.088000000000022283e-01
1.097000000000036835e-01
1.106000000000051386e-01
1.115999999999957026e-01
1.124999999999971578e-01
1.135000000000019327e-01
1.144000000000033879e-01
1.153999999999939519e-01
1.162999999999954071e-01
1.171999999999968622e-01
1.182000000000016371e-01
1.191000000000030923e-01
1.200000000000045475e-01
1.209000000000060027e-01
1.218999999999965667e-01
1.227999999999980218e-01
1.238000000000027967e-01
1.247999999999933607e-01
1.257999999999981355e-01
1.268000000000029104e-01
1.278000000000076852e-01
1.288000000000124601e-01
1.298000000000030241e-01
1.307999999999935881e-01
1.317999999999983629e-01
1.328000000000031378e-01
1.338999999999970214e-01
1.347999999999984766e-01
1.358000000000032514e-01
1.368000000000080263e-01
1.378000000000128011e-01
1.387999999999891543e-01
1.398999999999972488e-01
1.409000000000020236e-01
1.418999999999925876e-01
1.428999999999973625e-01
1.436999999999954980e-01
1.448999999999927013e-01
1.458999999999974762e-01
1.467999999999989313e-01
1.478999999999928150e-01
1.490000000000009095e-01
