9.999999998910880095e-05
1.999999999924284566e-04
2.000000000066393113e-04
5.000000000023874236e-04
6.000000000057070793e-04
7.999999999981355359e-04
9.000000000014551915e-04
1.000000000004774847e-03
1.199999999997203304e-03
1.300000000000522959e-03
1.400000000003842615e-03
1.599999999996271072e-03
1.800000000002910383e-03
1.900000000006230039e-03
1.999999999995338840e-03
2.099999999998658495e-03
2.299999999991086952e-03
2.399999999994406608e-03
2.600000000001045919e-03
2.699999999990154720e-03
2.899999999996794031e-03
3.000000000000113687e-03
3.200000000006752998e-03
3.299999999995861799e-03
3.399999999999181455e-03
3.500000000002501110e-03
3.699999999994929567e-03
3.799999999998249223e-03
3.900000000001568878e-03
4.000000000004888534e-03
4.300000000000636646e-03
4.400000000003956302e-03
4.500000000007275958e-03
4.599999999996384759e-03
4.699999999999704414e-03
4.800000000003024070e-03
4.900000000006343726e-03
4.999999999995452526e-03
5.099999999998772182e-03
5.200000000002091838e-03
5.400000000008731149e-03
5.499999999997839950e-03
5.600000000001159606e-03
5.600000000001159606e-03
5.899999999996907718e-03
6.000000000000227374e-03
6.100000000003547029e-03
6.200000000006866685e-03
6.300000000010186341e-03
6.500000000002614797e-03
6.600000000005934453e-03
6.600000000005934453e-03
6.800000000012573764e-03
6.900000000001682565e-03
6.999999999990791366e-03
7.099999999994111022e-03
7.199999999997430677e-03
7.199999999997430677e-03
7.300000000000750333e-03
7.499999999993178790e-03
7.599999999996498445e-03
7.800000000003137757e-03
7.900000000006457412e-03
7.999999999995566213e-03
8.099999999998885869e-03
8.200000000002205525e-03
8.300000000005525180e-03
8.400000000008844836e-03
8.499999999997953637e-03
8.499999999997953637e-03
8.600000000001273293e-03
8.800000000007912604e-03
8.800000000007912604e-03
8.800000000007912604e-03
9.000000000000341061e-03
9.100000000003660716e-03
9.100000000003660716e-03
9.200000000006980372e-03
9.200000000006980372e-03
9.399999999999408828e-03
9.600000000006048140e-03
9.700000000009367795e-03
9.699999999995156941e-03
9.699999999995156941e-03
9.799999999998476596e-03
9.900000000001796252e-03
1.000000000000511591e-02
1.009999999999422471e-02
1.009999999999422471e-02
1.009999999999422471e-02
1.030000000000086402e-02
1.019999999999754436e-02
1.030000000000086402e-02
1.030000000000086402e-02
1.039999999998997282e-02
1.039999999998997282e-02
1.039999999998997282e-02
1.049999999999329248e-02
1.049999999999329248e-02
1.050000000000750333e-02
1.050000000000750333e-02
1.060000000001082299e-02
1.060000000001082299e-02
1.080000000000325144e-02
1.069999999999993179e-02
1.080000000000325144e-02
1.090000000000657110e-02
1.090000000000657110e-02
1.100000000000989075e-02
1.109999999999899956e-02
1.099999999999567990e-02
1.109999999999899956e-02
1.109999999999899956e-02
1.120000000000231921e-02
1.120000000000231921e-02
1.129999999999142801e-02
1.139999999999474767e-02
1.149999999999806732e-02
1.160000000000138698e-02
1.159999999998717612e-02
1.169999999999049578e-02
1.169999999999049578e-02
1.179999999999381544e-02
1.189999999999713509e-02
1.189999999999713509e-02
1.200000000000045475e-02
1.209999999998956355e-02
1.209999999998956355e-02
1.219999999999288320e-02
1.219999999999288320e-02
1.229999999999620286e-02
1.229999999999620286e-02
1.239999999999952252e-02
1.239999999999952252e-02
1.249999999998863132e-02
1.249999999998863132e-02
1.259999999999195097e-02
1.260000000000616183e-02
1.270000000000948148e-02
1.279999999999859028e-02
1.290000000000190994e-02
1.279999999999859028e-02
1.300000000000522959e-02
1.290000000000190994e-02
1.299999999999101874e-02
1.299999999999101874e-02
1.309999999999433840e-02
1.330000000000097771e-02
1.340000000000429736e-02
1.330000000000097771e-02
1.349999999999340616e-02
1.349999999999340616e-02
1.359999999999672582e-02
1.370000000000004547e-02
1.379999999998915428e-02
1.399999999999579359e-02
1.390000000000668479e-02
1.380000000000336513e-02
1.390000000000668479e-02
1.400000000001000444e-02
1.390000000000668479e-02
1.399999999999579359e-02
1.419999999998822204e-02
1.429999999999154170e-02
1.429999999999154170e-02
1.439999999999486135e-02
1.439999999999486135e-02
1.460000000000150067e-02
1.460000000000150067e-02
1.470000000000482032e-02
1.470000000000482032e-02
1.480000000000813998e-02
1.509999999998967724e-02
1.509999999998967724e-02
1.519999999999299689e-02
1.519999999999299689e-02
1.529999999999631655e-02
1.539999999999963620e-02
1.539999999999963620e-02
1.550000000000295586e-02
1.560000000000627551e-02
1.569999999999538431e-02
1.579999999999870397e-02
1.590000000000202363e-02
1.610000000000866294e-02
1.610000000000866294e-02
1.620000000001198259e-02
1.620000000001198259e-02
1.620000000001198259e-02
1.639999999999020019e-02
1.639999999999020019e-02
1.639999999999020019e-02
1.639999999999020019e-02
1.659999999999683951e-02
1.649999999999351985e-02
1.659999999999683951e-02
1.670000000000015916e-02
1.659999999999683951e-02
1.670000000000015916e-02
1.680000000000347882e-02
