1.999999999924284566e-04
3.999999999990677679e-04
7.000000000090267349e-04
1.099999999993883648e-03
1.400000000003842615e-03
1.800000000002910383e-03
2.200000000001978151e-03
2.700000000004365575e-03
3.200000000006752998e-03
3.600000000005820766e-03
4.099999999993997335e-03
4.699999999999704414e-03
5.300000000005411493e-03
5.899999999996907718e-03
6.299999999995975486e-03
6.900000000001682565e-03
7.499999999993178790e-03
8.099999999998885869e-03
8.699999999990382094e-03
9.399999999999408828e-03
1.009999999999422471e-02
1.080000000000325144e-02
1.160000000000138698e-02
1.239999999999952252e-02
1.309999999999433840e-02
1.370000000000004547e-02
1.449999999999818101e-02
1.520000000000720775e-02
1.590000000000202363e-02
1.670000000000015916e-02
1.739999999999497504e-02
1.820000000000732143e-02
1.900000000000545697e-02
1.980000000000359250e-02
2.049999999999840838e-02
2.129999999999654392e-02
2.209999999999467946e-02
2.290000000000702585e-02
2.370000000000516138e-02
2.450000000000329692e-02
2.540000000000475211e-02
2.620000000000288765e-02
2.710000000000434284e-02
2.779999999999915872e-02
2.880000000000393356e-02
2.960000000000206910e-02
3.060000000000684395e-02
3.140000000000497948e-02
3.230000000000643468e-02
3.320000000000788987e-02
3.410000000000934506e-02
3.509999999999990905e-02
3.600000000000136424e-02
3.680000000001371063e-02
3.770000000000095497e-02
3.860000000000241016e-02
3.949999999998965450e-02
4.039999999999110969e-02
4.139999999999588454e-02
4.240000000000065938e-02
4.330000000000211458e-02
4.420000000000356977e-02
4.510000000000502496e-02
4.609999999999558895e-02
4.689999999999372449e-02
4.789999999999849933e-02
4.890000000000327418e-02
4.980000000000472937e-02
5.070000000000618456e-02
5.150000000000432010e-02
5.250000000000909495e-02
5.349999999999965894e-02
5.450000000000443379e-02
5.519999999999924967e-02
5.630000000000734417e-02
5.720000000000879936e-02
5.810000000001025455e-02
5.910000000000081855e-02
6.000000000000227374e-02
6.109999999999615738e-02
6.190000000000850378e-02
6.289999999999906777e-02
6.369999999999720330e-02
6.459999999999865850e-02
6.560000000000343334e-02
6.659999999999399733e-02
6.759999999999877218e-02
6.860000000000354703e-02
6.959999999999411102e-02
7.049999999999556621e-02
7.150000000000034106e-02
7.240000000000179625e-02
7.339999999999236024e-02
7.439999999999713509e-02
7.529999999999859028e-02
7.629999999998915428e-02
7.729999999999392912e-02
7.840000000000202363e-02
7.939999999999258762e-02
8.040000000001157332e-02
8.140000000000213731e-02
8.240000000000691216e-02
8.340000000001168701e-02
8.440000000000225100e-02
8.550000000001034550e-02
8.650000000000090949e-02
8.750000000000568434e-02
8.870000000000288765e-02
8.970000000000766249e-02
9.069999999999822649e-02
9.170000000000300133e-02
9.279999999999688498e-02
9.390000000000497948e-02
9.489999999999554348e-02
9.590000000000031832e-02
9.699999999999420197e-02
9.810000000000229647e-02
9.909999999999286047e-02
1.002000000000009550e-01
1.011999999999915190e-01
1.022999999999996135e-01
1.033999999999934971e-01
1.045999999999907004e-01
1.055999999999954753e-01
1.066000000000002501e-01
1.076999999999941338e-01
1.086999999999989086e-01
1.096000000000003638e-01
1.106999999999942474e-01
1.117999999999881311e-01
1.127999999999929059e-01
1.138999999999867896e-01
1.149999999999948841e-01
1.159999999999996589e-01
1.171999999999968622e-01
1.182999999999907459e-01
1.193999999999988404e-01
1.204000000000036152e-01
1.214999999999974989e-01
1.226000000000055934e-01
1.236999999999994770e-01
1.248999999999966803e-01
1.260000000000047748e-01
1.272000000000019782e-01
1.283999999999991815e-01
1.294999999999930651e-01
1.306000000000011596e-01
1.316999999999950433e-01
1.328999999999922466e-01
1.338999999999970214e-01
1.349999999999909051e-01
1.361999999999881084e-01
1.372999999999962029e-01
1.384999999999934062e-01
1.396999999999906095e-01
1.408999999999878128e-01
1.420999999999992269e-01
1.433999999999997499e-01
1.445000000000078444e-01
1.457000000000050477e-01
1.469000000000022510e-01
1.481999999999885631e-01
1.491999999999933380e-01
1.504999999999938609e-01
1.516999999999910642e-01
1.529000000000024784e-01
1.539999999999963620e-01
1.552999999999968850e-01
1.565999999999974079e-01
1.577999999999946112e-01
1.591000000000093451e-01
1.604000000000098680e-01
1.616999999999961801e-01
1.628999999999933834e-01
1.641999999999939064e-01
1.653999999999911097e-01
1.667000000000058435e-01
1.680000000000063665e-01
1.693000000000068894e-01
1.706000000000074124e-01
1.718000000000046157e-01
1.730999999999909278e-01
1.744000000000056616e-01
1.754999999999995453e-01
1.766999999999967486e-01
1.779999999999972715e-01
1.793000000000120053e-01
1.805000000000092086e-01
1.817000000000064119e-01
1.829999999999927240e-01
1.841999999999899273e-01
1.854999999999904503e-01
1.867999999999909733e-01
1.880999999999914962e-01
1.892999999999886995e-01
1.906999999999925421e-01
1.919999999999930651e-01
1.931000000000011596e-01
1.944000000000016826e-01
1.957000000000022055e-01
