5.000000000023874236e-04
1.099999999993883648e-03
1.800000000002910383e-03
2.799999999993474376e-03
3.600000000005820766e-03
4.400000000003956302e-03
5.400000000008731149e-03
6.500000000002614797e-03
7.500000000007389644e-03
8.499999999997953637e-03
9.600000000006048140e-03
1.069999999999993179e-02
1.189999999999713509e-02
1.300000000000522959e-02
1.399999999999579359e-02
1.519999999999299689e-02
1.630000000000109139e-02
1.749999999999829470e-02
1.859999999999217835e-02
1.989999999999270131e-02
2.110000000000411546e-02
2.230000000000131877e-02
2.389999999999758984e-02
2.509999999999479314e-02
2.639999999999531610e-02
2.769999999999583906e-02
2.899999999999636202e-02
3.040000000000020464e-02
3.190000000000736691e-02
3.310000000000457021e-02
3.440000000000509317e-02
3.570000000000561613e-02
3.690000000000281943e-02
3.830000000000666205e-02
3.969999999999629381e-02
4.089999999999349711e-02
4.219999999999402007e-02
4.359999999999786269e-02
4.489999999999838565e-02
4.630000000000222826e-02
4.770000000000607088e-02
4.900000000000659384e-02
5.030000000000711680e-02
5.150000000000432010e-02
5.310000000000059117e-02
5.450000000000443379e-02
5.590000000000827640e-02
5.720000000000879936e-02
5.880000000000507043e-02
6.010000000000559339e-02
6.140000000000611635e-02
6.289999999999906777e-02
6.460000000001286935e-02
6.590000000001339231e-02
6.749999999999545253e-02
6.889999999999929514e-02
7.030000000000313776e-02
7.159999999998944986e-02
7.299999999999329248e-02
7.439999999999713509e-02
7.569999999999765805e-02
7.710000000000150067e-02
7.840000000000202363e-02
7.980000000000586624e-02
8.129999999999881766e-02
8.270000000000266027e-02
8.389999999999986358e-02
8.520000000000038654e-02
8.650000000000090949e-02
8.790000000000475211e-02
8.930000000000859472e-02
9.080000000000154614e-02
9.220000000000538876e-02
9.360000000000923137e-02
9.500000000001307399e-02
9.650000000000602540e-02
9.810000000000229647e-02
9.950000000000613909e-02
1.008999999999957708e-01
1.024000000000029331e-01
1.038000000000067757e-01
1.052999999999997272e-01
1.068999999999959982e-01
1.084000000000031605e-01
1.099999999999994316e-01
1.114000000000032742e-01
1.127999999999929059e-01
1.140999999999934289e-01
1.154999999999972715e-01
1.169000000000011141e-01
1.183999999999940655e-01
1.199000000000012278e-01
1.212999999999908596e-01
1.227999999999980218e-01
1.240999999999985448e-01
1.253999999999990678e-01
1.266999999999995907e-01
1.280999999999892225e-01
1.295999999999963848e-01
1.308000000000077989e-01
1.322000000000116415e-01
1.337000000000045929e-01
1.350000000000051159e-01
1.366000000000013870e-01
1.379000000000019099e-01
1.392000000000024329e-01
1.405000000000029559e-01
1.418000000000034788e-01
1.431000000000040018e-01
1.445000000000078444e-01
1.457000000000050477e-01
1.470999999999946795e-01
1.484999999999985221e-01
1.497999999999990450e-01
1.509999999999962483e-01
1.522999999999967713e-01
1.537000000000006139e-01
1.550999999999902457e-01
1.565999999999974079e-01
1.579999999999870397e-01
1.593999999999908823e-01
1.608999999999980446e-01
1.621999999999985675e-01
1.636999999999915190e-01
1.650999999999953616e-01
1.664999999999992042e-01
1.678999999999888360e-01
1.693999999999959982e-01
1.709999999999922693e-01
1.722999999999927923e-01
1.735999999999933152e-01
1.749999999999971578e-01
1.762999999999976808e-01
1.776999999999873125e-01
1.792999999999977945e-01
1.806999999999874262e-01
1.820999999999912689e-01
1.834000000000060027e-01
1.848999999999989541e-01
1.865000000000094360e-01
1.878000000000099590e-01
1.890999999999962711e-01
1.907000000000067530e-01
1.920999999999963848e-01
1.936999999999926558e-01
1.950999999999964984e-01
1.965000000000003411e-01
1.980999999999966121e-01
1.995000000000004547e-01
2.008999999999900865e-01
2.022999999999939291e-01
2.036999999999977717e-01
2.051999999999907232e-01
2.066999999999978854e-01
2.081999999999908368e-01
2.095999999999946795e-01
2.109000000000094133e-01
2.122999999999990450e-01
2.139000000000095270e-01
2.152999999999991587e-01
2.168000000000063210e-01
2.183999999999883812e-01
2.196999999999889042e-01
2.211999999999960664e-01
2.227000000000032287e-01
2.240999999999928605e-01
2.253999999999933834e-01
2.270000000000038654e-01
2.286000000000001364e-01
2.300000000000039790e-01
2.316000000000002501e-01
2.332000000000107320e-01
2.346999999999894726e-01
2.362999999999999545e-01
2.377999999999929059e-01
2.394999999999924967e-01
2.409999999999996589e-01
2.426000000000101409e-01
2.442000000000064119e-01
2.458000000000026830e-01
2.473000000000098453e-01
2.488999999999919055e-01
2.503999999999990678e-01
2.519000000000062300e-01
2.535000000000025011e-01
2.550000000000096634e-01
2.565000000000026148e-01
2.581000000000130967e-01
2.595000000000027285e-01
2.609999999999956799e-01
2.626999999999952706e-01
2.641999999999882220e-01
2.654999999999887450e-01
2.668999999999925876e-01
2.680999999999897909e-01
2.695999999999969532e-01
2.710000000000007958e-01
2.723000000000013188e-01
2.736999999999909505e-01
2.751999999999981128e-01
