3.999999999990677679e-04
7.999999999981355359e-04
1.200000000011414159e-03
1.800000000002910383e-03
2.300000000005297807e-03
2.899999999996794031e-03
3.399999999999181455e-03
4.000000000004888534e-03
4.600000000010595613e-03
5.099999999998772182e-03
5.799999999993588062e-03
6.399999999999295142e-03
7.099999999994111022e-03
7.699999999999818101e-03
8.299999999991314326e-03
8.899999999997021405e-03
9.599999999991837285e-03
1.030000000000086402e-02
1.099999999999567990e-02
1.160000000000138698e-02
1.219999999999288320e-02
1.290000000000190994e-02
1.359999999999672582e-02
1.420000000000243290e-02
1.489999999999724878e-02
1.539999999999963620e-02
1.609999999999445208e-02
1.670000000000015916e-02
1.739999999999497504e-02
1.789999999999736247e-02
1.860000000000638920e-02
1.919999999999788542e-02
1.980000000000359250e-02
2.039999999999508873e-02
2.100000000000079581e-02
2.150000000000318323e-02
2.200000000000557066e-02
2.259999999999706688e-02
2.309999999999945430e-02
2.360000000000184173e-02
2.420000000000754881e-02
2.479999999999904503e-02
2.530000000000143245e-02
2.570000000000050022e-02
2.630000000000620730e-02
2.680000000000859472e-02
2.729999999999677129e-02
2.779999999999915872e-02
2.830000000000154614e-02
2.880000000000393356e-02
2.920000000000300133e-02
2.970000000000538876e-02
3.020000000000777618e-02
3.060000000000684395e-02
3.119999999999834017e-02
3.159999999999740794e-02
3.199999999999647571e-02
3.260000000000218279e-02
3.309999999999035936e-02
3.350000000000363798e-02
3.390000000000270575e-02
3.440000000000509317e-02
3.489999999999326974e-02
3.529999999999233751e-02
3.579999999999472493e-02
3.620000000000800355e-02
3.660000000000707132e-02
3.700000000000613909e-02
3.740000000000520686e-02
3.780000000000427463e-02
3.820000000000334239e-02
3.870000000000572982e-02
3.910000000000479758e-02
3.929999999999722604e-02
3.979999999999961346e-02
4.010000000000957243e-02
4.040000000000532054e-02
4.080000000000438831e-02
4.099999999999681677e-02
4.139999999999588454e-02
4.170000000000584350e-02
4.200000000000159162e-02
4.229999999999733973e-02
4.259999999999308784e-02
4.300000000000636646e-02
4.330000000000211458e-02
4.359999999999786269e-02
4.389999999999361080e-02
4.429999999999267857e-02
4.449999999999931788e-02
4.489999999999838565e-02
4.519999999999413376e-02
4.559999999999320153e-02
4.590000000000316049e-02
4.619999999999890861e-02
4.649999999999465672e-02
4.689999999999372449e-02
4.719999999998947260e-02
4.749999999999943157e-02
4.760000000000275122e-02
4.800000000000181899e-02
4.830000000001177796e-02
4.850000000000420641e-02
4.890000000000327418e-02
4.910000000000991349e-02
4.940000000000566160e-02
4.970000000000140972e-02
4.990000000000804903e-02
5.020000000000379714e-02
5.049999999999954525e-02
5.070000000000618456e-02
5.100000000000193268e-02
5.129999999999768079e-02
5.159999999999342890e-02
5.180000000000006821e-02
5.209999999999581632e-02
5.239999999999156444e-02
5.270000000000152340e-02
5.299999999999727152e-02
5.319999999998969997e-02
5.359999999998876774e-02
5.389999999999872671e-02
5.429999999999779448e-02
5.449999999999022293e-02
5.480000000000018190e-02
5.509999999999593001e-02
5.529999999998835847e-02
5.559999999999831743e-02
5.589999999999406555e-02
5.619999999998981366e-02
5.649999999999977263e-02
5.679999999999552074e-02
5.699999999998794920e-02
5.719999999999458851e-02
5.749999999999033662e-02
5.789999999998940439e-02
5.819999999999936335e-02
5.840000000000600267e-02
5.870000000000175078e-02
5.899999999999749889e-02
5.940000000001077751e-02
5.970000000000652562e-02
6.000000000000227374e-02
6.009999999999138254e-02
6.040000000000134150e-02
6.080000000000040927e-02
6.119999999999947704e-02
6.149999999999522515e-02
6.170000000000186446e-02
6.189999999999429292e-02
6.219999999999004103e-02
6.250000000000000000e-02
6.279999999999574811e-02
6.309999999999149622e-02
6.340000000000145519e-02
6.369999999999720330e-02
6.390000000000384262e-02
6.419999999999959073e-02
6.450000000000954969e-02
6.480000000000529781e-02
6.500000000001193712e-02
6.529999999999347438e-02
6.559999999998922249e-02
6.589999999999918145e-02
6.600000000000250111e-02
6.629999999999824922e-02
6.650000000000488853e-02
6.680000000000063665e-02
6.700000000000727596e-02
6.709999999999638476e-02
6.740000000000634373e-02
6.770000000000209184e-02
6.799999999999783995e-02
6.819999999999026841e-02
6.860000000000354703e-02
6.879999999999597549e-02
6.910000000000593445e-02
6.960000000000832188e-02
6.969999999999743068e-02
7.000000000000738964e-02
7.020000000001402896e-02
7.049999999999556621e-02
7.089999999999463398e-02
7.120000000000459295e-02
7.139999999999702140e-02
7.170000000000698037e-02
7.200000000000272848e-02
7.220000000000936780e-02
7.240000000000179625e-02
7.269999999999754436e-02
7.280000000000086402e-02
7.319999999999993179e-02
7.329999999998904059e-02
7.359999999999899956e-02
7.379999999999142801e-02
7.420000000000470664e-02
7.439999999999713509e-02
7.450000000000045475e-02
7.469999999999288320e-02
7.500000000000284217e-02
