9.999999998910880095e-05
9.999999998910880095e-05
1.000000000033196557e-04
2.999999999957481123e-04
5.000000000023874236e-04
6.000000000057070793e-04
7.000000000090267349e-04
9.000000000014551915e-04
1.100000000008094503e-03
1.199999999997203304e-03
1.400000000003842615e-03
1.699999999999590727e-03
1.900000000006230039e-03
2.200000000001978151e-03
2.299999999991086952e-03
2.600000000001045919e-03
2.799999999993474376e-03
2.899999999996794031e-03
3.199999999992542143e-03
3.399999999999181455e-03
3.699999999994929567e-03
3.900000000001568878e-03
4.199999999997316991e-03
4.500000000007275958e-03
4.800000000003024070e-03
4.899999999992132871e-03
5.300000000005411493e-03
5.600000000001159606e-03
5.899999999996907718e-03
6.200000000006866685e-03
6.500000000002614797e-03
6.799999999998362910e-03
7.099999999994111022e-03
7.300000000000750333e-03
7.599999999996498445e-03
7.900000000006457412e-03
8.200000000002205525e-03
8.499999999997953637e-03
8.899999999997021405e-03
9.100000000003660716e-03
9.500000000002728484e-03
9.900000000001796252e-03
1.019999999999754436e-02
1.040000000000418368e-02
1.090000000000657110e-02
1.130000000000563887e-02
1.149999999999806732e-02
1.189999999999713509e-02
1.239999999999952252e-02
1.270000000000948148e-02
1.300000000000522959e-02
1.340000000000429736e-02
1.390000000000668479e-02
1.430000000000575255e-02
1.479999999999392912e-02
1.519999999999299689e-02
1.569999999999538431e-02
1.609999999999445208e-02
1.649999999999351985e-02
1.689999999999258762e-02
1.730000000000586624e-02
1.770000000000493401e-02
1.810000000000400178e-02
1.850000000000306954e-02
1.879999999999881766e-02
1.930000000000120508e-02
1.970000000000027285e-02
2.020000000000266027e-02
2.049999999999840838e-02
2.100000000000079581e-02
2.139999999999986358e-02
2.200000000000557066e-02
2.240000000000463842e-02
2.280000000000370619e-02
2.320000000000277396e-02
2.370000000000516138e-02
2.420000000000754881e-02
2.460000000000661657e-02
2.500000000000568434e-02
2.550000000000807177e-02
2.599999999999624833e-02
2.640000000000952696e-02
2.679999999999438387e-02
2.740000000000009095e-02
2.790000000000247837e-02
2.840000000000486580e-02
2.880000000000393356e-02
2.920000000000300133e-02
2.979999999999449756e-02
3.019999999999356532e-02
3.079999999999927240e-02
3.119999999999834017e-02
3.170000000000072760e-02
3.220000000000311502e-02
3.279999999999461124e-02
3.329999999999699867e-02
3.379999999999938609e-02
3.439999999999088232e-02
3.499999999999658939e-02
3.550000000001318767e-02
3.610000000000468390e-02
3.670000000001039098e-02
3.720000000001277840e-02
3.780000000000427463e-02
3.830000000000666205e-02
3.880000000000904947e-02
3.929999999999722604e-02
3.990000000000293312e-02
4.050000000000864020e-02
4.110000000000013642e-02
4.149999999999920419e-02
4.210000000000491127e-02
4.269999999999640750e-02
4.330000000000211458e-02
4.370000000000118234e-02
4.429999999999267857e-02
4.479999999999506599e-02
4.529999999999745341e-02
4.579999999999984084e-02
4.629999999998801741e-02
4.689999999999372449e-02
4.749999999999943157e-02
4.789999999999849933e-02
4.849999999998999556e-02
4.909999999999570264e-02
4.959999999999809006e-02
5.019999999998958629e-02
5.069999999999197371e-02
5.119999999999436113e-02
5.169999999999674856e-02
5.219999999999913598e-02
5.279999999999063220e-02
5.349999999999965894e-02
5.409999999999115516e-02
5.459999999999354259e-02
5.519999999999924967e-02
5.579999999999074589e-02
5.620000000000402451e-02
5.670000000000641194e-02
5.729999999999790816e-02
5.780000000000029559e-02
5.830000000000268301e-02
5.880000000000507043e-02
5.929999999999324700e-02
5.969999999999231477e-02
6.019999999999470219e-02
6.080000000000040927e-02
6.130000000000279670e-02
6.179999999999097327e-02
6.219999999999004103e-02
6.279999999999574811e-02
6.340000000000145519e-02
6.389999999998963176e-02
6.439999999999201918e-02
6.499999999999772626e-02
6.559999999998922249e-02
6.620000000000914042e-02
6.680000000000063665e-02
6.740000000000634373e-02
6.800000000001205080e-02
6.860000000000354703e-02
6.929999999999836291e-02
6.989999999998985913e-02
7.059999999999888587e-02
7.120000000000459295e-02
7.179999999999608917e-02
7.240000000000179625e-02
7.309999999999661213e-02
7.370000000000231921e-02
7.420000000000470664e-02
7.489999999999952252e-02
7.550000000000522959e-02
7.620000000000004547e-02
7.679999999999154170e-02
7.750000000000056843e-02
7.809999999999206466e-02
7.880000000000109139e-02
7.950000000001011813e-02
8.010000000000161435e-02
8.080000000001064109e-02
8.130000000001302851e-02
8.199999999999363354e-02
8.280000000000597993e-02
8.339999999999747615e-02
8.410000000000650289e-02
8.469999999999799911e-02
8.540000000000702585e-02
8.600000000001273293e-02
8.640000000001180069e-02
8.709999999999240572e-02
8.759999999999479314e-02
8.820000000000050022e-02
8.879999999999199645e-02
8.950000000000102318e-02
8.999999999998919975e-02
9.069999999999822649e-02
9.139999999999304237e-02
9.189999999999542979e-02
9.250000000000113687e-02
9.329999999999927240e-02
