0.000000000000000000e+00
9.999999998910880095e-05
0.000000000000000000e+00
9.999999998910880095e-05
1.000000000033196557e-04
2.000000000066393113e-04
2.000000000066393113e-04
2.000000000066393113e-04
3.000000000099589670e-04
2.000000000066393113e-04
2.999999999957481123e-04
2.999999999957481123e-04
3.999999999990677679e-04
3.999999999990677679e-04
3.999999999990677679e-04
3.999999999990677679e-04
3.999999999990677679e-04
5.000000000023874236e-04
5.000000000023874236e-04
5.000000000023874236e-04
5.000000000023874236e-04
5.999999999914962245e-04
6.999999999948158802e-04
6.999999999948158802e-04
6.999999999948158802e-04
5.999999999914962245e-04
6.999999999948158802e-04
7.999999999981355359e-04
7.999999999981355359e-04
7.999999999981355359e-04
7.999999999981355359e-04
9.000000000014551915e-04
9.000000000014551915e-04
9.000000000014551915e-04
9.000000000014551915e-04
9.000000000014551915e-04
9.000000000014551915e-04
9.000000000014551915e-04
1.000000000004774847e-03
9.000000000014551915e-04
1.000000000004774847e-03
1.100000000008094503e-03
1.100000000008094503e-03
1.000000000004774847e-03
1.100000000008094503e-03
1.100000000008094503e-03
1.100000000008094503e-03
1.100000000008094503e-03
1.100000000008094503e-03
1.199999999997203304e-03
1.199999999997203304e-03
1.100000000008094503e-03
1.200000000011414159e-03
1.200000000011414159e-03
1.300000000000522959e-03
1.300000000000522959e-03
1.300000000000522959e-03
1.300000000000522959e-03
1.300000000000522959e-03
1.400000000003842615e-03
1.400000000003842615e-03
1.400000000003842615e-03
1.400000000003842615e-03
1.400000000003842615e-03
1.400000000003842615e-03
1.500000000007162271e-03
1.500000000007162271e-03
1.500000000007162271e-03
1.500000000007162271e-03
1.599999999996271072e-03
1.599999999996271072e-03
1.699999999999590727e-03
1.699999999999590727e-03
1.599999999996271072e-03
1.699999999999590727e-03
1.699999999999590727e-03
1.699999999999590727e-03
1.699999999999590727e-03
1.599999999996271072e-03
1.699999999999590727e-03
1.699999999999590727e-03
1.699999999999590727e-03
1.599999999996271072e-03
1.599999999996271072e-03
1.599999999996271072e-03
1.699999999999590727e-03
1.699999999999590727e-03
1.699999999999590727e-03
1.699999999999590727e-03
1.599999999996271072e-03
1.699999999999590727e-03
1.599999999996271072e-03
1.699999999999590727e-03
1.699999999999590727e-03
1.699999999999590727e-03
1.699999999999590727e-03
1.699999999999590727e-03
1.699999999999590727e-03
1.800000000002910383e-03
1.700000000013801582e-03
1.700000000013801582e-03
1.700000000013801582e-03
1.800000000002910383e-03
1.800000000002910383e-03
1.800000000002910383e-03
1.800000000002910383e-03
1.900000000006230039e-03
1.900000000006230039e-03
1.900000000006230039e-03
1.900000000006230039e-03
1.900000000006230039e-03
1.900000000006230039e-03
1.999999999995338840e-03
1.999999999995338840e-03
1.899999999992019184e-03
1.999999999995338840e-03
1.999999999995338840e-03
1.999999999995338840e-03
2.099999999998658495e-03
1.999999999995338840e-03
2.099999999998658495e-03
2.099999999998658495e-03
2.199999999987767296e-03
2.199999999987767296e-03
2.199999999987767296e-03
2.199999999987767296e-03
2.199999999987767296e-03
2.199999999987767296e-03
2.199999999987767296e-03
2.199999999987767296e-03
2.199999999987767296e-03
2.199999999987767296e-03
2.199999999987767296e-03
2.199999999987767296e-03
2.199999999987767296e-03
2.199999999987767296e-03
2.299999999991086952e-03
2.200000000001978151e-03
2.200000000001978151e-03
2.200000000001978151e-03
2.200000000001978151e-03
2.300000000005297807e-03
2.300000000005297807e-03
2.299999999991086952e-03
2.299999999991086952e-03
2.299999999991086952e-03
2.399999999994406608e-03
2.399999999994406608e-03
2.399999999994406608e-03
2.399999999994406608e-03
2.399999999994406608e-03
2.399999999994406608e-03
2.399999999994406608e-03
2.499999999997726263e-03
2.499999999997726263e-03
2.499999999997726263e-03
2.500000000011937118e-03
2.500000000011937118e-03
2.500000000011937118e-03
2.600000000001045919e-03
2.600000000001045919e-03
2.699999999990154720e-03
2.600000000001045919e-03
2.799999999993474376e-03
2.700000000004365575e-03
2.700000000004365575e-03
2.700000000004365575e-03
2.800000000007685230e-03
2.800000000007685230e-03
2.800000000007685230e-03
2.900000000011004886e-03
2.900000000011004886e-03
2.899999999996794031e-03
2.899999999996794031e-03
3.000000000000113687e-03
3.000000000000113687e-03
3.000000000000113687e-03
3.100000000003433342e-03
3.100000000003433342e-03
3.100000000003433342e-03
3.100000000003433342e-03
3.099999999989222488e-03
3.199999999992542143e-03
3.199999999992542143e-03
3.299999999995861799e-03
3.299999999995861799e-03
3.399999999999181455e-03
3.399999999999181455e-03
3.300000000010072654e-03
3.499999999988290256e-03
3.499999999988290256e-03
3.399999999999181455e-03
3.399999999999181455e-03
3.500000000002501110e-03
3.399999999999181455e-03
3.599999999991609911e-03
3.599999999991609911e-03
3.499999999988290256e-03
3.499999999988290256e-03
3.599999999991609911e-03
