0.000000000000000000e+00
9.999999998910880095e-05
1.000000000033196557e-04
1.999999999924284566e-04
3.000000000099589670e-04
3.000000000099589670e-04
3.999999999990677679e-04
5.000000000023874236e-04
6.000000000057070793e-04
6.000000000057070793e-04
6.999999999948158802e-04
7.999999999981355359e-04
9.000000000014551915e-04
1.000000000004774847e-03
9.999999999905639925e-04
9.999999999905639925e-04
1.099999999993883648e-03
1.199999999997203304e-03
1.199999999997203304e-03
1.300000000000522959e-03
1.400000000003842615e-03
1.499999999992951416e-03
1.599999999996271072e-03
1.699999999999590727e-03
1.699999999999590727e-03
1.699999999999590727e-03
1.800000000002910383e-03
1.900000000006230039e-03
1.999999999995338840e-03
1.999999999995338840e-03
2.099999999998658495e-03
2.099999999998658495e-03
2.200000000001978151e-03
2.200000000001978151e-03
2.300000000005297807e-03
2.300000000005297807e-03
2.399999999994406608e-03
2.399999999994406608e-03
2.499999999997726263e-03
2.499999999997726263e-03
2.600000000001045919e-03
2.700000000004365575e-03
2.700000000004365575e-03
2.700000000004365575e-03
2.899999999996794031e-03
2.899999999996794031e-03
3.000000000000113687e-03
3.000000000000113687e-03
3.100000000003433342e-03
3.100000000003433342e-03
3.100000000003433342e-03
3.200000000006752998e-03
3.300000000010072654e-03
3.300000000010072654e-03
3.399999999999181455e-03
3.399999999999181455e-03
3.399999999999181455e-03
3.500000000002501110e-03
3.500000000002501110e-03
3.600000000005820766e-03
3.600000000005820766e-03
3.600000000005820766e-03
3.699999999994929567e-03
3.699999999994929567e-03
3.799999999998249223e-03
4.000000000004888534e-03
4.000000000004888534e-03
4.000000000004888534e-03
4.100000000008208190e-03
4.100000000008208190e-03
4.100000000008208190e-03
4.300000000000636646e-03
4.300000000000636646e-03
4.199999999997316991e-03
4.400000000003956302e-03
4.500000000007275958e-03
4.500000000007275958e-03
4.500000000007275958e-03
4.500000000007275958e-03
4.699999999999704414e-03
4.699999999999704414e-03
4.800000000003024070e-03
4.699999999999704414e-03
4.800000000003024070e-03
4.800000000003024070e-03
4.999999999995452526e-03
4.999999999995452526e-03
5.099999999998772182e-03
5.099999999998772182e-03
4.999999999995452526e-03
5.300000000005411493e-03
5.200000000002091838e-03
5.399999999994520294e-03
5.299999999991200639e-03
5.299999999991200639e-03
5.399999999994520294e-03
5.399999999994520294e-03
5.399999999994520294e-03
5.600000000001159606e-03
5.400000000008731149e-03
5.600000000001159606e-03
5.600000000001159606e-03
5.700000000004479261e-03
5.800000000007798917e-03
5.800000000007798917e-03
5.800000000007798917e-03
5.800000000007798917e-03
5.899999999996907718e-03
5.899999999996907718e-03
5.800000000007798917e-03
5.899999999996907718e-03
5.899999999996907718e-03
6.000000000000227374e-03
6.100000000003547029e-03
6.000000000000227374e-03
6.100000000003547029e-03
6.100000000003547029e-03
6.199999999992655830e-03
6.299999999995975486e-03
6.299999999995975486e-03
6.299999999995975486e-03
6.299999999995975486e-03
6.399999999999295142e-03
6.399999999999295142e-03
6.599999999991723598e-03
6.599999999991723598e-03
6.699999999995043254e-03
6.699999999995043254e-03
6.799999999998362910e-03
6.799999999998362910e-03
6.799999999998362910e-03
6.899999999987471710e-03
6.899999999987471710e-03
6.999999999990791366e-03
6.999999999990791366e-03
6.999999999990791366e-03
7.099999999994111022e-03
7.000000000005002221e-03
7.000000000005002221e-03
7.100000000008321877e-03
7.200000000011641532e-03
7.199999999997430677e-03
7.300000000000750333e-03
7.199999999997430677e-03
7.199999999997430677e-03
7.300000000000750333e-03
7.300000000000750333e-03
7.400000000004069989e-03
7.400000000004069989e-03
7.399999999989859134e-03
7.399999999989859134e-03
7.399999999989859134e-03
7.499999999993178790e-03
7.499999999993178790e-03
7.499999999993178790e-03
7.699999999999818101e-03
7.600000000010709300e-03
7.600000000010709300e-03
7.600000000010709300e-03
7.600000000010709300e-03
7.600000000010709300e-03
7.699999999999818101e-03
7.699999999999818101e-03
7.800000000003137757e-03
7.800000000003137757e-03
7.800000000003137757e-03
7.800000000003137757e-03
7.999999999995566213e-03
7.900000000006457412e-03
7.999999999995566213e-03
8.099999999998885869e-03
8.099999999998885869e-03
8.199999999987994670e-03
8.199999999987994670e-03
8.299999999991314326e-03
8.299999999991314326e-03
8.399999999994633981e-03
8.499999999997953637e-03
8.400000000008844836e-03
8.500000000012164492e-03
8.500000000012164492e-03
8.600000000001273293e-03
8.700000000004592948e-03
8.700000000004592948e-03
8.800000000007912604e-03
8.800000000007912604e-03
8.900000000011232260e-03
8.900000000011232260e-03
8.900000000011232260e-03
9.199999999992769517e-03
9.199999999992769517e-03
9.199999999992769517e-03
9.199999999992769517e-03
9.299999999996089173e-03
9.199999999992769517e-03
9.399999999999408828e-03
9.399999999999408828e-03
9.299999999996089173e-03
9.299999999996089173e-03
9.500000000002728484e-03
