0.000000000000000000e+00
3.661259100000000285e-06
1.046534709999999974e-05
-2.814654959999999929e-05
4.961551819999999866e-05
1.350027286000000004e-04
2.765143623000000076e-04
4.292801500000000068e-05
1.411445160000000007e-04
2.926725210000000383e-04
2.114377139999999949e-04
4.127102249999999657e-04
4.453614129999999968e-04
4.201146009999999530e-04
4.956342700000000105e-04
5.947437610000000027e-04
7.406186439999999909e-04
8.438160439999999865e-04
9.426402739999998953e-04
1.027461924000000124e-03
1.092806468999999846e-03
1.242097038000000014e-03
1.417517488000000084e-03
1.648849035000000051e-03
1.870878603000000057e-03
1.934057646999999894e-03
2.180416231999999632e-03
2.333980750999999857e-03
2.309512823999999853e-03
2.767433149999999967e-03
3.022037008999999951e-03
3.345959220000000334e-03
3.538525078999999948e-03
3.433149773999999866e-03
3.980173140999999915e-03
4.293143820999999888e-03
4.495234906000000578e-03
4.817408344000000814e-03
5.382415538000000221e-03
5.637215358999999974e-03
5.600448975000000065e-03
6.310018851999999769e-03
6.634141985000000484e-03
7.019127349999999474e-03
7.251632188000000159e-03
7.328163912999999773e-03
7.737897505000000675e-03
8.088926924000001267e-03
8.947122587999999446e-03
9.090621123999999623e-03
9.205295926999999823e-03
9.750900431999999854e-03
1.032027583499999998e-02
1.066658729000000139e-02
1.145344049200000026e-02
1.183505730000000006e-02
1.239552264699999955e-02
1.259987349300000121e-02
1.299244431199999932e-02
1.368028476399999957e-02
1.418916009399999976e-02
1.470252765799999993e-02
1.545652130799999961e-02
1.607458947199999835e-02
1.673023763400000030e-02
1.730158009600000005e-02
1.775569529199999899e-02
1.851833606199999871e-02
1.927805973100000028e-02
2.012540308599999883e-02
2.045022076699999983e-02
2.126845016599999971e-02
2.186945726100000126e-02
2.260287741300000264e-02
2.363777099800000100e-02
2.405132460200000086e-02
2.464540358200000003e-02
2.570890509499999810e-02
2.637238924400000031e-02
2.698449918100000178e-02
2.842612739999999735e-02
2.914688445699999825e-02
3.032740239099999957e-02
3.099127350299999903e-02
3.197165500799999810e-02
3.295024557199999898e-02
3.410745398599999978e-02
3.510825271700000055e-02
3.609015974599999454e-02
3.713915513200000129e-02
3.822254551899999936e-02
3.868227910600000041e-02
4.018451406600000164e-02
4.196447388100000425e-02
4.228609416199999999e-02
4.380965421799999648e-02
4.530966414000000414e-02
4.660617154800000134e-02
4.800489408400000074e-02
4.908248499500000167e-02
5.037995733599999471e-02
5.234536637599999931e-02
5.382955549000000006e-02
5.537994245300000007e-02
5.701018504400000297e-02
5.847535099699999878e-02
5.981343701600000395e-02
6.174009277399999940e-02
6.315115593000000804e-02
6.479205486500000388e-02
6.630222255699999567e-02
6.786024953800000314e-02
6.936659969000000259e-02
7.067484000399999744e-02
7.234880686699998731e-02
7.392274396299999828e-02
7.540369846500000195e-02
7.711609614900000187e-02
7.878078583000000523e-02
7.993884507100000592e-02
8.191997072700001048e-02
8.363645879700000452e-02
8.484013246200000635e-02
8.686351143100000394e-02
8.817840949000001205e-02
8.981409435999999913e-02
9.122896015999999719e-02
9.274553753499999165e-02
9.407397182200000207e-02
9.554455523699999231e-02
9.709520761800000122e-02
9.829702584799999976e-02
9.942401895499999864e-02
1.006826114999999910e-01
1.019745175300000029e-01
1.036113831399999990e-01
1.047687329499999986e-01
1.062076425000000046e-01
1.074640174599999914e-01
1.090045120800000045e-01
1.101751302299999874e-01
1.111739867000000048e-01
1.130870665199999875e-01
1.141825370899999942e-01
1.155284392500000035e-01
1.165366919599999940e-01
1.179915562799999929e-01
1.195172570299999903e-01
1.206448975600000056e-01
1.221752269699999949e-01
1.233341841499999980e-01
1.246790122499999987e-01
1.259785483900000003e-01
1.272590514499999936e-01
1.288695837699999902e-01
1.301495162900000169e-01
1.313911420299999910e-01
1.324247159799999962e-01
1.334542714699999966e-01
1.349227191600000098e-01
1.360056828900000070e-01
1.374995014200000032e-01
1.387352904699999945e-01
1.401071116700000063e-01
1.415943245500000114e-01
1.427864860799999969e-01
1.441318847100000189e-01
1.455888277000000064e-01
1.466765118799999990e-01
1.484496874500000063e-01
1.494572257700000073e-01
1.511942228499999763e-01
1.524844421299999808e-01
1.541366944500000002e-01
1.551899340200000033e-01
1.566459096099999948e-01
1.580380091300000178e-01
1.599095773200000237e-01
1.612240834499999997e-01
1.626133005899999817e-01
1.644028947700000021e-01
1.659083717800000080e-01
1.670967852299999890e-01
1.687512948300000093e-01
1.702656595700000053e-01
1.720728283000000081e-01
1.732456441999999930e-01
1.749823981699999975e-01
1.761195192799999976e-01
1.779711316200000004e-01
1.792051222899999907e-01
1.809887260000000164e-01
1.825905367800000068e-01
1.841632956300000012e-01
1.855841990399999808e-01
1.872794265000000125e-01
1.890409708699999913e-01
1.901867043700000148e-01
1.920919159599999981e-01
1.935611301300000087e-01
