0.000000000000000000e+00
4.886639899999999407e-06
4.177208900000000100e-06
-1.041325590000000043e-05
8.295133200000000067e-05
1.558515651999999843e-04
2.144044253000000134e-04
2.066279699999999989e-04
1.891973010000000150e-04
3.628813819999999481e-04
2.347745199999999946e-04
4.728704669999999948e-04
6.528029969999999890e-04
5.374758149999999280e-04
6.264994790000000171e-04
8.737535340000000426e-04
9.518281489999999958e-04
7.769881429999999116e-04
1.169102545999999975e-03
1.379486033999999944e-03
1.459036562999999845e-03
1.708354418000000100e-03
2.013181524999999809e-03
2.324294289999999895e-03
2.569231531999999988e-03
2.882742966999999809e-03
3.145482959000000297e-03
3.470551172999999847e-03
3.609840253999999863e-03
4.310924245000000155e-03
4.609130823000000092e-03
5.091037852999999273e-03
5.613851268000000228e-03
5.751101354000000103e-03
6.574262043000000250e-03
7.030872649999999648e-03
7.703748078000000402e-03
8.104256585999999180e-03
8.810604256000000370e-03
9.580579946999999777e-03
1.025402837699999903e-02
1.118641662900000076e-02
1.165205387699999942e-02
1.239180929699999940e-02
1.307779431500000027e-02
1.378063947999999886e-02
1.451192141699999931e-02
1.519512576300000029e-02
1.601308726499999988e-02
1.643126457299999912e-02
1.729223842900000016e-02
1.819948404999999908e-02
1.899316614599999911e-02
1.983510194999999962e-02
2.058576425100000148e-02
2.139028873299999786e-02
2.223893932600000053e-02
2.275247556600000151e-02
2.369977675299999795e-02
2.479304211899999860e-02
2.547318549399999951e-02
2.642147144899999883e-02
2.759947660900000099e-02
2.838777595799999928e-02
2.888939078200000038e-02
2.973183509500000252e-02
3.040447983300000045e-02
3.181493773900000155e-02
3.241524780499999842e-02
3.333121496300000403e-02
3.411473185500000366e-02
3.517599345200000255e-02
3.586710075999999942e-02
3.681889170100000053e-02
3.769732599100000109e-02
3.844062608499999867e-02
3.935344793299999644e-02
4.013966364099999518e-02
4.099812224000000394e-02
4.162049412599999609e-02
4.271155925600000208e-02
4.347344347300000078e-02
4.438620826100000277e-02
4.507790097400000279e-02
4.592448280699999719e-02
4.702058590400000349e-02
4.812487225000000590e-02
4.864858361600000319e-02
4.979045741199999986e-02
5.059285608399999995e-02
5.139935009900000601e-02
5.188309272600000188e-02
5.293738403599999864e-02
5.403192687100000224e-02
5.464752939200000215e-02
5.581370739799999814e-02
5.671735873000000039e-02
5.758078334800000031e-02
5.823449918399999786e-02
5.930549436500000271e-02
5.995383985600000187e-02
6.116692960599999507e-02
6.206953167999999799e-02
6.374448082300000762e-02
6.416984174399999186e-02
6.522781167700000826e-02
6.586176266600000939e-02
6.675287245399999514e-02
6.821037356999999635e-02
6.903788758499999900e-02
7.012776206700001291e-02
7.116104082799999675e-02
7.237932480000000557e-02
7.389632633399999262e-02
7.487375601699999828e-02
7.573339286300000139e-02
7.683584362499999709e-02
7.800333382900000168e-02
7.942003026000001020e-02
7.988179292100000550e-02
8.126954655699999974e-02
8.259711762700000515e-02
8.346829389200000060e-02
8.490488664100000193e-02
8.558412461999999332e-02
8.694482066000000509e-02
8.842407103999999629e-02
8.940049362499999375e-02
9.030970878199999496e-02
9.157186585700000103e-02
9.270325941800000580e-02
9.407600585800000859e-02
9.517903209499999073e-02
9.643941062300000200e-02
9.753241057200000286e-02
9.871235550800000480e-02
1.001481222400000121e-01
1.016568040899999970e-01
1.025863992700000032e-01
1.040962965700000104e-01
1.050997668299999965e-01
1.062121570599999926e-01
1.075693555600000101e-01
1.088083469799999980e-01
1.099981048800000027e-01
1.109064592899999951e-01
1.124363074899999981e-01
1.136494294799999943e-01
1.146872252800000130e-01
1.161856749500000119e-01
1.172196184899999966e-01
1.183741504200000044e-01
1.197198913499999962e-01
1.211085627799999981e-01
1.228497296200000005e-01
1.240329091599999961e-01
1.253532271599999970e-01
1.264720965399999952e-01
1.279027360200000185e-01
1.292614674800000030e-01
1.306626159600000059e-01
1.324451580100000081e-01
1.337600262900000003e-01
1.353138512600000065e-01
1.370347472300000036e-01
1.383894825599999989e-01
1.400665277600000036e-01
1.416866150699999938e-01
1.430182616400000051e-01
1.450787369100000057e-01
1.464288336500000065e-01
1.482125613899999972e-01
1.494053579399999832e-01
1.512745473000000063e-01
1.525050751600000032e-01
1.542055291000000161e-01
1.559719129800000159e-01
1.574481594499999859e-01
1.588548692800000051e-01
1.605366870100000121e-01
1.619812670500000162e-01
1.638226621100000169e-01
1.653710720800000145e-01
1.671992484000000001e-01
1.683202237399999968e-01
1.701271692200000130e-01
1.716050429199999783e-01
1.735886962300000058e-01
1.749563699999999999e-01
1.766582849599999949e-01
1.782970977799999968e-01
1.801834151900000014e-01
1.821285583099999938e-01
1.836819988099999967e-01
1.855682070800000194e-01
1.874742322799999861e-01
1.893279828399999920e-01
1.909866696399999952e-01
1.933177779400000185e-01
1.953436052000000200e-01
