0.000000000000000000e+00
4.144713999999999430e-05
6.496750509999999618e-05
1.097162278000000051e-04
1.830480724999999811e-04
6.808676886999999543e-04
1.003552116100000060e-03
9.502282080000000464e-04
1.090750111000000130e-03
2.139482563999999757e-03
1.982038499999999939e-03
3.123708885000000147e-03
3.866688992999999571e-03
4.198635711000000235e-03
5.044287343000000527e-03
6.210867190000000232e-03
6.829922608000000596e-03
7.324066080000000284e-03
9.268095453999999553e-03
1.066313191299999956e-02
1.164092126699999875e-02
1.328906831299999855e-02
1.495520414899999956e-02
1.679304708199999899e-02
1.875606488900000146e-02
2.055731259399999969e-02
2.247159795500000209e-02
2.436484595599999747e-02
2.551284913400000270e-02
2.894152899700000101e-02
3.107019149499999633e-02
3.373249491499999420e-02
3.663882274400000194e-02
3.748681351300000436e-02
4.185838914499999397e-02
4.430163218700000627e-02
4.688131170399999909e-02
5.016587537899999671e-02
5.389921615199999572e-02
5.737226025699999898e-02
5.947014436499999807e-02
6.412392468900000864e-02
6.740344545100000750e-02
7.126268294000000225e-02
7.428014337600000183e-02
7.762083147300000152e-02
8.152170710099999884e-02
8.490949546100000356e-02
8.959846455300000956e-02
9.178300590399998682e-02
9.622008483600000273e-02
1.014208116279999988e-01
1.058020389940000083e-01
1.096664756670000102e-01
1.140290445009999876e-01
1.181801855420000075e-01
1.228488961640000071e-01
1.261689090619999842e-01
1.300066478149999871e-01
1.359597534339999914e-01
1.400289179969999853e-01
1.442501785939999948e-01
1.504612119819999927e-01
1.549461824649999986e-01
1.596018157490000089e-01
1.646871558280000036e-01
1.688467108230000124e-01
1.749769831839999845e-01
1.802873393839999894e-01
1.855223222719999954e-01
1.904977154319999755e-01
1.964924170270000159e-01
2.009643945039999713e-01
2.058366498009999990e-01
2.116522498330000168e-01
2.163234434619999980e-01
2.211694250109999815e-01
2.259958575119999924e-01
2.306797315980000096e-01
2.344813712410000195e-01
2.406624299189999983e-01
2.455785930510000215e-01
2.506516768379999927e-01
2.549256461739999868e-01
2.596393262809999491e-01
2.644822716720000022e-01
2.704301334449999983e-01
2.748379099109999890e-01
2.798396115530000228e-01
2.840162375290000152e-01
2.887370491569999920e-01
2.912932430469999945e-01
2.968099320360000348e-01
3.023460435509999766e-01
3.053976286150000274e-01
3.115165376769999939e-01
3.156225926400000326e-01
3.202135362339999514e-01
3.245291685230000112e-01
3.290058466080000299e-01
3.329300317630000117e-01
3.387596070919999813e-01
3.434675869459999920e-01
3.484200848260000094e-01
3.527161556780000207e-01
3.566008905100000459e-01
3.598648137229999433e-01
3.652287517929999616e-01
3.710538423390000173e-01
3.746711961070000041e-01
3.793328570700000291e-01
3.839343280240000156e-01
3.893772709240000407e-01
3.939724090830000192e-01
3.995355732659999770e-01
4.033695118189999929e-01
4.080205859029999993e-01
4.133963362640000194e-01
4.187009549990000634e-01
4.208131269440000266e-01
4.265554001160000164e-01
4.323099816539999751e-01
4.355465322109999260e-01
4.417458699290000013e-01
4.451206156630000410e-01
4.512204569120000230e-01
4.554127399960000155e-01
4.596000421589999663e-01
4.635806618059999940e-01
4.679357493750000430e-01
4.730229300119999647e-01
4.784719626010000004e-01
4.830472565249999684e-01
4.876591010390000092e-01
4.930815026879999952e-01
4.972666220160000261e-01
5.020773726199999620e-01
5.080240536699999199e-01
5.120009351679999376e-01
5.177978493789999748e-01
5.214263382390000867e-01
5.258919333179999933e-01
5.316246167420000113e-01
5.353180681670000052e-01
5.400657042209999759e-01
5.442283797100000431e-01
5.501752443299999795e-01
5.539258346980000525e-01
5.577464974980000934e-01
5.635335193759999362e-01
5.672625936269999336e-01
5.716127796759998825e-01
5.767788559669999593e-01
5.815797514480000041e-01
5.875690479780000253e-01
5.914860866990000465e-01
5.972521034670000839e-01
6.006662524189999575e-01
6.047085181160000156e-01
6.091613136890000613e-01
6.136887656889999931e-01
6.203214565729999741e-01
6.240648087519998777e-01
6.291875204450000370e-01
6.350736245400000479e-01
6.392197648400000931e-01
6.445501141080000052e-01
6.501097509490000315e-01
6.537679118799999411e-01
6.602808899959999867e-01
6.642207992109999681e-01
6.703686882949999593e-01
6.744557573000000694e-01
6.796155454590000478e-01
6.833590588940000599e-01
6.890096963799998697e-01
6.951070570940000026e-01
6.998619263950000002e-01
7.041857146569999726e-01
7.104377263550000210e-01
7.149380364029999102e-01
7.203604033500000670e-01
7.250545988900000127e-01
7.316023937000000199e-01
7.359265714049999518e-01
7.412055489509999928e-01
7.455901423979999221e-01
7.528405640589999059e-01
7.558791214009998871e-01
7.624762613519999732e-01
7.657562186809999671e-01
7.722920176659998637e-01
7.779852135510000322e-01
7.817383688029999611e-01
7.877141588650000692e-01
7.930165699309998928e-01
7.998007590349998086e-01
8.029929081580000627e-01
8.096622513150001366e-01
8.150845338910001070e-01
