0.000000000000000000e+00
3.574936749999999463e-05
7.289527210000000155e-05
2.432356006000000023e-04
4.597633575999999817e-04
9.415389195000000225e-04
1.480808156199999890e-03
2.080860246999999795e-03
2.804283872000000281e-03
4.136394304999999917e-03
5.264272958000000037e-03
6.837887581999999367e-03
8.536180978999999974e-03
1.018437267500000090e-02
1.206024954099999859e-02
1.436102098500000035e-02
1.679077987799999783e-02
1.929642555899999806e-02
2.234021679900000112e-02
2.557988043800000014e-02
2.878359626900000093e-02
3.265208860399999857e-02
3.626048271099999859e-02
4.055685369900000059e-02
4.481226869000000390e-02
4.928760728200000385e-02
5.380947313599999948e-02
5.885330406300000317e-02
6.351055216600000330e-02
6.863220717800000426e-02
7.374262043100000830e-02
7.916990375500000676e-02
8.477513518899999767e-02
8.992543037500000391e-02
9.598110582200000684e-02
1.016496849700000010e-01
1.074982214600000013e-01
1.138641836500000060e-01
1.204526963299999975e-01
1.269804013499999940e-01
1.337028451600000001e-01
1.408637966899999872e-01
1.479541201600000078e-01
1.551135858499999853e-01
1.629871856000000008e-01
1.701504216899999977e-01
1.780117452999999961e-01
1.854564915500000188e-01
1.930530634500000065e-01
1.997908046800000170e-01
2.070026814500000034e-01
2.141652056400000226e-01
2.210916629499999897e-01
2.282000768999999929e-01
2.355311727899999930e-01
2.420959393800000137e-01
2.491703031199999918e-01
2.558822146199999925e-01
2.622017165200000166e-01
2.686295579699999880e-01
2.749937565100000203e-01
2.812910601799999966e-01
2.882473706400000002e-01
2.945112541600000133e-01
3.009767500100000159e-01
3.070228183800000066e-01
3.129854368300000189e-01
3.194436299999999784e-01
3.257534032900000209e-01
3.319830852800000343e-01
3.377008706600000409e-01
3.438504216900000188e-01
3.500634593399999939e-01
3.560438408499999596e-01
3.623779133799999719e-01
3.685203874599999874e-01
3.744129781200000173e-01
3.806057374599999821e-01
3.867515205700000069e-01
3.927171131700000206e-01
3.994699881000000063e-01
4.051746986099999948e-01
4.113894676800000094e-01
4.176245894699999739e-01
4.238138264699999880e-01
4.300529071699999983e-01
4.364083916300000032e-01
4.427958996899999944e-01
4.490790271399999756e-01
4.554825345999999886e-01
4.617986704400000031e-01
4.677526392899999941e-01
4.743864538399999997e-01
4.803012328199999792e-01
4.867658704200000241e-01
4.934052612000000004e-01
4.993190281300000088e-01
5.054854740299999927e-01
5.113810487600000121e-01
5.178287790800000234e-01
5.235755593600001090e-01
5.301302326799999243e-01
5.361086099100000890e-01
5.423219898800000216e-01
5.487906756899999516e-01
5.549351986899999645e-01
5.610125415500000212e-01
5.678222304900000239e-01
5.741339484999999909e-01
5.806064915499999923e-01
5.870256933099999852e-01
5.936563179099999532e-01
6.002265118799999799e-01
6.066146822399999250e-01
6.127602470599999851e-01
6.190426700399999094e-01
6.253706925699999974e-01
6.319253385899999964e-01
6.385779704300000859e-01
6.448217294200000449e-01
6.515639604100000870e-01
6.583591928399999960e-01
6.644959170499999956e-01
6.719411494800000550e-01
6.783582527199999435e-01
6.849677928299999774e-01
6.914107258000000700e-01
6.980685989999999563e-01
7.046468993400000214e-01
7.113537158300000662e-01
7.181077739800000304e-01
7.246070943100000328e-01
7.312370516399999687e-01
7.383099171500000502e-01
7.450757057099999248e-01
7.516046336299999631e-01
7.580377982799999526e-01
7.651177828999999875e-01
7.715741057699999628e-01
7.786383564000000090e-01
7.850337971899999934e-01
7.918675373300000375e-01
7.992243587799999771e-01
8.057969241500000379e-01
8.125824204999999578e-01
8.193090712899999684e-01
8.268188520100000494e-01
8.341564270400000369e-01
8.410187279899999924e-01
8.485678548399999688e-01
8.552814406900000055e-01
8.623906632900000258e-01
8.696219526700000868e-01
8.766249913200000465e-01
8.843064320100000320e-01
8.912266631899999902e-01
8.982973954399999794e-01
9.052813315500000124e-01
9.122286252999999290e-01
9.197160167700000333e-01
9.268744555700000332e-01
9.342228903599999468e-01
9.414650071600000336e-01
9.486061045799999425e-01
9.562607778499999656e-01
9.633248424900000551e-01
9.711038994199999719e-01
9.781992558300000029e-01
9.853534107299999345e-01
9.926297588500000435e-01
9.993079253200000123e-01
1.006368561699999997e+00
1.013465014599999936e+00
1.020717926799999953e+00
1.027547045599999986e+00
1.034478208599999949e+00
1.041443359599999896e+00
1.048744237800000034e+00
1.055412965799999991e+00
1.062722850599999935e+00
1.069718415499999908e+00
1.076338267099999912e+00
1.083581217500000138e+00
1.090725388200000090e+00
1.097684675300000023e+00
1.104402220100000109e+00
1.111160991200000003e+00
1.118425107900000048e+00
1.124845415999999876e+00
1.131958880300000025e+00
1.138721409500000004e+00
1.145920312999999968e+00
1.152952157999999949e+00
1.159905345599999915e+00
1.166607354799999996e+00
1.173597777499999939e+00
1.180343617599999950e+00
1.186987902500000081e+00
1.193861048300000061e+00
1.200194550299999996e+00
