0.000000000000000000e+00
3.553852259999999507e-05
1.979213180000000079e-05
7.443319939999999441e-05
1.185692299999999951e-06
1.518628764000000202e-04
2.081907030000000071e-04
1.391179240000000109e-04
7.523440999999999480e-06
3.704767580000000154e-04
2.821774080000000423e-04
4.751550330000000309e-04
5.571538420000000068e-04
5.077119610000000545e-04
5.800094260000000692e-04
8.072158550000000689e-04
7.946792679999999717e-04
7.629880429999999708e-04
1.200553158000000056e-03
1.513712358000000044e-03
1.712722626999999952e-03
1.993054521999999829e-03
2.132090589000000362e-03
2.436848242000000039e-03
2.876901323999999857e-03
3.243384432000000206e-03
3.499062360000000128e-03
3.827774470000000224e-03
4.021637645000000240e-03
4.635357444000000500e-03
5.119028129000000212e-03
5.529619982999999482e-03
6.103606687999999988e-03
6.275795009000000209e-03
7.075115345000000666e-03
7.561546856999999330e-03
7.905477006000000140e-03
8.604889119999998767e-03
9.498851516000000536e-03
1.000054819700000111e-02
1.045839658699999897e-02
1.158247259000000015e-02
1.247566602100000019e-02
1.301104083000000078e-02
1.384282631400000040e-02
1.446284665399999968e-02
1.511638388700000009e-02
1.565457905400000072e-02
1.661282928999999881e-02
1.727762563900000006e-02
1.818949744500000104e-02
1.925849828799999774e-02
2.023179044500000162e-02
2.120575730499999964e-02
2.221054968500000074e-02
2.325374311599999813e-02
2.433248747300000014e-02
2.508503745599999918e-02
2.606383142400000089e-02
2.783366324300000014e-02
2.895852557499999785e-02
2.998060227199999747e-02
3.128836384400000142e-02
3.239730862700000019e-02
3.362714689700000564e-02
3.461206280700000054e-02
3.577254551699999424e-02
3.740076400299999909e-02
3.866485588100000009e-02
3.991307486299999763e-02
4.101554050700000065e-02
4.253219973200000198e-02
4.387339137800000399e-02
4.493855980400000144e-02
4.636147244199999989e-02
4.745398620999999317e-02
4.881410180200000670e-02
5.024720444199999581e-02
5.173283474699999496e-02
5.277377089600000099e-02
5.433788510600000288e-02
5.566610358300000394e-02
5.701036116100000051e-02
5.817433397400000039e-02
5.959608572700000190e-02
6.087711465400000299e-02
6.220795257000000245e-02
6.355848340599999646e-02
6.499390782199999939e-02
6.640746390399999977e-02
6.772326734899999923e-02
6.882677481599999703e-02
7.025766234600000493e-02
7.179562683100000620e-02
7.300703229200000699e-02
7.468747333800000721e-02
7.637321525999998806e-02
7.770282283800000744e-02
7.922146896399999416e-02
8.085750359499999096e-02
8.212172446600000952e-02
8.398479932600000364e-02
8.618981990999999288e-02
8.784027385300000046e-02
8.957173934399999260e-02
9.113341022700000016e-02
9.226094408599999630e-02
9.410357444399999882e-02
9.579062361000000025e-02
9.805332390500000328e-02
9.912050900699999334e-02
1.006060872200000011e-01
1.026562831800000020e-01
1.041699880899999986e-01
1.060393213300000054e-01
1.078749565900000013e-01
1.093861536900000014e-01
1.111406583299999890e-01
1.127880116100000024e-01
1.142475269100000079e-01
1.165368085599999964e-01
1.185111673400000010e-01
1.200892072200000077e-01
1.224039638800000079e-01
1.233866225100000019e-01
1.256721585599999969e-01
1.274723942100000063e-01
1.295428932799999877e-01
1.313363570999999952e-01
1.334112839199999845e-01
1.357384109800000016e-01
1.373131815299999947e-01
1.391080170699999785e-01
1.412917199899999809e-01
1.432726521799999875e-01
1.453135337600000021e-01
1.474715235399999824e-01
1.497371409399999853e-01
1.516357989800000139e-01
1.538979014699999870e-01
1.559219948399999944e-01
1.581756089700000201e-01
1.606596368500000094e-01
1.624890484700000082e-01
1.650343007400000006e-01
1.668277893499999776e-01
1.696343726700000054e-01
1.718271444099999934e-01
1.737628317699999869e-01
1.762772213199999827e-01
1.782261794899999974e-01
1.804282656099999993e-01
1.827939375900000107e-01
1.850831224900000016e-01
1.876206454299999826e-01
1.899573994100000052e-01
1.922311157400000137e-01
1.943131418399999810e-01
1.963470432199999893e-01
1.985747085399999778e-01
2.007529939999999902e-01
2.033929453799999953e-01
2.054840229200000090e-01
2.080129260299999894e-01
2.105122116400000021e-01
2.124455325700000119e-01
2.147895842599999994e-01
2.171184600799999920e-01
2.191447983299999736e-01
2.216692910599999955e-01
2.236766731100000016e-01
2.261553728200000057e-01
2.284020340300000063e-01
2.306444163300000183e-01
2.329172669600000078e-01
2.353689636400000118e-01
2.376792479000000013e-01
2.400374386100000146e-01
2.422918043399999999e-01
2.449413752000000055e-01
2.472926824499999954e-01
2.496050305099999922e-01
2.520970456899999657e-01
2.546152601999999709e-01
2.568109688900000465e-01
2.593563749599999690e-01
2.615317954099999898e-01
2.641554646000000006e-01
2.662823237599999948e-01
2.687987919799999514e-01
2.708155876399999662e-01
2.733241851500000097e-01
2.756891749800000069e-01
2.779932256800000112e-01
2.800697946199999788e-01
2.825087041700000134e-01
2.848303591799999923e-01
2.870997296200000215e-01
2.895233095199999940e-01
2.916433521800000372e-01
