-0.000000000000000000e+00
-8.431314199999999907e-06
-2.103487629999999998e-05
-2.933224190000000009e-05
6.498238830000000518e-05
1.405764746000000103e-04
2.228109339999999978e-04
2.575879349999999897e-04
4.218484890000000014e-04
4.418465050000000127e-04
3.753410730000000437e-04
7.055092520000000745e-04
9.025301380000000113e-04
1.103651337000000152e-03
1.304350846000000000e-03
1.327310612000000105e-03
1.774371185999999972e-03
1.988592052000000190e-03
2.377156819000000258e-03
2.917212382999999961e-03
2.989983628999999966e-03
3.106533711000000059e-03
3.809014238000000240e-03
4.188597013000000015e-03
4.603981247000000360e-03
4.954202013999999508e-03
5.517259513000000171e-03
6.164168775000000190e-03
6.664870764999999801e-03
7.236590266000000014e-03
7.900386961999999319e-03
8.665649650000000967e-03
9.027479286999999866e-03
9.937006995000000759e-03
1.073007143999999899e-02
1.159166542700000059e-02
1.233827454500000149e-02
1.301365282499999942e-02
1.387631840000000047e-02
1.480178846100000008e-02
1.582969439899999803e-02
1.678280250099999787e-02
1.777271419399999858e-02
1.863806121899999960e-02
1.955767227300000272e-02
2.057939673600000033e-02
2.182466636900000020e-02
2.302526169600000241e-02
2.404294537899999765e-02
2.535274346299999995e-02
2.647599593200000018e-02
2.783583618500000065e-02
2.931107059499999876e-02
3.074820657800000218e-02
3.243634469400000220e-02
3.373755519200000164e-02
3.542258024500000158e-02
3.680575978499999595e-02
3.854897802199999668e-02
4.009375154699999777e-02
4.249542590499999495e-02
4.379225331500000151e-02
4.568512923299999917e-02
4.761274247000000376e-02
5.053230391900000174e-02
5.218542442299999723e-02
5.350456169500000109e-02
5.638511930899999663e-02
5.964428238200000093e-02
6.155538026799999701e-02
6.397387012100000381e-02
6.606575631600000720e-02
6.899561938499999825e-02
7.103363596299999694e-02
7.338700699399999805e-02
7.566604653200000030e-02
7.821348910900000062e-02
8.034378131399999567e-02
8.247889070799999112e-02
8.458900134100000301e-02
8.696343701900000056e-02
8.919702089000000611e-02
9.147458946999999230e-02
9.382851863299999928e-02
9.616786476599999134e-02
9.802580989099998754e-02
1.004960832499999929e-01
1.025651312199999943e-01
1.047037604899999919e-01
1.068431066100000021e-01
1.087255667999999925e-01
1.110660465400000046e-01
1.130756139299999991e-01
1.149870144300000063e-01
1.171921987399999893e-01
1.191170089799999943e-01
1.213582080700000010e-01
1.232340626100000003e-01
1.254694076500000033e-01
1.280008384200000127e-01
1.298033065499999972e-01
1.322538249700000168e-01
1.340534702600000017e-01
1.357677705000000234e-01
1.377228481499999935e-01
1.401710869699999973e-01
1.419830629500000163e-01
1.442846331300000062e-01
1.463797985899999987e-01
1.482738006600000102e-01
1.506304335900000013e-01
1.525755122299999877e-01
1.547987820600000008e-01
1.572089720699999804e-01
1.590121049800000130e-01
1.614016793199999911e-01
1.634006077200000073e-01
1.654968125199999807e-01
1.678309569900000020e-01
1.701432504900000087e-01
1.722932703199999971e-01
1.748463908300000036e-01
1.768843453900000029e-01
1.792144986900000014e-01
1.816339261699999874e-01
1.835845760800000059e-01
1.860154115199999791e-01
1.884026789700000148e-01
1.908953961400000066e-01
1.929458500800000087e-01
1.948969960799999956e-01
1.972110954000000083e-01
1.996300788800000059e-01
2.015580393899999989e-01
2.038881629200000045e-01
2.063072605099999790e-01
2.082420474300000213e-01
2.101210150299999968e-01
2.123779059400000002e-01
2.144467306700000020e-01
2.167151585000000047e-01
2.187794835500000146e-01
2.210222999500000007e-01
2.234614079399999953e-01
2.249513469299999902e-01
2.270200550700000042e-01
2.293847100299999942e-01
2.311975294000000181e-01
2.335512601099999919e-01
2.355900133999999924e-01
2.374772535600000178e-01
2.392701865399999850e-01
2.415362281100000008e-01
2.434122414000000068e-01
2.453724338999999921e-01
2.472764846000000127e-01
2.492512253799999966e-01
2.513133725300000232e-01
2.531530758500000200e-01
2.552811256599999967e-01
2.574737138500000078e-01
2.592519620900000099e-01
2.613437540299999862e-01
2.631115890299999815e-01
2.651622389200000152e-01
2.672335640200000362e-01
2.690645706199999987e-01
2.712329339699999786e-01
2.732132360900000334e-01
2.752799027600000281e-01
2.774479089100000406e-01
2.791691620799999773e-01
2.809954085499999921e-01
2.832829687000000263e-01
2.853124795400000524e-01
2.874685692300000261e-01
2.898788460600000283e-01
2.917808354399999970e-01
2.939063352599999845e-01
2.956065237899999643e-01
2.976898546400000289e-01
2.995337550300000151e-01
3.014876519300000446e-01
3.037218584099999896e-01
3.053119090199999941e-01
3.075203626599999907e-01
3.092750235699999739e-01
3.110389839700000159e-01
3.132495187800000136e-01
3.149068561799999721e-01
3.167381058700000085e-01
3.186691645599999956e-01
3.206192166499999829e-01
3.227323287200000168e-01
3.243103884499999867e-01
3.265564642599999567e-01
3.280426402700000188e-01
3.297308627200000175e-01
3.318448975600000184e-01
3.338757156400000148e-01
