0.000000000000000000e+00
4.139752920000001408e-05
2.179639825000000315e-04
-8.515156000000001046e-05
6.342213660000000535e-05
2.991814256999999707e-04
8.423525330000000266e-04
1.189115445999999873e-03
1.987897503999999909e-03
1.974574589000000022e-03
2.649794116999999987e-03
3.486887929000000337e-03
4.253889465999999286e-03
5.569224091000000293e-03
6.843183511000001072e-03
7.145567297000000352e-03
9.194808253999998612e-03
1.031832117900000068e-02
1.216966066500000006e-02
1.391521803800000075e-02
1.533036166399999976e-02
1.563428585699999998e-02
1.786952175400000412e-02
2.155318747599999779e-02
2.248084040200000119e-02
2.482598600899999994e-02
2.737056109399999687e-02
3.035640720300000067e-02
3.208919978300000392e-02
3.456158406399999911e-02
3.785299647799999362e-02
4.074909708800000113e-02
4.257952572099999583e-02
4.536698913500000069e-02
4.923744356999999738e-02
5.218608920099999937e-02
5.580052339000000222e-02
5.886759190199999936e-02
6.202256535899999812e-02
6.623995634399999777e-02
7.042946123000000391e-02
7.422639033799997843e-02
7.761167088600000319e-02
8.194613533500000324e-02
8.600771444200000504e-02
8.988001686899999010e-02
9.453414198400000856e-02
9.924133055599999864e-02
1.031292553460000094e-01
1.074284615739999893e-01
1.117790717850000032e-01
1.166803864610000130e-01
1.213806047490000040e-01
1.256977749629999974e-01
1.311329513370000088e-01
1.357659125859999871e-01
1.408472466159999825e-01
1.454040606209999753e-01
1.504762167009999763e-01
1.540999727100000050e-01
1.598063898390000015e-01
1.643284615839999963e-01
1.692746738020000086e-01
1.746437763510000074e-01
1.814005382749999951e-01
1.856425881830000013e-01
1.868866101170000293e-01
1.930513518850000276e-01
2.026670313110000010e-01
2.077175596520000056e-01
2.133326015779999918e-01
2.159729126410000200e-01
2.239664707039999703e-01
2.286479709319999831e-01
2.340587934730000153e-01
2.403459716209999930e-01
2.449778786469999914e-01
2.513747531869999774e-01
2.562804584019999776e-01
2.607368780169999622e-01
2.660393411749999992e-01
2.712691000749999914e-01
2.764569553979999705e-01
2.819191819330000293e-01
2.876438284499999720e-01
2.916976335679999921e-01
2.979338517580000234e-01
3.025658034390000251e-01
3.079318450190000056e-01
3.126251649460000115e-01
3.169477104819999891e-01
3.223121074599999969e-01
3.277808180749999800e-01
3.326260108019999939e-01
3.374053356199999687e-01
3.425090067950000150e-01
3.476210051129999812e-01
3.517724686279999902e-01
3.576282532199999697e-01
3.635473805730000674e-01
3.682911693309999790e-01
3.727605496779999861e-01
3.778423004429999899e-01
3.816011683250000175e-01
3.863779481250000369e-01
3.933228332579999931e-01
3.975359180370000023e-01
4.026058416460000511e-01
4.076195887369999937e-01
4.123663689890000317e-01
4.182413305480000010e-01
4.231140000990000205e-01
4.289710894480000536e-01
4.340331820119999739e-01
4.397589695999999937e-01
4.450655504259999895e-01
4.498002009080000474e-01
4.538449694969999282e-01
4.599784169310000004e-01
4.655958327170000022e-01
4.708764101690000037e-01
4.778915240320000257e-01
4.819531974050000334e-01
4.880105993039999812e-01
4.938779927449999940e-01
4.976788485460000300e-01
5.033310934119999969e-01
5.084063501470000856e-01
5.150656496500000125e-01
5.198415017149999873e-01
5.245121917949999713e-01
5.298786277800000555e-01
5.364021183729998921e-01
5.404780746139999925e-01
5.467673488140000204e-01
5.524228084639999370e-01
5.573847323620000349e-01
5.626678474159999555e-01
5.679350324979999254e-01
5.733572530700000724e-01
5.791524110560000160e-01
5.846840179499999124e-01
5.896459989180000694e-01
5.960064394379999131e-01
6.003859949520000683e-01
6.058357642520000308e-01
6.119284119600000293e-01
6.166280547760000230e-01
6.224003125579999907e-01
6.284333010879999959e-01
6.333010517620000224e-01
6.388571389700000713e-01
6.441427965399999511e-01
6.499224165300000466e-01
6.548530436140000965e-01
6.597383787299999636e-01
6.655921540939999659e-01
6.707676737620000829e-01
6.766798729899999865e-01
6.825055018179999600e-01
6.884665699360000835e-01
6.928568908960001105e-01
6.988875055780000567e-01
7.042428461599999912e-01
7.097155405120000315e-01
7.154738527560000616e-01
7.204897801999999851e-01
7.260941980499999726e-01
7.317760827300000548e-01
7.366313860900001176e-01
7.438169990300000922e-01
7.477426899100000357e-01
7.535479263100000047e-01
7.591781639300000384e-01
7.646692265900000285e-01
7.711733665800001303e-01
7.773049139200000068e-01
7.827055291000000192e-01
7.884181574399999892e-01
7.936364463899999722e-01
7.995352011700000983e-01
8.049920747300000068e-01
8.104330431199999740e-01
8.165201790799999637e-01
8.216181202699999186e-01
8.272265937700000737e-01
8.327599221299999410e-01
8.379808031700000104e-01
8.439264746699999264e-01
8.487639901799999276e-01
8.540782606700001445e-01
8.601026268899999438e-01
8.658529692099998787e-01
8.726074415799999207e-01
8.773057647400001047e-01
8.838594458699998713e-01
8.897404251500000694e-01
8.947719576199998359e-01
9.010211465099999817e-01
9.072707099499999206e-01
