-0.000000000000000000e+00
-6.027683000000000705e-07
-2.071488809999999926e-05
4.686461279999999750e-05
-3.198144570000000284e-05
1.053480180000000009e-05
2.056233567000000150e-04
3.503001400000000000e-05
5.692811000000000034e-06
5.783350700000000031e-05
7.979113999999999174e-05
1.167882120000000005e-04
1.841022969999999857e-04
1.138909559999999973e-04
1.580468319999999934e-04
1.773627020000000142e-04
1.667782900000000013e-04
-5.324453099999999967e-05
2.639554500000000073e-04
3.006325339999999847e-04
3.216525279999999667e-04
3.658282480000000472e-04
4.341246220000000416e-04
4.386937540000000052e-04
5.578310259999999564e-04
5.398769650000000532e-04
5.168303810000000192e-04
5.706454330000000543e-04
5.880165699999999069e-04
7.555414990000000478e-04
7.453589320000000721e-04
9.938681350000000761e-04
1.108793471999999910e-03
8.253832410000000756e-04
1.209215160999999820e-03
1.141640621000000093e-03
1.126834350000000071e-03
1.478292901000000060e-03
1.750759041000000005e-03
1.706836334999999949e-03
1.538264623000000020e-03
1.943213275000000044e-03
2.204608819999999587e-03
2.222242893000000042e-03
2.392697326000000051e-03
2.464399463999999811e-03
2.874515057000000002e-03
2.702899737000000017e-03
3.005104925999999965e-03
2.746259364000000307e-03
2.864659919999999662e-03
3.275869424999999866e-03
3.467894528000000070e-03
3.604727886000000207e-03
3.857587935000000162e-03
3.925730514999999782e-03
4.154390533999999593e-03
4.069878949999999537e-03
4.179257825999999759e-03
4.624497693000000249e-03
4.715409040000000107e-03
4.988656545999999720e-03
5.391392567999999524e-03
5.549178945000000224e-03
5.827355261000000466e-03
5.988954210000000354e-03
6.001247704999999703e-03
6.334861338999999737e-03
6.561082997999999680e-03
6.781743314999999842e-03
6.872394205000000034e-03
7.219687950000000347e-03
7.519358040000000132e-03
7.620571017999999523e-03
7.817244630000001054e-03
7.875812373000000075e-03
7.919119908000000346e-03
8.234293298000001579e-03
8.421354863999998969e-03
8.317500123999999745e-03
8.702912139000000893e-03
8.635221015000001457e-03
8.964540853999999198e-03
9.033787269999999509e-03
9.263856227999999957e-03
9.340065486000000486e-03
9.513796696000000400e-03
9.711837079000000192e-03
9.745242347999999791e-03
9.793558068999999242e-03
9.877156818999999546e-03
9.623160688999999809e-03
9.832274146999999201e-03
1.013148533999999948e-02
9.931130624999999490e-03
1.030509500400000021e-02
1.031476906300000072e-02
1.041028426799999948e-02
1.063010616599999875e-02
1.081261844499999993e-02
1.081870566099999917e-02
1.117172446300000038e-02
1.111655256200000039e-02
1.155070446999999917e-02
1.172745696299999987e-02
1.174585999899999990e-02
1.146870814100000094e-02
1.183072877999999904e-02
1.226445899700000057e-02
1.236265565399999843e-02
1.245479237900000077e-02
1.255919779700000009e-02
1.290267896999999948e-02
1.283830927199999979e-02
1.308549387300000054e-02
1.331044550199999947e-02
1.342209406099999919e-02
1.344591457000000011e-02
1.370673215300000081e-02
1.352796050999999916e-02
1.384326784700000076e-02
1.436424567199999849e-02
1.423658034400000078e-02
1.474062112500000056e-02
1.466909014199999951e-02
1.506985166399999951e-02
1.494805774700000076e-02
1.515577714900000032e-02
1.509764597999999937e-02
1.524205486900000010e-02
1.515070695100000087e-02
1.539251128599999907e-02
1.570204395500000155e-02
1.617484248599999896e-02
1.641356104500000038e-02
1.626571910499999968e-02
1.649820657799999993e-02
1.689802301900000109e-02
1.694636354699999986e-02
1.731780274899999764e-02
1.731800863200000026e-02
1.754309669099999788e-02
1.793432058400000126e-02
1.815551917499999904e-02
1.820561343500000026e-02
1.840184551200000143e-02
1.871598204100000107e-02
1.917327231200000037e-02
1.919486282699999977e-02
1.964520513900000140e-02
1.967920573500000006e-02
1.970980056599999988e-02
1.969106761899999669e-02
1.988895420900000169e-02
2.040821798800000059e-02
2.056768120200000091e-02
2.092260753100000023e-02
2.112217095800000138e-02
2.114940219200000041e-02
2.136351887599999971e-02
2.156101602500000089e-02
2.194632633900000032e-02
2.193258669199999941e-02
2.217986307400000162e-02
2.238448678099999936e-02
2.252739247199999836e-02
2.308516643999999896e-02
2.328379471399999803e-02
2.317703279399999788e-02
2.364579550199999783e-02
2.366869077400000215e-02
2.409057895100000235e-02
2.427717914000000060e-02
2.448272808100000059e-02
2.446409931699999873e-02
2.479694398899999833e-02
2.518150517999999741e-02
2.542375353799999904e-02
2.553613632600000224e-02
2.636447635999999983e-02
2.623036662499999769e-02
2.649707545700000222e-02
2.678315473399999966e-02
2.745936151400000039e-02
2.728004911200000021e-02
2.762531378800000062e-02
2.765469315799999953e-02
2.824537629299999839e-02
2.824984124800000024e-02
2.877540804999999952e-02
2.870392419099999926e-02
2.916649798599999996e-02
2.954918390499999825e-02
2.978061467800000028e-02
2.989643796600000014e-02
3.045985265800000077e-02
3.067926774500000231e-02
3.074111723100000221e-02
3.125178598199999935e-02
3.146904797300000001e-02
