0.000000000000000000e+00
3.437267449999999728e-05
4.069305950000000436e-05
-2.931239760000000223e-05
-1.490549189999999968e-05
1.112516744000000061e-04
1.256164111999999921e-04
2.215359430000000257e-04
2.571637640000000143e-04
5.668601479999999275e-04
5.828397090000000209e-04
9.230738699999999422e-04
1.182785136999999886e-03
1.334702585000000158e-03
1.765495856999999783e-03
2.102098525999999794e-03
2.456729671999999861e-03
3.016619535999999924e-03
3.511435233999999749e-03
4.027630600000000130e-03
4.514042268000000024e-03
5.136868084999999390e-03
5.750520910999999680e-03
6.458691769999999437e-03
7.184799325000000396e-03
7.863866149999999139e-03
8.694594929999998820e-03
9.319670585000000215e-03
9.866128392000000219e-03
1.099102545000000056e-02
1.175474028800000022e-02
1.272049164100000004e-02
1.382948355499999914e-02
1.431566701400000148e-02
1.566605149599999830e-02
1.664364736799999953e-02
1.756832365900000067e-02
1.887331200099999842e-02
2.017268938799999731e-02
2.118225430399999984e-02
2.192329215599999812e-02
2.356539167500000184e-02
2.480743166099999911e-02
2.608773875100000098e-02
2.711381654099999719e-02
2.841758446199999996e-02
2.986621521100000023e-02
3.114121149000000088e-02
3.278392121800000059e-02
3.377962246400000035e-02
3.527321278000000032e-02
3.681607382000000317e-02
3.834517289299999715e-02
3.986313439500000638e-02
4.129013494099999931e-02
4.272520960400000289e-02
4.423721039800000004e-02
4.549515056799999929e-02
4.669712506800000051e-02
4.852883613600000173e-02
4.968339286799999810e-02
5.079863570599999628e-02
5.246867837000000062e-02
5.375784342800000309e-02
5.512638289800000230e-02
5.639335962500000021e-02
5.759910949500000182e-02
5.907189313999999802e-02
6.051534206699999557e-02
6.185792528399999823e-02
6.295700749099999993e-02
6.459466190800000618e-02
6.590818822100000252e-02
6.719227067399999309e-02
6.875049858200001085e-02
6.998103140000000444e-02
7.127110681199999576e-02
7.256130872200000637e-02
7.392067767700000180e-02
7.516935555600000318e-02
7.669268492599999598e-02
7.800103190299999267e-02
7.941384631099999980e-02
8.072267450400000266e-02
8.198280993699999519e-02
8.297296224399999809e-02
8.455577467000000014e-02
8.579814704600000064e-02
8.683552860200000056e-02
8.818570719399999869e-02
8.964403184899999433e-02
9.036925633600000063e-02
9.146055712599999998e-02
9.301146748099999029e-02
9.388531527200000282e-02
9.536117973799999870e-02
9.638065188000000116e-02
9.742548493799998988e-02
9.858057994399999080e-02
9.960505779499999324e-02
1.004930098799999977e-01
1.019471697200000082e-01
1.030735997400000076e-01
1.041439772800000080e-01
1.054593763899999981e-01
1.061777248600000029e-01
1.073092746999999986e-01
1.085739048399999990e-01
1.097437193000000005e-01
1.106529394199999988e-01
1.119984595900000018e-01
1.130814729399999968e-01
1.142674777999999891e-01
1.150993054500000085e-01
1.160949397299999991e-01
1.171481296799999905e-01
1.181662127299999976e-01
1.191031329099999925e-01
1.202019993100000017e-01
1.208852532600000057e-01
1.221317433199999997e-01
1.232281267099999966e-01
1.238625266599999997e-01
1.250718832200000130e-01
1.257912462200000137e-01
1.271382720600000016e-01
1.277723991699999950e-01
1.287084834100000186e-01
1.294885722100000136e-01
1.302997122600000057e-01
1.313461750300000119e-01
1.324906682599999996e-01
1.336705486900000017e-01
1.344276653200000005e-01
1.357565113800000001e-01
1.363510517500000074e-01
1.371942625400000004e-01
1.384487374099999946e-01
1.392293942600000001e-01
1.404048469499999952e-01
1.412345512700000083e-01
1.421616932100000230e-01
1.435603760399999929e-01
1.442132385799999861e-01
1.451782333699999927e-01
1.459280696499999919e-01
1.470851589999999931e-01
1.476023515400000097e-01
1.482789304000000086e-01
1.493892915599999982e-01
1.500448380199999876e-01
1.507368259099999830e-01
1.517477650399999822e-01
1.524466537700000235e-01
1.535269509400000176e-01
1.543403581799999980e-01
1.552702807899999926e-01
1.558226397799999940e-01
1.565944039199999860e-01
1.573063154300000099e-01
1.580179863099999971e-01
1.591991417399999942e-01
1.597397430199999913e-01
1.606345215000000159e-01
1.617285756800000140e-01
1.623295430799999994e-01
1.629898943299999958e-01
1.641237064000000134e-01
1.645040134900000173e-01
1.655870466799999885e-01
1.661758322100000129e-01
1.673143250500000179e-01
1.681399340199999926e-01
1.689424964000000029e-01
1.694292553500000020e-01
1.703969489499999879e-01
1.713873244999999934e-01
1.722521283000000014e-01
1.728327925799999776e-01
1.739803591799999882e-01
1.747266135799999953e-01
1.756198566299999875e-01
1.761600783799999737e-01
1.775778786499999928e-01
1.781207818599999937e-01
1.790516148300000110e-01
1.797483256499999849e-01
1.808554621200000045e-01
1.814031849999999946e-01
1.823901200599999939e-01
1.829077615699999937e-01
1.842603338799999879e-01
1.852012179300000227e-01
1.856784739800000084e-01
1.866503621599999996e-01
1.875434762100000041e-01
1.885032296399999918e-01
1.893313563499999796e-01
1.903775239299999866e-01
1.913280423600000058e-01
