0.000000000000000000e+00
2.754378130000000166e-05
2.004018455000000176e-04
8.198640669999999585e-05
2.360544724000000045e-04
4.509500421000000106e-04
8.312596119999999308e-04
1.304140000999999853e-03
1.825737957000000099e-03
2.279357046999999897e-03
2.938197649000000040e-03
3.598050305000000289e-03
4.566899836000000261e-03
5.466242495999999382e-03
6.463317954000000198e-03
7.728580641999999688e-03
8.949159100999999963e-03
1.033043111600000057e-02
1.196624249700000038e-02
1.339747482299999924e-02
1.498986704400000029e-02
1.659751699199999916e-02
1.844176216700000107e-02
2.078157959999999901e-02
2.268288435799999808e-02
2.528356898300000016e-02
2.714602619400000028e-02
2.976636652299999991e-02
3.216809048999999532e-02
3.465479237900000176e-02
3.734557969900000052e-02
4.019493476199999943e-02
4.294447834500000200e-02
4.568484893599999985e-02
4.908248251300000031e-02
5.209502158099999641e-02
5.540301384400000279e-02
5.881251674199999835e-02
6.206488068600000269e-02
6.628197400499999392e-02
7.004210448099999764e-02
7.370062013599999740e-02
7.733605446900000679e-02
8.129175472499999833e-02
8.542508061999999625e-02
8.953236841000000723e-02
9.381325097600000384e-02
9.818769906100000000e-02
1.025057597800000109e-01
1.069033883999999934e-01
1.116183782300000094e-01
1.165135560799999970e-01
1.204564047199999932e-01
1.251521580600000183e-01
1.297167956499999941e-01
1.348513097199999788e-01
1.397299102000000015e-01
1.446606910799999868e-01
1.491925584100000091e-01
1.539139380899999798e-01
1.593612764799999804e-01
1.645941360400000053e-01
1.690335168899999851e-01
1.739157563100000026e-01
1.792792553499999997e-01
1.846703180000000000e-01
1.891339509899999938e-01
1.945780919800000064e-01
2.010361437700000087e-01
2.063064419300000008e-01
2.118316118499999900e-01
2.168606439499999872e-01
2.226864736799999966e-01
2.278860941599999967e-01
2.330139331199999886e-01
2.388287344299999948e-01
2.438441112300000213e-01
2.491179441300000186e-01
2.545926824499999963e-01
2.595008632199999887e-01
2.647215012199999884e-01
2.699800069500000177e-01
2.755106017799999751e-01
2.808331820199999607e-01
2.855362033100000141e-01
2.903111971000000291e-01
2.958002654200000414e-01
3.016098551399999939e-01
3.059199583199999628e-01
3.107792999900000352e-01
3.154045815299999500e-01
3.203975641299999788e-01
3.254529865599999905e-01
3.307190454899999743e-01
3.354776132399999722e-01
3.404708041900000315e-01
3.453215533100000290e-01
3.502437962000000127e-01
3.555441409900000349e-01
3.604722131299999965e-01
3.655101081500000126e-01
3.701365208099999804e-01
3.752503720799999498e-01
3.798502257299999907e-01
3.851616584800000020e-01
3.901627151899999535e-01
3.954108423800000160e-01
4.001951456100000248e-01
4.056024433200000057e-01
4.105753683600000259e-01
4.164191620700000152e-01
4.209899588200000098e-01
4.263373865099999716e-01
4.313830679199999740e-01
4.367316168100000007e-01
4.421053132900000238e-01
4.472476806999999832e-01
4.523499255799999785e-01
4.577325395699999855e-01
4.631956863600000252e-01
4.685282283999999686e-01
4.742548147100000278e-01
4.793292925500000079e-01
4.846842511300000211e-01
4.902228208500000184e-01
4.951695887299999987e-01
5.008096641299999430e-01
5.062009624500000138e-01
5.116218633700000407e-01
5.172200674700000445e-01
5.226740065400000690e-01
5.281962692900000755e-01
5.333757106700000028e-01
5.385565287499999299e-01
5.442690802199999789e-01
5.493321154000000428e-01
5.544725083099999452e-01
5.599055514200000916e-01
5.651998883799999041e-01
5.708187751100000096e-01
5.764429825800000406e-01
5.816449818900000235e-01
5.868414024899999415e-01
5.921652676399999926e-01
5.981142977700000252e-01
6.029919308400000233e-01
6.085292553500000201e-01
6.140175745400000551e-01
6.196235352500000237e-01
6.247890335900000425e-01
6.303387235199999772e-01
6.359674604399999653e-01
6.414623877599999746e-01
6.466413355200000268e-01
6.518861636200000698e-01
6.573219526699999316e-01
6.626623703899999773e-01
6.682670486699999746e-01
6.737039489999999686e-01
6.793455846599999459e-01
6.850485910600000450e-01
6.904056208700000141e-01
6.959051123599999666e-01
7.017280101199999676e-01
7.073315721599999772e-01
7.127275388199999506e-01
7.181873617099999718e-01
7.238064121700000797e-01
7.293684972900000840e-01
7.349589100500000249e-01
7.405514858300000780e-01
7.462148658099999610e-01
7.516748276099999293e-01
7.571386515900000447e-01
7.628939351100000321e-01
7.682388822800000350e-01
7.740901274999999471e-01
7.799991343000000077e-01
7.853131815199999588e-01
7.907895817800000282e-01
7.962354368199999755e-01
8.018653718399999519e-01
8.071723669199999396e-01
8.124800491099999356e-01
8.180114699599999595e-01
8.234842337699999071e-01
8.292240040699999648e-01
8.346556754399999667e-01
8.402835937900000607e-01
8.457429825900000253e-01
8.512809545099999653e-01
8.566585131699999689e-01
8.623623158200000027e-01
8.682107878199999407e-01
8.740998114799999330e-01
8.799575432899999772e-01
8.856269558899999561e-01
8.913724537299999584e-01
8.970103611699999924e-01
9.030407847999999404e-01
