0.000000000000000000e+00
3.216996579999999568e-05
2.463164200000000136e-06
-2.944634620000000203e-05
1.827652919999999946e-05
-3.818772639999999782e-05
9.717219829999999370e-05
-5.652130799999999895e-05
-4.825618899999999708e-05
2.261149980000000208e-04
1.202857569999999884e-04
4.052388750000000123e-04
3.833010869999999861e-04
4.296100610000000018e-04
5.505730009999999439e-04
6.696284169999999801e-04
7.807312600000000484e-04
8.375998409999999613e-04
1.314771544000000163e-03
1.538827702000000004e-03
1.648851515999999896e-03
1.935545963999999938e-03
2.233239074000000282e-03
2.623230143999999691e-03
2.968963635000000309e-03
3.151108795999999976e-03
3.502877412000000249e-03
3.868474970999999808e-03
4.037855335999999441e-03
4.688133155000000392e-03
5.043600237999999562e-03
5.563213772000000397e-03
6.262010715999999887e-03
6.203403284000000295e-03
7.010904400000000231e-03
7.590382993999999182e-03
8.004462469999999372e-03
8.654576573999999203e-03
9.257352283999998807e-03
1.004299746999999868e-02
1.011144763600000003e-02
1.118314481299999968e-02
1.170493624999999899e-02
1.227698070199999963e-02
1.288919730199999947e-02
1.341932331199999912e-02
1.427772237999999985e-02
1.470086818499999858e-02
1.561631691199999970e-02
1.619976434999999965e-02
1.690657091900000034e-02
1.759319591199999880e-02
1.874685469100000057e-02
1.934690926200000050e-02
1.998769906300000218e-02
2.071605645700000040e-02
2.173339038499999890e-02
2.258599990000000057e-02
2.306139058400000219e-02
2.402677233699999915e-02
2.470315523200000002e-02
2.547929503399999976e-02
2.665634518999999980e-02
2.738526814500000239e-02
2.830379024599999696e-02
2.907032296499999918e-02
2.975826263800000065e-02
3.120424914499999799e-02
3.176623505500000139e-02
3.298210547199999926e-02
3.369273949499999865e-02
3.463803393400000097e-02
3.560288237400000694e-02
3.656878503799999847e-02
3.787489705800000522e-02
3.874839509800000192e-02
3.964306196299999946e-02
4.079538125800000192e-02
4.243771642699999819e-02
4.262289775599999858e-02
4.370823039599999738e-02
4.468202113300000222e-02
4.582030064100000438e-02
4.668844322399999525e-02
4.764550280700000084e-02
4.855244084400000409e-02
4.961548841999999931e-02
5.054521754600000555e-02
5.149822146199999756e-02
5.229711018399999661e-02
5.358897404900000300e-02
5.416033387599999971e-02
5.524344396599999846e-02
5.639445602100000288e-02
5.707595376199999654e-02
5.827306890799999889e-02
5.884334473999999759e-02
5.984134791799999853e-02
6.122939425400000107e-02
6.213619090499999942e-02
6.276158158599999537e-02
6.412257776599999959e-02
6.478085529000000842e-02
6.599225083300000461e-02
6.661624249399999975e-02
6.767502108700000629e-02
6.820920771599998933e-02
6.923255444400000513e-02
7.030865208000000588e-02
7.108361363500000085e-02
7.188056754699999329e-02
7.258251227799999983e-02
7.358823981999999819e-02
7.410775661400000047e-02
7.503871359699999799e-02
7.581680557299999568e-02
7.664492732500000072e-02
7.740817829899999947e-02
7.843012353000000658e-02
7.889650742099998948e-02
7.985582427699999819e-02
8.100971622699999763e-02
8.154836533200000848e-02
8.269903259100000459e-02
8.300568536999999858e-02
8.411680309999999827e-02
8.491586794000000049e-02
8.553304311499999868e-02
8.617701791199999795e-02
8.646289130700000880e-02
8.750805923800000774e-02
8.835608969800000378e-02
8.906007094499999999e-02
8.954647765300000062e-02
9.037165997200000134e-02
9.139384580800000157e-02
9.166167335900000934e-02
9.297067024300000038e-02
9.323641414899999647e-02
9.419612044999998990e-02
9.473878552900000249e-02
9.566319393199999854e-02
9.655949050399999234e-02
9.702723619899999985e-02
9.781550578200000345e-02
9.806788460299999122e-02
9.903632485100000160e-02
9.984466934300000041e-02
1.002131988900000076e-01
1.009053182499999868e-01
1.017644465900000017e-01
1.021029443799999908e-01
1.027832985999999893e-01
1.036308528000000062e-01
1.045585255799999919e-01
1.050398595999999934e-01
1.057302872399999982e-01
1.062301012099999969e-01
1.068606067399999887e-01
1.075001959600000029e-01
1.082385548400000008e-01
1.092267028899999992e-01
1.093966264799999949e-01
1.103279853100000013e-01
1.109543161200000072e-01
1.116532246799999961e-01
1.123640124999999990e-01
1.130294637099999999e-01
1.134271915399999997e-01
1.140706851199999872e-01
1.147041747199999961e-01
1.155488341500000016e-01
1.161020265899999904e-01
1.167066329299999983e-01
1.170488639199999958e-01
1.175428709600000038e-01
1.183259661700000048e-01
1.190109192900000029e-01
1.195485191300000027e-01
1.205041821700000015e-01
1.208071265600000055e-01
1.216265863000000058e-01
1.220286699400000008e-01
1.228282953799999938e-01
1.233751723900000097e-01
1.241625936399999991e-01
1.246587711500000001e-01
1.255545765699999927e-01
1.257837302200000007e-01
1.266150940100000122e-01
1.269916430999999957e-01
1.278677233799999924e-01
1.285942054800000012e-01
1.289938706200000063e-01
1.296307734300000125e-01
1.306227290799999996e-01
1.310164806200000143e-01
1.316814332500000073e-01
1.326997817099999921e-01
1.330630723799999804e-01
