0.000000000000000000e+00
9.517785399999999297e-06
2.185345039999999972e-05
1.281738353999999980e-04
7.425708189999999668e-05
1.731085974999999944e-04
2.563427098000000326e-04
2.061045790000000215e-04
2.786079280000000298e-04
5.283822000000000518e-04
4.593019799999999999e-04
8.723049060000000274e-04
9.168452649999999250e-04
1.066160639000000073e-03
1.151505680000000035e-03
1.441958128000000051e-03
1.517639034000000178e-03
1.632388251999999885e-03
2.111333532000000002e-03
2.401984421999999852e-03
2.621486332000000103e-03
3.033392865999999782e-03
3.397519473000000165e-03
3.716624497999999714e-03
4.285052339000000078e-03
4.720605745000000172e-03
5.105472043999999612e-03
5.572188320999999639e-03
5.800850821000000379e-03
6.628327627999999923e-03
7.127561144999999994e-03
7.818911543999999131e-03
8.487006995999999553e-03
8.831926874000001204e-03
9.826477154000000380e-03
1.048518876799999985e-02
1.093045840199999980e-02
1.180459889900000066e-02
1.271599692400000002e-02
1.371109292000000091e-02
1.421954903999999957e-02
1.542748176800000023e-02
1.642577764500000037e-02
1.712666815500000009e-02
1.799768318699999925e-02
1.886609862599999965e-02
2.017756114499999823e-02
2.100585900700000300e-02
2.227966959400000044e-02
2.296509401200000008e-02
2.433661011099999896e-02
2.589181425799999894e-02
2.715611450100000046e-02
2.842062310900000249e-02
2.992307387000000055e-02
3.132712705200000475e-02
3.280603016300000230e-02
3.418851267499999763e-02
3.563359130799999969e-02
3.749739792600000066e-02
3.923339782799999814e-02
4.091923649400000529e-02
4.295457409299999890e-02
4.489416331799999521e-02
4.698813315500000032e-02
4.925273602500000042e-02
5.151506424499999875e-02
5.367932728000000125e-02
5.617265713700000246e-02
5.860051843399999988e-02
6.094916902100000478e-02
6.351819466800000258e-02
6.570958972099999462e-02
6.787191050400000203e-02
7.025861735200000791e-02
7.245386714000000283e-02
7.454865555199999272e-02
7.660148087199999956e-02
7.872829537699999047e-02
8.035560351600000428e-02
8.296884704599999383e-02
8.492172694300000046e-02
8.708712606100001141e-02
8.926021233399999977e-02
9.128606935699999647e-02
9.355972615400000303e-02
9.590448727000000506e-02
9.780681649599999583e-02
1.000151337000000085e-01
1.019795381200000045e-01
1.038832365899999971e-01
1.054039961299999967e-01
1.076201766199999937e-01
1.096309470599999975e-01
1.112900853299999965e-01
1.135598129699999931e-01
1.154559879899999947e-01
1.175359775799999923e-01
1.195757057099999937e-01
1.212631691300000009e-01
1.233030163300000009e-01
1.256490797300000017e-01
1.276512204199999889e-01
1.293677779399999839e-01
1.315783400299999906e-01
1.332054447600000135e-01
1.348815622400000025e-01
1.370109242399999983e-01
1.390571910500000008e-01
1.409228878300000098e-01
1.426288162900000156e-01
1.446157563099999821e-01
1.467478096900000084e-01
1.485217170199999992e-01
1.513697673300000157e-01
1.529058069099999972e-01
1.545640174700000091e-01
1.572398472000000047e-01
1.592243538199999975e-01
1.607762712699999930e-01
1.629901250199999874e-01
1.652046137900000100e-01
1.669238552299999734e-01
1.692584189099999858e-01
1.708999156600000124e-01
1.731401374200000065e-01
1.751382770300000113e-01
1.772680929599999844e-01
1.792422384299999782e-01
1.811893436600000018e-01
1.833767698599999829e-01
1.854962965699999966e-01
1.873537679199999972e-01
1.894212630799999852e-01
1.918179242899999970e-01
1.937463933100000146e-01
1.957340303599999776e-01
1.979009277099999797e-01
1.996804881700000034e-01
2.016953911799999888e-01
2.033069752400000207e-01
2.050805601000000034e-01
2.074334027799999980e-01
2.087252046399999950e-01
2.109668378200000027e-01
2.127088406000000043e-01
2.148946941499999819e-01
2.165330902400000035e-01
2.180934018000000030e-01
2.202654536899999738e-01
2.219546162599999872e-01
2.239242595600000052e-01
2.258595475500000116e-01
2.276931537400000150e-01
2.298907699599999910e-01
2.313435034899999909e-01
2.336104082900000156e-01
2.351858585100000121e-01
2.368664607800000099e-01
2.387012774700000006e-01
2.400630525399999882e-01
2.425283549199999944e-01
2.439818598999999866e-01
2.459920846299999964e-01
2.480514089399999955e-01
2.497159249900000044e-01
2.518025574200000172e-01
2.537715756300000236e-01
2.553729374400000030e-01
2.575221535900000247e-01
2.591971126600000064e-01
2.613311727899999548e-01
2.628710175100000268e-01
2.645672049400000225e-01
2.663944659499999923e-01
2.685218112800000223e-01
2.706533983200000160e-01
2.724389839799999935e-01
2.742300962499999994e-01
2.764124001600000158e-01
2.782496204799999595e-01
2.801824031400000359e-01
2.820650146299999994e-01
2.842102520199999982e-01
2.858162920999999801e-01
2.878011509699999748e-01
2.895302500399999923e-01
2.916168402999999576e-01
2.932015031999999910e-01
2.950165823299999990e-01
2.967541201600000234e-01
2.987151957199999930e-01
3.006104951099999867e-01
3.021249045000000133e-01
3.040723222699999728e-01
3.058377313099999717e-01
3.077043607599999619e-01
3.092074415800000198e-01
3.113133502000000052e-01
3.131090985700000218e-01
