-0.000000000000000000e+00
-2.462420009999999874e-05
2.299697370000000095e-05
-8.790494610000001020e-05
4.183658290000000045e-05
2.122339629999999796e-05
1.122414050000000062e-04
2.035893239999999845e-04
3.385598049999999771e-04
2.920399859999999771e-04
4.535372329999999954e-04
5.630525369999999979e-04
7.375527110000000205e-04
9.684228799999999859e-04
1.420300640000000036e-03
1.345073672000000149e-03
1.667510046000000119e-03
1.901877760000000167e-03
2.173418664000000260e-03
2.461856922999999895e-03
2.627576029000000275e-03
2.883340775000000234e-03
3.311973507999999879e-03
4.054737807999999472e-03
4.180386466000000217e-03
4.665592597999999869e-03
5.192799027000000005e-03
5.617834995000000296e-03
5.833110085999999514e-03
6.378709629000000290e-03
7.196068362999999760e-03
7.452790593999999297e-03
7.962320781999999639e-03
8.315079129000001179e-03
9.111254154999999869e-03
9.602324254999999170e-03
1.022973160699999946e-02
1.081195862500000139e-02
1.136031155400000006e-02
1.198123976799999983e-02
1.262559656700000012e-02
1.313073374099999954e-02
1.367466140800000125e-02
1.437504092800000015e-02
1.507026839299999837e-02
1.561461775100000081e-02
1.635679168500000016e-02
1.712562881399999973e-02
1.768124969000000116e-02
1.820869921100000052e-02
1.886730912299999785e-02
1.970174381100000052e-02
2.028053777799999902e-02
2.068602718700000148e-02
2.155753584400000103e-02
2.223536488599999958e-02
2.272988788000000066e-02
2.340382001299999917e-02
2.396534454499999953e-02
2.449580046599999714e-02
2.509583519299999829e-02
2.570990970900000061e-02
2.635644937200000079e-02
2.693678870900000077e-02
2.771387111200000058e-02
2.832090340799999981e-02
2.802073721300000000e-02
2.864995039000000146e-02
3.017473086300000162e-02
3.082132757899999978e-02
3.150058044100000065e-02
3.161363298599999955e-02
3.258166145500000083e-02
3.318331845299999500e-02
3.353468026399999968e-02
3.465301632199999787e-02
3.498075854899999892e-02
3.580404822399999715e-02
3.641764647799999866e-02
3.678438756100000512e-02
3.743249243900000078e-02
3.805413007999999819e-02
3.860027782000000074e-02
3.926513618300000313e-02
3.996766879599999989e-02
4.032360470100000011e-02
4.100743661999999706e-02
4.145922259799999371e-02
4.217167981499999468e-02
4.289294786300000550e-02
4.332950092299999584e-02
4.410737212499999532e-02
4.475684377599999791e-02
4.539998759299999909e-02
4.590446991100000096e-02
4.666449372200000278e-02
4.742832762900000415e-02
4.779303964199999727e-02
4.843649600900000463e-02
4.913426352999999969e-02
4.991385374899999505e-02
5.029866051199999993e-02
5.104956838999999413e-02
5.146934563700000104e-02
5.198978270599999979e-02
5.300783847000000576e-02
5.371250682300000162e-02
5.422872451700000429e-02
5.489155628499999690e-02
5.543875080099999741e-02
5.639257330300000148e-02
5.713205338099999753e-02
5.813811827300000012e-02
5.840527359899999604e-02
5.932225778099999708e-02
6.001051991800000068e-02
6.060507268399999842e-02
6.102926278999999676e-02
6.189883910900000064e-02
6.265872897500000815e-02
6.354626184300000979e-02
6.455408542700000196e-02
6.510794016500000281e-02
6.590384481799999028e-02
6.664234012500000470e-02
6.725344793199999893e-02
6.788075358400000314e-02
6.844173239900000483e-02
6.932719402999999725e-02
7.015499578499999334e-02
7.090815845500000880e-02
7.165523887999999952e-02
7.261999057100000654e-02
7.308303318799999615e-02
7.422706503700000902e-02
7.489855136699999361e-02
7.562302425599999600e-02
7.636340725799999063e-02
7.707349059899999688e-02
7.809494468500000064e-02
7.880664533300001107e-02
7.975362404999999932e-02
8.040176365899999456e-02
8.140945329399999764e-02
8.192834251599999396e-02
8.279466438099999936e-02
8.363342015000001239e-02
8.440102197800000705e-02
8.521489060899999080e-02
8.599223098900000972e-02
8.686373220599999390e-02
8.751622265500000331e-02
8.841236047499999307e-02
8.912818871499998685e-02
9.020643200700000086e-02
9.099564915000001031e-02
9.178391874199999523e-02
9.222156322600000289e-02
9.358093218000000657e-02
9.398904846899999721e-02
9.504144465800000441e-02
9.562212383300000562e-02
9.657727836399999932e-02
9.737164012500000576e-02
9.807227266099999285e-02
9.891170560800000011e-02
9.963434041999999491e-02
1.004265416500000063e-01
1.010914248100000107e-01
1.018495336600000051e-01
1.030813241000000102e-01
1.035439996100000065e-01
1.044553405800000001e-01
1.052030956999999989e-01
1.061698070199999927e-01
1.071920920799999954e-01
1.081509029099999991e-01
1.089075804900000027e-01
1.096951158399999959e-01
1.105390658300000051e-01
1.114196730700000026e-01
1.122941161900000012e-01
1.131948826699999966e-01
1.140708463499999908e-01
1.147298581200000001e-01
1.155425038500000057e-01
1.163297043200000047e-01
1.171149625399999922e-01
1.179429875500000030e-01
1.187859031599999976e-01
1.193672768800000117e-01
1.201579178500000039e-01
1.209195763300000004e-01
1.219207892999999987e-01
1.222588356400000076e-01
1.233531329099999962e-01
1.246842114399999979e-01
1.249389120400000025e-01
1.258197524499999886e-01
1.266820459399999876e-01
