0.000000000000000000e+00
-5.013394850000000056e-05
-2.658629729999999644e-05
4.962444810000000983e-04
2.621049759000000081e-04
8.411271518999999556e-04
1.788468026300000027e-03
2.139809989999999842e-03
2.740859255000000286e-03
4.470432109000000744e-03
5.054752694000000726e-03
7.325110380999999907e-03
8.903309024000001515e-03
1.017441335700000095e-02
1.241026938300000132e-02
1.487644986699999949e-02
1.707985067199999790e-02
1.902050900200000227e-02
2.278776603800000342e-02
2.567429180799999863e-02
2.896923401300000034e-02
3.259938730899999970e-02
3.678620330500000091e-02
4.111838071500000663e-02
4.558610160099999670e-02
4.989977675099999815e-02
5.410688098300000387e-02
5.902136230399999961e-02
6.319094111200000696e-02
6.963051297199999989e-02
7.446022721500000774e-02
8.058449421999999696e-02
8.589515056999999509e-02
8.982201716399999814e-02
9.683949248499999773e-02
1.024976459809999879e-01
1.076505854049999988e-01
1.142058937339999886e-01
1.213837599839999865e-01
1.285217368650000136e-01
1.338245869900000218e-01
1.423861214459999913e-01
1.497711911469999935e-01
1.565201567689999962e-01
1.638278910579999970e-01
1.706458947299999973e-01
1.791543979749999904e-01
1.861215880399999800e-01
1.942675348569999905e-01
2.007253460330000183e-01
2.078010070920000008e-01
2.156986034649999995e-01
2.227813935600000128e-01
2.293939177529999707e-01
2.365767475340000148e-01
2.432031378730000193e-01
2.501337153370000177e-01
2.560765614900000209e-01
2.621562558839999890e-01
2.696725926430000309e-01
2.751473830530000164e-01
2.820478667460000199e-01
2.896970481680000153e-01
2.960574763030000001e-01
3.023832241849999658e-01
3.081764176199999761e-01
3.140357493709999837e-01
3.207281093449999565e-01
3.267387433620000392e-01
3.329990573889999861e-01
3.386464131560000257e-01
3.454641042840000398e-01
3.507473408689999461e-01
3.567728977490000064e-01
3.634368110250000283e-01
3.684527260970000273e-01
3.750906608029999645e-01
3.813077194070000342e-01
3.875993897960000600e-01
3.927967827580000071e-01
4.001654040770000198e-01
4.064166443349999658e-01
4.124770228709999653e-01
4.190179912659999784e-01
4.249215433949999898e-01
4.308142704640000042e-01
4.374764424319999567e-01
4.440552736219999796e-01
4.504108523059999758e-01
4.566748027949999456e-01
4.632382497319999515e-01
4.675323659390000497e-01
4.746215681859999314e-01
4.818556481540000047e-01
4.871311157350000087e-01
4.948995807919999157e-01
5.009611251650000208e-01
5.069583271309999750e-01
5.130973185380001134e-01
5.196448305809999724e-01
5.242699136880000221e-01
5.320208736520000148e-01
5.385087934739999360e-01
5.443226868859999401e-01
5.514419481950000312e-01
5.576605100100000545e-01
5.623968919129999078e-01
5.698787195380000670e-01
5.769645582219999902e-01
5.824072307369999590e-01
5.893653073380000773e-01
5.959300714439998981e-01
6.030016842719999604e-01
6.083459269690000282e-01
6.150135883380001278e-01
6.216306221019999301e-01
6.278662003299999572e-01
6.346511733010000711e-01
6.419959071349999880e-01
6.469388276919999514e-01
6.550194473440000831e-01
6.614591903620000712e-01
6.663068065649999649e-01
6.753682145099999534e-01
6.801453316430000617e-01
6.882679912639999564e-01
6.952522151149999052e-01
7.011695093509999754e-01
7.069481569650001296e-01
7.132725132789999867e-01
7.203612516799998700e-01
7.278328595480000329e-01
7.336481147979999617e-01
7.404885498650000120e-01
7.475735327550000475e-01
7.548730714019999954e-01
7.604610730810000829e-01
7.682898893549998665e-01
7.739146574519999433e-01
7.822335937840000364e-01
7.871581361380000086e-01
7.947487845330000189e-01
8.024849605439999811e-01
8.091225058469999620e-01
8.156958897570000255e-01
8.220781068539999570e-01
8.303180557510000392e-01
8.370833854150000475e-01
8.434117775599999645e-01
8.519204842099998842e-01
8.584514163699999978e-01
8.655304707890000282e-01
8.722086297419999745e-01
8.796451083940000082e-01
8.880678399639999610e-01
8.942382100319999916e-01
9.013726968269999418e-01
9.078010790249999573e-01
9.144804212029999935e-01
9.213581981559999523e-01
9.288362727480000691e-01
9.379398174420000567e-01
9.436153842219999754e-01
9.509563030109999815e-01
9.593070719780001365e-01
9.661176092650001213e-01
9.744013047589999976e-01
9.819975392980000439e-01
9.876282532060000063e-01
9.957492608000000356e-01
1.001555811857999911e+00
1.009547397925000034e+00
1.016222788619000061e+00
1.022772185835000069e+00
1.028798179300000060e+00
1.036935486428999909e+00
1.044262162029999885e+00
1.051529602620999926e+00
1.057487014456000018e+00
1.065656623012999793e+00
1.072597978389999929e+00
1.079094815706999944e+00
1.086424155361999988e+00
1.094953901842000032e+00
1.100489266745000139e+00
1.108252604567999899e+00
1.114510512492999927e+00
1.121807421723999942e+00
1.127886585308000011e+00
1.136160792786000018e+00
1.141058820746999825e+00
1.149184652983999744e+00
1.155766684009000178e+00
1.162065222999000058e+00
1.169739653728999906e+00
1.176303194918000061e+00
1.183247566600000189e+00
1.188592942903999861e+00
1.197951066612000126e+00
1.203716567444000241e+00
