-0.000000000000000000e+00
-4.489755399999999768e-06
2.632832270000000144e-05
-3.134643050000000206e-05
1.320136924999999956e-04
2.073969341000000044e-04
3.967554696000000452e-04
4.805452200000000164e-04
4.603785290000000029e-04
7.991863869999999868e-04
1.049414596000000036e-03
1.461722973999999946e-03
1.715294934999999970e-03
2.092873443999999829e-03
2.525301383999999962e-03
2.974802797999999762e-03
3.347908914999999947e-03
3.666971771000000161e-03
4.483960906999999788e-03
4.998938334000000046e-03
5.645795504999999610e-03
6.394647021000000181e-03
7.072582726000000569e-03
7.879828348000000524e-03
8.639752938999999826e-03
9.277501611999999787e-03
9.984707545999999337e-03
1.062111177200000117e-02
1.129226571399999900e-02
1.237850870599999965e-02
1.305488663999999910e-02
1.398632981099999853e-02
1.472413057500000094e-02
1.517582477500000089e-02
1.613658778599999857e-02
1.681171305299999919e-02
1.732766532699999903e-02
1.832469861599999791e-02
1.921153197399999915e-02
1.985247060600000071e-02
2.038686808499999906e-02
2.149898546399999985e-02
2.237082651099999916e-02
2.300085082100000039e-02
2.382866746099999988e-02
2.428822245399999899e-02
2.501933819599999956e-02
2.586629458699999870e-02
2.676756957899999873e-02
2.760346529699999815e-02
2.820362157099999892e-02
2.923863174099999851e-02
2.988481420900000046e-02
3.042781167800000242e-02
3.124385077199999874e-02
3.199337202900000288e-02
3.280438805400000268e-02
3.337027583399999886e-02
3.409982884400000053e-02
3.496094160799999989e-02
3.566626730200000289e-02
3.652497891600000463e-02
3.763853748100000340e-02
3.819566651700000148e-02
3.887664335000000360e-02
3.942580989299999950e-02
3.990416232499999910e-02
4.087195763300000007e-02
4.146571166299999750e-02
4.223149030099999923e-02
4.281598452200000016e-02
4.357643250499999843e-02
4.415358436100000339e-02
4.490390187400000038e-02
4.563283226200000320e-02
4.602968695999999638e-02
4.670948306199999844e-02
4.752128045199999901e-02
4.823487621699999728e-02
4.866071339599999795e-02
4.945563575599999651e-02
5.015319492300000098e-02
5.070254254099999802e-02
5.139418068400000011e-02
5.204241702700000000e-02
5.262632584400000341e-02
5.349936747000000326e-02
5.410388946599999777e-02
5.476662946199999799e-02
5.536443419400000066e-02
5.601358584899999993e-02
5.645848340600000126e-02
5.706476161599999958e-02
5.790776901099999735e-02
5.831859652199999910e-02
5.934819665800000060e-02
6.003732946000000376e-02
6.069482313799999529e-02
6.147850126400000031e-02
6.208308776500000292e-02
6.261214714599999676e-02
6.360934662599999900e-02
6.446512130000001117e-02
6.522089596300000014e-02
6.606937044400000569e-02
6.676050503699999805e-02
6.728747581600000305e-02
6.810092027399999859e-02
6.902222552999999483e-02
6.970374807499998826e-02
7.056615567700000313e-02
7.129567395799998875e-02
7.211228852999999883e-02
7.286402490399999932e-02
7.376300044700000169e-02
7.486905541299999911e-02
7.566853202499999875e-02
7.656935555900000467e-02
7.751686510999999946e-02
7.806374460099999024e-02
7.918910055700000006e-02
7.968941806700000074e-02
8.025405318200000415e-02
8.156765888099999640e-02
8.221849977999999559e-02
8.322849877999999313e-02
8.468761471999999846e-02
8.519428734500000822e-02
8.581400258200000408e-02
8.666119958699999848e-02
8.760560847799998829e-02
8.886598203800000206e-02
8.958443964499999967e-02
9.039846455299999084e-02
9.136763903200000037e-02
9.218408989799999065e-02
9.330402341900000118e-02
9.436457558300000159e-02
9.488037902899999765e-02
9.619531924000000733e-02
9.659329016899999287e-02
9.761929106199999928e-02
9.868062955400000447e-02
9.926407451900000345e-02
1.002335664999999959e-01
1.011985712099999907e-01
1.022276975699999979e-01
1.032340179600000074e-01
1.040917869799999895e-01
1.053133750100000016e-01
1.060746812499999969e-01
1.070904226800000053e-01
1.081011906500000119e-01
1.091270948100000054e-01
1.104021183699999964e-01
1.111843329799999947e-01
1.122381951699999991e-01
1.133594458500000041e-01
1.139762514300000085e-01
1.150504514600000083e-01
1.159804261499999961e-01
1.171133948500000105e-01
1.178469117399999905e-01
1.188312124800000036e-01
1.199200972400000093e-01
1.206585106899999982e-01
1.216524259600000046e-01
1.225655578700000081e-01
1.231870764500000021e-01
1.243193654799999992e-01
1.249921813699999967e-01
1.260950215799999941e-01
1.269355633300000008e-01
1.277451108800000124e-01
1.281657860800000104e-01
1.292102445799999944e-01
1.301533189499999854e-01
1.309760852299999834e-01
1.317506375000000174e-01
1.326609267299999895e-01
1.335900258000000118e-01
1.343492756900000196e-01
1.351795530100000087e-01
1.363068983400000100e-01
1.369886565400000034e-01
1.377110730799999960e-01
1.385297762600000149e-01
1.396440516899999928e-01
1.401251872800000076e-01
1.413479138799999812e-01
1.416895718600000020e-01
1.428611747799999887e-01
1.437267822500000181e-01
1.445877734800000147e-01
1.455246911799999987e-01
1.465235451700000191e-01
1.473643771300000016e-01
1.480025673500000027e-01
1.499068834600000011e-01
1.506494319599999965e-01
