0.000000000000000000e+00
3.475219500000000211e-06
3.755271119999999704e-05
-2.108447999999999955e-07
5.573498050000000423e-05
2.792578259999999992e-05
1.355261199999999980e-04
1.692488970000000103e-04
2.887929750000000164e-04
1.748796940000000091e-04
3.742992510000000021e-04
3.947784890000000319e-04
4.594805769999999834e-04
6.367713449999999826e-04
8.533759990000000951e-04
6.689338689999999163e-04
1.059386316999999869e-03
1.142002777999999961e-03
1.630326934000000038e-03
1.588391128999999896e-03
1.883395347000000079e-03
1.845304360999999943e-03
2.082224537000000163e-03
2.712229002000000021e-03
2.811348415000000048e-03
3.089685965000000048e-03
3.450895469999999687e-03
3.885776653000000067e-03
4.137954556999999187e-03
4.483859205000000243e-03
4.932070745000000263e-03
5.623438507999999406e-03
5.870491640000000295e-03
6.100022325000000085e-03
6.880148336000000385e-03
7.370342809000000016e-03
7.994312148999999784e-03
8.562092572999998458e-03
9.032747927999998719e-03
9.960755568999999851e-03
1.066105075199999877e-02
1.152088852500000003e-02
1.195414744299999957e-02
1.278576177000000091e-02
1.351392568299999986e-02
1.419776504500000133e-02
1.503358634699999974e-02
1.583126705399999848e-02
1.646760678700000258e-02
1.731733144799999999e-02
1.796326090199999725e-02
1.878187726299999916e-02
1.958831671300000077e-02
2.024807759100000215e-02
2.119438160499999974e-02
2.202923550199999830e-02
2.282534603400000056e-02
2.378127697600000007e-02
2.459371186099999773e-02
2.512755618399999807e-02
2.613116535199999993e-02
2.703450166199999893e-02
2.773226670599999999e-02
2.871372227999999943e-02
2.966353872099999900e-02
3.055814853400000072e-02
3.062340874099999874e-02
3.150849580799999772e-02
3.300313787200000182e-02
3.384300986800000549e-02
3.466702634100000263e-02
3.510763258599999825e-02
3.639901523499999847e-02
3.715374311299999427e-02
3.858677382399999800e-02
3.913062708199999823e-02
3.980424417899999789e-02
4.112093317400000031e-02
4.197176414799999589e-02
4.263522846099999930e-02
4.354529443900000130e-02
4.440148583999999760e-02
4.505146598999999752e-02
4.614182914300000299e-02
4.719829091599999499e-02
4.781965570100000368e-02
4.902130772999999803e-02
4.971313687799999714e-02
5.082296720499999976e-02
5.145074167300000417e-02
5.222645483300000085e-02
5.297645979499999991e-02
5.421512129600000035e-02
5.501482363299999706e-02
5.577357494099999952e-02
5.688326636200000119e-02
5.767184352899999700e-02
5.835771444200000407e-02
5.936423326900000519e-02
6.039964777000000201e-02
6.120088058900000072e-02
6.216029667200000108e-02
6.303440988000000300e-02
6.383496055699999783e-02
6.496335516600000581e-02
6.675448726999999582e-02
6.707180880299999648e-02
6.805620627700000036e-02
6.908810090500000500e-02
7.032422235099999863e-02
7.131483603300001195e-02
7.226705363100000001e-02
7.355472540300000972e-02
7.468939325899999482e-02
7.604619487099999187e-02
7.716278463799999821e-02
7.822813166400000018e-02
7.909415092000000869e-02
8.038378478900000401e-02
8.165223247500000281e-02
8.273596765300000877e-02
8.430300887699999912e-02
8.518987200500000023e-02
8.644814456799999880e-02
8.785402093499999898e-02
8.858636950199999527e-02
9.003503993399999961e-02
9.122499875900000332e-02
9.255352731000000832e-02
9.390808155499999477e-02
9.493468770500000653e-02
9.641925138000000117e-02
9.806474178099999772e-02
9.890340576799999672e-02
1.003682963799999994e-01
1.017001141100000033e-01
1.030635436900000090e-01
1.046356451900000012e-01
1.058157860800000016e-01
1.071882819899999950e-01
1.085441335500000049e-01
1.100167509999999960e-01
1.111870442000000014e-01
1.129081212400000062e-01
1.142340899000000021e-01
1.154569926100000032e-01
1.166809718699999970e-01
1.182470729799999926e-01
1.196452497899999912e-01
1.211634816699999895e-01
1.227694175799999982e-01
1.241899216200000045e-01
1.256971151399999820e-01
1.272504465000000029e-01
1.284513419699999937e-01
1.300513518899999998e-01
1.317718584099999979e-01
1.333243463800000139e-01
1.348254130100000059e-01
1.366098030500000060e-01
1.383299077300000068e-01
1.395354889100000051e-01
1.412667733300000117e-01
1.429768616300000073e-01
1.444591010599999836e-01
1.461014535900000133e-01
1.476563228599999944e-01
1.492337401400000152e-01
1.509516693900000150e-01
1.520685568200000060e-01
1.541035148999999882e-01
1.555553430600000175e-01
1.570313960500000217e-01
1.585591556300000038e-01
1.601945106000000063e-01
1.620003249499999964e-01
1.636052860000000164e-01
1.651881505199999933e-01
1.669291834100000149e-01
1.684424368699999897e-01
1.702160341299999990e-01
1.717819988100000028e-01
1.733769137300000263e-01
1.751098253699999996e-01
1.768221287900000049e-01
1.786176861700000118e-01
1.804375427900000162e-01
1.821196284099999840e-01
1.840016222599999973e-01
1.855265019599999787e-01
1.872281837599999998e-01
1.896078235900000020e-01
1.914541151999999968e-01
1.937994418799999785e-01
1.959604504599999908e-01
1.979207595400000186e-01
1.998899042500000001e-01
2.022443171099999881e-01
2.043796447899999813e-01
2.066602743500000061e-01
