0.000000000000000000e+00
6.287642009999999280e-05
2.718906589999999898e-05
1.603710870000000046e-04
9.574837519999999436e-05
1.767872203000000033e-04
3.251475914000000124e-04
2.482363440000000211e-04
2.615270129999999532e-04
6.899588240000000244e-04
6.283747589999999061e-04
1.082241900999999932e-03
1.255335614999999929e-03
1.448360370999999917e-03
1.857324997999999956e-03
2.375718111999999740e-03
2.561427792000000106e-03
2.925408045999999818e-03
3.549283127999999787e-03
4.304859354000000610e-03
4.878282978999999402e-03
5.316808055999999900e-03
6.101488317000000432e-03
6.738487871000000025e-03
7.577893535000000506e-03
8.357597855999999645e-03
9.188239816999999726e-03
1.007206181399999956e-02
1.083502505300000009e-02
1.199138016600000134e-02
1.298526814499999932e-02
1.421528005200000007e-02
1.532459691500000047e-02
1.606842536099999802e-02
1.755292454199999796e-02
1.884657687200000029e-02
1.978458599999999984e-02
2.140662796999999798e-02
2.284902267200000087e-02
2.399193580400000095e-02
2.559178201099999994e-02
2.725080617100000130e-02
2.902393213200000002e-02
3.034048469499999942e-02
3.182160043700000412e-02
3.339508111300000526e-02
3.519360271899999587e-02
3.691263580899999813e-02
3.882736766400000233e-02
4.049588976500000104e-02
4.250538522600000313e-02
4.490560599300000288e-02
4.649251624800000010e-02
4.865793520900000418e-02
5.092733789799999689e-02
5.289331745599999690e-02
5.504952870100000145e-02
5.685859998500000095e-02
5.887467133299999905e-02
6.134062856300000199e-02
6.344429726799999392e-02
6.558739891600000316e-02
6.814839261999999787e-02
7.038561541799999433e-02
7.276276231799999605e-02
7.494365977500000442e-02
7.706218931500000147e-02
8.007192539000000664e-02
8.250187279699999765e-02
8.507795058400000054e-02
8.743234856100000341e-02
9.018309271799999915e-02
9.252836484099999370e-02
9.530467331399999908e-02
9.793794959200000094e-02
1.004183038099999981e-01
1.032035917999999941e-01
1.060347670799999947e-01
1.087212357999999962e-01
1.110822518300000061e-01
1.143327404900000011e-01
1.171218881700000075e-01
1.198879768799999967e-01
1.227817929200000074e-01
1.258027831600000146e-01
1.286116659200000067e-01
1.316326611099999933e-01
1.344154512099999810e-01
1.372646425499999823e-01
1.400621223400000115e-01
1.435522870499999770e-01
1.462122042000000011e-01
1.492724537400000051e-01
1.523775884300000161e-01
1.554381083499999927e-01
1.590425013700000056e-01
1.622238279499999825e-01
1.654442278100000108e-01
1.688035000199999969e-01
1.722622686900000255e-01
1.757897058099999743e-01
1.792533859300000088e-01
1.826838071100000127e-01
1.860854690600000083e-01
1.896514883099999771e-01
1.932624001599999863e-01
1.962609788199999872e-01
1.999944535400000056e-01
2.038913528799999875e-01
2.073929627399999920e-01
2.109214813699999969e-01
2.143109986600000016e-01
2.180664111700000019e-01
2.211700997099999844e-01
2.246840998200000106e-01
2.280746762900000002e-01
2.316375031000000029e-01
2.352402614499999878e-01
2.386350473799999927e-01
2.418681921899999976e-01
2.454417522500000060e-01
2.490728134199999833e-01
2.522878057199999802e-01
2.559951158400000093e-01
2.592296398299999693e-01
2.629081063599999490e-01
2.660478965099999926e-01
2.691222007200000377e-01
2.724457186099999983e-01
2.756311504700000303e-01
2.785930768500000099e-01
2.818702857600000056e-01
2.852475517099999913e-01
2.882926303500000231e-01
2.915803467799999993e-01
2.944124299299999969e-01
2.974204941199999896e-01
3.006743240499999970e-01
3.039077466900000357e-01
3.074391055199999778e-01
3.102539638800000388e-01
3.130663392299999903e-01
3.164381902000000246e-01
3.196805204200000028e-01
3.224932033499999795e-01
3.255369127299999610e-01
3.291425460099999811e-01
3.320096666100000316e-01
3.349842610500000095e-01
3.388905070199999536e-01
3.414242992500000073e-01
3.443916902299999916e-01
3.477487225299999984e-01
3.508539738099999972e-01
3.543886019799999954e-01
3.576575904100000036e-01
3.608911420300000006e-01
3.637224710999999999e-01
3.666818276600000148e-01
3.698669221600000001e-01
3.732671379699999958e-01
3.763989060900000405e-01
3.796909386300000300e-01
3.828798853999999530e-01
3.860596467699999867e-01
3.893393163600000206e-01
3.926709802999999721e-01
3.961599320299999949e-01
3.991677308100000099e-01
4.024060648899999704e-01
4.059625539499999713e-01
4.093115542999999912e-01
4.126153693499999831e-01
4.158460931700000418e-01
4.187318574199999643e-01
4.222292107000000239e-01
4.257562608500000123e-01
4.286038572199999952e-01
4.317731259700000046e-01
4.359901522999999890e-01
4.387466116000000027e-01
4.422241454599999955e-01
4.457166492999999896e-01
4.499626630899999924e-01
4.528986059399999764e-01
4.566863769400000272e-01
4.600914173799999785e-01
4.636855286000000076e-01
4.669688768199999895e-01
4.705537356699999729e-01
4.739365902700000133e-01
4.776965024599999499e-01
4.811082378300000073e-01
4.846412263799999565e-01
4.882425038500000092e-01
4.918822989600000195e-01
4.954314878299999614e-01
4.988618966099999663e-01
5.031165227899999648e-01
5.064342486499999740e-01
