0.000000000000000000e+00
6.806320380000000360e-05
9.118916500000000193e-05
-2.067271909999999970e-05
-8.935605489999999507e-05
5.468323659999999996e-05
2.945577220000000209e-04
4.470828999999999949e-04
7.074887140000000064e-04
9.441633179999999554e-04
1.328156472000000107e-03
1.612950836000000060e-03
1.960185046999999951e-03
2.483683087999999633e-03
2.854095351999999964e-03
3.363952968999999946e-03
4.082623901999999499e-03
4.499779233000000128e-03
5.260904400999999973e-03
6.131802848000000514e-03
6.849578311000000322e-03
7.147395445999999916e-03
7.939041028000000735e-03
9.087939672999999219e-03
9.733229151000000190e-03
1.084669593700000011e-02
1.183069653199999953e-02
1.298159448300000018e-02
1.373513171599999999e-02
1.474425757799999875e-02
1.590950042200000095e-02
1.699451059200000197e-02
1.781292106900000255e-02
1.905487423699999891e-02
2.019203750599999833e-02
2.131539415599999904e-02
2.275612938400000188e-02
2.393131418300000271e-02
2.523971076999999980e-02
2.678323163199999857e-02
2.836960113100000028e-02
2.983160936699999835e-02
3.124008533099999901e-02
3.291930842799999785e-02
3.451715533099999900e-02
3.599482065799999853e-02
3.779601627200000064e-02
3.942105720100000377e-02
4.116462023100000284e-02
4.270549188799999812e-02
4.457958773499999527e-02
4.628142084299999987e-02
4.794606340100000114e-02
4.958157711599999601e-02
5.134181178099999493e-02
5.316122190599999880e-02
5.519846207399999732e-02
5.624680507799999923e-02
5.850952771199999930e-02
5.947531378699999483e-02
6.108474227500000631e-02
6.269676539500000645e-02
6.419181177299999874e-02
6.564597410000000410e-02
6.735753335900000749e-02
6.911018256299999996e-02
6.998737163500000358e-02
7.149242446900000436e-02
7.368546907200000662e-02
7.525367613800000577e-02
7.682390485099999111e-02
7.783327379599999651e-02
7.988686560499999589e-02
8.125894726299999482e-02
8.237417274400000988e-02
8.421018008199999960e-02
8.540570024900000223e-02
8.729353326400000890e-02
8.861300292800000644e-02
8.996189413099998922e-02
9.138313488900000336e-02
9.281221411999998616e-02
9.433523341999999756e-02
9.568632485300000712e-02
9.717632832599999715e-02
9.849264027099999264e-02
9.991575382999999533e-02
1.013147641000000099e-01
1.026420895899999991e-01
1.039171280400000008e-01
1.051857096800000030e-01
1.063575780099999951e-01
1.079228878299999944e-01
1.092509425999999978e-01
1.105325172400000028e-01
1.117388748300000012e-01
1.130298481899999902e-01
1.141535149100000035e-01
1.158677878700000025e-01
1.173664235800000039e-01
1.187687006999999934e-01
1.194088852499999992e-01
1.208040829499999885e-01
1.217908369299999932e-01
1.229184402499999967e-01
1.245692191299999918e-01
1.257674033800000035e-01
1.269916703900000055e-01
1.282370739700000040e-01
1.293265044400000174e-01
1.307266929600000016e-01
1.318433422599999960e-01
1.330309619499999985e-01
1.343252468100000208e-01
1.356338740899999951e-01
1.367080939600000267e-01
1.377538398500000039e-01
1.386980651899999972e-01
1.400360643999999932e-01
1.413206801599999896e-01
1.423004713000000088e-01
1.438766731199999926e-01
1.445870913400000013e-01
1.460643424099999921e-01
1.471356997599999883e-01
1.478889070799999927e-01
1.489350300099999969e-01
1.499118023499999841e-01
1.517908021999999912e-01
1.520120181599999842e-01
1.531251922399999854e-01
1.539412511799999883e-01
1.552153569499999941e-01
1.562941881200000105e-01
1.573661259099999876e-01
1.585461700699999921e-01
1.595074639100000080e-01
1.603393535799999825e-01
1.615650369599999914e-01
1.624995758299999926e-01
1.636863570900000120e-01
1.648730118600000016e-01
1.657766880000000054e-01
1.668850548199999895e-01
1.678619387799999974e-01
1.690208488400000153e-01
1.707416034099999980e-01
1.712571811299999913e-01
1.721836682100000016e-01
1.739512328199999958e-01
1.744557994800000067e-01
1.760563898400000216e-01
1.767035446700000179e-01
1.782356575899999851e-01
1.787789924100000039e-01
1.794391080000000138e-01
1.806816366500000048e-01
1.817928610400000033e-01
1.828974276900000029e-01
1.841506821499999946e-01
1.852800193499999915e-01
1.861424517499999931e-01
1.872918737900000075e-01
1.883531701199999964e-01
1.894428114299999966e-01
1.904548271100000023e-01
1.914324924299999897e-01
1.924321997300000031e-01
1.936655702699999759e-01
1.946630550100000023e-01
1.960145706199999949e-01
1.967358610000000119e-01
1.981537158399999943e-01
1.992689264299999929e-01
2.002083593799999783e-01
2.016495807899999770e-01
2.026056804099999886e-01
2.036859850200000155e-01
2.047146003800000003e-01
2.058056109499999953e-01
2.069137793300000194e-01
2.080087637100000164e-01
2.090029791199999876e-01
2.100819764800000156e-01
2.111374658899999868e-01
2.120509178000000161e-01
2.130841767199999903e-01
2.140541871299999899e-01
2.150667212399999806e-01
2.160076152200000044e-01
2.169833333400000008e-01
2.179563848799999926e-01
2.190187329499999891e-01
2.201103983700000155e-01
2.209603115500000103e-01
2.220733293700000166e-01
2.230126209199999876e-01
2.236711192099999912e-01
2.247258570200000027e-01
2.257182616500000016e-01
