-0.000000000000000000e+00
6.108397883508587256e-06
3.054198896279558539e-05
9.162596688838675618e-05
1.588183513376861811e-04
2.504443109501153231e-04
3.542870981618762016e-04
4.703466256614774466e-04
6.047313800081610680e-04
7.513329619541764259e-04
9.040429140441119671e-04
1.075078034773468971e-03
1.252221642062067986e-03
1.441581989638507366e-03
1.661484246142208576e-03
1.856953022070229053e-03
2.064638538286089897e-03
2.284540794789791107e-03
2.504443284124135971e-03
2.699911827221512794e-03
2.895380835980176926e-03
3.096957691013813019e-03
3.304643323644995689e-03
3.518437035381793976e-03
3.713906044140458107e-03
3.915483132004737854e-03
4.123168531805276871e-03
4.306420218199491501e-03
4.495780915021896362e-03
4.685141146183013916e-03
4.880609922111034393e-03
5.082187242805957794e-03
5.265438929200172424e-03
5.430365446954965591e-03
5.607509054243564606e-03
5.796869751065969467e-03
5.980121437460184097e-03
6.157265044748783112e-03
6.340517196804285049e-03
6.523768883198499680e-03
6.700912490487098694e-03
6.890273187309503555e-03
7.067416328936815262e-03
7.232343312352895737e-03
7.421703543514013290e-03
7.611063774675130844e-03
7.788207381963729858e-03
7.965351454913616180e-03
8.136386051774024963e-03
8.325746282935142517e-03
8.502889424562454224e-03
8.649491705000400543e-03
8.802201598882675171e-03
8.985453285276889801e-03
9.156488813459873199e-03
9.321414865553379059e-03
9.492450393736362457e-03
9.663485921919345856e-03
9.816195815801620483e-03
9.993338957428932190e-03
1.014604885131120682e-02
1.031708437949419022e-02
1.047590281814336777e-02
1.064082887023687363e-02
1.080575585365295410e-02
1.096457429230213165e-02
1.113560982048511505e-02
1.130053587257862091e-02
1.148378849029541016e-02
1.165482308715581894e-02
1.181975007057189941e-02
1.199078559875488281e-02
1.213738601654767990e-02
1.232674717903137207e-02
1.252221595495939255e-02
1.269935909658670425e-02
1.285817753523588181e-02
1.303532160818576813e-02
1.323079038411378860e-02
1.340182498097419739e-02
1.356064341962337494e-02
1.373167894780635834e-02
1.392103824764490128e-02
1.409207470715045929e-02
1.427532546222209930e-02
1.444636192172765732e-02
1.461739651858806610e-02
1.480064727365970612e-02
1.499000843614339828e-02
1.514882687479257584e-02
1.532597094774246216e-02
1.550922170281410217e-02
1.570469141006469727e-02
1.589405164122581482e-02
1.608341187238693237e-02
1.624833792448043823e-02
1.645602472126483917e-02
1.663927733898162842e-02
1.682863570749759674e-02
1.700577884912490845e-02
1.718903146684169769e-02
1.738450117409229279e-02
1.757385954260826111e-02
1.775100454688072205e-02
1.794647425413131714e-02
1.812972500920295715e-02
1.831297762691974640e-02
1.850844547152519226e-02
1.869169808924198151e-02
1.887495070695877075e-02
1.907041668891906738e-02
1.926588639616966248e-02
1.944303140044212341e-02
1.962017454206943512e-02
1.980953477323055267e-02
2.004165202379226685e-02
2.026766352355480194e-02
2.045702561736106873e-02
2.067081816494464874e-02
2.088461257517337799e-02
2.109840512275695801e-02
2.129387483000755310e-02
2.151988632977008820e-02
2.172757126390933990e-02
2.192914858460426331e-02
2.214905247092247009e-02
2.233230136334896088e-02
2.253388054668903351e-02
2.273545600473880768e-02
2.294314280152320862e-02
2.316915243864059448e-02
2.335851266980171204e-02
2.355398237705230713e-02
2.376166731119155884e-02
2.397546172142028809e-02
2.420758083462715149e-02
2.442137524485588074e-02
2.464127726852893829e-02
2.484896220266819000e-02
2.506275661289691925e-02
2.527655102312564850e-02
2.548423595726490021e-02
2.567970380187034607e-02
2.588739059865474701e-02
2.610729262232780457e-02
2.633330412209033966e-02
2.654709853231906891e-02
2.677921764552593231e-02
2.701744437217712402e-02
2.724345400929450989e-02
2.747557498514652252e-02
2.770158462226390839e-02
2.795813791453838348e-02
2.822079882025718689e-02
2.847124263644218445e-02
2.871557883918285370e-02
2.898434922099113464e-02
2.923479303717613220e-02
2.948523685336112976e-02
2.974178828299045563e-02
3.001055866479873657e-02
3.028543666005134583e-02
3.052366524934768677e-02
3.076799958944320679e-02
3.100012056529521942e-02
3.123834542930126190e-02
3.147657215595245361e-02
3.172701969742774963e-02
3.197135403752326965e-02
3.220958262681961060e-02
3.247224539518356323e-02
3.269825503230094910e-02
3.294258937239646912e-02
3.319303691387176514e-02
3.344959020614624023e-02
3.370613977313041687e-02
3.397491201758384705e-02
3.423757106065750122e-02
3.451855853199958801e-02
3.480565175414085388e-02
3.507442027330398560e-02
3.535540774464607239e-02
3.562417626380920410e-02
3.588683530688285828e-02
3.618615120649337769e-02
3.646102920174598694e-02
3.673590347170829773e-02
3.701689094305038452e-02
3.731009364128112793e-02
3.759719058871269226e-02
3.788428381085395813e-02
3.817138075828552246e-02
3.847069293260574341e-02
3.877611085772514343e-02
3.905098885297775269e-02
3.932586684823036194e-02
3.961906954646110535e-02
3.993059694766998291e-02
4.024212807416915894e-02
4.054754599928855896e-02
4.085296764969825745e-02
