-0.000000000000000000e+00
6.108397883508587256e-06
3.054198896279558539e-05
7.940917566884309053e-05
1.527099520899355412e-04
2.321191277587786317e-04
3.176367026753723621e-04
4.214794607833027840e-04
5.314305890351533890e-04
6.413817754946649075e-04
7.452245336025953293e-04
8.490673499181866646e-04
9.529100498184561729e-04
1.056752749718725681e-03
1.154487254098057747e-03
1.246113213710486889e-03
1.349955913610756397e-03
1.459907041862607002e-03
1.563749858178198338e-03
1.649267389439046383e-03
1.734784920699894428e-03
1.801977399736642838e-03
1.875278074294328690e-03
1.948578981682658195e-03
2.021879656240344048e-03
2.095180563628673553e-03
2.162372926250100136e-03
2.217348432168364525e-03
2.284540794789791107e-03
2.327299676835536957e-03
2.382275182753801346e-03
2.443359233438968658e-03
2.473901258781552315e-03
2.498334739357233047e-03
2.534985076636075974e-03
2.583852270618081093e-03
2.620502607896924019e-03
2.663261489942669868e-03
2.693803515285253525e-03
2.724345540627837181e-03
2.773212734609842300e-03
2.822079928591847420e-03
2.858730265870690346e-03
2.913705771788954735e-03
2.962572965770959854e-03
3.023657016456127167e-03
3.060307353734970093e-03
3.084740834310650826e-03
3.121391404420137405e-03
3.170258598402142525e-03
3.206908935680985451e-03
3.237450728192925453e-03
3.267992986366152763e-03
3.304643323644995689e-03
3.329076804220676422e-03
3.365727141499519348e-03
3.390160854905843735e-03
3.432919736951589584e-03
3.457353217527270317e-03
3.494003554806113243e-03
3.512328956276178360e-03
3.542870748788118362e-03
3.585629630833864212e-03
3.616171656176447868e-03
3.646713448688387871e-03
3.677255706861615181e-03
3.726122900843620300e-03
3.756664693355560303e-03
3.793315263465046883e-03
3.842182457447052002e-03
3.860507393255829811e-03
3.891049418598413467e-03
3.903266275301575661e-03
3.927699755877256393e-03
3.952133469283580780e-03
3.970458637923002243e-03
4.001000896096229553e-03
4.031542688608169556e-03
4.055976402014493942e-03
4.086518194526433945e-03
4.086518194526433945e-03
4.117059987038373947e-03
4.165927413851022720e-03
4.172035492956638336e-03
4.196469206362962723e-03
4.227010998874902725e-03
4.233120009303092957e-03
4.257553722709417343e-03
4.306420218199491501e-03
4.312529228627681732e-03
4.349179100245237350e-03
4.379721358418464661e-03
4.410263616591691971e-03
4.434696864336729050e-03
4.459130112081766129e-03
4.471347201615571976e-03
4.501889459788799286e-03
4.520214628428220749e-03
4.556864965707063675e-03
4.569081589579582214e-03
4.599623847752809525e-03
4.636273719370365143e-03
4.654599353671073914e-03
4.666816443204879761e-03
4.703466314822435379e-03
4.727900028228759766e-03
4.746225196868181229e-03
4.764550365507602692e-03
4.788983613252639771e-03
4.819526337087154388e-03
4.850068129599094391e-03
4.880609922111034393e-03
4.898935090750455856e-03
4.917260259389877319e-03
4.953910596668720245e-03
4.978344310075044632e-03
5.008886568248271942e-03
5.021102726459503174e-03
5.027211736887693405e-03
5.039428360760211945e-03
5.057753529399633408e-03
5.076078698039054871e-03
5.094403866678476334e-03
5.106620956212282181e-03
5.124945659190416336e-03
5.149379372596740723e-03
5.155487917363643646e-03
5.186029709875583649e-03
5.210463423281908035e-03
5.247113760560750961e-03
5.265438929200172424e-03
5.271547473967075348e-03
5.295980721712112427e-03
5.314306356012821198e-03
5.338740069419145584e-03
5.357065238058567047e-03
5.387607030570507050e-03
5.405931733548641205e-03
5.412040743976831436e-03
5.412040743976831436e-03
5.424257367849349976e-03
5.424257367849349976e-03
5.430365446954965591e-03
5.436474457383155823e-03
5.454799160361289978e-03
5.467016249895095825e-03
5.479232873767614365e-03
5.485341418534517288e-03
5.497558042407035828e-03
5.503666587173938751e-03
5.528099834918975830e-03
5.558642093092203140e-03
5.570859182626008987e-03
5.595292430371046066e-03
5.613618064671754837e-03
5.638051312416791916e-03
5.662484560161828995e-03
5.674701649695634842e-03
5.693026818335056305e-03
5.717460531741380692e-03
5.748002324253320694e-03
5.766327958554029465e-03
5.754110869020223618e-03
5.766327958554029465e-03
5.778544582426548004e-03
5.784652661532163620e-03
5.802977830171585083e-03
5.815194454044103622e-03
5.845737177878618240e-03
5.851845256984233856e-03
5.870170425623655319e-03
5.876278970390558243e-03
5.894604139029979706e-03
5.919037852436304092e-03
5.943471100181341171e-03
5.955688189715147018e-03
5.974013358354568481e-03
5.980121437460184097e-03
5.986229982227087021e-03
6.004555150866508484e-03
6.010663695633411407e-03
6.028988864272832870e-03
6.041205488145351410e-03
6.041205488145351410e-03
6.065639201551675797e-03
6.071747746318578720e-03
6.083964370191097260e-03
6.102289538830518723e-03
6.114506162703037262e-03
6.126723252236843109e-03
6.145047955214977264e-03
6.151156965643167496e-03
6.175590679049491882e-03
6.187807302922010422e-03
6.181698758155107498e-03
6.181698758155107498e-03
6.193915382027626038e-03
6.212240550667047501e-03
6.230566184967756271e-03
6.242782808840274811e-03
6.273324601352214813e-03
