-0.000000000000000000e+00
1.221679576701717451e-05
9.162596688838675618e-05
2.504443109501153231e-04
4.336962301749736071e-04
6.597069441340863705e-04
8.918261155486106873e-04
1.154487254098057747e-03
1.447690417990088463e-03
1.740893349051475525e-03
2.027988201007246971e-03
2.321191364899277687e-03
2.620502607896924019e-03
2.968681277707219124e-03
3.304643323644995689e-03
3.652821993455290794e-03
4.025434143841266632e-03
4.385829903185367584e-03
4.752333741635084152e-03
5.124945659190416336e-03
5.558642093092203140e-03
5.955688189715147018e-03
6.352733820676803589e-03
6.737563293427228928e-03
7.134608924388885498e-03
7.525546010583639145e-03
7.947025820612907410e-03
8.344070985913276672e-03
8.777768351137638092e-03
9.180922061204910278e-03
9.602401405572891235e-03
1.004220545291900635e-02
1.045757811516523361e-02
1.085462328046560287e-02
1.128221116960048676e-02
1.173423323780298233e-02
1.212516985833644867e-02
1.254664920270442963e-02
1.296202093362808228e-02
1.338350027799606323e-02
1.378665491938591003e-02
1.420202571898698807e-02
1.462961267679929733e-02
1.502665877342224121e-02
1.542981341481208801e-02
1.582075096666812897e-02
1.623612269759178162e-02
1.663316786289215088e-02
1.706686429679393768e-02
1.747612655162811279e-02
1.789149641990661621e-02
1.828854344785213470e-02
1.869780570268630981e-02
1.908874325454235077e-02
1.948579028248786926e-02
1.990116201341152191e-02
2.028599008917808533e-02
2.068914473056793213e-02
2.106175571680068970e-02
2.148323692381381989e-02
2.184973843395709991e-02
2.223456837236881256e-02
2.263772115111351013e-02
2.304087579250335693e-02
2.344403043389320374e-02
2.385329455137252808e-02
2.423812262713909149e-02
2.464738674461841583e-02
2.503221482038497925e-02
2.542925998568534851e-02
2.581408806145191193e-02
2.621724270284175873e-02
2.659596502780914307e-02
2.698079310357570648e-02
2.735951356589794159e-02
2.771380171179771423e-02
2.808641456067562103e-02
2.845291793346405029e-02
2.884996496140956879e-02
2.924090065062046051e-02
2.960740402340888977e-02
2.995558269321918488e-02
3.032819554209709167e-02
3.069470077753067017e-02
3.107341937720775604e-02
3.143381327390670776e-02
3.180031850934028625e-02
3.217903897166252136e-02
3.255776315927505493e-02
3.291204944252967834e-02
3.327244147658348083e-02
3.364505618810653687e-02
3.401155769824981689e-02
3.437806293368339539e-02
3.474456816911697388e-02
3.508663922548294067e-02
3.546535968780517578e-02
3.583797067403793335e-02
3.621058166027069092e-02
3.655876219272613525e-02
3.691304847598075867e-02
3.726733475923538208e-02
3.763994947075843811e-02
3.800645098090171814e-02
3.839128091931343079e-02
3.877000138163566589e-02
3.912429139018058777e-02
3.949690237641334534e-02
3.986951336264610291e-02
4.023601487278938293e-02
4.060862958431243896e-02
4.096291586756706238e-02
4.132942110300064087e-02
4.169592261314392090e-02
4.206853359937667847e-02
4.244725778698921204e-02
4.281376302242279053e-02
4.316193982958793640e-02
4.352233558893203735e-02
4.390105605125427246e-02
4.425534605979919434e-02
4.460963234305381775e-02
4.497002437710762024e-02
4.535485431551933289e-02
4.571525007486343384e-02
4.608786478638648987e-02
4.641771689057350159e-02
4.674756899476051331e-02
4.708963632583618164e-02
4.743781685829162598e-02
4.779210686683654785e-02
4.810974001884460449e-02
4.845181107521057129e-02
4.879999160766601562e-02
4.915427789092063904e-02
4.950245842337608337e-02
4.986895993351936340e-02
5.020492151379585266e-02
5.056531727313995361e-02
5.090127885341644287e-02
5.124334990978240967e-02
5.157320573925971985e-02
5.190916359424591064e-02
5.223901569843292236e-02
5.258719623088836670e-02
5.295370146632194519e-02
5.330798774957656860e-02
5.366227775812149048e-02
5.401045456528663635e-02
5.435252562165260315e-02
5.471292138099670410e-02
5.506720766425132751e-02
5.542760342359542847e-02
5.580632388591766357e-02
5.618504434823989868e-02
5.655765533447265625e-02
5.694859474897384644e-02
5.731509625911712646e-02
5.769381672143936157e-02
5.806642770767211914e-02
5.845736712217330933e-02
5.884219706058502197e-02
5.922702699899673462e-02
5.961185321211814880e-02
6.000279262661933899e-02
6.038151308894157410e-02
6.077244877815246582e-02
6.116949766874313354e-02
6.156654283404350281e-02
6.195136904716491699e-02
6.234230846166610718e-02
6.271491944789886475e-02
6.311196833848953247e-02
6.351511925458908081e-02
6.390605866909027100e-02
6.430310755968093872e-02
6.468793749809265137e-02
6.507275998592376709e-02
6.546369940042495728e-02
6.586685031652450562e-02
6.626389920711517334e-02
6.666705012321472168e-02
6.707020848989486694e-02
6.745503842830657959e-02
6.786430627107620239e-02
6.825523823499679565e-02
6.865227967500686646e-02
6.904321908950805664e-02
6.944026798009872437e-02
6.984341889619827271e-02
7.025879621505737305e-02
7.064362615346908569e-02
7.103455811738967896e-02
7.143159955739974976e-02
7.181643694639205933e-02
7.218293845653533936e-02
7.257998734712600708e-02
7.298313826322555542e-02
7.336796820163726807e-02
7.375890016555786133e-02
7.415594905614852905e-02
