-0.000000000000000000e+00
2.443359153403434902e-05
1.099511573556810617e-04
2.809863071888685226e-04
5.069970502518117428e-04
8.124168962240219116e-04
1.166704110801219940e-03
1.575966714881360531e-03
1.991337863728404045e-03
2.431142376735806465e-03
2.870947122573852539e-03
3.335185348987579346e-03
3.811640199273824692e-03
4.257553722709417343e-03
4.709574859589338303e-03
5.149379372596740723e-03
5.607509054243564606e-03
6.053422577679157257e-03
6.468793377280235291e-03
6.914706435054540634e-03
7.366728037595748901e-03
7.800424005836248398e-03
8.234119974076747894e-03
8.686142042279243469e-03
9.132055565714836121e-03
9.571859613060951233e-03
1.001777313649654388e-02
1.046368572860956192e-02
1.092792395502328873e-02
1.137994602322578430e-02
1.183196622878313065e-02
1.228398829698562622e-02
1.272379327565431595e-02
1.313916407525539398e-02
1.359118521213531494e-02
1.404320728033781052e-02
1.448301132768392563e-02
1.494114100933074951e-02
1.543592195957899094e-02
1.596124283969402313e-02
1.646823994815349579e-02
1.698745600879192352e-02
1.749445125460624695e-02
1.801366545259952545e-02
1.855120435357093811e-02
1.908874325454235077e-02
1.963850110769271851e-02
2.020047232508659363e-02
2.076244540512561798e-02
2.133052609860897064e-02
2.190471440553665161e-02
2.247890457510948181e-02
2.307141944766044617e-02
2.367615140974521637e-02
2.428088150918483734e-02
2.489782869815826416e-02
2.553310431540012360e-02
2.617448382079601288e-02
2.680975943803787231e-02
2.746335789561271667e-02
2.809863165020942688e-02
2.877055294811725616e-02
2.943636849522590637e-02
3.012051060795783997e-02
3.081075847148895264e-02
3.153154999017715454e-02
3.228288143873214722e-02
3.300978243350982666e-02
3.374278917908668518e-02
3.449412062764167786e-02
3.525767102837562561e-02
3.600900620222091675e-02
3.676033765077590942e-02
3.754221275448799133e-02
3.833630308508872986e-02
3.915483132004737854e-02
3.996114060282707214e-02
4.078577458858489990e-02
4.162262380123138428e-02
4.248390719294548035e-02
4.332076013088226318e-02
4.421869292855262756e-02
4.511662572622299194e-02
4.600845277309417725e-02
4.693081974983215332e-02
4.779210686683654785e-02
4.868393391370773315e-02
4.960630089044570923e-02
5.052866786718368530e-02
5.144492536783218384e-02
5.236118659377098083e-02
5.328355357050895691e-02
5.421813949942588806e-02
5.518326535820960999e-02
5.615450441837310791e-02
5.713184922933578491e-02
5.815805867314338684e-02
5.916594341397285461e-02
6.018604710698127747e-02
6.123669072985649109e-02
6.230565905570983887e-02
6.337463110685348511e-02
6.448024511337280273e-02
6.558586657047271729e-02
6.671591848134994507e-02
6.785818934440612793e-02
6.901267915964126587e-02
7.019159942865371704e-02
7.139495760202407837e-02
7.259831577539443970e-02
7.383831590414047241e-02
7.504167407751083374e-02
7.624502480030059814e-02
7.745448499917984009e-02
7.867616415023803711e-02
7.989174127578735352e-02
8.111342042684555054e-02
8.232899010181427002e-02
8.356899023056030273e-02
8.478455990552902222e-02
8.604900538921356201e-02
8.732565492391586304e-02
8.858398348093032837e-02
8.983621001243591309e-02
9.103956818580627441e-02
9.224291890859603882e-02
9.339740872383117676e-02
9.457632154226303101e-02
9.579189121723175049e-02
9.700746834278106689e-02
9.823524951934814453e-02
9.945692867040634155e-02
1.007458046078681946e-01
1.020041331648826599e-01
1.032441407442092896e-01
1.044597178697586060e-01
1.056752875447273254e-01
1.069152876734733582e-01
1.081613972783088684e-01
1.094930320978164673e-01
1.108246594667434692e-01
1.121196448802947998e-01
1.134207323193550110e-01
1.147034987807273865e-01
1.159496083855628967e-01
1.172140538692474365e-01
1.184479445219039917e-01
1.196390837430953979e-01
1.208363249897956848e-01
1.219969242811203003e-01
1.231575161218643188e-01
1.243242248892784119e-01
1.254909336566925049e-01
1.266515254974365234e-01
1.277815848588943481e-01
1.289116293191909790e-01
1.300294697284698486e-01
1.311167627573013306e-01
1.322101652622222900e-01
1.332852542400360107e-01
1.343969702720642090e-01
1.354720443487167358e-01
1.365043669939041138e-01
1.375366747379302979e-01
1.385751217603683472e-01
1.396013349294662476e-01
1.406214237213134766e-01
1.416476368904113770e-01
1.426677405834197998e-01
1.436756253242492676e-01
1.446774005889892578e-01
1.456547528505325317e-01
1.466259807348251343e-01
1.476033329963684082e-01
1.485806703567504883e-01
1.495641171932220459e-01
1.505475789308547974e-01
1.515249162912368774e-01
1.525083780288696289e-01
1.534857153892517090e-01
1.544386297464370728e-01
1.554098725318908691e-01
1.563627719879150391e-01
1.573217958211898804e-01
1.583052426576614380e-01
1.592398285865783691e-01
1.601866334676742554e-01
1.611334234476089478e-01
1.620863378047943115e-01
1.630331426858901978e-01
1.639738380908966064e-01
1.649023145437240601e-01
1.658735573291778564e-01
1.668447852134704590e-01
1.677793711423873901e-01
1.687078326940536499e-01
1.696546524763107300e-01
1.706319898366928101e-01
1.715849041938781738e-01
1.725378185510635376e-01
1.735090464353561401e-01
