-0.000000000000000000e+00
1.221679576701717451e-05
6.108397792559117079e-05
1.466015528421849012e-04
2.565527393016964197e-04
3.909374645445495844e-04
5.253222188912332058e-04
6.719237426295876503e-04
8.307421230711042881e-04
9.834520751610398293e-04
1.148378825746476650e-03
1.319413888268172741e-03
1.490449067205190659e-03
1.661484246142208576e-03
1.856953022070229053e-03
2.046313369646668434e-03
2.235673600807785988e-03
2.443359233438968658e-03
2.669370034709572792e-03
2.889272291213274002e-03
3.109174547716975212e-03
3.322968492284417152e-03
3.555087605491280556e-03
3.787206718698143959e-03
3.994892351329326630e-03
4.214794840663671494e-03
4.446913488209247589e-03
4.666816443204879761e-03
4.917260259389877319e-03
5.149379372596740723e-03
5.399823654443025589e-03
5.656376481056213379e-03
5.888495594263076782e-03
6.096180994063615799e-03
6.309974938631057739e-03
6.529876962304115295e-03
6.743671372532844543e-03
6.963573396205902100e-03
7.165150716900825500e-03
7.372836116701364517e-03
7.586630526930093765e-03
7.806532550603151321e-03
7.995893247425556183e-03
8.173036389052867889e-03
8.374613709747791290e-03
8.576191030442714691e-03
8.765550330281257629e-03
8.961019106209278107e-03
9.150380268692970276e-03
9.327523410320281982e-03
9.529100731015205383e-03
9.712352417409420013e-03
9.895605035126209259e-03
1.010329090058803558e-02
1.030486728996038437e-02
1.050033606588840485e-02
1.068969629704952240e-02
1.089127361774444580e-02
1.107452623546123505e-02
1.126388553529977798e-02
1.144102960824966431e-02
1.163649838417768478e-02
1.181975007057189941e-02
1.198467612266540527e-02
1.215571258217096329e-02
1.231453008949756622e-02
1.249778177589178085e-02
1.266270969063043594e-02
1.282152719795703888e-02
1.297423709183931351e-02
1.312083937227725983e-02
1.329798251390457153e-02
1.343847531825304031e-02
1.358507759869098663e-02
1.376222074031829834e-02
1.395158097147941589e-02
1.410429086536169052e-02
1.428754255175590515e-02
1.445857807993888855e-02
1.466626394540071487e-02
1.484951470047235489e-02
1.502055115997791290e-02
1.520991045981645584e-02
1.535651180893182755e-02
1.554587297141551971e-02
1.570469141006469727e-02
1.586350984871387482e-02
1.604676060378551483e-02
1.621779613196849823e-02
1.638883166015148163e-02
1.654154248535633087e-02
1.670035906136035919e-02
1.686528511345386505e-02
1.703632250428199768e-02
1.719514094293117523e-02
1.736006699502468109e-02
1.754331961274147034e-02
1.770213618874549866e-02
1.787317357957363129e-02
1.803809963166713715e-02
1.820913515985012054e-02
1.837406121194362640e-02
1.856342144310474396e-02
1.875278167426586151e-02
1.892381720244884491e-02
1.909485273063182831e-02
1.925366930663585663e-02
1.942470483481884003e-02
1.960795745253562927e-02
1.977288350462913513e-02
1.993170194327831268e-02
2.009662985801696777e-02
2.025544829666614532e-02
2.042648382484912872e-02
2.057919278740882874e-02
2.075022645294666290e-02
2.093347907066345215e-02
2.108618989586830139e-02
2.126333303749561310e-02
2.142215147614479065e-02
2.160540409386157990e-02
2.177033014595508575e-02
2.194747328758239746e-02
2.214294299483299255e-02
2.232619561254978180e-02
2.247279509902000427e-02
2.260718122124671936e-02
2.275378257036209106e-02
2.288816682994365692e-02
2.305309288203716278e-02
2.320580370724201202e-02
2.334018982946872711e-02
2.346846647560596466e-02
2.360895648598670959e-02
2.376166731119155884e-02
2.391437813639640808e-02
2.405487000942230225e-02
2.421369031071662903e-02
2.436028979718685150e-02
2.451300062239170074e-02
2.464127726852893829e-02
2.476955391466617584e-02
2.489172108471393585e-02
2.501389011740684509e-02
2.515438199043273926e-02
2.529487572610378265e-02
2.544147707521915436e-02
2.556364424526691437e-02
2.569803036749362946e-02
2.584463171660900116e-02
2.597290836274623871e-02
2.608896791934967041e-02
2.622335217893123627e-02
2.638827823102474213e-02
2.654098905622959137e-02
2.668148279190063477e-02
2.683419175446033478e-02
2.698690257966518402e-02
2.712128683924674988e-02
2.728621289134025574e-02
2.743892371654510498e-02
2.759774215519428253e-02
2.771990932524204254e-02
2.788483537733554840e-02
2.801922149956226349e-02
2.815360575914382935e-02
2.828799001872539520e-02
2.843459323048591614e-02
2.858730405569076538e-02
2.870947122573852539e-02
2.884385548532009125e-02
2.896602265536785126e-02
2.910651639103889465e-02
2.923479303717613220e-02
2.939360961318016052e-02
2.955242991447448730e-02
2.970513887703418732e-02
2.986395917832851410e-02
3.002277575433254242e-02
3.017548471689224243e-02
3.031597845256328583e-02
3.047479875385761261e-02
3.063972480595111847e-02
3.078021854162216187e-02
3.094514459371566772e-02
3.109174594283103943e-02
3.123834542930126190e-02
3.134829923510551453e-02
3.148268163204193115e-02
3.162317723035812378e-02
3.173923492431640625e-02
3.186140581965446472e-02
3.200189769268035889e-02
3.213017433881759644e-02
3.222790732979774475e-02
3.234396874904632568e-02
3.247835114598274231e-02
3.260662779211997986e-02
3.273490443825721741e-02
3.286929056048393250e-02
3.300367295742034912e-02
