-0.000000000000000000e+00
7.330077642109245062e-05
3.787206660490483046e-04
9.406932513229548931e-04
1.710351440124213696e-03
2.602177672088146210e-03
3.567304462194442749e-03
4.575190134346485138e-03
5.589184351265430450e-03
6.621503271162509918e-03
7.678255904465913773e-03
8.722792379558086395e-03
9.761219844222068787e-03
1.080575585365295410e-02
1.193580869585275650e-02
1.306586340069770813e-02
1.421424187719821930e-02
1.541148778051137924e-02
1.662706024944782257e-02
1.793425530195236206e-02
1.929642818868160248e-02
2.066471055150032043e-02
2.204520814120769501e-02
2.349289879202842712e-02
2.497113123536109924e-02
2.656542137265205383e-02
2.822079882025718689e-02
2.996169216930866241e-02
3.180642798542976379e-02
3.370613977313041687e-02
3.576467186212539673e-02
3.790871798992156982e-02
4.006498306989669800e-02
4.225789755582809448e-02
4.452411085367202759e-02
4.678422212600708008e-02
4.908097907900810242e-02
5.141438543796539307e-02
5.374168232083320618e-02
5.604455247521400452e-02
5.832909047603607178e-02
6.058919802308082581e-02
6.280654668807983398e-02
6.499335169792175293e-02
6.714961677789688110e-02
6.928756088018417358e-02
7.154155522584915161e-02
7.372836023569107056e-02
7.592128217220306396e-02
7.807754725217819214e-02
8.020326495170593262e-02
8.226179331541061401e-02
8.433865010738372803e-02
8.643994480371475220e-02
8.855955302715301514e-02
9.061197936534881592e-02
9.265218675136566162e-02
9.469849616289138794e-02
9.675702452659606934e-02
9.880945086479187012e-02
1.008435413241386414e-01
1.028898507356643677e-01
1.049056276679039001e-01
1.070252358913421631e-01
1.091692894697189331e-01
1.112766861915588379e-01
1.133779734373092651e-01
1.154731512069702148e-01
1.175561249256134033e-01
1.196390837430953979e-01
1.216670721769332886e-01
1.237622499465942383e-01
1.258452087640762329e-01
1.279587149620056152e-01
1.300416886806488037e-01
1.320757716894149780e-01
1.340915560722351074e-01
1.360706835985183716e-01
1.380192637443542480e-01
1.399433910846710205e-01
1.419102996587753296e-01
1.438588798046112061e-01
1.457952409982681274e-01
1.477071642875671387e-01
1.496557444334030151e-01
1.515859961509704590e-01
1.535040438175201416e-01
1.554220765829086304e-01
1.573462188243865967e-01
1.592520475387573242e-01
1.611090004444122314e-01
1.629537343978881836e-01
1.648229062557220459e-01
1.666798591613769531e-01
1.685429215431213379e-01
1.703876554965972900e-01
1.722201704978942871e-01
1.740526854991912842e-01
1.759157627820968628e-01
1.777910292148590088e-01
1.796663105487823486e-01
1.815477013587951660e-01
1.834412962198257446e-01
1.853715479373931885e-01
1.873445659875869751e-01
1.893053650856018066e-01
1.912905871868133545e-01
1.932880431413650513e-01
1.953160315752029419e-01
1.973379105329513550e-01
1.993353366851806641e-01
2.013083696365356445e-01
2.032630443572998047e-01
2.052482813596725464e-01
2.071907520294189453e-01
2.091148942708969116e-01
2.110390514135360718e-01
2.129509747028350830e-01
2.148873358964920044e-01
2.168053686618804932e-01
2.187111824750900269e-01
2.205864787101745605e-01
2.224434167146682739e-01
2.242698371410369873e-01
2.261206805706024170e-01
2.279837280511856079e-01
2.297857254743576050e-01
2.316121160984039307e-01
2.334141135215759277e-01
2.352221906185150146e-01
2.370485961437225342e-01
2.388078123331069946e-01
2.405548244714736938e-01
2.423140406608581543e-01
2.441038042306900024e-01
2.458874583244323730e-01
2.476649880409240723e-01
2.494242042303085327e-01
2.511529028415679932e-01
2.528448998928070068e-01
2.545675039291381836e-01
2.562839388847351074e-01
2.579515278339385986e-01
2.596558034420013428e-01
2.613722681999206543e-01
2.630703747272491455e-01
2.647501826286315918e-01
2.663872241973876953e-01
2.680609524250030518e-01
2.697651684284210205e-01
2.714572250843048096e-01
2.731492221355438232e-01
2.748351395130157471e-01
2.765271663665771484e-01
2.781764566898345947e-01
2.797951698303222656e-01
2.814383208751678467e-01
2.830509245395660400e-01
2.846757769584655762e-01
2.863067388534545898e-01
2.879621088504791260e-01
2.896052598953247070e-01
2.912178635597229004e-01
2.928427159786224365e-01
2.944736182689666748e-01
2.960740327835083008e-01
2.976683378219604492e-01
2.992442846298217773e-01
3.008324801921844482e-01
3.023962378501892090e-01
3.039844334125518799e-01
3.055481910705566406e-01
3.071363568305969238e-01
3.087245523929595947e-01
3.103310465812683105e-01
3.119314610958099365e-01
3.135318458080291748e-01
3.151444792747497559e-01
3.167326450347900391e-01
3.183269202709197998e-01
3.199395537376403809e-01
3.215644061565399170e-01
3.231892287731170654e-01
3.248018622398376465e-01
3.264450132846832275e-01
3.281003832817077637e-01
3.297435343265533447e-01
3.313622772693634033e-01
3.329687714576721191e-01
3.345814049243927002e-01
3.362061977386474609e-01
3.378188610076904297e-01
3.394620120525360107e-01
3.411295711994171143e-01
3.427666425704956055e-01
3.443853855133056641e-01
3.460162878036499023e-01
3.476350307464599609e-01
3.492782115936279297e-01
3.509335517883300781e-01
3.525767326354980469e-01
