-0.000000000000000000e+00
-0.000000000000000000e+00
6.108397883508587256e-06
1.221679576701717451e-05
1.832519410527311265e-05
3.054198896279558539e-05
4.275878382031805813e-05
5.497557867784053087e-05
7.330077642109245062e-05
8.551756764063611627e-05
1.099511573556810617e-04
1.282763696508482099e-04
1.527099520899355412e-04
1.832519337767735124e-04
2.076855307677760720e-04
2.321191277587786317e-04
2.748779079411178827e-04
2.932031056843698025e-04
3.176367026753723621e-04
3.359618713147938251e-04
3.665038675535470247e-04
3.909374645445495844e-04
4.214794607833027840e-04
4.581298562698066235e-04
4.886718234047293663e-04
5.131054786033928394e-04
5.436473875306546688e-04
5.619726143777370453e-04
5.864062113687396049e-04
6.108398083597421646e-04
6.291649769991636276e-04
6.535986321978271008e-04
6.719237426295876503e-04
6.841405411250889301e-04
7.024657679721713066e-04
7.330077351070940495e-04
7.513329619541764259e-04
7.757665589451789856e-04
8.063085260801017284e-04
8.307421230711042881e-04
8.551757200621068478e-04
8.979344856925308704e-04
9.162597125396132469e-04
9.284765110351145267e-04
9.590184781700372696e-04
9.712352766655385494e-04
1.001777243800461292e-03
1.020102528855204582e-03
1.044536009430885315e-03
1.056752749718725681e-03
1.093403203412890434e-03
1.111728372052311897e-03
1.117836800403892994e-03
1.154487254098057747e-03
1.172812422737479210e-03
1.203354331664741039e-03
1.227787928655743599e-03
1.264438382349908352e-03
1.276655239053070545e-03
1.307197264395654202e-03
1.307197264395654202e-03
1.337739056907594204e-03
1.349955913610756397e-03
1.368281082250177860e-03
1.386606367304921150e-03
1.417148392647504807e-03
1.435473561286926270e-03
1.447690417990088463e-03
1.484340638853609562e-03
1.508774235844612122e-03
1.520991092547774315e-03
1.533207949250936508e-03
1.551533117890357971e-03
1.569858286529779434e-03
1.588183455169200897e-03
1.600400195457041264e-03
1.600400195457041264e-03
1.624833792448043823e-03
1.643159077502787113e-03
1.649267389439046383e-03
1.655375817790627480e-03
1.667592674493789673e-03
1.698134699836373329e-03
1.710351440124213696e-03
1.734784920699894428e-03
1.747001777403056622e-03
1.771435374394059181e-03
1.789760543033480644e-03
1.814194256439805031e-03
1.838627853430807590e-03
1.869169762358069420e-03
1.887494930997490883e-03
1.905820099636912346e-03
1.924145384691655636e-03
1.924145384691655636e-03
1.936362124979496002e-03
1.954687293618917465e-03
1.966904150322079659e-03
1.991337863728404045e-03
2.003554487600922585e-03
2.021879656240344048e-03
2.027988201007246971e-03
2.040205057710409164e-03
2.052421914413571358e-03
2.076855162158608437e-03
2.101288875564932823e-03
2.107397420331835747e-03
2.125722356140613556e-03
2.137939212843775749e-03
2.156264614313840866e-03
2.199023263528943062e-03
2.211240120232105255e-03
2.223456744104623795e-03
2.235673600807785988e-03
2.253998769447207451e-03
2.284540794789791107e-03
2.302865963429212570e-03
2.321191364899277687e-03
2.345624845474958420e-03
2.357841469347476959e-03
2.370058326050639153e-03
2.370058326050639153e-03
2.394491806626319885e-03
2.412817208096385002e-03
2.412817208096385002e-03
2.449467545375227928e-03
2.443359233438968658e-03
2.473901258781552315e-03
2.486117882654070854e-03
2.510551363229751587e-03
2.528876764699816704e-03
2.541093621402978897e-03
2.559418790042400360e-03
2.571635413914918900e-03
2.583852270618081093e-03
2.602177672088146210e-03
2.608285984024405479e-03
2.614394528791308403e-03
2.614394528791308403e-03
2.614394528791308403e-03
2.614394528791308403e-03
2.614394528791308403e-03
2.583852270618081093e-03
2.577743958681821823e-03
2.589960815384984016e-03
2.614394528791308403e-03
2.626610919833183289e-03
2.632719464600086212e-03
2.644936321303248405e-03
2.644936321303248405e-03
2.657153178006410599e-03
2.657153178006410599e-03
2.669370034709572792e-03
2.687694970518350601e-03
2.693803515285253525e-03
2.712128683924674988e-03
2.724345540627837181e-03
2.736562164500355721e-03
2.760995877906680107e-03
2.773212734609842300e-03
2.785429591313004494e-03
2.803754527121782303e-03
2.809863071888685226e-03
2.834296785295009613e-03
2.840405097231268883e-03
2.840405097231268883e-03
2.846513409167528152e-03
2.864838577806949615e-03
2.889272291213274002e-03
2.889272291213274002e-03
2.901488915085792542e-03
2.907597227022051811e-03
2.919814083725214005e-03
2.938139485195279121e-03
2.944247797131538391e-03
2.956464421004056931e-03
2.968681277707219124e-03
2.980898134410381317e-03
2.999223535880446434e-03
3.017548471689224243e-03
3.041982185095548630e-03
3.054199041798710823e-03
3.066415898501873016e-03
3.078632522374391556e-03
3.115283092483878136e-03
3.121391404420137405e-03
3.133608028292655945e-03
3.133608028292655945e-03
3.151933429762721062e-03
3.170258598402142525e-03
3.188583534210920334e-03
3.213017247617244720e-03
3.219125792384147644e-03
3.243559272959828377e-03
3.249667584896087646e-03
3.243559272959828377e-03
3.267992986366152763e-03
3.286318155005574226e-03
3.280209843069314957e-03
3.292426699772477150e-03
3.292426699772477150e-03
