-0.000000000000000000e+00
9.773436613613739610e-05
4.092626622878015041e-04
8.918261155486106873e-04
1.404931535944342613e-03
1.973012462258338928e-03
2.583852270618081093e-03
3.255776129662990570e-03
3.891049418598413467e-03
4.544648341834545135e-03
5.161596462130546570e-03
5.802977830171585083e-03
6.395492702722549438e-03
7.030765991657972336e-03
7.653822191059589386e-03
8.289095945656299591e-03
8.979345671832561493e-03
9.620727039873600006e-03
1.023156661540269852e-02
1.087905652821063995e-02
1.154487207531929016e-02
1.220457907766103745e-02
1.289482787251472473e-02
1.355453487485647202e-02
1.420813333243131638e-02
1.487394887953996658e-02
1.557030715048313141e-02
1.629109680652618408e-02
1.701188832521438599e-02
1.775711216032505035e-02
1.848401315510272980e-02
1.922923699021339417e-02
1.998667791485786438e-02
2.074411883950233459e-02
2.153821103274822235e-02
2.235673740506172180e-02
2.311417832970619202e-02
2.390216104686260223e-02
2.469014376401901245e-02
2.547201886773109436e-02
2.627832815051078796e-02
2.710906974971294403e-02
2.788483537733554840e-02
2.865449525415897369e-02
2.947301976382732391e-02
3.027321957051753998e-02
3.107341937720775604e-02
3.189194574952125549e-02
3.269214555621147156e-02
3.349845483899116516e-02
3.429865092039108276e-02
3.509274497628211975e-02
3.589905425906181335e-02
3.672979772090911865e-02
3.752388805150985718e-02
3.828743845224380493e-02
3.905709460377693176e-02
3.982064500451087952e-02
4.060252010822296143e-02
4.140882939100265503e-02
4.220902919769287109e-02
4.297257959842681885e-02
4.372391104698181152e-02
4.446302726864814758e-02
4.521436244249343872e-02
4.599012807011604309e-02
4.678422212600708008e-02
4.754165932536125183e-02
4.831742867827415466e-02
4.911762475967407227e-02
4.988728836178779602e-02
5.066305026412010193e-02
5.146935954689979553e-02
5.227566882967948914e-02
5.310641229152679443e-02
5.393104627728462219e-02
5.473735556006431580e-02
5.555587634444236755e-02
5.642327293753623962e-02
5.723568797111511230e-02
5.801756307482719421e-02
5.881776288151741028e-02
5.963018164038658142e-02
6.044870615005493164e-02
6.132220849394798279e-02
6.212240457534790039e-02
6.291038542985916138e-02
6.374724209308624268e-02
6.458409130573272705e-02
6.542094051837921143e-02
6.626389920711517334e-02
6.710075587034225464e-02
6.792538613080978394e-02
6.871337443590164185e-02
6.949524581432342529e-02
7.025268673896789551e-02
7.105898857116699219e-02
7.185308635234832764e-02
7.261052727699279785e-02
7.336185872554779053e-02
7.413762807846069336e-02
7.491949945688247681e-02
7.568304985761642456e-02
7.646492868661880493e-02
7.721625268459320068e-02
7.800424098968505859e-02
7.882887125015258789e-02
7.963518798351287842e-02
8.047202974557876587e-02
8.133332431316375732e-02
8.216406404972076416e-02
8.296426385641098022e-02
8.378278464078903198e-02
8.459519594907760620e-02
8.538930118083953857e-02
8.619560301303863525e-02
8.697136491537094116e-02
8.772881329059600830e-02
8.851069211959838867e-02
8.929256349802017212e-02
9.006832540035247803e-02
9.085020422935485840e-02
9.158931672573089600e-02
9.233453869819641113e-02
9.307976812124252319e-02
9.381277114152908325e-02
9.449692070484161377e-02
9.522992372512817383e-02
9.592017531394958496e-02
9.663485735654830933e-02
9.733732044696807861e-02
9.802757203578948975e-02
9.875447303056716919e-02
9.951190650463104248e-02
1.002265959978103638e-01
1.009534895420074463e-01
1.016742885112762451e-01
1.023767441511154175e-01
1.030914336442947388e-01
1.037877872586250305e-01
1.045024693012237549e-01
1.051866114139556885e-01
1.058707535266876221e-01
1.065854355692863464e-01
1.073245555162429810e-01
1.080819964408874512e-01
1.088394299149513245e-01
1.095602288842201233e-01
1.102565824985504150e-01
1.109529435634613037e-01
1.116431877017021179e-01
1.123273298144340515e-01
1.130725592374801636e-01
1.137872412800788879e-01
1.144713759422302246e-01
1.151433065533638000e-01
1.158091202378273010e-01
1.164810433983802795e-01
1.171651855111122131e-01
1.178126707673072815e-01
1.184601560235023499e-01
1.191137582063674927e-01
1.197429299354553223e-01
1.203904077410697937e-01
1.210501268506050110e-01
1.216731816530227661e-01
1.223328858613967896e-01
1.229498386383056641e-01
1.235728934407234192e-01
1.241837292909622192e-01
1.248373240232467651e-01
1.254542768001556396e-01
1.260895580053329468e-01
1.267187148332595825e-01
1.273356676101684570e-01
1.279648244380950928e-01
1.286123245954513550e-01
1.291865110397338867e-01
1.297668069601058960e-01
1.303593069314956665e-01
1.309457272291183472e-01
1.315382421016693115e-01
1.321490854024887085e-01
1.326988339424133301e-01
1.332669258117675781e-01
1.338472068309783936e-01
1.344397217035293579e-01
1.350200325250625610e-01
1.356308758258819580e-01
1.362111717462539673e-01
1.367914527654647827e-01
1.373473256826400757e-01
1.379031985998153687e-01
1.384651660919189453e-01
1.390637755393981934e-01
1.395952105522155762e-01
1.401449739933013916e-01
1.407130658626556396e-01
1.412811428308486938e-01
1.418858617544174194e-01
1.424600481986999512e-01
