-0.000000000000000000e+00
6.108397883508587256e-06
3.054198896279558539e-05
7.330077642109245062e-05
1.404931535944342613e-04
2.199023147113621235e-04
2.993114758282899857e-04
3.909374645445495844e-04
4.825634241569787264e-04
5.680810427293181419e-04
6.597069441340863705e-04
7.696581305935978889e-04
8.673924603499472141e-04
9.651268483139574528e-04
1.062861178070306778e-03
1.166704110801219940e-03
1.270546810701489449e-03
1.374389510601758957e-03
1.490449067205190659e-03
1.606508623808622360e-03
1.728676608763635159e-03
1.838627853430807590e-03
1.954687293618917465e-03
2.076855162158608437e-03
2.199023263528943062e-03
2.339516300708055496e-03
2.480009570717811584e-03
2.596069127321243286e-03
2.718237228691577911e-03
2.828188240528106689e-03
2.956464421004056931e-03
3.084740834310650826e-03
3.188583534210920334e-03
3.286318155005574226e-03
3.390160854905843735e-03
3.512328956276178360e-03
3.622279968112707138e-03
3.768881550058722496e-03
3.909374587237834930e-03
4.043759312480688095e-03
4.190361127257347107e-03
4.336962476372718811e-03
4.465239122509956360e-03
4.581298213452100754e-03
4.709574859589338303e-03
4.862284753471612930e-03
4.966127220541238785e-03
5.088295321911573410e-03
5.222680047154426575e-03
5.350956227630376816e-03
5.497558042407035828e-03
5.625834688544273376e-03
5.754110869020223618e-03
5.912928842008113861e-03
6.041205488145351410e-03
6.169481668621301651e-03
6.291649769991636276e-03
6.426034495234489441e-03
6.535985972732305527e-03
6.645936984568834305e-03
6.743671372532844543e-03
6.871947553008794785e-03
6.969682406634092331e-03
7.073524873703718185e-03
7.177367806434631348e-03
7.293426897376775742e-03
7.403378374874591827e-03
7.513329386711120605e-03
7.611063774675130844e-03
7.727123331278562546e-03
7.806532550603151321e-03
7.910375483334064484e-03
8.008110336959362030e-03
8.105844259262084961e-03
8.228012360632419586e-03
8.337963372468948364e-03
8.460130542516708374e-03
8.563973009586334229e-03
8.667817339301109314e-03
8.765550330281257629e-03
8.857176639139652252e-03
8.942694403231143951e-03
9.052645415067672729e-03
9.144271723926067352e-03
9.254222735762596130e-03
9.339740499854087830e-03
9.419149719178676605e-03
9.516883641481399536e-03
9.608509950339794159e-03
9.706244803965091705e-03
9.803978726267814636e-03
9.889495559036731720e-03
9.993338957428932190e-03
1.008496433496475220e-02
1.018269918859004974e-02
1.025600079447031021e-02
1.034151762723922729e-02
1.044536009430885315e-02
1.053087785840034485e-02
1.064082887023687363e-02
1.072634663432836533e-02
1.082408148795366287e-02
1.091570686548948288e-02
1.100733317434787750e-02
1.111117564141750336e-02
1.120890956372022629e-02
1.129442825913429260e-02
1.136162038892507553e-02
1.146546285599470139e-02
1.157541386783123016e-02
1.167925633490085602e-02
1.177088264375925064e-02
1.185640040785074234e-02
1.194191817194223404e-02
1.203965209424495697e-02
1.213738601654767990e-02
1.224122941493988037e-02
1.231453008949756622e-02
1.241226494312286377e-02
1.250389125198125839e-02
1.258940808475017548e-02
1.266881730407476425e-02
1.276655215770006180e-02
1.284596044570207596e-02
1.291315350681543350e-02
1.304142922163009644e-02
1.310251373797655106e-02
1.319413911551237106e-02
1.328576542437076569e-02
1.338350027799606323e-02
1.346901711076498032e-02
1.353010162711143494e-02
1.360340230166912079e-02
1.367670204490423203e-02
1.376832835376262665e-02
1.385995466262102127e-02
1.395158097147941589e-02
1.403098925948143005e-02
1.409818232059478760e-02
1.417759153991937637e-02
1.424478460103273392e-02
1.431808434426784515e-02
1.439138501882553101e-02
1.444636192172765732e-02
1.453187875449657440e-02
1.460517942905426025e-02
1.470291428267955780e-02
1.479453966021537781e-02
1.486784033477306366e-02
1.494724955409765244e-02
1.503276731818914413e-02
1.512439362704753876e-02
1.522212754935026169e-02
1.531986240297555923e-02
1.541148778051137924e-02
1.550311408936977386e-02
1.560084801167249680e-02
1.568636670708656311e-02
1.577188260853290558e-02
1.588183455169200897e-02
1.597345992922782898e-02
1.605287007987499237e-02
1.612006127834320068e-02
1.621168851852416992e-02
1.629720441997051239e-02
1.637050695717334747e-02
1.644991524517536163e-02
1.654154248535633087e-02
1.663316786289215088e-02
1.671257615089416504e-02
1.679809391498565674e-02
1.685917936265468597e-02
1.693248003721237183e-02
1.706075482070446014e-02
1.712184026837348938e-02
1.720735803246498108e-02
1.731119863688945770e-02
1.740282587707042694e-02
1.750666834414005280e-02
1.760440319776535034e-02
1.770213618874549866e-02
1.779987104237079620e-02
1.790371537208557129e-02
1.798312366008758545e-02
1.808085851371288300e-02
1.815415918827056885e-02
1.825800165534019470e-02
1.834351941943168640e-02
1.844125427305698395e-02
1.852677203714847565e-02
1.861228980123996735e-02
1.867948099970817566e-02
1.877110637724399567e-02
1.886273175477981567e-02
1.891770772635936737e-02
1.899100840091705322e-02
1.906431093811988831e-02
1.915593445301055908e-02
1.925366930663585663e-02
1.933307945728302002e-02
1.941859535872936249e-02
