-0.000000000000000000e+00
-0.000000000000000000e+00
6.108397883508587256e-06
1.832519410527311265e-05
3.054198896279558539e-05
5.497557867784053087e-05
7.940917566884309053e-05
1.221679558511823416e-04
1.588183513376861811e-04
1.893603330245241523e-04
2.260107285110279918e-04
2.626611094456166029e-04
3.054199041798710823e-04
3.359618713147938251e-04
3.848290652967989445e-04
4.214794607833027840e-04
4.764550249092280865e-04
5.253222188912332058e-04
5.619726143777370453e-04
6.047313800081610680e-04
6.535986321978271008e-04
6.902489694766700268e-04
7.268993067555129528e-04
7.757665589451789856e-04
8.124168962240219116e-04
8.551757200621068478e-04
8.979344856925308704e-04
9.223680826835334301e-04
9.712352766655385494e-04
9.956689318642020226e-04
1.038427581079304218e-03
1.075078034773468971e-03
1.111728372052311897e-03
1.136162085458636284e-03
1.172812422737479210e-03
1.233896357007324696e-03
1.276655239053070545e-03
1.313305459916591644e-03
1.356064341962337494e-03
1.386606367304921150e-03
1.423256704583764076e-03
1.478232210502028465e-03
1.502665923908352852e-03
1.539316261187195778e-03
1.588183455169200897e-03
1.624833792448043823e-03
1.661484246142208576e-03
1.673701102845370770e-03
1.710351440124213696e-03
1.728676608763635159e-03
1.765326946042478085e-03
1.783652231097221375e-03
1.801977399736642838e-03
1.820302568376064301e-03
1.856953022070229053e-03
1.875278074294328690e-03
1.899711671285331249e-03
1.924145384691655636e-03
1.936362124979496002e-03
1.979121007025241852e-03
1.979121007025241852e-03
1.991337863728404045e-03
2.015771344304084778e-03
2.027988201007246971e-03
2.052421914413571358e-03
2.070746850222349167e-03
2.101288875564932823e-03
2.113505499437451363e-03
2.137939212843775749e-03
2.174589550122618675e-03
2.186806406825780869e-03
2.205131808295845985e-03
2.205131808295845985e-03
2.235673600807785988e-03
2.266215626150369644e-03
2.296757651492953300e-03
2.302865963429212570e-03
2.333408221602439880e-03
2.370058326050639153e-03
2.394491806626319885e-03
2.400600351393222809e-03
2.431142376735806465e-03
2.467792714014649391e-03
2.480009570717811584e-03
2.510551363229751587e-03
2.528876764699816704e-03
2.541093621402978897e-03
2.565527101978659630e-03
2.596069127321243286e-03
2.602177672088146210e-03
2.620502607896924019e-03
2.644936321303248405e-03
2.663261489942669868e-03
2.693803515285253525e-03
2.699911827221512794e-03
2.718237228691577911e-03
2.742670709267258644e-03
2.760995877906680107e-03
2.779321046546101570e-03
2.803754527121782303e-03
2.828188240528106689e-03
2.846513409167528152e-03
2.852621721103787422e-03
2.864838577806949615e-03
2.913705771788954735e-03
2.938139485195279121e-03
2.944247797131538391e-03
2.956464421004056931e-03
2.987006679177284241e-03
3.005331847816705704e-03
3.011440392583608627e-03
3.029765328392386436e-03
3.035873873159289360e-03
3.072523977607488632e-03
3.084740834310650826e-03
3.096957691013813019e-03
3.103066235780715942e-03
3.109174547716975212e-03
3.145824884995818138e-03
3.151933429762721062e-03
3.164150286465883255e-03
3.182475222274661064e-03
3.225234104320406914e-03
3.255776129662990570e-03
3.286318155005574226e-03
3.316859947517514229e-03
3.316859947517514229e-03
3.347402205690741539e-03
3.347402205690741539e-03
3.359618829563260078e-03
3.371835686266422272e-03
3.371835686266422272e-03
3.396269399672746658e-03
3.390160854905843735e-03
3.414594335481524467e-03
3.414594335481524467e-03
3.432919736951589584e-03
3.445136593654751778e-03
3.445136593654751778e-03
3.439028048887848854e-03
3.439028048887848854e-03
3.432919736951589584e-03
3.408486023545265198e-03
3.402377711609005928e-03
3.402377711609005928e-03
3.408486023545265198e-03
3.414594335481524467e-03
3.396269399672746658e-03
3.390160854905843735e-03
3.384052542969584465e-03
3.390160854905843735e-03
3.371835686266422272e-03
3.359618829563260078e-03
3.377943998202681541e-03
3.390160854905843735e-03
3.396269399672746658e-03
3.408486023545265198e-03
3.408486023545265198e-03
3.408486023545265198e-03
3.432919736951589584e-03
3.457353217527270317e-03
3.463461529463529587e-03
3.457353217527270317e-03
3.475678386166691780e-03
3.487895242869853973e-03
3.487895242869853973e-03
3.487895242869853973e-03
3.506220411509275436e-03
3.524545580148696899e-03
3.536762436851859093e-03
3.542870748788118362e-03
3.536762436851859093e-03
3.555087605491280556e-03
3.573413006961345673e-03
3.591737942770123482e-03
3.610063111409544945e-03
3.610063111409544945e-03
3.616171656176447868e-03
3.634496591985225677e-03
3.658930305391550064e-03
3.658930305391550064e-03
3.671147162094712257e-03
3.683364018797874451e-03
3.689472330734133720e-03
3.701689187437295914e-03
3.701689187437295914e-03
3.726122900843620300e-03
3.744447836652398109e-03
3.768881550058722496e-03
3.768881550058722496e-03
3.774989861994981766e-03
3.768881550058722496e-03
3.774989861994981766e-03
3.799423342570662498e-03
3.787206718698143959e-03
3.768881550058722496e-03
3.762773005291819572e-03
3.787206718698143959e-03
3.799423342570662498e-03
3.793315263465046883e-03
3.799423342570662498e-03
