-0.000000000000000000e+00
-0.000000000000000000e+00
6.108397883508587256e-06
2.443359153403434902e-05
4.886718306806869805e-05
9.773436613613739610e-05
1.343847543466836214e-04
1.954687322722747922e-04
2.626611094456166029e-04
3.237451019231230021e-04
3.970458637923002243e-04
4.703466256614774466e-04
5.558641860261559486e-04
6.597069441340863705e-04
7.635497604496777058e-04
8.673924603499472141e-04
9.834520751610398293e-04
1.105620060116052628e-03
1.215571188367903233e-03
1.313305459916591644e-03
1.429365132935345173e-03
1.533207949250936508e-03
1.643159077502787113e-03
1.759218517690896988e-03
1.863061450421810150e-03
1.966904150322079659e-03
2.089072018861770630e-03
2.205131808295845985e-03
2.333408221602439880e-03
2.455575857311487198e-03
2.577743958681821823e-03
2.699911827221512794e-03
2.815971383824944496e-03
2.925922628492116928e-03
3.054199041798710823e-03
3.213017247617244720e-03
3.341293660923838615e-03
3.469569841399788857e-03
3.591737942770123482e-03
3.707797499373555183e-03
3.848290769383311272e-03
3.958242014050483704e-03
4.074301104992628098e-03
4.172035492956638336e-03
4.294203594326972961e-03
4.422480240464210510e-03
4.538539797067642212e-03
4.636273719370365143e-03
4.740116652101278305e-03
4.856176208704710007e-03
4.990560933947563171e-03
5.106620956212282181e-03
5.216571968048810959e-03
5.332631524652242661e-03
5.448691081255674362e-03
5.583075340837240219e-03
5.699135363101959229e-03
5.815194454044103622e-03
5.937362555414438248e-03
6.077856291085481644e-03
6.163373589515686035e-03
6.297758314758539200e-03
6.413817871361970901e-03
6.554310675710439682e-03
6.688695866614580154e-03
6.804755423218011856e-03
6.933031603693962097e-03
7.049091160297393799e-03
7.189584430307149887e-03
7.336185779422521591e-03
7.470570504665374756e-03
7.586630526930093765e-03
7.672147825360298157e-03
7.782098837196826935e-03
7.892049849033355713e-03
8.014217950403690338e-03
8.124168962240219116e-03
8.258554153144359589e-03
8.411264047026634216e-03
8.521215058863162994e-03
8.625058457255363464e-03
8.747225627303123474e-03
8.875502273440361023e-03
8.973237127065658569e-03
9.089296683669090271e-03
9.193139150738716125e-03
9.315306320786476135e-03
9.437475353479385376e-03
9.571859613060951233e-03
9.675702080130577087e-03
9.779544547200202942e-03
9.871170856058597565e-03
9.981121867895126343e-03
1.009107287973165512e-02
1.019491534680128098e-02
1.031708437949419022e-02
1.044536009430885315e-02
1.057363674044609070e-02
1.067748013883829117e-02
1.077521406114101410e-02
1.087905652821063995e-02
1.097679138183593750e-02
1.106841675937175751e-02
1.118447724729776382e-02
1.130053587257862091e-02
1.140437927097082138e-02
1.151433028280735016e-02
1.163038890808820724e-02
1.177699118852615356e-02
1.187472511082887650e-02
1.197856850922107697e-02
1.208851952105760574e-02
1.221679616719484329e-02
1.233285479247570038e-02
1.243058964610099792e-02
1.254664920270442963e-02
1.265660114586353302e-02
1.277266070246696472e-02
1.288261171430349350e-02
1.299867033958435059e-02
1.311473082751035690e-02
1.323689799755811691e-02
1.338960882276296616e-02
1.351177599281072617e-02
1.364005263894796371e-02
1.376832835376262665e-02
1.388438884168863297e-02
1.399433985352516174e-02
1.410429086536169052e-02
1.421424187719821930e-02
1.433030143380165100e-02
1.444636192172765732e-02
1.455631293356418610e-02
1.466015540063381195e-02
1.478232257068157196e-02
1.489838212728500366e-02
1.503276731818914413e-02
1.515493448823690414e-02
1.525877788662910461e-02
1.536872982978820801e-02
1.549089699983596802e-02
1.557641476392745972e-02
1.566804014146327972e-02
1.578409969806671143e-02
1.589405164122581482e-02
1.601622067391872406e-02
1.613838784396648407e-02
1.625444553792476654e-02
1.636439934372901917e-02
1.646823994815349579e-02
1.659651845693588257e-02
1.670646853744983673e-02
1.683474518358707428e-02
1.696912944316864014e-02
1.710351370275020599e-02
1.723789982497692108e-02
1.737228408455848694e-02
1.751277782022953033e-02
1.764105446636676788e-02
1.778154633939266205e-02
1.793425530195236206e-02
1.808696612715721130e-02
1.822135224938392639e-02
1.837406121194362640e-02
1.853287965059280396e-02
1.867948099970817566e-02
1.882608234882354736e-02
1.897268556058406830e-02
1.914371922612190247e-02
1.929032057523727417e-02
1.945524848997592926e-02
1.958963274955749512e-02
1.974845118820667267e-02
1.992559432983398438e-02
2.009052038192749023e-02
2.024934068322181702e-02
2.040815725922584534e-02
2.055476047098636627e-02
2.073190361261367798e-02
2.087850309908390045e-02
2.104954048991203308e-02
2.120835706591606140e-02
2.136717550456523895e-02
2.153210341930389404e-02
2.169702947139739990e-02
2.185584791004657745e-02
2.202688157558441162e-02
2.219181135296821594e-02
2.235673740506172180e-02
2.252166345715522766e-02
2.268658950924873352e-02
2.283930033445358276e-02
2.301644347608089447e-02
2.318747900426387787e-02
2.332186326384544373e-02
2.345624752342700958e-02
2.362117357552051544e-02
2.377999387681484222e-02
2.393270283937454224e-02
2.408541366457939148e-02
2.423201315104961395e-02
