-0.000000000000000000e+00
1.954687322722747922e-04
8.796092006377875805e-04
2.082963706925511360e-03
3.603954799473285675e-03
5.448690615594387054e-03
7.519437931478023529e-03
9.755112230777740479e-03
1.205186825245618820e-02
1.442192774266004562e-02
1.679809391498565674e-02
1.920480281114578247e-02
2.160540409386157990e-02
2.405487187206745148e-02
2.651655673980712891e-02
2.901489101350307465e-02
3.153154999017715454e-02
3.407875448465347290e-02
3.649767860770225525e-02
3.894714266061782837e-02
4.146991297602653503e-02
4.392549023032188416e-02
4.643603786826133728e-02
4.898324608802795410e-02
5.146325007081031799e-02
5.394326522946357727e-02
5.646603554487228394e-02
5.898268893361091614e-02
6.155432760715484619e-02
6.410764157772064209e-02
6.672203540802001953e-02
6.939139962196350098e-02
7.198747247457504272e-02
7.453466951847076416e-02
7.723458856344223022e-02
8.000779151916503906e-02
8.268938958644866943e-02
8.544427901506423950e-02
8.825412392616271973e-02
9.109453111886978149e-02
9.405711293220520020e-02
9.705022722482681274e-02
9.993338584899902344e-02
1.028715297579765320e-01
1.059623807668685913e-01
1.090898662805557251e-01
1.122601479291915894e-01
1.154242828488349915e-01
1.186678484082221985e-01
1.219480559229850769e-01
1.253076791763305664e-01
1.285879015922546387e-01
1.319474875926971436e-01
1.354292929172515869e-01
1.389721632003784180e-01
1.425150334835052490e-01
1.460884511470794678e-01
1.496985107660293579e-01
1.532658189535140991e-01
1.569552868604660034e-01
1.606019884347915649e-01
1.642365008592605591e-01
1.678404510021209717e-01
1.714688390493392944e-01
1.750850081443786621e-01
1.787500381469726562e-01
1.824700683355331421e-01
1.860068142414093018e-01
1.895924657583236694e-01
1.932391524314880371e-01
1.966965198516845703e-01
2.001233249902725220e-01
2.035195976495742798e-01
2.070930153131484985e-01
2.106664329767227173e-01
2.141665369272232056e-01
2.175445109605789185e-01
2.209712862968444824e-01
2.244530916213989258e-01
2.278432548046112061e-01
2.311539947986602783e-01
2.345319241285324097e-01
2.380076348781585693e-01
2.414161115884780884e-01
2.448856681585311890e-01
2.482514083385467529e-01
2.516293525695800781e-01
2.550867199897766113e-01
2.585623562335968018e-01
2.619769573211669922e-01
2.654221057891845703e-01
2.688244879245758057e-01
2.722635269165039062e-01
2.757391929626464844e-01
2.791354656219482422e-01
2.824645638465881348e-01
2.858852148056030273e-01
2.893425822257995605e-01
2.927327454090118408e-01
2.960129678249359131e-01
2.993298172950744629e-01
3.026405870914459229e-01
3.059512972831726074e-01
3.092498779296875000e-01
3.125666975975036621e-01
3.158774971961975098e-01
3.191576898097991943e-01
3.223829269409179688e-01
3.256692290306091309e-01
3.289433121681213379e-01
3.322174251079559326e-01
3.354488015174865723e-01
3.386861979961395264e-01
3.419236838817596436e-01
3.451550602912902832e-01
3.483802676200866699e-01
3.515505194664001465e-01
3.546352386474609375e-01
3.577810823917388916e-01
3.609268963336944580e-01
3.640910387039184570e-01
3.672979772090911865e-01
3.705048561096191406e-01
3.736751675605773926e-01
3.768148720264434814e-01
3.799790143966674805e-01
3.829293549060821533e-01
3.859957456588745117e-01
3.890194296836853027e-01
3.921041786670684814e-01
3.951767086982727051e-01
3.981515169143676758e-01
4.012362360954284668e-01
4.043026268482208252e-01
4.074423313140869141e-01
4.105392992496490479e-01
4.136179685592651367e-01
4.167026877403259277e-01
4.197629988193511963e-01
4.227866530418395996e-01
4.257858991622924805e-01
4.287606477737426758e-01
4.317171275615692139e-01
4.347347021102905273e-01
4.378316402435302734e-01
4.409347176551818848e-01
4.440805315971374512e-01
4.471897184848785400e-01
4.502317011356353760e-01
4.532247781753540039e-01
4.562545418739318848e-01
4.592782258987426758e-01
4.623935222625732422e-01
4.655210375785827637e-01
4.686363041400909424e-01
4.716966152191162109e-01
4.747446775436401367e-01
4.777316749095916748e-01
4.807125926017761230e-01
4.836323857307434082e-01
4.866255223751068115e-01
4.895331263542175293e-01
4.923979640007019043e-01
4.953055381774902344e-01
4.982070922851562500e-01
5.010718703269958496e-01
5.040222406387329102e-01
5.069420933723449707e-01
5.098618865013122559e-01
5.126717090606689453e-01
5.155976414680480957e-01
5.184013843536376953e-01
5.212967991828918457e-01
5.242227315902709961e-01
5.271242260932922363e-01
5.300012826919555664e-01
5.329271554946899414e-01
5.357187390327453613e-01
5.385407805442810059e-01
5.414544939994812012e-01
5.443193316459655762e-01
5.472331047058105469e-01
5.501651167869567871e-01
5.530543923377990723e-01
5.560352802276611328e-01
5.589611530303955078e-01
5.619176030158996582e-01
5.648373961448669434e-01
5.677939057350158691e-01
5.707503557205200195e-01
5.736762881278991699e-01
5.765594840049743652e-01
5.795158743858337402e-01
5.824540853500366211e-01
5.853861570358276367e-01
5.882204174995422363e-01
5.910974740982055664e-01
5.940233469009399414e-01
5.969127416610717773e-01
5.998324751853942871e-01
6.027827858924865723e-01
