-0.000000000000000000e+00
-0.000000000000000000e+00
-0.000000000000000000e+00
6.108397883508587256e-06
6.108397883508587256e-06
1.221679576701717451e-05
1.832519410527311265e-05
3.054198896279558539e-05
4.275878382031805813e-05
4.886718306806869805e-05
5.497557867784053087e-05
6.108397792559117079e-05
7.330077642109245062e-05
8.551756764063611627e-05
9.162596688838675618e-05
9.162596688838675618e-05
1.160595638793893158e-04
1.282763696508482099e-04
1.404931535944342613e-04
1.527099520899355412e-04
1.649267360335215926e-04
1.832519337767735124e-04
2.076855307677760720e-04
2.260107285110279918e-04
2.321191277587786317e-04
2.504443109501153231e-04
2.687695086933672428e-04
2.809863071888685226e-04
2.993114758282899857e-04
3.176367026753723621e-04
3.298534720670431852e-04
3.603954974096268415e-04
3.848290652967989445e-04
3.970458637923002243e-04
4.092626622878015041e-04
4.336962301749736071e-04
4.520214570220559835e-04
4.703466256614774466e-04
4.886718234047293663e-04
5.131054786033928394e-04
5.314305890351533890e-04
5.741894128732383251e-04
5.925145815126597881e-04
5.925145815126597881e-04
6.169481785036623478e-04
6.291649769991636276e-04
6.413817754946649075e-04
6.474902038462460041e-04
6.658153724856674671e-04
6.780321709811687469e-04
6.902489694766700268e-04
6.963573978282511234e-04
7.085741963237524033e-04
7.146825664676725864e-04
7.207909948192536831e-04
7.268993067555129528e-04
7.452245336025953293e-04
7.452245336025953293e-04
7.452245336025953293e-04
7.574413320980966091e-04
7.452245336025953293e-04
7.635497604496777058e-04
7.635497604496777058e-04
7.696581305935978889e-04
7.757665589451789856e-04
8.063085260801017284e-04
8.368505514226853848e-04
8.307421230711042881e-04
8.368505514226853848e-04
8.551757200621068478e-04
8.735008887015283108e-04
8.857176871970295906e-04
8.796092588454484940e-04
8.918261155486106873e-04
9.040429140441119671e-04
9.101512841880321503e-04
9.162597125396132469e-04
9.284765110351145267e-04
9.468016796745359898e-04
9.468016796745359898e-04
9.468016796745359898e-04
9.651268483139574528e-04
9.834520751610398293e-04
9.895605035126209259e-04
1.001777243800461292e-03
1.001777243800461292e-03
1.007885672152042389e-03
1.026210957206785679e-03
1.044536009430885315e-03
1.044536009430885315e-03
1.050644437782466412e-03
1.062861178070306778e-03
1.087294775061309338e-03
1.087294775061309338e-03
1.087294775061309338e-03
1.093403203412890434e-03
1.105620060116052628e-03
1.123945228755474091e-03
1.136162085458636284e-03
1.142270397394895554e-03
1.142270397394895554e-03
1.185029163025319576e-03
1.191137591376900673e-03
1.203354331664741039e-03
1.215571188367903233e-03
1.221679616719484329e-03
1.233896357007324696e-03
1.246113213710486889e-03
1.258329953998327255e-03
1.276655239053070545e-03
1.294980407692492008e-03
1.313305459916591644e-03
1.331630744971334934e-03
1.349955913610756397e-03
1.356064341962337494e-03
1.374389510601758957e-03
1.386606367304921150e-03
1.386606367304921150e-03
1.411039964295923710e-03
1.423256704583764076e-03
1.429365132935345173e-03
1.429365132935345173e-03
1.453798613511025906e-03
1.459907041862607002e-03
1.466015470214188099e-03
1.502665923908352852e-03
1.496557495556771755e-03
1.520991092547774315e-03
1.527099520899355412e-03
1.545424689538776875e-03
1.557641546241939068e-03
1.551533117890357971e-03
1.569858286529779434e-03
1.563749858178198338e-03
1.575966714881360531e-03
1.582075143232941628e-03
1.612617052160203457e-03
1.624833792448043823e-03
1.637050649151206017e-03
1.630942220799624920e-03
1.624833792448043823e-03
1.618725364096462727e-03
1.600400195457041264e-03
1.594291767105460167e-03
1.600400195457041264e-03
1.624833792448043823e-03
1.637050649151206017e-03
1.643159077502787113e-03
1.643159077502787113e-03
1.637050649151206017e-03
1.655375817790627480e-03
1.643159077502787113e-03
1.643159077502787113e-03
1.655375817790627480e-03
1.673701102845370770e-03
1.685917843133211136e-03
1.722568296827375889e-03
1.734784920699894428e-03
1.734784920699894428e-03
1.740893349051475525e-03
1.771435374394059181e-03
1.795868971385061741e-03
1.801977399736642838e-03
1.814194256439805031e-03
1.826410996727645397e-03
1.820302568376064301e-03
1.838627853430807590e-03
1.844736165367066860e-03
1.856953022070229053e-03
1.856953022070229053e-03
1.887494930997490883e-03
1.875278074294328690e-03
1.881386502645909786e-03
1.899711671285331249e-03
1.905820099636912346e-03
1.918036956340074539e-03
1.948578981682658195e-03
1.954687293618917465e-03
1.966904150322079659e-03
1.997446175664663315e-03
2.027988201007246971e-03
2.052421914413571358e-03
2.058529993519186974e-03
2.052421914413571358e-03
2.089072018861770630e-03
2.101288875564932823e-03
2.113505499437451363e-03
2.131830900907516479e-03
2.150156069546937943e-03
2.174589550122618675e-03
2.186806406825780869e-03
2.192914951592683792e-03
2.199023263528943062e-03
2.211240120232105255e-03
2.205131808295845985e-03
2.205131808295845985e-03
2.205131808295845985e-03
2.223456744104623795e-03
2.235673600807785988e-03
2.241781912744045258e-03
2.241781912744045258e-03
