-0.000000000000000000e+00
4.886718306806869805e-05
1.588183513376861811e-04
3.481786989141255617e-04
5.619726143777370453e-04
7.940917275846004486e-04
1.026210957206785679e-03
1.252221642062067986e-03
1.514882664196193218e-03
1.753110205754637718e-03
2.015771344304084778e-03
2.260107314214110374e-03
2.480009570717811584e-03
2.730453852564096451e-03
2.980898134410381317e-03
3.237450728192925453e-03
3.487895242869853973e-03
3.768881550058722496e-03
4.013217519968748093e-03
4.294203594326972961e-03
4.605731926858425140e-03
4.898935090750455856e-03
5.173813086003065109e-03
5.448691081255674362e-03
5.760218948125839233e-03
6.047314032912254333e-03
6.340517196804285049e-03
6.639828905463218689e-03
6.951356772333383560e-03
7.226234767585992813e-03
7.507221307605504990e-03
7.800424005836248398e-03
8.087518624961376190e-03
8.350179530680179596e-03
8.625058457255363464e-03
8.924369700253009796e-03
9.193139150738716125e-03
9.486342780292034149e-03
9.767328388988971710e-03
1.004831492900848389e-02
1.033540908247232437e-02
1.060417853295803070e-02
1.086684036999940872e-02
1.112950127571821213e-02
1.141048688441514969e-02
1.168536581099033356e-02
1.198467612266540527e-02
1.224122941493988037e-02
1.252832449972629547e-02
1.279709301888942719e-02
1.308418810367584229e-02
1.334684900939464569e-02
1.362172700464725494e-02
1.390882208943367004e-02
1.418369915336370468e-02
1.447079423815011978e-02
1.475178170949220657e-02
1.502665877342224121e-02
1.528931967914104462e-02
1.557641476392745972e-02
1.583907566964626312e-02
1.612006127834320068e-02
1.639493927359580994e-02
1.664538308978080750e-02
1.692026108503341675e-02
1.719514094293117523e-02
1.747001893818378448e-02
1.773878745734691620e-02
1.801366545259952545e-02
1.831908524036407471e-02
1.860007084906101227e-02
1.889327354729175568e-02
1.915593445301055908e-02
1.945524848997592926e-02
1.975455880165100098e-02
2.004776149988174438e-02
2.033485658466815948e-02
2.061584219336509705e-02
2.092737145721912384e-02
2.122057601809501648e-02
2.151377685368061066e-02
2.181308902800083160e-02
2.213683351874351501e-02
2.243003621697425842e-02
2.275378257036209106e-02
2.304698526859283447e-02
2.334018982946872711e-02
2.366393245756626129e-02
2.398157119750976562e-02
2.429920807480812073e-02
2.459851838648319244e-02
2.490393817424774170e-02
2.522768452763557434e-02
2.552699483931064606e-02
2.582630701363086700e-02
2.614394389092922211e-02
2.646768838167190552e-02
2.679143287241458893e-02
2.710296213626861572e-02
2.741448953747749329e-02
2.773212641477584839e-02
2.803754620254039764e-02
2.835518307983875275e-02
2.866060286760330200e-02
2.897213213145732880e-02
2.927144244313240051e-02
2.955853752791881561e-02
2.986395917832851410e-02
3.019381128251552582e-02
3.049312159419059753e-02
3.080465085804462433e-02
3.109785541892051697e-02
3.139716386795043945e-02
3.169037029147148132e-02
3.197746351361274719e-02
3.228288143873214722e-02
3.256386891007423401e-02
3.283875063061714172e-02
3.313194960355758667e-02
3.341904282569885254e-02
3.370613977313041687e-02
3.398712724447250366e-02
3.429254516959190369e-02
3.460407257080078125e-02
3.487895056605339050e-02
3.518437221646308899e-02
3.544092550873756409e-02
3.574023768305778503e-02
3.603954613208770752e-02
3.633275255560874939e-02
3.663206100463867188e-02
3.688861429691314697e-02
3.716349229216575623e-02
3.744447976350784302e-02
3.771324828267097473e-02
3.800645098090171814e-02
3.828132897615432739e-02
3.855621069669723511e-02
3.882497921586036682e-02
3.908763825893402100e-02
3.935640677809715271e-02
3.962517902255058289e-02
3.987562283873558044e-02
4.015050083398818970e-02
4.044370353221893311e-02
4.072469100356101990e-02
4.101178422570228577e-02
4.128666222095489502e-02
4.157986491918563843e-02
4.186695814132690430e-02
4.215405136346817017e-02
4.244115203619003296e-02
4.272824525833129883e-02
4.303366318345069885e-02
4.332686588168144226e-02
4.361395910382270813e-02
4.393159970641136169e-02
4.421869292855262756e-02
4.451189562678337097e-02
4.479899257421493530e-02
4.509830102324485779e-02
4.539761319756507874e-02
4.567249119281768799e-02
4.596569389104843140e-02
4.626500606536865234e-02
4.655209928750991821e-02
4.685141518712043762e-02
4.714461416006088257e-02
4.744392633438110352e-02
4.771880432963371277e-02
4.799368232488632202e-02
4.825023561716079712e-02
4.851900413632392883e-02
4.881220683455467224e-02
4.908708482980728149e-02
4.936807230114936829e-02
4.966127499938011169e-02
4.993004724383354187e-02
5.021103471517562866e-02
5.051034316420555115e-02
5.079132691025733948e-02
5.106620863080024719e-02
5.135330185294151306e-02
5.160374566912651062e-02
5.189083889126777649e-02
5.215961113572120667e-02
5.243448540568351746e-02
5.269714817404747009e-02
5.295980721712112427e-02
5.323468893766403198e-02
5.350345745682716370e-02
5.376611649990081787e-02
5.404710397124290466e-02
5.430976301431655884e-02
5.458464473485946655e-02
5.483508855104446411e-02
5.508553236722946167e-02
5.536041036248207092e-02
5.562306940555572510e-02
5.589794740080833435e-02
5.616671591997146606e-02
