-0.000000000000000000e+00
6.108397883508587256e-06
3.054198896279558539e-05
9.162596688838675618e-05
1.832519337767735124e-04
2.932031056843698025e-04
4.520214570220559835e-04
6.291649769991636276e-04
8.307421230711042881e-04
1.081186463125050068e-03
1.343847485259175301e-03
1.624833792448043823e-03
1.918036956340074539e-03
2.211240120232105255e-03
2.504443284124135971e-03
2.791537670418620110e-03
3.145824884995818138e-03
3.463461529463529587e-03
3.756664693355560303e-03
4.068193025887012482e-03
4.391937982290983200e-03
4.697358235716819763e-03
5.008886568248271942e-03
5.320414435118436813e-03
5.613618064671754837e-03
5.925145931541919708e-03
6.236674264073371887e-03
6.529876962304115295e-03
6.829188670963048935e-03
7.116283290088176727e-03
7.409486919641494751e-03
7.696581538766622543e-03
7.965351454913616180e-03
8.228012360632419586e-03
8.508997969329357147e-03
8.796093054115772247e-03
9.089296683669090271e-03
9.364173747599124908e-03
9.645160287618637085e-03
9.920038282871246338e-03
1.018880773335695267e-02
1.043925154954195023e-02
1.068969629704952240e-02
1.092181541025638580e-02
1.118447724729776382e-02
1.143492106348276138e-02
1.169147435575723648e-02
1.193580869585275650e-02
1.220457907766103745e-02
1.245502382516860962e-02
1.272990088909864426e-02
1.298645418137311935e-02
1.323079038411378860e-02
1.351177599281072617e-02
1.378665491938591003e-02
1.405542343854904175e-02
1.433030143380165100e-02
1.459907181560993195e-02
1.488005742430686951e-02
1.515493448823690414e-02
1.541148778051137924e-02
1.569858193397521973e-02
1.598567701876163483e-02
1.625444553792476654e-02
1.653543300926685333e-02
1.682252809405326843e-02
1.710962317883968353e-02
1.739671640098094940e-02
1.768381148576736450e-02
1.798312366008758545e-02
1.827021874487400055e-02
1.858785375952720642e-02
1.888105832040309906e-02
1.919869333505630493e-02
1.952854730188846588e-02
1.985229365527629852e-02
2.016992866992950439e-02
2.048756554722785950e-02
2.081742137670516968e-02
2.114727348089218140e-02
2.146491035819053650e-02
2.181919664144515991e-02
2.216126769781112671e-02
2.250333875417709351e-02
2.285762503743171692e-02
2.320580370724201202e-02
2.356619760394096375e-02
2.392659336328506470e-02
2.428699098527431488e-02
2.464738674461841583e-02
2.499556355178356171e-02
2.534374222159385681e-02
2.569192089140415192e-02
2.604009956121444702e-02
2.638217061758041382e-02
2.671813219785690308e-02
2.705409377813339233e-02
2.739005722105503082e-02
2.772601880133152008e-02
2.807419747114181519e-02
2.842237427830696106e-02
2.877055294811725616e-02
2.912484109401702881e-02
2.946080453693866730e-02
2.983341552317142487e-02
3.019381128251552582e-02
3.056031465530395508e-02
3.093292564153671265e-02
3.131164610385894775e-02
3.168426081538200378e-02
3.206298127770423889e-02
3.244170174002647400e-02
3.282042220234870911e-02
3.321136161684989929e-02
3.360840678215026855e-02
3.400545194745063782e-02
3.440860286355018616e-02
3.482398018240928650e-02
3.524545580148696899e-02
3.566082939505577087e-02
3.608230501413345337e-02
3.650378435850143433e-02
3.693137317895889282e-02
3.737117722630500793e-02
3.781098127365112305e-02
3.825078904628753662e-02
3.867226839065551758e-02
3.912429139018058777e-02
3.955798223614692688e-02
4.001611471176147461e-02
4.046813398599624634e-02
4.091405123472213745e-02
4.139661416411399841e-02
4.187917709350585938e-02
4.234341531991958618e-02
4.280764982104301453e-02
4.327189177274703979e-02
4.373002424836158752e-02
4.416371509432792664e-02
4.458519816398620605e-02
4.502500221133232117e-02
4.543426632881164551e-02
4.584963619709014893e-02
4.626500606536865234e-02
4.670481011271476746e-02
4.715072363615036011e-02
4.759052768349647522e-02
4.800589755177497864e-02
4.841516166925430298e-02
4.884885624051094055e-02
4.926422983407974243e-02
4.967959970235824585e-02
5.010718852281570435e-02
5.055310204625129700e-02
5.096236243844032288e-02
5.136551707983016968e-02
5.179310590028762817e-02
5.219625681638717651e-02
5.259941518306732178e-02
5.299035087227821350e-02
5.341183021664619446e-02
5.382109433412551880e-02
5.419981479644775391e-02
5.460296943783760071e-02
5.498779565095901489e-02
5.537873506546020508e-02
5.578799918293952942e-02
5.617282912135124207e-02
5.657598003745079041e-02
5.696080997586250305e-02
5.733953043818473816e-02
5.771825090050697327e-02
5.811529979109764099e-02
5.850623548030853271e-02
5.889106541872024536e-02
5.926978588104248047e-02
5.965461209416389465e-02
6.003333628177642822e-02
6.040594726800918579e-02
6.079077348113059998e-02
6.117560714483261108e-02
6.155432388186454773e-02
6.191472336649894714e-02
6.227511540055274963e-02
6.265994906425476074e-02
6.302034109830856323e-02
6.339295208454132080e-02
6.376557052135467529e-02
6.413817405700683594e-02
6.449857354164123535e-02
6.485897302627563477e-02
6.520714610815048218e-02
6.558586657047271729e-02
6.594015657901763916e-02
6.628833711147308350e-02
6.662429869174957275e-02
6.697247177362442017e-02
6.733287125825881958e-02
6.769327074289321899e-02
6.805366277694702148e-02
6.840795278549194336e-02
