-0.000000000000000000e+00
1.221679558511823416e-04
5.131054203957319260e-04
1.233896357007324696e-03
2.076855162158608437e-03
3.115282859653234482e-03
4.294204059988260269e-03
5.674701649695634842e-03
7.097958121448755264e-03
8.576191030442714691e-03
1.009718235582113266e-02
1.169758196920156479e-02
1.321857329457998276e-02
1.477010641247034073e-02
1.635218039155006409e-02
1.792814582586288452e-02
1.952854916453361511e-02
2.112284116446971893e-02
2.268658950924873352e-02
2.426255680620670319e-02
2.587517350912094116e-02
2.742059901356697083e-02
2.899656444787979126e-02
3.060307167470455170e-02
3.211795911192893982e-02
3.366338089108467102e-02
3.525767102837562561e-02
3.681531548500061035e-02
3.846458345651626587e-02
4.001611471176147461e-02
4.167149215936660767e-02
4.333297163248062134e-02
4.491505026817321777e-02
4.641771689057350159e-02
4.799978807568550110e-02
4.964295029640197754e-02
5.120670422911643982e-02
5.283153429627418518e-02
5.447469279170036316e-02
5.614839494228363037e-02
5.787096545100212097e-02
5.956910178065299988e-02
6.116338819265365601e-02
6.275157630443572998e-02
6.445581465959548950e-02
6.615395098924636841e-02
6.783986836671829224e-02
6.953189522027969360e-02
7.124834507703781128e-02
7.295870780944824219e-02
7.470570504665374756e-02
7.641605287790298462e-02
7.813251763582229614e-02
7.992839068174362183e-02
8.174258470535278320e-02
8.353234082460403442e-02
8.537707477807998657e-02
8.722791820764541626e-02
8.904822915792465210e-02
9.086852520704269409e-02
9.260942041873931885e-02
9.444193542003631592e-02
9.626223891973495483e-02
9.809476137161254883e-02
9.995782375335693359e-02
1.018697470426559448e-01
1.038549840450286865e-01
1.057730168104171753e-01
1.077276989817619324e-01
1.097129359841346741e-01
1.116370707750320435e-01
1.136284247040748596e-01
1.155403405427932739e-01
1.175377890467643738e-01
1.196024343371391296e-01
1.217709183692932129e-01
1.238355636596679688e-01
1.259734928607940674e-01
1.281236410140991211e-01
1.303532123565673828e-01
1.324789375066757202e-01
1.346962749958038330e-01
1.369869410991668701e-01
1.391859501600265503e-01
1.415193527936935425e-01
1.436939537525177002e-01
1.459601670503616333e-01
1.482691317796707153e-01
1.505964398384094238e-01
1.528504490852355957e-01
1.550922244787216187e-01
1.573156863451004028e-01
1.595696806907653809e-01
1.618664264678955078e-01
1.641204506158828735e-01
1.663561314344406128e-01
1.686895191669464111e-01
1.709740459918975830e-01
1.732891499996185303e-01
1.756103336811065674e-01
1.780109405517578125e-01
1.803382337093353271e-01
1.827571541070938110e-01
1.851088851690292358e-01
1.875156015157699585e-01
1.898978799581527710e-01
1.922251582145690918e-01
1.945829987525939941e-01
1.970019340515136719e-01
1.993903219699859619e-01
2.017909288406372070e-01
2.041426599025726318e-01
2.064821720123291016e-01
2.088583558797836304e-01
2.111856341361999512e-01
2.135312706232070923e-01
2.159196585416793823e-01
2.181980907917022705e-01
2.206108868122100830e-01
2.229442894458770752e-01
2.253693491220474243e-01
2.277393937110900879e-01
2.301888763904571533e-01
2.326444387435913086e-01
2.349839657545089722e-01
2.373784631490707397e-01
2.396019101142883301e-01
2.418986707925796509e-01
2.441832125186920166e-01
2.465410530567169189e-01
2.489172071218490601e-01
2.512506246566772461e-01
2.536695599555969238e-01
2.560395896434783936e-01
2.584585249423980713e-01
2.608469128608703613e-01
2.632353007793426514e-01
2.656359076499938965e-01
2.680059671401977539e-01
2.704981863498687744e-01
2.729598581790924072e-01
2.753788232803344727e-01
2.777244150638580322e-01
2.801006138324737549e-01
2.825073003768920898e-01
2.849384546279907227e-01
2.873451709747314453e-01
2.896602451801300049e-01
2.919813990592956543e-01
2.942659556865692139e-01
2.965932488441467285e-01
2.988228499889373779e-01
3.011257350444793701e-01
3.034957349300384521e-01
3.058291375637054443e-01
3.081503212451934814e-01
3.104654252529144287e-01
3.126949965953826904e-01
3.149245679378509521e-01
3.171907663345336914e-01
3.195119500160217285e-01
3.217598497867584229e-01
3.239039182662963867e-01
3.260968327522277832e-01
3.282836377620697021e-01
3.304032683372497559e-01
3.325533866882324219e-01
3.347585201263427734e-01
3.369575440883636475e-01
3.391199111938476562e-01
3.412517309188842773e-01
3.432980775833129883e-01
3.454298973083496094e-01
3.475861847400665283e-01
3.497607707977294922e-01
3.519414663314819336e-01
3.540977239608764648e-01
3.562234640121459961e-01
3.584347069263458252e-01
3.606642186641693115e-01
3.627899587154388428e-01
3.649523258209228516e-01
3.670719265937805176e-01
3.691915571689605713e-01
3.714150190353393555e-01
3.735529780387878418e-01
3.756970167160034180e-01
3.777922093868255615e-01
3.799545764923095703e-01
3.820742070674896240e-01
3.841510415077209473e-01
3.861851394176483154e-01
3.883230984210968018e-01
3.904671370983123779e-01
3.924767971038818359e-01
3.945047557353973389e-01
3.966182768344879150e-01
3.987928628921508789e-01
4.009063839912414551e-01
4.030626714229583740e-01
4.052067101001739502e-01
