-0.000000000000000000e+00
7.330077642109245062e-05
2.932031056843698025e-04
6.902489694766700268e-04
1.221679616719484329e-03
1.814194256439805031e-03
2.510551363229751587e-03
3.255776129662990570e-03
4.092626739293336868e-03
5.002778023481369019e-03
5.943471100181341171e-03
6.914706435054540634e-03
7.855399511754512787e-03
8.844960480928421021e-03
9.865062311291694641e-03
1.088516507297754288e-02
1.192359253764152527e-02
1.293147820979356766e-02
1.393936481326818466e-02
1.499000843614339828e-02
1.608341187238693237e-02
1.714627258479595184e-02
1.817248389124870300e-02
1.921091042459011078e-02
2.027377299964427948e-02
2.135496027767658234e-02
2.241171337664127350e-02
2.346235699951648712e-02
2.451911009848117828e-02
2.553921192884445190e-02
2.654709853231906891e-02
2.756109274923801422e-02
2.856286801397800446e-02
2.957075461745262146e-02
3.056031465530395508e-02
3.158041834831237793e-02
3.257608786225318909e-02
3.360840678215026855e-02
3.461629152297973633e-02
3.561196103692054749e-02
3.661374002695083618e-02
3.759108111262321472e-02
3.857453167438507080e-02
3.952133655548095703e-02
4.049868136644363403e-02
4.146380722522735596e-02
4.246558248996734619e-02
4.343681782484054565e-02
4.443859308958053589e-02
4.540372267365455627e-02
4.642382264137268066e-02
4.741338267922401428e-02
4.839072749018669128e-02
4.939250648021697998e-02
5.040039122104644775e-02
5.138384178280830383e-02
5.239172652363777161e-02
5.337518081068992615e-02
5.437085032463073730e-02
5.537873506546020508e-02
5.636218562722206116e-02
5.738228932023048401e-02
5.837795883417129517e-02
5.937362834811210632e-02
6.036318838596343994e-02
6.137718260288238525e-02
6.242171674966812134e-02
6.346014887094497681e-02
6.449246406555175781e-02
6.554310768842697144e-02
6.656321138143539429e-02
6.761385500431060791e-02
6.865839660167694092e-02
6.975790113210678101e-02
7.085131108760833740e-02
7.194470614194869995e-02
7.300756871700286865e-02
7.410708814859390259e-02
7.522492110729217529e-02
7.633664458990097046e-02
7.744838297367095947e-02
7.858454436063766479e-02
7.972070574760437012e-02
8.088129758834838867e-02
8.204800635576248169e-02
8.320859819650650024e-02
8.438751846551895142e-02
8.555421978235244751e-02
8.676368743181228638e-02
8.794871717691421509e-02
8.910930901765823364e-02
9.028822928667068481e-02
9.144882112741470337e-02
9.265218675136566162e-02
9.381888806819915771e-02
9.499780088663101196e-02
9.619504958391189575e-02
9.738618135452270508e-02
9.858954697847366333e-02
9.978678822517395020e-02
1.009840294718742371e-01
1.022057086229324341e-01
1.034335047006607056e-01
1.046246439218521118e-01
1.058585345745086670e-01
1.070496737957000732e-01
1.082713529467582703e-01
1.094808205962181091e-01
1.107330396771430969e-01
1.119669377803802490e-01
1.132130473852157593e-01
1.144652739167213440e-01
1.157052740454673767e-01
1.169636026024818420e-01
1.182280406355857849e-01
1.195046976208686829e-01
1.207935735583305359e-01
1.220641210675239563e-01
1.233774200081825256e-01
1.246846169233322144e-01
1.259734928607940674e-01
1.273051202297210693e-01
1.286306530237197876e-01
1.299806088209152222e-01
1.313305497169494629e-01
1.327110528945922852e-01
1.340548992156982422e-01
1.354231834411621094e-01
1.367975771427154541e-01
1.381963938474655151e-01
1.395891159772872925e-01
1.409757286310195923e-01
1.424050778150558472e-01
1.438283324241638184e-01
1.452699154615402222e-01
1.466931700706481934e-01
1.481164395809173584e-01
1.495335847139358521e-01
1.509324014186859131e-01
1.523312181234359741e-01
1.537056118249893188e-01
1.551044434309005737e-01
1.564727127552032471e-01
1.578715443611145020e-01
1.593070179224014282e-01
1.607119441032409668e-01
1.621352136135101318e-01
1.635279208421707153e-01
1.649633944034576416e-01
1.663988679647445679e-01
1.678099036216735840e-01
1.692270487546920776e-01
1.706503182649612427e-01
1.720857918262481689e-01
1.735029369592666626e-01
1.749017685651779175e-01
1.763250082731246948e-01
1.777360588312149048e-01
1.791532039642333984e-01
1.805764585733413696e-01
1.819997131824493408e-01
1.833985447883605957e-01
1.847912669181823730e-01
1.861900836229324341e-01
1.875827908515930176e-01
1.889816075563430786e-01
1.903926581144332886e-01
1.918036937713623047e-01
1.932086348533630371e-01
1.946135610342025757e-01
1.960429251194000244e-01
1.974539607763290405e-01
1.988894343376159668e-01
2.003187984228134155e-01
2.017420679330825806e-01
2.031897455453872681e-01
2.046252340078353882e-01
2.060729116201400757e-01
2.074961662292480469e-01
2.089499682188034058e-01
2.103976607322692871e-01
2.118514627218246460e-01
2.132869213819503784e-01
2.147040814161300659e-01
2.161456644535064697e-01
2.175628095865249634e-01
2.189860641956329346e-01
2.204215377569198608e-01
2.218448072671890259e-01
2.232680469751358032e-01
2.246790975332260132e-01
2.260901331901550293e-01
2.275194972753524780e-01
2.289488613605499268e-01
2.303599119186401367e-01
2.317831516265869141e-01
2.332125306129455566e-01
2.346968650817871094e-01
2.361567616462707520e-01
2.376166880130767822e-01
2.391010075807571411e-01
