-0.000000000000000000e+00
1.221679576701717451e-05
6.108397792559117079e-05
1.588183513376861811e-04
2.932031056843698025e-04
4.520214570220559835e-04
6.352734053507447243e-04
8.551757200621068478e-04
1.111728372052311897e-03
1.411039964295923710e-03
1.698134699836373329e-03
2.003554487600922585e-03
2.302865963429212570e-03
2.620502607896924019e-03
2.944247797131538391e-03
3.261884441599249840e-03
3.567304462194442749e-03
3.872724249958992004e-03
4.172035492956638336e-03
4.453022032976150513e-03
4.764550365507602692e-03
5.045536439865827560e-03
5.326522979885339737e-03
5.613618064671754837e-03
5.888495594263076782e-03
6.175590679049491882e-03
6.468793377280235291e-03
6.755887996405363083e-03
7.061307784169912338e-03
7.360619492828845978e-03
7.653822191059589386e-03
7.965351454913616180e-03
8.252445608377456665e-03
8.527323603630065918e-03
8.808309212327003479e-03
9.101512841880321503e-03
9.376390837132930756e-03
9.651268832385540009e-03
9.944471530616283417e-03
1.021934952586889267e-02
1.050644367933273315e-02
1.081186346709728241e-02
1.109285093843936920e-02
1.135551184415817261e-02
1.165482308715581894e-02
1.194802671670913696e-02
1.223512087017297745e-02
1.251610741019248962e-02
1.280931103974580765e-02
1.311473082751035690e-02
1.342014968395233154e-02
1.369502861052751541e-02
1.397601421922445297e-02
1.426921784877777100e-02
1.456242054700851440e-02
1.484951470047235489e-02
1.516104396432638168e-02
1.544813811779022217e-02
1.574745029211044312e-02
1.605287007987499237e-02
1.634607277810573578e-02
1.665760017931461334e-02
1.695080287754535675e-02
1.724400743842124939e-02
1.754942722618579865e-02
1.787927933037281036e-02
1.823356747627258301e-02
1.857563853263854980e-02
1.892381720244884491e-02
1.926588639616966248e-02
1.958963274955749512e-02
1.992559432983398438e-02
2.023101411759853363e-02
2.056697569787502289e-02
2.090293727815151215e-02
2.125111594796180725e-02
2.158096991479396820e-02
2.190471440553665161e-02
2.227121964097023010e-02
2.263772115111351013e-02
2.297979407012462616e-02
2.335240505635738373e-02
2.373112738132476807e-02
2.409152314066886902e-02
2.448856644332408905e-02
2.488561160862445831e-02
2.527655102312564850e-02
2.567359805107116699e-02
2.609507553279399872e-02
2.649823017418384552e-02
2.690138481557369232e-02
2.729232236742973328e-02
2.770769223570823669e-02
2.811695449054241180e-02
2.852621860802173615e-02
2.893548086285591125e-02
2.936306968331336975e-02
2.979676425457000732e-02
3.021213598549365997e-02
3.062750771641731262e-02
3.105509653687477112e-02
3.148268163204193115e-02
3.192248567938804626e-02
3.235618025064468384e-02
3.279599174857139587e-02
3.323579579591751099e-02
3.365727141499519348e-02
3.409096971154212952e-02
3.453687950968742371e-02
3.498890250921249390e-02
3.546535968780517578e-02
3.592348843812942505e-02
3.638161718845367432e-02
3.686418011784553528e-02
3.734063729643821716e-02
3.781709447503089905e-02
3.830576315522193909e-02
3.880054503679275513e-02
3.929532319307327271e-02
3.978399559855461121e-02
4.027266800403594971e-02
4.077966138720512390e-02
4.130498319864273071e-02
4.183641821146011353e-02
4.238006472587585449e-02
4.291149601340293884e-02
4.341849312186241150e-02
4.395603016018867493e-02
4.450578615069389343e-02
4.507997632026672363e-02
4.563584178686141968e-02
4.618559777736663818e-02
4.675367847084999084e-02
4.732786491513252258e-02
4.792038351297378540e-02
4.851289838552474976e-02
4.911151900887489319e-02
4.970403388142585754e-02
5.028433352708816528e-02
5.085241422057151794e-02
5.141438543796539307e-02
5.197635665535926819e-02
5.252611637115478516e-02
5.311251804232597351e-02
5.369281768798828125e-02
5.427311733365058899e-02
5.485341325402259827e-02
5.542760342359542847e-02
5.601400882005691528e-02
5.660652369260787964e-02
5.721125379204750061e-02
5.780987814068794250e-02
5.841460824012756348e-02
5.903155729174613953e-02
5.962407216429710388e-02
6.022269278764724731e-02
6.083353608846664429e-02
6.145659089088439941e-02
6.208575889468193054e-02
6.270880997180938721e-02
6.335019320249557495e-02
6.397324800491333008e-02
6.458409130573272705e-02
6.520714610815048218e-02
6.583020836114883423e-02
6.644715368747711182e-02
6.708242744207382202e-02
6.771769374608993530e-02
6.838351488113403320e-02
6.903711706399917603e-02
6.971514970064163208e-02
7.038095593452453613e-02
7.105898857116699219e-02
7.176145911216735840e-02
7.244560122489929199e-02
7.312363386154174805e-02
7.380776852369308472e-02
7.449802756309509277e-02
7.518216222524642944e-02
7.587851583957672119e-02
7.657487690448760986e-02
7.728955894708633423e-02
7.799813151359558105e-02
7.870671153068542480e-02
7.941528409719467163e-02
8.010552823543548584e-02
8.080188930034637451e-02
8.150435984134674072e-02
8.221904188394546509e-02
8.292761445045471191e-02
8.363007009029388428e-02
8.433254063129425049e-02
8.505333214998245239e-02
8.577412366867065430e-02
8.648269623517990112e-02
8.719126880168914795e-02
8.793649077415466309e-02
8.871836960315704346e-02
8.948192000389099121e-02
9.024547040462493896e-02
9.101513028144836426e-02
