-0.000000000000000000e+00
1.221679576701717451e-05
6.719237717334181070e-05
1.893603330245241523e-04
3.481786989141255617e-04
5.802978412248194218e-04
8.307421230711042881e-04
1.203354331664741039e-03
1.575966714881360531e-03
1.991337863728404045e-03
2.412817208096385002e-03
2.852621721103787422e-03
3.280209843069314957e-03
3.738339524716138840e-03
4.184252582490444183e-03
4.624057095497846603e-03
5.088295321911573410e-03
5.528099834918975830e-03
5.961796268820762634e-03
6.383276078850030899e-03
6.823080591857433319e-03
7.244559936225414276e-03
7.672147825360298157e-03
8.087518624961376190e-03
8.502889424562454224e-03
8.918260224163532257e-03
9.339740499854087830e-03
9.736785665154457092e-03
1.015826594084501266e-02
1.055531110614538193e-02
1.100122462958097458e-02
1.144713815301656723e-02
1.188083365559577942e-02
1.230842247605323792e-02
1.274822652339935303e-02
1.320635620504617691e-02
1.364005263894796371e-02
1.408596523106098175e-02
1.453187875449657440e-02
1.496557518839836121e-02
1.541759725660085678e-02
1.585129275918006897e-02
1.627277210354804993e-02
1.668203622102737427e-02
1.710351370275020599e-02
1.754331961274147034e-02
1.797701418399810791e-02
1.841071061789989471e-02
1.885051466524600983e-02
1.929642818868160248e-02
1.974845118820667267e-02
2.018825523555278778e-02
2.063416875898838043e-02
2.107397280633449554e-02
2.152599580585956573e-02
2.197801508009433746e-02
2.246057800948619843e-02
2.293092571198940277e-02
2.338905446231365204e-02
2.385940216481685638e-02
2.431142516434192657e-02
2.476955391466617584e-02
2.522157505154609680e-02
2.569192089140415192e-02
2.617448382079601288e-02
2.668148279190063477e-02
2.718237042427062988e-02
2.767715044319629669e-02
2.820858173072338104e-02
2.874612063169479370e-02
2.925922535359859467e-02
2.977843955159187317e-02
3.029154613614082336e-02
3.084130026400089264e-02
3.139716386795043945e-02
3.198357298970222473e-02
3.256997838616371155e-02
3.315027803182601929e-02
3.376111760735511780e-02
3.437806293368339539e-02
3.498279675841331482e-02
3.561196103692054749e-02
3.625945001840591431e-02
3.690693899989128113e-02
3.759719058871269226e-02
3.826300427317619324e-02
3.895325586199760437e-02
3.964350000023841858e-02
4.032153263688087463e-02
4.098735004663467407e-02
4.163484275341033936e-02
4.228232800960540771e-02
4.292371496558189392e-02
4.355898499488830566e-02
4.417593404650688171e-02
4.475623369216918945e-02
4.536707326769828796e-02
4.596569389104843140e-02
4.657653346657752991e-02
4.715072363615036011e-02
4.775545373558998108e-02
4.834186285734176636e-02
4.895270243287086487e-02
4.951467365026473999e-02
5.009496957063674927e-02
5.065083876252174377e-02
5.118226632475852966e-02
5.169537290930747986e-02
5.222680419683456421e-02
5.273379758000373840e-02
5.325301364064216614e-02
5.375390127301216125e-02
5.424868315458297729e-02
5.475568026304244995e-02
5.523213744163513184e-02
5.571470037102699280e-02
5.620336905121803284e-02
5.666149780154228210e-02
5.715017020702362061e-02
5.762662366032600403e-02
5.810308083891868591e-02
5.856731906533241272e-02
5.905599147081375122e-02
5.953855440020561218e-02
6.000889837741851807e-02
6.049146503210067749e-02
6.094959750771522522e-02
6.141994148492813110e-02
6.187807023525238037e-02
6.234230846166610718e-02
6.280654668807983398e-02
6.328300386667251587e-02
6.376557052135467529e-02
6.422980129718780518e-02
6.471847742795944214e-02
6.521325558423995972e-02
6.572025269269943237e-02
6.620892137289047241e-02
6.669148802757263184e-02
6.718627363443374634e-02
6.770548224449157715e-02
6.822469085454940796e-02
6.871947646141052246e-02
6.922036409378051758e-02
6.975179165601730347e-02
7.028322666883468628e-02
7.080243527889251709e-02
7.131554186344146729e-02
7.181643694639205933e-02
7.231121510267257690e-02
7.282431423664093018e-02
7.331909984350204468e-02
7.383831590414047241e-02
7.437585294246673584e-02
7.491949945688247681e-02
7.544482499361038208e-02
7.598236203193664551e-02
7.650157809257507324e-02
7.702078670263290405e-02
7.755832374095916748e-02
7.808975875377655029e-02
7.860896736383438110e-02
7.910986244678497314e-02
7.960464805364608765e-02
8.009941875934600830e-02
8.057587593793869019e-02
8.108287304639816284e-02
8.159597963094711304e-02
8.210908621549606323e-02
8.262219280004501343e-02
8.311697095632553101e-02
8.360564708709716797e-02
8.411875367164611816e-02
8.463185280561447144e-02
8.513274043798446655e-02
8.563973754644393921e-02
8.613452315330505371e-02
8.662319183349609375e-02
8.714851737022399902e-02
8.768604695796966553e-02
8.822359144687652588e-02
8.876112848520278931e-02
8.926812559366226196e-02
8.980566263198852539e-02
9.035542607307434082e-02
9.091739356517791748e-02
9.147936850786209106e-02
9.204744547605514526e-02
9.262163192033767700e-02
9.317750483751296997e-02
9.373947232961654663e-02
9.428922832012176514e-02
9.484509378671646118e-02
9.540095180273056030e-02
9.594460576772689819e-02
9.648825228214263916e-02
9.705022722482681274e-02
9.761219471693038940e-02
9.816806018352508545e-02
9.874225407838821411e-02
9.930422157049179077e-02
