-0.000000000000000000e+00
1.466015528421849012e-04
6.963573978282511234e-04
1.447690417990088463e-03
2.278432482853531837e-03
3.182475222274661064e-03
4.104843828827142715e-03
5.069970153272151947e-03
6.028988864272832870e-03
7.012440823018550873e-03
7.989784702658653259e-03
8.936586789786815643e-03
9.895605035126209259e-03
1.085462328046560287e-02
1.181975007057189941e-02
1.285817753523588181e-02
1.387827936559915543e-02
1.491060014814138412e-02
1.596124283969402313e-02
1.703021489083766937e-02
1.811750791966915131e-02
1.924145407974720001e-02
2.035318128764629364e-02
2.147712744772434235e-02
2.261939831078052521e-02
2.376166731119155884e-02
2.488561160862445831e-02
2.604009956121444702e-02
2.722512930631637573e-02
2.833074890077114105e-02
2.947912737727165222e-02
3.061528876423835754e-02
3.173923492431640625e-02
3.284485638141632080e-02
3.399323299527168274e-02
3.514161333441734314e-02
3.627777472138404846e-02
3.746891394257545471e-02
3.864783421158790588e-02
3.986340388655662537e-02
4.104843363165855408e-02
4.223956912755966187e-02
4.345514252781867981e-02
4.467071592807769775e-02
4.592293500900268555e-02
4.717515408992767334e-02
4.840905219316482544e-02
4.964905977249145508e-02
5.093793198466300964e-02
5.218404531478881836e-02
5.349124222993850708e-02
5.471292138099670410e-02
5.592849105596542358e-02
5.715627968311309814e-02
5.837795883417129517e-02
5.967294052243232727e-02
6.094959750771522522e-02
6.220181658864021301e-02
6.340517103672027588e-02
6.464517116546630859e-02
6.584852933883666992e-02
6.704577803611755371e-02
6.822469085454940796e-02
6.944637000560760498e-02
7.065583765506744385e-02
7.187140733003616333e-02
7.305032759904861450e-02
7.422924786806106567e-02
7.538984715938568115e-02
7.655654847621917725e-02
7.767438143491744995e-02
7.880444079637527466e-02
7.989784330129623413e-02
8.107676357030868530e-02
8.225568383932113647e-02
8.341628313064575195e-02
8.459519594907760620e-02
8.573747426271438599e-02
8.685530722141265869e-02
8.797314763069152832e-02
8.908487856388092041e-02
9.024547040462493896e-02
9.144271910190582275e-02
9.263996034860610962e-02
9.381277114152908325e-02
9.494893997907638550e-02
9.606677293777465820e-02
9.718460589647293091e-02
9.826579689979553223e-02
9.937141090631484985e-02
1.004526093602180481e-01
1.015460044145584106e-01
1.026271954178810120e-01
1.036778390407562256e-01
1.047407016158103943e-01
1.057791262865066528e-01
1.068114489316940308e-01
1.078132241964340210e-01
1.088027879595756531e-01
1.097862422466278076e-01
1.107696890830993652e-01
1.117714717984199524e-01
1.127732396125793457e-01
1.137689128518104553e-01
1.148134469985961914e-01
1.158396601676940918e-01
1.168414354324340820e-01
1.178737580776214600e-01
1.188633143901824951e-01
1.198650896549224854e-01
1.208974123001098633e-01
1.218991950154304504e-01
1.228704228997230530e-01
1.238355487585067749e-01
1.247884631156921387e-01
1.257291585206985474e-01
1.266393065452575684e-01
1.275555640459060669e-01
1.284779310226440430e-01
1.293941885232925415e-01
1.302860230207443237e-01
1.311656385660171509e-01
1.320574432611465454e-01
1.329676061868667603e-01
1.338472068309783936e-01
1.347207129001617432e-01
1.355392485857009888e-01
1.363822072744369507e-01
1.372251659631729126e-01
1.380559056997299194e-01
1.388988643884658813e-01
1.397051662206649780e-01
1.405237019062042236e-01
1.413544267416000366e-01
1.421546339988708496e-01
1.429792642593383789e-01
1.437916904687881470e-01
1.446041166782379150e-01
1.454165130853652954e-01
1.461983919143676758e-01
1.469497233629226685e-01
1.477071642875671387e-01
1.484584957361221313e-01
1.491976231336593628e-01
1.499306261539459229e-01
1.506636291742324829e-01
1.513905376195907593e-01
1.521357595920562744e-01
1.528626531362533569e-01
1.535590142011642456e-01
1.542737036943435669e-01
1.549761593341827393e-01
1.556847393512725830e-01
1.563810855150222778e-01
1.570896804332733154e-01
1.577738076448440552e-01
1.584701687097549438e-01
1.591604202985763550e-01
1.598445624113082886e-01
1.605287045240402222e-01
1.612250506877899170e-01
1.619030982255935669e-01
1.625627875328063965e-01
1.632469296455383301e-01
1.639249771833419800e-01
1.646091043949127197e-01
1.653176844120025635e-01
1.659773886203765869e-01
1.666615307331085205e-01
1.673212498426437378e-01
1.679870486259460449e-01
1.686162054538726807e-01
1.692698150873184204e-01
1.699234098196029663e-01
1.705647855997085571e-01
1.712122857570648193e-01
1.718475669622421265e-01
1.724522858858108521e-01
1.730875670909881592e-01
1.737289428710937500e-01
1.743642091751098633e-01
1.749872714281082153e-01
1.756103336811065674e-01
1.762395054101943970e-01
1.768625527620315552e-01
1.774672865867614746e-01
1.780903488397598267e-01
1.786950677633285522e-01
1.793181300163269043e-01
1.799473017454147339e-01
1.805764585733413696e-01
1.811628788709640503e-01
1.817675977945327759e-01
1.823906600475311279e-01
1.829587370157241821e-01
1.835390329360961914e-01
1.841498762369155884e-01
1.847668141126632690e-01
1.853898763656616211e-01
1.859946101903915405e-01
1.865749061107635498e-01
