-0.000000000000000000e+00
-0.000000000000000000e+00
6.108397883508587256e-06
2.443359153403434902e-05
3.665038821054622531e-05
6.108397792559117079e-05
7.330077642109245062e-05
1.038427653838880360e-04
1.527099520899355412e-04
1.771435490809381008e-04
2.137939300155267119e-04
2.565527393016964197e-04
2.993114758282899857e-04
3.481786989141255617e-04
3.848290652967989445e-04
4.092626622878015041e-04
4.520214570220559835e-04
4.947802517563104630e-04
5.375390173867344856e-04
5.680810427293181419e-04
6.169481785036623478e-04
6.535986321978271008e-04
6.902489694766700268e-04
7.391161052510142326e-04
7.696581305935978889e-04
8.063085260801017284e-04
8.490673499181866646e-04
8.857176871970295906e-04
9.345848811790347099e-04
9.590184781700372696e-04
1.001777243800461292e-03
1.056752749718725681e-03
1.087294775061309338e-03
1.111728372052311897e-03
1.136162085458636284e-03
1.191137591376900673e-03
1.227787928655743599e-03
1.276655239053070545e-03
1.313305459916591644e-03
1.356064341962337494e-03
1.404931535944342613e-03
1.447690417990088463e-03
1.490449067205190659e-03
1.520991092547774315e-03
1.582075143232941628e-03
1.630942220799624920e-03
1.679809414781630039e-03
1.722568296827375889e-03
1.771435374394059181e-03
1.838627853430807590e-03
1.881386502645909786e-03
1.924145384691655636e-03
1.948578981682658195e-03
1.991337863728404045e-03
2.040205057710409164e-03
2.076855162158608437e-03
2.101288875564932823e-03
2.131830900907516479e-03
2.174589550122618675e-03
2.223456744104623795e-03
2.223456744104623795e-03
2.260107314214110374e-03
2.290649106726050377e-03
2.333408221602439880e-03
2.363950014114379883e-03
2.388383727520704269e-03
2.431142376735806465e-03
2.443359233438968658e-03
2.486117882654070854e-03
2.522768219932913780e-03
2.534985076636075974e-03
2.547201933339238167e-03
2.565527101978659630e-03
2.596069127321243286e-03
2.632719464600086212e-03
2.669370034709572792e-03
2.693803515285253525e-03
2.724345540627837181e-03
2.754887565970420837e-03
2.797646215185523033e-03
2.809863071888685226e-03
2.852621721103787422e-03
2.895380835980176926e-03
2.913705771788954735e-03
2.962572965770959854e-03
2.987006679177284241e-03
3.017548471689224243e-03
3.060307353734970093e-03
3.096957691013813019e-03
3.121391404420137405e-03
3.158041741698980331e-03
3.188583534210920334e-03
3.219125792384147644e-03
3.255776129662990570e-03
3.286318155005574226e-03
3.310751635581254959e-03
3.347402205690741539e-03
3.365727141499519348e-03
3.408486023545265198e-03
3.420702880248427391e-03
3.457353217527270317e-03
3.481786698102951050e-03
3.518437035381793976e-03
3.542870748788118362e-03
3.585629630833864212e-03
3.646713448688387871e-03
3.658930305391550064e-03
3.677255706861615181e-03
3.707797499373555183e-03
3.750556148588657379e-03
3.787206718698143959e-03
3.817748744040727615e-03
3.842182457447052002e-03
3.860507393255829811e-03
3.891049418598413467e-03
3.939916379749774933e-03
3.970458637923002243e-03
3.994892351329326630e-03
4.019325599074363708e-03
4.049867857247591019e-03
4.074301104992628098e-03
4.104843828827142715e-03
4.123168531805276871e-03
4.147602245211601257e-03
4.153710324317216873e-03
4.196469206362962723e-03
4.190361127257347107e-03
4.202577751129865646e-03
4.220902919769287109e-03
4.233120009303092957e-03
4.257553722709417343e-03
4.251444712281227112e-03
4.263661801815032959e-03
4.275878425687551498e-03
4.300312139093875885e-03
4.324745852500200272e-03
4.355287645012140274e-03
4.361396189779043198e-03
4.373612813651561737e-03
4.385829903185367584e-03
4.391937982290983200e-03
4.398046527057886124e-03
4.385829903185367584e-03
4.398046527057886124e-03
4.410263616591691971e-03
4.422480240464210510e-03
4.440805409103631973e-03
4.459130112081766129e-03
4.477455746382474899e-03
4.483563825488090515e-03
4.520214628428220749e-03
4.526322707533836365e-03
4.556864965707063675e-03
4.593515302985906601e-03
4.630165640264749527e-03
4.648490808904170990e-03
4.685141146183013916e-03
4.703466314822435379e-03
4.715682938694953918e-03
4.740116652101278305e-03
4.770658910274505615e-03
4.801200702786445618e-03
4.807309247553348541e-03
4.831742960959672928e-03
4.850068129599094391e-03
4.868392832577228546e-03
4.886718466877937317e-03
4.911151714622974396e-03
4.941693972796201706e-03
4.978344310075044632e-03
5.002778023481369019e-03
5.014994647353887558e-03
5.033319815993309021e-03
5.082187242805957794e-03
5.106620956212282181e-03
5.131054203957319260e-03
5.155487917363643646e-03
5.179921630769968033e-03
5.204355344176292419e-03
5.234897136688232422e-03
5.271547473967075348e-03
5.302089266479015350e-03
5.332631524652242661e-03
5.369281861931085587e-03
5.399823654443025589e-03
5.448691081255674362e-03
5.491449963301420212e-03
5.503666587173938751e-03
5.552533548325300217e-03
5.601400975137948990e-03
5.650267936289310455e-03
5.656376481056213379e-03
5.680810194462537766e-03
5.699135363101959229e-03
5.705243442207574844e-03
5.717460531741380692e-03
5.748002324253320694e-03
5.784652661532163620e-03
5.809086374938488007e-03
5.833520088344812393e-03
5.845737177878618240e-03
