-0.000000000000000000e+00
3.298534720670431852e-04
1.582075143232941628e-03
3.646713448688387871e-03
6.291649769991636276e-03
9.437475353479385376e-03
1.285206899046897888e-02
1.647434942424297333e-02
2.018214575946331024e-02
2.396935224533081055e-02
2.781764417886734009e-02
3.167204186320304871e-02
3.548979014158248901e-02
3.932586684823036194e-02
4.317415505647659302e-02
4.698579758405685425e-02
5.074246227741241455e-02
5.448080226778984070e-02
5.820081755518913269e-02
6.202467530965805054e-02
6.586074829101562500e-02
6.980676949024200439e-02
7.375279814004898071e-02
7.776601612567901611e-02
8.195026218891143799e-02
8.623225241899490356e-02
9.056921303272247314e-02
9.509553760290145874e-02
9.975013881921768188e-02
1.044658198952674866e-01
1.094319447875022888e-01
1.144041791558265686e-01
1.194130703806877136e-01
1.244586110115051270e-01
1.295652240514755249e-01
1.346840709447860718e-01
1.397662460803985596e-01
1.449095308780670166e-01
1.500588953495025635e-01
1.552021801471710205e-01
1.603087931871414185e-01
1.654398441314697266e-01
1.705098301172256470e-01
1.755675673484802246e-01
1.805520355701446533e-01
1.855425834655761719e-01
1.906125694513320923e-01
1.956214457750320435e-01
2.005875706672668457e-01
2.054987251758575439e-01
2.103365808725357056e-01
2.151133418083190918e-01
2.198840081691741943e-01
2.246668636798858643e-01
2.295413762331008911e-01
2.343547940254211426e-01
2.391315549612045288e-01
2.438533455133438110e-01
2.485751509666442871e-01
2.533335983753204346e-01
2.580309510231018066e-01
2.627283036708831787e-01
2.673645615577697754e-01
2.722024321556091309e-01
2.770219445228576660e-01
2.817742824554443359e-01
2.864227890968322754e-01
2.911201417446136475e-01
2.957686185836791992e-01
3.003865778446197510e-01
3.049739599227905273e-01
3.096347153186798096e-01
3.142892718315124512e-01
3.189805150032043457e-01
3.236351311206817627e-01
3.283080756664276123e-01
3.328771293163299561e-01
3.373912572860717773e-01
3.418320715427398682e-01
3.462300896644592285e-01
3.506464958190917969e-01
3.550933897495269775e-01
3.595525324344635010e-01
3.640055656433105469e-01
3.684830069541931152e-01
3.728749454021453857e-01
3.772668838500976562e-01
3.816282749176025391e-01
3.859896659851074219e-01
3.902838826179504395e-01
3.945597410202026367e-01
3.988233804702758789e-01
4.031054079532623291e-01
4.073446393013000488e-01
4.115472137928009033e-01
4.157864451408386230e-01
4.200073182582855225e-01
4.241671562194824219e-01
4.283452928066253662e-01
4.325051307678222656e-01
4.367077052593231201e-01
4.409408271312713623e-01
4.451678097248077393e-01
4.493948221206665039e-01
4.537501335144042969e-01
4.581054151058197021e-01
4.624729454517364502e-01
4.668282270431518555e-01
4.711468517780303955e-01
4.755265414714813232e-01
4.799001812934875488e-01
4.842005074024200439e-01
4.884458184242248535e-01
4.927155971527099609e-01
4.969670474529266357e-01
5.011879205703735352e-01
5.053843855857849121e-01
5.095564723014831543e-01
5.137467980384826660e-01
5.179616212844848633e-01
5.221152901649475098e-01
5.262629389762878418e-01
5.303494334220886230e-01
5.344603657722473145e-01
5.385102629661560059e-01
5.425845384597778320e-01
5.465794801712036133e-01
5.505865216255187988e-01
5.546181201934814453e-01
5.586557388305664062e-01
5.627056360244750977e-01
5.667188167572021484e-01
5.707564949989318848e-01
5.748063325881958008e-01
5.788928866386413574e-01
5.830343365669250488e-01
5.871270298957824707e-01
5.911707878112792969e-01
5.952511429786682129e-01
5.992949008941650391e-01
6.033508777618408203e-01
6.073518395423889160e-01
6.113284826278686523e-01
6.153050661087036133e-01
6.193243265151977539e-01
6.233437061309814453e-01
6.274057626724243164e-01
6.314556002616882324e-01
6.354932785034179688e-01
6.396469473838806152e-01
6.437213420867919922e-01
6.477161645889282227e-01
6.516622304916381836e-01
6.556020975112915039e-01
6.594992876052856445e-01
6.633170247077941895e-01
6.672019362449645996e-01
6.711052060127258301e-01
6.750084757804870605e-01
6.788995265960693359e-01
6.828578114509582520e-01
6.867794394493103027e-01
6.906704902648925781e-01
6.945737600326538086e-01
6.985014081001281738e-01
7.024962902069091797e-01
7.064545154571533203e-01
7.104066610336303711e-01
7.143771648406982422e-01
7.183109521865844727e-01
7.222936153411865234e-01
7.263557314872741699e-01
7.303933501243591309e-01
7.344554662704467773e-01
7.385846972465515137e-01
7.427262067794799805e-01
7.468921542167663574e-01
7.510214447975158691e-01
7.551506757736206055e-01
7.592921853065490723e-01
7.635192275047302246e-01
7.677034139633178711e-01
7.718998789787292480e-01
7.760230898857116699e-01
7.802501320838928223e-01
7.844771146774291992e-01
7.886980175971984863e-01
7.928578257560729980e-01
7.970604300498962402e-01
8.012508153915405273e-01
8.054533600807189941e-01
8.096498250961303711e-01
8.138890266418457031e-01
8.181465864181518555e-01
8.223552703857421875e-01
8.266128301620483398e-01
8.308765292167663574e-01
8.350790739059448242e-01
8.393121957778930664e-01
8.435148000717163086e-01
8.477540016174316406e-01
