-0.000000000000000000e+00
1.221679576701717451e-05
6.719237717334181070e-05
1.649267360335215926e-04
2.932031056843698025e-04
4.642382555175572634e-04
6.291649769991636276e-04
7.818749290890991688e-04
9.529100498184561729e-04
1.105620060116052628e-03
1.258329953998327255e-03
1.404931535944342613e-03
1.533207949250936508e-03
1.655375817790627480e-03
1.771435374394059181e-03
1.863061450421810150e-03
1.966904150322079659e-03
2.070746850222349167e-03
2.144047757610678673e-03
2.217348432168364525e-03
2.284540794789791107e-03
2.363950014114379883e-03
2.431142376735806465e-03
2.498334739357233047e-03
2.547201933339238167e-03
2.614394528791308403e-03
2.675478113815188408e-03
2.730453852564096451e-03
2.809863071888685226e-03
2.852621721103787422e-03
2.919814083725214005e-03
2.993114991113543510e-03
3.029765328392386436e-03
3.084740834310650826e-03
3.151933429762721062e-03
3.225234104320406914e-03
3.280209843069314957e-03
3.329076804220676422e-03
3.390160854905843735e-03
3.426811192184686661e-03
3.481786698102951050e-03
3.530653892084956169e-03
3.567304462194442749e-03
3.597846254706382751e-03
3.665038850158452988e-03
3.707797499373555183e-03
3.762773005291819572e-03
3.799423342570662498e-03
3.866615705192089081e-03
3.909374587237834930e-03
3.958242014050483704e-03
4.007108975201845169e-03
4.049867857247591019e-03
4.104843828827142715e-03
4.165927413851022720e-03
4.220902919769287109e-03
4.263661801815032959e-03
4.312529228627681732e-03
4.373612813651561737e-03
4.410263616591691971e-03
4.428588319569826126e-03
4.477455746382474899e-03
4.501889459788799286e-03
4.532431252300739288e-03
4.562973044812679291e-03
4.599623847752809525e-03
4.660707432776689529e-03
4.666816443204879761e-03
4.703466314822435379e-03
4.752333741635084152e-03
4.788983613252639771e-03
4.801200702786445618e-03
4.819526337087154388e-03
4.850068129599094391e-03
4.886718466877937317e-03
4.911151714622974396e-03
4.929477348923683167e-03
4.947802517563104630e-03
4.996669478714466095e-03
5.021102726459503174e-03
5.039428360760211945e-03
5.063862074166536331e-03
5.094403866678476334e-03
5.124945659190416336e-03
5.149379372596740723e-03
5.167704541236162186e-03
5.179921630769968033e-03
5.210463423281908035e-03
5.241005215793848038e-03
5.259330850094556808e-03
5.289872642606496811e-03
5.308197811245918274e-03
5.326522979885339737e-03
5.363173317164182663e-03
5.399823654443025589e-03
5.412040743976831436e-03
5.454799160361289978e-03
5.473124329000711441e-03
5.503666587173938751e-03
5.515883676707744598e-03
5.534208379685878754e-03
5.564750637859106064e-03
5.589184351265430450e-03
5.595292430371046066e-03
5.625834688544273376e-03
5.656376481056213379e-03
5.674701649695634842e-03
5.680810194462537766e-03
5.693026818335056305e-03
5.717460531741380692e-03
5.741894245147705078e-03
5.760218948125839233e-03
5.778544582426548004e-03
5.790761671960353851e-03
5.809086374938488007e-03
5.827411543577909470e-03
5.845737177878618240e-03
5.845737177878618240e-03
5.864061880856752396e-03
5.888495594263076782e-03
5.906820762902498245e-03
5.943471100181341171e-03
5.980121437460184097e-03
6.004555150866508484e-03
6.028988864272832870e-03
6.077856291085481644e-03
6.083964370191097260e-03
6.108398083597421646e-03
6.120614707469940186e-03
6.138939876109361649e-03
6.169481668621301651e-03
6.169481668621301651e-03
6.193915382027626038e-03
6.212240550667047501e-03
6.248890887945890427e-03
6.267216056585311890e-03
6.273324601352214813e-03
6.322191562503576279e-03
6.371058989316225052e-03
6.383276078850030899e-03
6.401600781828165054e-03
6.407709792256355286e-03
6.419925950467586517e-03
6.432143040001392365e-03
6.444359663873910904e-03
6.474901456385850906e-03
6.499335169792175293e-03
6.523768883198499680e-03
6.535985972732305527e-03
6.542094051837921143e-03
6.542094051837921143e-03
6.566527765244245529e-03
6.584853399544954300e-03
6.621503271162509918e-03
6.658153608441352844e-03
6.676478777080774307e-03
6.719237659126520157e-03
6.719237659126520157e-03
6.725346203893423080e-03
6.749779917299747467e-03
6.780321709811687469e-03
6.816972047090530396e-03
6.816972047090530396e-03
6.835297215729951859e-03
6.841405760496854782e-03
6.847514305263757706e-03
6.884164176881313324e-03
6.890273187309503555e-03
6.908597890287637711e-03
6.920814979821443558e-03
6.957465317100286484e-03
6.945248693227767944e-03
6.957465317100286484e-03
6.969682406634092331e-03
6.981898564845323563e-03
7.000224199146032333e-03
7.012440823018550873e-03
7.030765991657972336e-03
7.042982615530490875e-03
7.067416328936815262e-03
7.067416328936815262e-03
7.091849576681852341e-03
7.097958587110042572e-03
7.104066666215658188e-03
7.134608924388885498e-03
7.152934093028306961e-03
7.171259261667728424e-03
7.171259261667728424e-03
7.183475885540246964e-03
7.201801519840955734e-03
7.207909598946571350e-03
7.220126222819089890e-03
7.220126222819089890e-03
7.244559936225414276e-03
7.250668480992317200e-03
7.244559936225414276e-03
7.244559936225414276e-03
7.262885104864835739e-03
7.287318818271160126e-03
7.305643986910581589e-03
7.311752531677484512e-03
