-0.000000000000000000e+00
6.108397883508587256e-06
6.108397792559117079e-05
1.466015528421849012e-04
2.260107285110279918e-04
3.298534720670431852e-04
4.459130577743053436e-04
5.558641860261559486e-04
6.658153724856674671e-04
7.757665589451789856e-04
8.612841484136879444e-04
9.284765110351145267e-04
9.956689318642020226e-04
1.068969606421887875e-03
1.142270397394895554e-03
1.233896357007324696e-03
1.343847485259175301e-03
1.435473561286926270e-03
1.527099520899355412e-03
1.624833792448043823e-03
1.759218517690896988e-03
1.863061450421810150e-03
1.954687293618917465e-03
2.058529993519186974e-03
2.137939212843775749e-03
2.235673600807785988e-03
2.333408221602439880e-03
2.425034064799547195e-03
2.528876764699816704e-03
2.614394528791308403e-03
2.724345540627837181e-03
2.834296785295009613e-03
2.944247797131538391e-03
3.041982185095548630e-03
3.127499716356396675e-03
3.243559272959828377e-03
3.335185348987579346e-03
3.451244905591011047e-03
3.567304462194442749e-03
3.671147162094712257e-03
3.781098406761884689e-03
3.884941106662154198e-03
3.982675727456808090e-03
4.086518194526433945e-03
4.196469206362962723e-03
4.306420218199491501e-03
4.428588319569826126e-03
4.526322707533836365e-03
4.642382729798555374e-03
4.746225196868181229e-03
4.862284753471612930e-03
4.966127220541238785e-03
5.076078698039054871e-03
5.192138254642486572e-03
5.308197811245918274e-03
5.424257367849349976e-03
5.546425469219684601e-03
5.662484560161828995e-03
5.766327958554029465e-03
5.894604139029979706e-03
5.980121437460184097e-03
6.090072449296712875e-03
6.200023926794528961e-03
6.303866859525442123e-03
6.401600781828165054e-03
6.517660804092884064e-03
6.645936984568834305e-03
6.768105085939168930e-03
6.884164176881313324e-03
7.006332278251647949e-03
7.104066666215658188e-03
7.226234767585992813e-03
7.317860610783100128e-03
7.433920167386531830e-03
7.556088268756866455e-03
7.672147825360298157e-03
7.763774134218692780e-03
7.867616601288318634e-03
7.977567613124847412e-03
8.087518624961376190e-03
8.173036389052867889e-03
8.270771242678165436e-03
8.386829867959022522e-03
8.490673266351222992e-03
8.618949912488460541e-03
8.716683834791183472e-03
8.820527233183383942e-03
8.930478245019912720e-03
9.046537801623344421e-03
9.162596426904201508e-03
9.278655983507633209e-03
9.376390837132930756e-03
9.480233304202556610e-03
9.596293792128562927e-03
9.700136259198188782e-03
9.785653091967105865e-03
9.895605035126209259e-03
9.993338957428932190e-03
1.009718142449855804e-02
1.020102482289075851e-02
1.029875874519348145e-02
1.041481830179691315e-02
1.052477024495601654e-02
1.063472125679254532e-02
1.075077988207340240e-02
1.086684036999940872e-02
1.098900754004716873e-02
1.108674239367246628e-02
1.119669340550899506e-02
1.131275296211242676e-02
1.142270397394895554e-02
1.153876446187496185e-02
1.164260692894458771e-02
1.175255794078111649e-02
1.184418424963951111e-02
1.194802671670913696e-02
1.204576157033443451e-02
1.214349549263715744e-02
1.224733795970678329e-02
1.234507188200950623e-02
1.244891434907913208e-02
1.254054065793752670e-02
1.264438312500715256e-02
1.276044361293315887e-02
1.285817753523588181e-02
1.296202093362808228e-02
1.304142922163009644e-02
1.314527262002229691e-02
1.324300654232501984e-02
1.335295755416154861e-02
1.345680002123117447e-02
1.354231871664524078e-02
1.365226972848176956e-02
1.373778749257326126e-02
1.383552141487598419e-02
1.393325626850128174e-02
1.403098925948143005e-02
1.413483265787363052e-02
1.423256658017635345e-02
1.431808434426784515e-02
1.442192774266004562e-02
1.450744550675153732e-02
1.456852909177541733e-02
1.463572122156620026e-02
1.472123898565769196e-02
1.480675674974918365e-02
1.489227358251810074e-02
1.497779134660959244e-02
1.506331004202365875e-02
1.514882687479257584e-02
1.523434463888406754e-02
1.531375385820865631e-02
1.540537923574447632e-02
1.551533024758100510e-02
1.561306510120630264e-02
1.571079902350902557e-02
1.582685858011245728e-02
1.593070290982723236e-02
1.603454351425170898e-02
1.612617075443267822e-02
1.623001322150230408e-02
1.632774807512760162e-02
1.641326583921909332e-02
1.649878360331058502e-02
1.659040898084640503e-02
1.666981913149356842e-02
1.676144450902938843e-02
1.685917936265468597e-02
1.696301996707916260e-02
1.704853773117065430e-02
1.714627258479595184e-02
1.721346564590930939e-02
1.731119863688945770e-02
1.742115058004856110e-02
1.750666834414005280e-02
1.759218610823154449e-02
1.768381148576736450e-02
1.776322163641452789e-02
1.785484701395034790e-02
1.794036477804183960e-02
1.803199015557765961e-02
1.812972500920295715e-02
1.820913515985012054e-02
1.828854344785213470e-02
1.839849539101123810e-02
1.848401315510272980e-02
1.857563853263854980e-02
1.865504682064056396e-02
1.875278167426586151e-02
1.885051466524600983e-02
1.893603242933750153e-02
1.903376728296279907e-02
1.911317557096481323e-02
1.919258758425712585e-02
1.925366930663585663e-02
1.932697184383869171e-02
1.940638013184070587e-02
1.949800737202167511e-02
1.958352513611316681e-02
1.967515051364898682e-02
1.976066827774047852e-02
