-0.000000000000000000e+00
4.275878382031805813e-05
2.076855307677760720e-04
5.008886219002306461e-04
9.529100498184561729e-04
1.514882664196193218e-03
2.131830900907516479e-03
2.754887565970420837e-03
3.408486023545265198e-03
4.098734818398952484e-03
4.782875534147024155e-03
5.442582536488771439e-03
6.108398083597421646e-03
6.774213165044784546e-03
7.452245801687240601e-03
8.136386051774024963e-03
8.820527233183383942e-03
9.492450393736362457e-03
1.013383176177740097e-02
1.081186346709728241e-02
1.152043789625167847e-02
1.220457907766103745e-02
1.289482787251472473e-02
1.364005263894796371e-02
1.439749449491500854e-02
1.516715250909328461e-02
1.594902761280536652e-02
1.674311794340610504e-02
1.755553670227527618e-02
1.837406121194362640e-02
1.924145407974720001e-02
2.012106403708457947e-02
2.100067213177680969e-02
2.188028208911418915e-02
2.280264906585216522e-02
2.375555969774723053e-02
2.470236271619796753e-02
2.568581327795982361e-02
2.669369801878929138e-02
2.771380171179771423e-02
2.878277003765106201e-02
2.988839149475097656e-02
3.097568452358245850e-02
3.208130598068237305e-02
3.322357684373855591e-02
3.440860286355018616e-02
3.564250096678733826e-02
3.688250854611396790e-02
3.816527128219604492e-02
3.950300812721252441e-02
4.092015698552131653e-02
4.231287539005279541e-02
4.374834522604942322e-02
4.523879662156105042e-02
4.677200317382812500e-02
4.833575338125228882e-02
4.991782829165458679e-02
5.151822790503501892e-02
5.313084274530410767e-02
5.479843914508819580e-02
5.648435652256011963e-02
5.813362076878547668e-02
5.979510769248008728e-02
6.148713454604148865e-02
6.317304819822311401e-02
6.490172445774078369e-02
6.663040071725845337e-02
6.830410659313201904e-02
7.001445442438125610e-02
7.175534963607788086e-02
7.344126701354980469e-02
7.507831603288650513e-02
7.670925557613372803e-02
7.847458869218826294e-02
8.020326495170593262e-02
8.188918232917785645e-02
8.348958939313888550e-02
8.513884991407394409e-02
8.675757795572280884e-02
8.837019652128219604e-02
9.000113606452941895e-02
9.162596613168716431e-02
9.331189095973968506e-02
9.495504945516586304e-02
9.656155109405517578e-02
9.813752025365829468e-02
9.974402934312820435e-02
1.013505384325981140e-01
1.029570475220680237e-01
1.045330092310905457e-01
1.061273068189620972e-01
1.077093780040740967e-01
1.093342155218124390e-01
1.109956949949264526e-01
1.126144230365753174e-01
1.142270416021347046e-01
1.158152222633361816e-01
1.174278408288955688e-01
1.189854815602302551e-01
1.205431222915649414e-01
1.220824420452117920e-01
1.235973238945007324e-01
1.251549720764160156e-01
1.266881674528121948e-01
1.282335966825485229e-01
1.297545880079269409e-01
1.312389224767684937e-01
1.327049434185028076e-01
1.341587305068969727e-01
1.355758905410766602e-01
1.370174735784530640e-01
1.384529471397399902e-01
1.398456543684005737e-01
1.412383764982223511e-01
1.426249891519546509e-01
1.439993679523468018e-01
1.453676670789718628e-01
1.466931700706481934e-01
1.480431407690048218e-01
1.493930816650390625e-01
1.507735848426818848e-01
1.521663069725036621e-01
1.535529047250747681e-01
1.549578458070755005e-01
1.563383340835571289e-01
1.577249467372894287e-01
1.590565741062164307e-01
1.604004204273223877e-01
1.617503762245178223e-01
1.631003320217132568e-01
1.644625067710876465e-01
1.658063530921936035e-01
1.671685278415679932e-01
1.685001552104949951e-01
1.699111908674240112e-01
1.712978035211563110e-01
1.726721972227096558e-01
1.740343570709228516e-01
1.753843277692794800e-01
1.767342835664749146e-01
1.780598014593124390e-01
1.794219613075256348e-01
1.807658225297927856e-01
1.821218878030776978e-01
1.834901571273803711e-01
1.848584413528442383e-01
1.862511634826660156e-01
1.876377761363983154e-01
1.889693886041641235e-01
1.902582645416259766e-01
1.915532499551773071e-01
1.928543448448181152e-01
1.941859722137451172e-01
1.955237090587615967e-01
1.968492269515991211e-01
1.981747597455978394e-01
1.994697451591491699e-01
2.007708251476287842e-01
2.020413726568222046e-01
2.032935917377471924e-01
2.045641392469406128e-01
2.058102637529373169e-01
2.070624679327011108e-01
2.083085924386978149e-01
2.095302790403366089e-01
2.107641547918319702e-01
2.120163887739181519e-01
2.132869213819503784e-01
2.145330458879470825e-01
2.157608270645141602e-01
2.170130461454391479e-01
2.182530462741851807e-01
2.195113897323608398e-01
2.207819372415542603e-01
2.220341563224792480e-01
2.232802808284759521e-01
2.245447039604187012e-01
2.257724851369857788e-01
2.270247191190719604e-01
2.282952517271041870e-01
2.295474857091903687e-01
2.308241426944732666e-01
2.320885807275772095e-01
2.333652377128601074e-01
2.346541136503219604e-01
2.359613031148910522e-01
2.372868210077285767e-01
2.386001348495483398e-01
2.398828864097595215e-01
2.411962002515792847e-01
2.425034046173095703e-01
2.438044846057891846e-01
2.451116740703582764e-01
2.464005649089813232e-01
2.476894259452819824e-01
2.489783018827438354e-01
2.502610683441162109e-01
2.515438199043273926e-01
2.528021633625030518e-01
2.540788054466247559e-01
2.553859949111938477e-01
