-0.000000000000000000e+00
6.108397883508587256e-06
1.832519410527311265e-05
3.665038821054622531e-05
7.330077642109245062e-05
1.221679558511823416e-04
1.771435490809381008e-04
2.260107285110279918e-04
2.932031056843698025e-04
3.542870981618762016e-04
4.153710615355521441e-04
4.764550249092280865e-04
5.436473875306546688e-04
6.169481785036623478e-04
6.841405411250889301e-04
7.574413320980966091e-04
8.246336947195231915e-04
8.979344856925308704e-04
9.773436468094587326e-04
1.032319269143044949e-03
1.099511631764471531e-03
1.148378825746476650e-03
1.203354331664741039e-03
1.276655239053070545e-03
1.325522316619753838e-03
1.392714795656502247e-03
1.459907041862607002e-03
1.527099520899355412e-03
1.588183455169200897e-03
1.637050649151206017e-03
1.698134699836373329e-03
1.765326946042478085e-03
1.795868971385061741e-03
1.826410996727645397e-03
1.869169762358069420e-03
1.924145384691655636e-03
1.966904150322079659e-03
2.009662799537181854e-03
2.058529993519186974e-03
2.101288875564932823e-03
2.168481238186359406e-03
2.223456744104623795e-03
2.260107314214110374e-03
2.290649106726050377e-03
2.345624845474958420e-03
2.394491806626319885e-03
2.437250921502709389e-03
2.467792714014649391e-03
2.516659907996654510e-03
2.553310478106141090e-03
2.596069127321243286e-03
2.638827776536345482e-03
2.663261489942669868e-03
2.706020371988415718e-03
2.736562164500355721e-03
2.760995877906680107e-03
2.791537670418620110e-03
2.828188240528106689e-03
2.846513409167528152e-03
2.864838577806949615e-03
2.870947122573852539e-03
2.895380835980176926e-03
2.925922628492116928e-03
2.938139485195279121e-03
2.962572965770959854e-03
2.987006679177284241e-03
3.017548471689224243e-03
3.041982185095548630e-03
3.066415898501873016e-03
3.096957691013813019e-03
3.103066235780715942e-03
3.139716573059558868e-03
3.145824884995818138e-03
3.158041741698980331e-03
3.176366910338401794e-03
3.200800390914082527e-03
3.225234104320406914e-03
3.255776129662990570e-03
3.274101298302412033e-03
3.304643323644995689e-03
3.316859947517514229e-03
3.347402205690741539e-03
3.377943998202681541e-03
3.396269399672746658e-03
3.432919736951589584e-03
3.439028048887848854e-03
3.457353217527270317e-03
3.469569841399788857e-03
3.518437035381793976e-03
3.542870748788118362e-03
3.567304462194442749e-03
3.573413006961345673e-03
3.597846254706382751e-03
3.622279968112707138e-03
3.634496591985225677e-03
3.658930305391550064e-03
3.671147162094712257e-03
3.689472330734133720e-03
3.707797499373555183e-03
3.738339524716138840e-03
3.750556148588657379e-03
3.756664693355560303e-03
3.768881550058722496e-03
3.787206718698143959e-03
3.817748744040727615e-03
3.836073912680149078e-03
3.842182457447052002e-03
3.848290769383311272e-03
3.866615705192089081e-03
3.897157963365316391e-03
3.909374587237834930e-03
3.909374587237834930e-03
3.927699755877256393e-03
3.952133469283580780e-03
3.958242014050483704e-03
3.970458637923002243e-03
3.994892351329326630e-03
3.988783806562423706e-03
4.013217519968748093e-03
4.019325599074363708e-03
4.037651233375072479e-03
4.049867857247591019e-03
4.092626739293336868e-03
4.110951907932758331e-03
4.117059987038373947e-03
4.147602245211601257e-03
4.141493700444698334e-03
4.165927413851022720e-03
4.159819334745407104e-03
4.172035492956638336e-03
4.190361127257347107e-03
4.208686295896768570e-03
4.214794840663671494e-03
4.220902919769287109e-03
4.239228088408708572e-03
4.245336633175611496e-03
4.263661801815032959e-03
4.263661801815032959e-03
4.269770346581935883e-03
4.288095515221357346e-03
4.288095515221357346e-03
4.294203594326972961e-03
4.263661801815032959e-03
4.257553722709417343e-03
4.263661801815032959e-03
4.281986504793167114e-03
4.294203594326972961e-03
4.300312139093875885e-03
4.306420218199491501e-03
4.306420218199491501e-03
4.312529228627681732e-03
4.294203594326972961e-03
4.300312139093875885e-03
4.324745852500200272e-03
4.343071021139621735e-03
4.355287645012140274e-03
4.367504734545946121e-03
4.379721358418464661e-03
4.379721358418464661e-03
4.398046527057886124e-03
4.410263616591691971e-03
4.416371695697307587e-03
4.422480240464210510e-03
4.434696864336729050e-03
4.465239122509956360e-03
4.471347201615571976e-03
4.477455746382474899e-03
4.501889459788799286e-03
4.514106083661317825e-03
4.526322707533836365e-03
4.538539797067642212e-03
4.538539797067642212e-03
4.556864965707063675e-03
4.593515302985906601e-03
4.611840471625328064e-03
4.611840471625328064e-03
4.624057095497846603e-03
4.624057095497846603e-03
4.642382729798555374e-03
4.672924522310495377e-03
4.685141146183013916e-03
4.691249690949916840e-03
4.703466314822435379e-03
4.709574859589338303e-03
4.727900028228759766e-03
4.752333741635084152e-03
4.752333741635084152e-03
4.758441820740699768e-03
4.776767455041408539e-03
4.770658910274505615e-03
4.770658910274505615e-03
4.764550365507602692e-03
4.782875534147024155e-03
4.782875534147024155e-03
4.764550365507602692e-03
4.752333741635084152e-03
4.764550365507602692e-03
4.788983613252639771e-03
4.788983613252639771e-03
4.801200702786445618e-03
4.807309247553348541e-03
