0.000000000000000000e+00
6.499999999999999702e-04
8.800000000000000313e-04
1.459999999999999926e-03
2.749999999999999840e-03
3.910000000000000281e-03
4.969999999999999592e-03
6.850000000000000186e-03
8.170000000000000179e-03
9.459999999999999659e-03
1.141000000000000000e-02
1.306000000000000043e-02
1.477999999999999974e-02
1.701000000000000081e-02
1.812000000000000069e-02
1.997000000000000164e-02
2.242999999999999855e-02
2.410999999999999949e-02
2.687000000000000152e-02
2.807000000000000120e-02
3.109999999999999917e-02
3.214999999999999802e-02
3.497000000000000108e-02
3.701000000000000123e-02
3.939000000000000140e-02
4.157999999999999891e-02
4.401000000000000051e-02
4.624999999999999944e-02
4.893000000000000127e-02
5.120000000000000245e-02
5.349000000000000282e-02
5.560999999999999971e-02
5.804000000000000131e-02
6.078000000000000069e-02
6.288000000000000533e-02
6.446000000000000341e-02
6.707000000000000461e-02
6.875000000000000555e-02
7.117999999999999328e-02
7.388999999999999735e-02
7.607999999999999485e-02
7.843999999999999584e-02
8.033999999999999475e-02
8.240999999999999714e-02
8.561000000000000554e-02
8.774999999999999467e-02
9.046999999999999487e-02
9.281000000000000361e-02
9.564000000000000279e-02
9.733999999999999597e-02
9.998999999999999555e-02
1.021900000000000031e-01
1.040299999999999975e-01
1.053800000000000014e-01
1.070300000000000001e-01
1.098800000000000054e-01
1.119099999999999956e-01
1.136000000000000065e-01
1.154199999999999948e-01
1.182799999999999963e-01
1.198599999999999943e-01
1.212600000000000067e-01
1.233599999999999974e-01
1.243200000000000000e-01
1.261799999999999866e-01
1.285799999999999998e-01
1.299899999999999944e-01
1.321199999999999875e-01
1.327500000000000069e-01
1.358199999999999963e-01
1.372200000000000086e-01
1.391100000000000114e-01
1.415700000000000014e-01
1.424600000000000033e-01
1.425299999999999900e-01
1.446099999999999886e-01
1.459399999999999864e-01
1.480700000000000072e-01
1.493599999999999928e-01
1.511500000000000066e-01
1.528200000000000114e-01
1.536500000000000088e-01
1.560199999999999920e-01
1.585799999999999987e-01
1.601299999999999946e-01
1.617300000000000126e-01
1.638199999999999934e-01
1.655600000000000127e-01
1.680099999999999927e-01
1.687700000000000033e-01
1.704600000000000004e-01
1.720500000000000085e-01
1.744300000000000017e-01
1.769499999999999962e-01
1.784399999999999875e-01
1.802300000000000013e-01
1.815700000000000092e-01
1.834199999999999997e-01
1.849099999999999910e-01
1.866200000000000081e-01
1.879800000000000082e-01
1.886700000000000044e-01
1.906299999999999939e-01
1.924599999999999922e-01
1.942000000000000115e-01
1.958799999999999986e-01
1.965699999999999947e-01
1.985099999999999920e-01
2.008300000000000085e-01
2.013699999999999934e-01
2.022899999999999976e-01
2.039600000000000024e-01
2.049700000000000133e-01
2.062199999999999867e-01
2.075700000000000045e-01
2.083200000000000052e-01
2.086399999999999921e-01
2.109699999999999909e-01
2.121500000000000052e-01
2.133200000000000096e-01
2.146800000000000097e-01
2.158200000000000118e-01
2.171700000000000019e-01
2.184699999999999975e-01
2.192999999999999949e-01
2.200000000000000011e-01
2.215600000000000069e-01
2.228100000000000080e-01
2.237999999999999989e-01
2.253600000000000048e-01
2.264100000000000001e-01
2.273499999999999965e-01
2.291100000000000081e-01
2.298099999999999865e-01
2.315200000000000036e-01
2.323699999999999932e-01
2.338000000000000078e-01
2.346399999999999875e-01
2.355599999999999916e-01
2.368500000000000050e-01
2.381000000000000061e-01
2.382199999999999873e-01
2.402100000000000068e-01
2.425799999999999901e-01
2.429000000000000048e-01
2.439600000000000102e-01
2.454699999999999938e-01
2.467799999999999994e-01
2.480700000000000127e-01
2.486399999999999999e-01
2.492300000000000071e-01
2.505800000000000249e-01
2.514799999999999813e-01
2.530999999999999917e-01
2.548900000000000055e-01
2.556899999999999729e-01
2.558699999999999863e-01
2.575999999999999956e-01
2.588599999999999790e-01
2.597099999999999964e-01
2.618900000000000117e-01
2.628300000000000081e-01
2.638599999999999834e-01
2.651000000000000023e-01
2.661600000000000077e-01
2.674599999999999755e-01
2.678800000000000070e-01
2.688200000000000034e-01
2.712499999999999911e-01
2.728999999999999759e-01
2.730699999999999794e-01
2.741600000000000148e-01
2.745000000000000218e-01
2.760699999999999821e-01
2.767000000000000015e-01
2.776299999999999879e-01
2.786100000000000243e-01
2.793900000000000272e-01
2.816400000000000015e-01
2.830400000000000138e-01
2.833600000000000008e-01
2.852000000000000091e-01
2.865400000000000169e-01
2.876799999999999913e-01
2.888100000000000112e-01
2.900699999999999945e-01
2.909700000000000064e-01
2.921099999999999808e-01
2.928899999999999837e-01
2.943200000000000260e-01
2.961400000000000143e-01
2.964300000000000268e-01
2.984499999999999931e-01
2.992199999999999860e-01
3.002400000000000069e-01
3.011499999999999733e-01
3.030900000000000261e-01
3.039799999999999724e-01
3.048600000000000199e-01
3.058799999999999852e-01
3.066200000000000037e-01
