0.000000000000000000e+00
2.300000000000000070e-04
4.000000000000000192e-04
8.400000000000000348e-04
1.920000000000000049e-03
2.619999999999999933e-03
3.579999999999999849e-03
3.889999999999999795e-03
4.919999999999999894e-03
5.649999999999999641e-03
5.669999999999999693e-03
7.000000000000000146e-03
7.720000000000000299e-03
9.490000000000000172e-03
1.017000000000000022e-02
1.204000000000000035e-02
1.389999999999999916e-02
1.434000000000000032e-02
1.585999999999999910e-02
1.614000000000000157e-02
1.807999999999999885e-02
1.944999999999999854e-02
2.077000000000000027e-02
2.160000000000000114e-02
2.331000000000000086e-02
2.493000000000000077e-02
2.607999999999999902e-02
2.695000000000000173e-02
2.877000000000000043e-02
3.029000000000000095e-02
3.162000000000000227e-02
3.388000000000000039e-02
3.568999999999999950e-02
3.676000000000000101e-02
3.817000000000000254e-02
3.966999999999999693e-02
4.114000000000000296e-02
4.227999999999999814e-02
4.433000000000000135e-02
4.551000000000000184e-02
4.651000000000000273e-02
4.914999999999999925e-02
4.918999999999999762e-02
5.195000000000000312e-02
5.287000000000000033e-02
5.371999999999999692e-02
5.559000000000000052e-02
5.813999999999999724e-02
6.024999999999999800e-02
6.074000000000000232e-02
6.233999999999999958e-02
6.436000000000000054e-02
6.572000000000000064e-02
6.658999999999999642e-02
6.790999999999999814e-02
7.026000000000000301e-02
7.136000000000000676e-02
7.316999999999999893e-02
7.567000000000000115e-02
7.807999999999999663e-02
7.968999999999999695e-02
8.057999999999999885e-02
8.200000000000000344e-02
8.283999999999999697e-02
8.457000000000000628e-02
8.762000000000000344e-02
8.916999999999999926e-02
9.074000000000000121e-02
9.038000000000000200e-02
9.361999999999999489e-02
9.389999999999999736e-02
9.612999999999999323e-02
9.851999999999999647e-02
9.872999999999999832e-02
9.950000000000000511e-02
1.008700000000000013e-01
1.027700000000000002e-01
1.042399999999999993e-01
1.049199999999999994e-01
1.071899999999999936e-01
1.081400000000000000e-01
1.092599999999999960e-01
1.115000000000000019e-01
1.126800000000000024e-01
1.138099999999999945e-01
1.152200000000000030e-01
1.164700000000000041e-01
1.174400000000000027e-01
1.197600000000000053e-01
1.200600000000000001e-01
1.208400000000000030e-01
1.229100000000000054e-01
1.240399999999999975e-01
1.248900000000000010e-01
1.261099999999999999e-01
1.278100000000000069e-01
1.295499999999999985e-01
1.308799999999999963e-01
1.322500000000000064e-01
1.332899999999999918e-01
1.342500000000000082e-01
1.338000000000000023e-01
1.356300000000000006e-01
1.373900000000000121e-01
1.387799999999999867e-01
1.405000000000000138e-01
1.417200000000000126e-01
1.423599999999999866e-01
1.445799999999999863e-01
1.454199999999999937e-01
1.459699999999999886e-01
1.472900000000000043e-01
1.480799999999999894e-01
1.499099999999999877e-01
1.518500000000000127e-01
1.528899999999999981e-01
1.539000000000000090e-01
1.557900000000000118e-01
1.557900000000000118e-01
1.570999999999999897e-01
1.580799999999999983e-01
1.585300000000000042e-01
1.606899999999999995e-01
1.620499999999999996e-01
1.625699999999999923e-01
1.628000000000000003e-01
1.641499999999999904e-01
1.661799999999999944e-01
1.668199999999999961e-01
1.683199999999999974e-01
1.699600000000000000e-01
1.702799999999999869e-01
1.716799999999999993e-01
1.716000000000000025e-01
1.736600000000000088e-01
1.743899999999999895e-01
1.753000000000000114e-01
1.764999999999999902e-01
1.785400000000000043e-01
1.803200000000000081e-01
1.815100000000000047e-01
1.818899999999999961e-01
1.838400000000000034e-01
1.844699999999999951e-01
1.852499999999999980e-01
1.856599999999999917e-01
1.866899999999999948e-01
1.884099999999999941e-01
1.898799999999999932e-01
1.907800000000000051e-01
1.918999999999999873e-01
1.923700000000000132e-01
1.935600000000000098e-01
1.947399999999999964e-01
1.963499999999999968e-01
1.968999999999999917e-01
1.971199999999999897e-01
1.991499999999999937e-01
2.002800000000000136e-01
2.010000000000000120e-01
2.023600000000000121e-01
2.039700000000000124e-01
2.042100000000000026e-01
2.049199999999999910e-01
2.057599999999999985e-01
2.062499999999999889e-01
2.079400000000000137e-01
2.090500000000000136e-01
2.096999999999999975e-01
2.116099999999999925e-01
2.117400000000000115e-01
2.121599999999999875e-01
2.132699999999999874e-01
2.142300000000000038e-01
2.142999999999999905e-01
2.155499999999999916e-01
2.161099999999999965e-01
2.163100000000000023e-01
2.176099999999999979e-01
2.185699999999999865e-01
2.182600000000000096e-01
2.204000000000000126e-01
2.214700000000000002e-01
2.217099999999999904e-01
2.234299999999999897e-01
2.242699999999999971e-01
2.253499999999999948e-01
2.261199999999999877e-01
2.267399999999999971e-01
2.272800000000000098e-01
2.293800000000000006e-01
2.296900000000000053e-01
2.305599999999999872e-01
2.306999999999999884e-01
2.320000000000000118e-01
2.322799999999999865e-01
2.332899999999999974e-01
2.348500000000000032e-01
2.360200000000000076e-01
2.367200000000000137e-01
2.371000000000000052e-01
