0.000000000000000000e+00
-1.700000000000000122e-04
-4.000000000000000327e-05
-4.699999999999999859e-04
-3.800000000000000209e-04
-5.800000000000000034e-04
-1.299999999999999886e-04
-5.900000000000000296e-04
-1.800000000000000113e-04
-5.199999999999999544e-04
-4.699999999999999859e-04
-2.799999999999999755e-04
-5.400000000000000069e-04
6.000000000000000152e-05
-8.199999999999999824e-04
4.000000000000000327e-05
4.299999999999999894e-04
-1.399999999999999877e-04
9.899999999999999946e-04
8.499999999999999526e-04
7.500000000000000156e-04
5.800000000000000034e-04
4.000000000000000192e-04
-1.119999999999999902e-03
-1.499999999999999869e-04
-2.000000000000000096e-04
-6.199999999999999999e-04
8.000000000000000654e-05
-1.499999999999999869e-04
-6.999999999999999387e-05
-1.299999999999999886e-04
-5.699999999999999772e-04
1.900000000000000105e-04
-1.499999999999999869e-04
-6.999999999999999387e-05
1.299999999999999886e-04
-5.000000000000000240e-05
-2.200000000000000078e-04
-8.800000000000000313e-04
-1.410000000000000012e-03
-7.500000000000000156e-04
-1.000000000000000082e-05
-6.099999999999999737e-04
-4.099999999999999912e-04
-2.799999999999999755e-04
-5.699999999999999772e-04
-1.299999999999999886e-04
5.100000000000000366e-04
-6.000000000000000152e-05
2.100000000000000087e-04
3.600000000000000227e-04
-1.900000000000000105e-04
-3.899999999999999929e-04
-8.999999999999999754e-04
-1.180000000000000059e-03
-4.899999999999999842e-04
-1.110000000000000092e-03
-8.899999999999999491e-04
-3.600000000000000227e-04
-5.699999999999999772e-04
-6.300000000000000261e-04
-8.499999999999999526e-04
-5.500000000000000331e-04
-9.300000000000000541e-04
-8.400000000000000348e-04
5.900000000000000296e-04
8.000000000000000383e-04
9.600000000000000243e-04
1.200000000000000030e-04
1.080000000000000014e-03
8.199999999999999824e-04
1.399999999999999877e-04
1.139999999999999954e-03
5.599999999999999509e-04
-5.400000000000000069e-04
-5.500000000000000331e-04
-8.199999999999999824e-04
1.399999999999999877e-04
-2.799999999999999755e-04
-0.000000000000000000e+00
9.000000000000000567e-05
1.000000000000000082e-05
2.400000000000000061e-04
5.299999999999999807e-04
-8.000000000000000654e-05
4.699999999999999859e-04
4.600000000000000139e-04
9.000000000000000567e-05
3.699999999999999947e-04
-2.300000000000000070e-04
-4.800000000000000122e-04
1.100000000000000039e-04
-2.799999999999999755e-04
-3.899999999999999929e-04
-7.500000000000000156e-04
-5.699999999999999772e-04
-6.099999999999999737e-04
-6.800000000000000488e-04
-5.500000000000000331e-04
-1.129999999999999928e-03
-1.180000000000000059e-03
-2.040000000000000147e-03
-2.020000000000000094e-03
-2.299999999999999961e-03
-2.890000000000000208e-03
-1.949999999999999910e-03
-2.409999999999999816e-03
-2.599999999999999881e-03
-1.469999999999999953e-03
-2.350000000000000092e-03
-2.510000000000000078e-03
-2.619999999999999933e-03
-2.320000000000000014e-03
-2.969999999999999984e-03
-2.720000000000000195e-03
-2.909999999999999826e-03
-3.389999999999999784e-03
-2.670000000000000064e-03
-3.059999999999999786e-03
-4.109999999999999938e-03
-3.830000000000000071e-03
-3.899999999999999821e-03
-3.720000000000000216e-03
-3.220000000000000206e-03
-3.050000000000000194e-03
-3.330000000000000061e-03
-2.299999999999999961e-03
-2.249999999999999830e-03
-1.680000000000000070e-03
-2.089999999999999844e-03
-1.229999999999999974e-03
-2.749999999999999840e-03
-1.190000000000000085e-03
-2.220000000000000185e-03
-1.709999999999999932e-03
-1.889999999999999970e-03
-2.050000000000000173e-03
-2.269999999999999882e-03
-2.030000000000000120e-03
-2.220000000000000185e-03
-2.449999999999999921e-03
-2.639999999999999986e-03
-2.560000000000000209e-03
-2.230000000000000211e-03
-2.880000000000000181e-03
-2.969999999999999984e-03
-2.480000000000000000e-03
-2.449999999999999921e-03
-1.879999999999999944e-03
-3.350000000000000113e-03
-3.020000000000000115e-03
-3.739999999999999835e-03
-3.759999999999999887e-03
-3.200000000000000153e-03
-3.030000000000000141e-03
-3.180000000000000101e-03
-4.250000000000000305e-03
-3.119999999999999944e-03
-3.569999999999999823e-03
-3.559999999999999797e-03
-2.809999999999999998e-03
-2.789999999999999945e-03
-3.050000000000000194e-03
-3.449999999999999942e-03
-3.959999999999999978e-03
-3.399999999999999811e-03
-3.040000000000000167e-03
-3.160000000000000048e-03
-2.779999999999999919e-03
-2.380000000000000171e-03
-3.269999999999999903e-03
-3.030000000000000141e-03
-3.690000000000000138e-03
-2.729999999999999788e-03
-3.950000000000000386e-03
-3.289999999999999956e-03
-3.259999999999999877e-03
-3.820000000000000045e-03
-3.980000000000000031e-03
-2.919999999999999853e-03
-3.040000000000000167e-03
-2.200000000000000133e-03
-2.919999999999999853e-03
-3.449999999999999942e-03
-3.210000000000000180e-03
-2.769999999999999893e-03
-2.119999999999999923e-03
-2.200000000000000133e-03
-2.390000000000000197e-03
-2.419999999999999842e-03
-1.430000000000000064e-03
-1.090000000000000040e-03
-2.589999999999999854e-03
-2.050000000000000173e-03
-2.220000000000000185e-03
-3.010000000000000089e-03
-2.619999999999999933e-03
-1.799999999999999951e-03
-2.899999999999999800e-03
-1.920000000000000049e-03
-1.879999999999999944e-03
