0.000000000000000000e+00
4.000000000000000327e-05
-4.000000000000000192e-04
-8.400000000000000348e-04
-5.699999999999999772e-04
-9.700000000000000505e-04
-1.100000000000000039e-04
-2.799999999999999755e-04
-9.799999999999999684e-04
-1.049999999999999935e-03
-1.350000000000000071e-03
-1.149999999999999981e-03
-1.270000000000000078e-03
-8.700000000000000051e-04
-1.209999999999999921e-03
-1.369999999999999907e-03
5.000000000000000240e-05
-2.300000000000000070e-04
-1.700000000000000122e-04
-2.200000000000000078e-04
-1.499999999999999869e-04
-6.700000000000000226e-04
-5.599999999999999509e-04
-9.200000000000000278e-04
-5.800000000000000034e-04
-6.499999999999999702e-04
-1.900000000000000105e-04
1.900000000000000105e-04
-1.000000000000000048e-04
-2.000000000000000096e-04
-2.900000000000000017e-04
-1.499999999999999869e-04
7.299999999999999632e-04
8.599999999999999789e-04
6.000000000000000152e-05
5.900000000000000296e-04
1.100000000000000066e-03
1.270000000000000078e-03
7.500000000000000156e-04
1.160000000000000007e-03
8.400000000000000348e-04
1.860000000000000108e-03
1.170000000000000033e-03
1.809999999999999977e-03
1.069999999999999988e-03
1.270000000000000078e-03
1.319999999999999993e-03
2.459999999999999947e-03
2.360000000000000119e-03
2.380000000000000171e-03
3.129999999999999970e-03
3.569999999999999823e-03
4.559999999999999817e-03
3.409999999999999837e-03
4.640000000000000027e-03
5.309999999999999616e-03
5.610000000000000403e-03
5.530000000000000193e-03
5.890000000000000270e-03
5.989999999999999665e-03
5.859999999999999758e-03
5.899999999999999863e-03
5.720000000000000258e-03
5.449999999999999983e-03
5.819999999999999653e-03
6.660000000000000121e-03
7.210000000000000263e-03
6.949999999999999581e-03
6.550000000000000266e-03
7.110000000000000001e-03
6.640000000000000069e-03
7.179999999999999750e-03
8.989999999999999727e-03
7.870000000000000259e-03
7.130000000000000053e-03
7.360000000000000223e-03
7.839999999999999747e-03
8.269999999999999574e-03
8.189999999999999364e-03
8.739999999999999505e-03
9.310000000000000567e-03
8.710000000000000728e-03
9.199999999999999845e-03
9.709999999999999881e-03
9.119999999999999635e-03
9.230000000000000357e-03
9.520000000000000684e-03
9.329999999999999752e-03
1.021000000000000033e-02
9.599999999999999159e-03
9.629999999999999671e-03
1.030999999999999972e-02
1.005999999999999950e-02
9.919999999999999998e-03
1.081999999999999976e-02
9.929999999999999591e-03
1.017000000000000022e-02
1.041000000000000085e-02
1.131000000000000061e-02
1.067000000000000066e-02
1.024000000000000084e-02
9.790000000000000091e-03
1.013999999999999971e-02
1.042000000000000044e-02
1.041000000000000085e-02
1.173000000000000084e-02
1.192999999999999963e-02
1.179000000000000013e-02
1.220000000000000077e-02
1.174000000000000044e-02
1.152000000000000073e-02
1.200000000000000025e-02
1.184999999999999942e-02
1.223999999999999914e-02
1.268999999999999989e-02
1.229000000000000058e-02
1.273000000000000000e-02
1.403000000000000080e-02
1.375999999999999966e-02
1.345999999999999974e-02
1.439999999999999961e-02
1.451999999999999992e-02
1.446000000000000063e-02
1.531000000000000069e-02
1.566999999999999990e-02
1.607000000000000095e-02
1.668000000000000038e-02
1.711999999999999980e-02
1.644999999999999934e-02
1.679999999999999896e-02
1.797999999999999945e-02
1.790999999999999884e-02
1.873999999999999971e-02
1.793000000000000149e-02
1.909999999999999892e-02
1.822999999999999968e-02
1.871000000000000094e-02
1.833999999999999866e-02
1.909999999999999892e-02
1.993999999999999939e-02
1.950999999999999956e-02
1.907000000000000015e-02
1.946000000000000160e-02
1.960999999999999896e-02
1.898000000000000034e-02
1.916999999999999954e-02
1.961999999999999855e-02
2.041000000000000106e-02
2.102000000000000049e-02
2.118000000000000091e-02
2.137999999999999970e-02
2.117000000000000132e-02
2.157999999999999849e-02
2.186000000000000096e-02
2.254000000000000101e-02
2.290000000000000022e-02
2.214999999999999955e-02
2.307000000000000023e-02
2.346000000000000169e-02
2.374000000000000069e-02
2.478999999999999954e-02
2.498999999999999833e-02
2.503999999999999976e-02
2.532999999999999835e-02
2.452999999999999972e-02
2.513999999999999915e-02
2.564999999999999919e-02
2.615999999999999923e-02
2.628000000000000128e-02
2.676999999999999866e-02
2.659999999999999865e-02
2.556999999999999898e-02
2.638000000000000067e-02
2.696000000000000132e-02
2.610000000000000167e-02
2.818999999999999978e-02
2.800000000000000058e-02
2.796999999999999834e-02
2.825000000000000080e-02
2.982999999999999888e-02
2.956999999999999906e-02
3.122000000000000122e-02
3.148000000000000104e-02
3.085999999999999854e-02
3.207999999999999741e-02
3.228999999999999926e-02
3.189000000000000168e-02
3.275000000000000133e-02
3.348999999999999894e-02
3.436999999999999778e-02
3.482999999999999985e-02
3.536999999999999866e-02
3.615000000000000158e-02
3.568000000000000338e-02
3.676999999999999713e-02
3.640000000000000180e-02
3.735999999999999738e-02
3.833999999999999908e-02
3.898000000000000076e-02
3.962000000000000244e-02
3.898999999999999688e-02
