0.000000000000000000e+00
-4.000000000000000192e-04
-2.900000000000000017e-04
-6.899999999999999667e-04
-8.700000000000000051e-04
-8.899999999999999491e-04
3.000000000000000076e-05
-3.099999999999999999e-04
-9.600000000000000243e-04
-6.700000000000000226e-04
-8.000000000000000383e-04
-1.700000000000000122e-04
-8.000000000000000654e-05
3.099999999999999999e-04
-3.400000000000000244e-04
1.100000000000000039e-04
6.800000000000000488e-04
-5.000000000000000240e-05
2.300000000000000070e-04
-1.000000000000000048e-04
4.000000000000000192e-04
7.799999999999999859e-04
8.300000000000000086e-04
7.699999999999999597e-04
7.299999999999999632e-04
8.099999999999999561e-04
1.160000000000000007e-03
9.499999999999999981e-04
8.800000000000000313e-04
1.440000000000000091e-03
1.539999999999999919e-03
1.869999999999999917e-03
2.639999999999999986e-03
2.830000000000000050e-03
2.139999999999999975e-03
2.279999999999999909e-03
2.929999999999999879e-03
2.510000000000000078e-03
2.939999999999999905e-03
2.520000000000000104e-03
2.779999999999999919e-03
3.310000000000000008e-03
3.020000000000000115e-03
3.550000000000000204e-03
3.449999999999999942e-03
3.820000000000000045e-03
4.660000000000000080e-03
4.590000000000000330e-03
5.309999999999999616e-03
4.700000000000000185e-03
3.880000000000000202e-03
4.470000000000000015e-03
4.640000000000000027e-03
4.610000000000000382e-03
4.369999999999999753e-03
4.429999999999999910e-03
4.789999999999999987e-03
5.360000000000000181e-03
5.100000000000000366e-03
6.170000000000000137e-03
5.100000000000000366e-03
5.290000000000000431e-03
4.859999999999999737e-03
4.669999999999999672e-03
5.830000000000000113e-03
6.459999999999999597e-03
6.870000000000000238e-03
6.320000000000000097e-03
5.660000000000000100e-03
7.159999999999999698e-03
6.060000000000000282e-03
6.210000000000000242e-03
7.689999999999999787e-03
7.170000000000000158e-03
6.910000000000000343e-03
6.760000000000000384e-03
6.649999999999999661e-03
7.340000000000000170e-03
6.369999999999999794e-03
7.280000000000000013e-03
6.559999999999999859e-03
6.749999999999999924e-03
7.649999999999999682e-03
7.640000000000000090e-03
7.760000000000000404e-03
8.099999999999999561e-03
7.900000000000000772e-03
7.729999999999999892e-03
8.500000000000000611e-03
8.030000000000000679e-03
7.660000000000000142e-03
8.340000000000000191e-03
8.250000000000000389e-03
8.410000000000000808e-03
8.569999999999999493e-03
8.489999999999999283e-03
9.249999999999999542e-03
8.489999999999999283e-03
9.079999999999999530e-03
8.179999999999999771e-03
8.949999999999999623e-03
8.200000000000000691e-03
9.390000000000000777e-03
9.199999999999999845e-03
9.749999999999999986e-03
1.013000000000000012e-02
9.469999999999999252e-03
9.469999999999999252e-03
1.018999999999999941e-02
9.879999999999999893e-03
9.719999999999999474e-03
1.091999999999999915e-02
1.136000000000000031e-02
1.139000000000000082e-02
1.195000000000000055e-02
1.212000000000000056e-02
1.171999999999999952e-02
1.251000000000000029e-02
1.200999999999999984e-02
1.137999999999999949e-02
1.209000000000000005e-02
1.251999999999999988e-02
1.272000000000000040e-02
1.234000000000000027e-02
1.235999999999999946e-02
1.276000000000000051e-02
1.269999999999999948e-02
1.369000000000000078e-02
1.332999999999999984e-02
1.446000000000000063e-02
1.541000000000000009e-02
1.426000000000000011e-02
1.494999999999999975e-02
1.460000000000000013e-02
1.583000000000000032e-02
1.448999999999999941e-02
1.562000000000000020e-02
1.512999999999999935e-02
1.597000000000000156e-02
1.610999999999999932e-02
1.679999999999999896e-02
1.651999999999999996e-02
1.592999999999999972e-02
1.629999999999999852e-02
1.641000000000000097e-02
1.576999999999999930e-02
1.637999999999999873e-02
1.597000000000000156e-02
1.730999999999999900e-02
1.711999999999999980e-02
1.646999999999999853e-02
1.620999999999999872e-02
1.625000000000000056e-02
1.678999999999999937e-02
1.706999999999999837e-02
1.739999999999999880e-02
1.703000000000000000e-02
1.761000000000000065e-02
1.728000000000000022e-02
1.763999999999999943e-02
1.720999999999999960e-02
1.689999999999999836e-02
1.740999999999999839e-02
1.807999999999999885e-02
1.822000000000000008e-02
1.846000000000000071e-02
1.873000000000000012e-02
1.827000000000000152e-02
1.897000000000000075e-02
1.910999999999999852e-02
1.837000000000000091e-02
1.846000000000000071e-02
1.849999999999999908e-02
1.856999999999999970e-02
1.796999999999999986e-02
1.867999999999999869e-02
1.799999999999999864e-02
1.745999999999999983e-02
1.753000000000000044e-02
1.731999999999999859e-02
1.738999999999999921e-02
1.827000000000000152e-02
1.793000000000000149e-02
1.709000000000000102e-02
1.759000000000000147e-02
1.794000000000000108e-02
1.771999999999999964e-02
1.804000000000000048e-02
1.887000000000000136e-02
1.901999999999999871e-02
1.919999999999999832e-02
2.003999999999999879e-02
2.016000000000000084e-02
1.935999999999999874e-02
1.944999999999999854e-02
1.909999999999999892e-02
1.947000000000000119e-02
2.009999999999999981e-02
1.966999999999999998e-02
2.045999999999999902e-02
2.037999999999999881e-02
