0.000000000000000000e+00
-1.000000000000000082e-05
2.400000000000000061e-04
1.499999999999999869e-04
4.000000000000000192e-04
1.700000000000000122e-04
7.100000000000000191e-04
2.400000000000000061e-04
4.299999999999999894e-04
6.599999999999999964e-04
-3.000000000000000076e-05
1.499999999999999869e-04
7.299999999999999632e-04
1.350000000000000071e-03
8.099999999999999561e-04
1.420000000000000038e-03
2.500000000000000052e-03
1.709999999999999932e-03
2.139999999999999975e-03
1.789999999999999925e-03
2.139999999999999975e-03
2.289999999999999935e-03
2.099999999999999870e-03
2.579999999999999828e-03
2.870000000000000155e-03
3.660000000000000059e-03
2.909999999999999826e-03
3.759999999999999887e-03
4.100000000000000346e-03
4.930000000000000354e-03
4.340000000000000108e-03
4.780000000000000394e-03
5.159999999999999656e-03
5.190000000000000169e-03
5.040000000000000209e-03
5.199999999999999761e-03
5.499999999999999681e-03
5.819999999999999653e-03
5.570000000000000298e-03
5.689999999999999745e-03
5.619999999999999996e-03
6.170000000000000137e-03
5.819999999999999653e-03
6.470000000000000057e-03
6.369999999999999794e-03
7.139999999999999646e-03
7.860000000000000667e-03
8.760000000000000425e-03
9.549999999999999462e-03
9.060000000000000345e-03
9.220000000000000764e-03
9.220000000000000764e-03
9.079999999999999530e-03
9.239999999999999949e-03
9.169999999999999332e-03
1.072000000000000036e-02
1.110000000000000049e-02
1.115000000000000019e-02
1.205999999999999954e-02
1.319999999999999993e-02
1.314000000000000064e-02
1.353999999999999995e-02
1.399000000000000070e-02
1.367999999999999945e-02
1.387000000000000038e-02
1.511000000000000017e-02
1.567999999999999949e-02
1.585999999999999910e-02
1.519999999999999997e-02
1.705999999999999878e-02
1.722999999999999879e-02
1.786000000000000087e-02
1.881000000000000033e-02
1.842999999999999847e-02
1.794000000000000108e-02
1.806999999999999926e-02
1.848999999999999949e-02
1.938000000000000139e-02
1.984000000000000000e-02
2.051000000000000045e-02
2.058000000000000107e-02
2.070999999999999924e-02
2.162000000000000033e-02
2.233999999999999875e-02
2.200999999999999832e-02
2.217999999999999833e-02
2.230999999999999997e-02
2.191999999999999851e-02
2.290000000000000022e-02
2.230999999999999997e-02
2.265999999999999959e-02
2.310999999999999860e-02
2.350000000000000006e-02
2.373000000000000109e-02
2.367000000000000007e-02
2.363000000000000170e-02
2.452999999999999972e-02
2.480999999999999872e-02
2.453999999999999931e-02
2.400000000000000050e-02
2.443999999999999992e-02
2.486999999999999975e-02
2.493000000000000077e-02
2.469999999999999973e-02
2.485000000000000056e-02
2.631000000000000005e-02
2.593000000000000166e-02
2.586000000000000104e-02
2.700999999999999929e-02
2.589999999999999941e-02
2.670000000000000151e-02
2.753999999999999851e-02
2.777999999999999914e-02
2.832000000000000142e-02
2.915999999999999842e-02
2.949999999999999845e-02
2.927000000000000088e-02
3.049999999999999933e-02
3.004000000000000073e-02
2.920000000000000026e-02
2.954999999999999988e-02
3.000999999999999848e-02
3.073999999999999996e-02
3.130999999999999756e-02
3.178000000000000269e-02
3.146999999999999797e-02
3.293000000000000094e-02
3.282999999999999807e-02
3.309000000000000136e-02
3.325999999999999790e-02
3.373999999999999916e-02
3.323000000000000259e-02
3.490999999999999659e-02
3.482999999999999985e-02
3.636000000000000343e-02
3.574000000000000093e-02
3.590999999999999748e-02
3.568999999999999950e-02
3.685999999999999693e-02
3.778999999999999720e-02
3.776000000000000190e-02
3.733999999999999819e-02
3.839999999999999664e-02
3.878999999999999809e-02
3.860999999999999849e-02
3.803000000000000130e-02
3.885999999999999871e-02
3.907000000000000056e-02
4.028999999999999942e-02
4.025000000000000105e-02
4.014000000000000207e-02
3.982000000000000123e-02
4.111999999999999683e-02
4.143000000000000155e-02
4.252000000000000224e-02
4.173999999999999932e-02
4.077000000000000068e-02
4.248999999999999999e-02
4.274000000000000021e-02
4.279999999999999777e-02
4.395000000000000295e-02
4.481999999999999873e-02
4.456999999999999851e-02
4.440000000000000197e-02
4.501000000000000140e-02
4.529999999999999999e-02
4.580000000000000043e-02
4.678000000000000214e-02
4.669000000000000233e-02
4.771000000000000241e-02
4.712999999999999828e-02
4.721999999999999809e-02
4.730000000000000177e-02
4.703000000000000236e-02
4.746999999999999831e-02
4.809000000000000080e-02
4.757000000000000117e-02
4.793000000000000038e-02
4.834000000000000102e-02
4.941000000000000253e-02
4.923000000000000292e-02
5.057999999999999996e-02
5.097000000000000142e-02
5.043999999999999873e-02
5.104000000000000203e-02
5.126000000000000001e-02
5.154999999999999860e-02
5.210999999999999660e-02
5.306000000000000300e-02
5.453999999999999820e-02
5.514999999999999764e-02
5.634999999999999731e-02
5.609000000000000097e-02
5.723999999999999921e-02
5.786000000000000171e-02
5.845999999999999808e-02
5.915000000000000119e-02
5.951000000000000040e-02
6.017999999999999738e-02
6.108999999999999847e-02
6.178000000000000158e-02
