0.000000000000000000e+00
2.300000000000000070e-04
-6.999999999999999387e-05
-2.700000000000000035e-04
9.000000000000000567e-05
2.000000000000000096e-04
1.219999999999999947e-03
7.699999999999999597e-04
1.200000000000000030e-04
1.000000000000000048e-04
-2.100000000000000087e-04
5.999999999999999474e-04
3.400000000000000244e-04
5.199999999999999544e-04
8.300000000000000086e-04
5.299999999999999807e-04
2.269999999999999882e-03
2.079999999999999818e-03
2.249999999999999830e-03
2.119999999999999923e-03
2.830000000000000050e-03
2.210000000000000159e-03
2.079999999999999818e-03
2.459999999999999947e-03
2.309999999999999987e-03
2.020000000000000094e-03
2.269999999999999882e-03
1.830000000000000029e-03
2.520000000000000104e-03
2.500000000000000052e-03
2.429999999999999868e-03
2.330000000000000040e-03
3.779999999999999940e-03
3.399999999999999811e-03
2.809999999999999998e-03
2.309999999999999987e-03
2.670000000000000064e-03
2.619999999999999933e-03
2.259999999999999856e-03
1.699999999999999905e-03
1.619999999999999912e-03
2.190000000000000106e-03
2.119999999999999923e-03
2.429999999999999868e-03
1.869999999999999917e-03
1.149999999999999981e-03
1.280000000000000105e-03
2.190000000000000106e-03
2.639999999999999986e-03
1.299999999999999940e-03
1.629999999999999939e-03
1.850000000000000082e-03
1.729999999999999984e-03
1.340000000000000045e-03
1.170000000000000033e-03
1.270000000000000078e-03
1.160000000000000007e-03
3.400000000000000244e-04
1.410000000000000012e-03
1.750000000000000036e-03
1.920000000000000049e-03
1.559999999999999972e-03
2.239999999999999804e-03
1.840000000000000056e-03
1.500000000000000031e-03
2.109999999999999896e-03
2.370000000000000145e-03
1.770000000000000089e-03
1.690000000000000096e-03
2.469999999999999973e-03
2.109999999999999896e-03
2.409999999999999816e-03
3.150000000000000022e-03
2.850000000000000103e-03
1.680000000000000070e-03
1.850000000000000082e-03
2.399999999999999790e-03
3.609999999999999928e-03
3.050000000000000194e-03
3.910000000000000281e-03
3.409999999999999837e-03
3.310000000000000008e-03
3.559999999999999797e-03
3.799999999999999992e-03
3.899999999999999821e-03
3.459999999999999968e-03
3.720000000000000216e-03
3.439999999999999915e-03
4.559999999999999817e-03
3.640000000000000006e-03
3.710000000000000190e-03
3.650000000000000033e-03
3.399999999999999811e-03
3.510000000000000099e-03
3.579999999999999849e-03
3.729999999999999809e-03
3.989999999999999623e-03
3.670000000000000085e-03
4.490000000000000067e-03
3.619999999999999954e-03
3.889999999999999795e-03
3.129999999999999970e-03
3.710000000000000190e-03
4.230000000000000253e-03
3.510000000000000099e-03
3.759999999999999887e-03
3.850000000000000124e-03
3.360000000000000139e-03
4.989999999999999644e-03
4.429999999999999910e-03
3.840000000000000097e-03
5.130000000000000011e-03
4.939999999999999947e-03
4.219999999999999793e-03
5.279999999999999971e-03
5.190000000000000169e-03
5.279999999999999971e-03
6.029999999999999770e-03
4.830000000000000092e-03
4.729999999999999830e-03
4.740000000000000289e-03
5.879999999999999810e-03
6.219999999999999835e-03
6.119999999999999572e-03
6.230000000000000294e-03
5.409999999999999878e-03
6.309999999999999637e-03
6.470000000000000057e-03
5.309999999999999616e-03
5.210000000000000221e-03
5.340000000000000129e-03
5.069999999999999854e-03
5.700000000000000205e-03
5.250000000000000326e-03
5.060000000000000261e-03
3.399999999999999811e-03
4.400000000000000265e-03
4.009999999999999676e-03
4.570000000000000277e-03
5.290000000000000431e-03
4.760000000000000342e-03
4.360000000000000160e-03
4.839999999999999684e-03
4.389999999999999805e-03
3.850000000000000124e-03
2.429999999999999868e-03
3.010000000000000089e-03
2.929999999999999879e-03
3.340000000000000087e-03
3.799999999999999992e-03
3.870000000000000176e-03
3.160000000000000048e-03
3.069999999999999812e-03
3.550000000000000204e-03
3.690000000000000138e-03
3.289999999999999956e-03
2.990000000000000036e-03
3.119999999999999944e-03
3.700000000000000164e-03
3.660000000000000059e-03
4.120000000000000398e-03
3.769999999999999914e-03
4.159999999999999636e-03
3.820000000000000045e-03
3.739999999999999835e-03
4.259999999999999898e-03
4.120000000000000398e-03
3.559999999999999797e-03
3.779999999999999940e-03
3.150000000000000022e-03
2.890000000000000208e-03
2.109999999999999896e-03
2.789999999999999945e-03
2.939999999999999905e-03
1.920000000000000049e-03
3.330000000000000061e-03
2.380000000000000171e-03
2.720000000000000195e-03
2.239999999999999804e-03
2.840000000000000076e-03
3.000000000000000062e-03
3.050000000000000194e-03
3.139999999999999996e-03
2.360000000000000119e-03
2.660000000000000038e-03
2.670000000000000064e-03
2.980000000000000010e-03
2.809999999999999998e-03
2.789999999999999945e-03
2.439999999999999895e-03
3.720000000000000216e-03
3.690000000000000138e-03
3.779999999999999940e-03
3.190000000000000127e-03
3.119999999999999944e-03
2.779999999999999919e-03
2.449999999999999921e-03
3.510000000000000099e-03
2.969999999999999984e-03
3.480000000000000020e-03
3.559999999999999797e-03
