0.000000000000000000e+00
9.100000000000000016e-04
-2.900000000000000017e-04
-1.290000000000000131e-03
6.899999999999999667e-04
1.940000000000000318e-03
5.709999999999999798e-03
5.109999999999999959e-03
3.839999999999999664e-03
5.610000000000000403e-03
4.510000000000000120e-03
5.230000000000000274e-03
4.989999999999999644e-03
8.590000000000000413e-03
6.350000000000000609e-03
6.669999999999999714e-03
1.372000000000000129e-02
1.162000000000000012e-02
1.290000000000000001e-02
1.119000000000000203e-02
1.448999999999999941e-02
1.364999999999999894e-02
1.359999999999999924e-02
1.607000000000000095e-02
1.677999999999999978e-02
1.856000000000000011e-02
1.959999999999999937e-02
1.922000000000000097e-02
2.084000000000000435e-02
2.318000000000000269e-02
2.124000000000000193e-02
2.445999999999999910e-02
2.829000000000000264e-02
2.879999999999999921e-02
2.643000000000000210e-02
2.786000000000000282e-02
3.021000000000000074e-02
2.914000000000000271e-02
2.980000000000000010e-02
2.929999999999999966e-02
3.120999999999999816e-02
3.411000000000000143e-02
3.354000000000000037e-02
3.708999999999999797e-02
3.484999999999999210e-02
3.452999999999999819e-02
3.739000000000000656e-02
4.127999999999999725e-02
4.571999999999999675e-02
4.336999999999999883e-02
4.670999999999999458e-02
4.823999999999999816e-02
4.918000000000000843e-02
4.879000000000000004e-02
5.067999999999999589e-02
5.235999999999999682e-02
5.361000000000000487e-02
5.314999999999999586e-02
5.796000000000000457e-02
6.203000000000000180e-02
6.233999999999999958e-02
6.186999999999999444e-02
6.244999999999999857e-02
6.163000000000000422e-02
6.161999999999999422e-02
6.661999999999999866e-02
6.842999999999999083e-02
6.916999999999999538e-02
6.837000000000000022e-02
7.411999999999999145e-02
7.236999999999998989e-02
7.717000000000000248e-02
8.184999999999999221e-02
8.007999999999999841e-02
7.728000000000000147e-02
7.713000000000000411e-02
8.098999999999999255e-02
8.683000000000000440e-02
8.671000000000000929e-02
9.097999999999999143e-02
9.134999999999998677e-02
9.293999999999999484e-02
9.646999999999998632e-02
9.979000000000000370e-02
9.969000000000001471e-02
1.010900000000000132e-01
1.020099999999999896e-01
1.033199999999999952e-01
1.095799999999999969e-01
1.080899999999999916e-01
1.102500000000000008e-01
1.116800000000000015e-01
1.124900000000000067e-01
1.159400000000000014e-01
1.185900000000000010e-01
1.202500000000000097e-01
1.240399999999999836e-01
1.230600000000000027e-01
1.257699999999999929e-01
1.261000000000000176e-01
1.274099999999999955e-01
1.281100000000000017e-01
1.302399999999999947e-01
1.310100000000000153e-01
1.328700000000000159e-01
1.379800000000000193e-01
1.384700000000000097e-01
1.396799999999999986e-01
1.455999999999999794e-01
1.448699999999999988e-01
1.478300000000000169e-01
1.522599999999999787e-01
1.536099999999999965e-01
1.561300000000000188e-01
1.605900000000000105e-01
1.612999999999999989e-01
1.626599999999999990e-01
1.685800000000000076e-01
1.670099999999999918e-01
1.698200000000000265e-01
1.726499999999999979e-01
1.756499999999999728e-01
1.787799999999999945e-01
1.821199999999999763e-01
1.840700000000000114e-01
1.812399999999999844e-01
1.881500000000000117e-01
1.899500000000000077e-01
1.879400000000000237e-01
1.920399999999999885e-01
1.961700000000000110e-01
1.950999999999999679e-01
1.995300000000000129e-01
1.994200000000000139e-01
2.038699999999999957e-01
2.039100000000000079e-01
2.073899999999999910e-01
2.071199999999999708e-01
2.103799999999999837e-01
2.159199999999999731e-01
2.147800000000000264e-01
2.145199999999999885e-01
2.202999999999999958e-01
2.212999999999999967e-01
2.209800000000000098e-01
2.204099999999999948e-01
2.231400000000000050e-01
2.277599999999999902e-01
2.327000000000000179e-01
2.319199999999999873e-01
2.342599999999999960e-01
2.321399999999999852e-01
2.364199999999999913e-01
2.399300000000000044e-01
2.441699999999999704e-01
2.416399999999999937e-01
2.381499999999999728e-01
2.414700000000000180e-01
2.445699999999999819e-01
2.469100000000000183e-01
2.536100000000000576e-01
2.570399999999999907e-01
2.615500000000000047e-01
2.632099999999999995e-01
2.639600000000000279e-01
2.650899999999999923e-01
2.691100000000000159e-01
2.699600000000000333e-01
2.716999999999999971e-01
2.730500000000000149e-01
2.761899999999999911e-01
2.748200000000000087e-01
2.786600000000000188e-01
2.816900000000000515e-01
2.787299999999999778e-01
2.857299999999999840e-01
2.840499999999999692e-01
2.861799999999999899e-01
2.884700000000000597e-01
2.912100000000000244e-01
2.940700000000000536e-01
2.973600000000000132e-01
3.002999999999999559e-01
2.987499999999999600e-01
3.036600000000000410e-01
3.053899999999999948e-01
3.066999999999999726e-01
3.085399999999999809e-01
3.123199999999999865e-01
3.143799999999999928e-01
3.207200000000000051e-01
3.227900000000000214e-01
3.264199999999999879e-01
3.259000000000000785e-01
3.267400000000000304e-01
3.284900000000000042e-01
3.290500000000000091e-01
3.340600000000000236e-01
3.361500000000000044e-01
3.397999999999999909e-01
3.397999999999999909e-01
