0.000000000000000000e+00
-2.000000000000000096e-04
-2.000000000000000096e-04
-2.200000000000000078e-04
-1.299999999999999886e-04
5.100000000000000366e-04
1.119999999999999902e-03
1.350000000000000071e-03
7.600000000000000418e-04
1.240000000000000000e-03
1.240000000000000000e-03
1.709999999999999932e-03
1.529999999999999893e-03
2.510000000000000078e-03
2.609999999999999907e-03
3.409999999999999837e-03
4.789999999999999987e-03
4.919999999999999894e-03
5.510000000000000141e-03
5.629999999999999588e-03
6.089999999999999927e-03
6.819999999999999674e-03
6.850000000000000186e-03
7.119999999999999593e-03
7.700000000000000247e-03
8.460000000000000506e-03
8.269999999999999574e-03
9.650000000000000591e-03
1.078999999999999924e-02
1.112999999999999927e-02
1.162000000000000012e-02
1.331000000000000065e-02
1.408000000000000050e-02
1.403000000000000080e-02
1.386000000000000079e-02
1.510000000000000057e-02
1.501000000000000077e-02
1.568999999999999909e-02
1.599000000000000074e-02
1.674000000000000141e-02
1.728999999999999981e-02
1.873999999999999971e-02
1.821000000000000049e-02
1.956000000000000100e-02
2.026999999999999982e-02
2.084000000000000088e-02
2.143000000000000113e-02
2.288000000000000103e-02
2.446999999999999870e-02
2.419999999999999929e-02
2.494000000000000036e-02
2.590999999999999900e-02
2.612000000000000086e-02
2.590999999999999900e-02
2.622999999999999984e-02
2.817000000000000060e-02
2.813999999999999835e-02
2.912000000000000005e-02
3.146000000000000185e-02
3.323000000000000259e-02
3.355999999999999955e-02
3.441000000000000308e-02
3.509999999999999926e-02
3.568999999999999950e-02
3.710000000000000103e-02
3.815999999999999948e-02
3.980999999999999817e-02
4.064000000000000251e-02
4.037999999999999923e-02
4.334999999999999964e-02
4.404000000000000276e-02
4.569999999999999757e-02
4.803000000000000325e-02
4.794000000000000344e-02
4.877999999999999697e-02
5.006000000000000033e-02
5.258999999999999786e-02
5.356999999999999956e-02
5.464000000000000107e-02
5.487999999999999823e-02
5.668000000000000121e-02
5.679000000000000020e-02
5.866999999999999993e-02
6.131000000000000338e-02
6.270000000000000573e-02
6.393000000000000071e-02
6.536000000000000143e-02
6.597999999999999698e-02
6.623999999999999333e-02
6.787999999999999590e-02
6.922999999999999987e-02
6.937000000000000111e-02
6.994999999999999829e-02
7.270999999999999686e-02
7.506999999999999784e-02
7.617999999999999772e-02
7.953999999999999959e-02
8.118999999999999828e-02
8.303000000000000658e-02
8.371000000000000663e-02
8.497000000000000386e-02
8.587000000000000188e-02
8.849999999999999534e-02
8.813000000000000000e-02
9.078999999999999571e-02
9.243999999999999440e-02
9.547999999999999543e-02
9.639999999999999958e-02
9.939000000000000612e-02
9.986000000000000432e-02
1.030200000000000005e-01
1.034700000000000064e-01
1.055500000000000049e-01
1.088299999999999962e-01
1.111800000000000010e-01
1.124799999999999967e-01
1.140499999999999986e-01
1.178700000000000025e-01
1.167699999999999988e-01
1.168399999999999994e-01
1.165000000000000063e-01
1.190299999999999969e-01
1.234100000000000058e-01
1.251099999999999990e-01
1.267300000000000093e-01
1.284899999999999931e-01
1.306400000000000061e-01
1.322699999999999987e-01
1.336700000000000110e-01
1.360599999999999865e-01
1.383600000000000108e-01
1.383000000000000063e-01
1.396699999999999886e-01
1.420099999999999973e-01
1.437199999999999867e-01
1.449600000000000055e-01
1.471999999999999975e-01
1.481399999999999939e-01
1.496599999999999875e-01
1.513500000000000123e-01
1.533100000000000018e-01
1.537300000000000055e-01
1.561700000000000033e-01
1.576200000000000101e-01
1.589000000000000135e-01
1.589500000000000079e-01
1.603700000000000125e-01
1.633999999999999897e-01
1.654200000000000115e-01
1.659599999999999964e-01
1.673399999999999888e-01
1.689100000000000046e-01
1.701000000000000012e-01
1.713899999999999868e-01
1.734999999999999876e-01
1.747599999999999987e-01
1.758000000000000118e-01
1.770200000000000107e-01
1.799300000000000066e-01
1.821299999999999863e-01
1.842300000000000049e-01
1.861099999999999977e-01
1.874200000000000033e-01
1.886899999999999966e-01
1.897999999999999965e-01
1.908199999999999896e-01
1.933600000000000041e-01
1.946700000000000097e-01
1.973600000000000076e-01
1.990099999999999925e-01
1.998000000000000054e-01
2.010200000000000042e-01
2.023000000000000076e-01
2.041199999999999959e-01
2.044799999999999951e-01
2.071300000000000086e-01
2.073500000000000065e-01
2.087199999999999889e-01
2.103399999999999992e-01
2.114800000000000013e-01
2.119399999999999895e-01
2.149999999999999967e-01
2.163100000000000023e-01
2.173799999999999899e-01
2.184699999999999975e-01
2.205499999999999960e-01
2.218100000000000072e-01
2.227500000000000036e-01
2.248799999999999966e-01
2.264700000000000046e-01
2.276799999999999935e-01
2.299499999999999877e-01
2.312500000000000111e-01
2.323999999999999955e-01
2.331399999999999861e-01
2.341000000000000025e-01
2.352899999999999991e-01
2.358599999999999863e-01
2.377499999999999891e-01
2.394600000000000062e-01
2.392900000000000027e-01
