0.000000000000000000e+00
-9.999999999999999124e-05
-7.500000000000000156e-04
-1.680000000000000070e-03
-9.400000000000000803e-04
-2.500000000000002220e-04
3.040000000000000167e-03
2.779999999999999485e-03
2.079999999999999818e-03
2.150000000000000001e-03
6.799999999999997236e-04
2.559999999999999776e-03
2.129999999999999949e-03
4.899999999999999842e-03
2.099999999999999870e-03
3.289999999999999956e-03
7.570000000000000340e-03
5.169999999999999249e-03
6.990000000000000553e-03
4.589999999999999462e-03
7.130000000000000053e-03
5.120000000000000419e-03
5.470000000000000036e-03
5.499999999999999681e-03
7.199999999999999803e-03
6.879999999999999831e-03
6.969999999999999633e-03
8.540000000000000716e-03
9.069999999999999937e-03
9.930000000000001326e-03
8.709999999999998993e-03
9.289999999999999647e-03
1.368000000000000119e-02
1.334000000000000116e-02
1.133999999999999939e-02
1.198000000000000106e-02
1.274000000000000132e-02
1.033000000000000064e-02
1.021999999999999992e-02
9.310000000000000567e-03
1.017999999999999981e-02
1.404999999999999999e-02
1.113000000000000100e-02
1.244999999999999926e-02
1.115999999999999978e-02
1.245000000000000100e-02
1.323000000000000217e-02
1.804999999999999660e-02
1.999000000000000082e-02
1.803000000000000089e-02
1.963000000000000508e-02
2.109000000000000111e-02
2.209000000000000200e-02
1.833999999999999866e-02
1.979000000000000203e-02
2.240999999999999936e-02
2.405999999999999805e-02
2.509000000000000119e-02
2.834000000000000061e-02
3.132999999999999674e-02
3.022999999999999993e-02
2.992000000000000215e-02
3.055000000000000077e-02
2.842000000000000082e-02
2.841000000000000122e-02
3.479999999999999760e-02
3.581000000000000155e-02
3.524000000000000049e-02
3.227000000000000007e-02
3.871999999999999748e-02
3.608999999999999708e-02
3.808999999999999886e-02
4.449999999999999789e-02
4.232000000000000345e-02
4.030000000000000249e-02
4.103000000000000397e-02
4.188000000000000056e-02
4.476999999999999730e-02
4.329999999999999127e-02
4.775000000000000078e-02
4.819999999999999285e-02
4.712000000000000910e-02
5.040999999999999648e-02
5.341999999999999527e-02
5.245999999999999969e-02
5.401000000000000939e-02
5.544999999999999929e-02
5.660000000000000447e-02
5.994000000000000022e-02
5.713000000000000023e-02
5.847000000000000114e-02
5.974999999999999756e-02
6.030999999999999556e-02
6.147000000000000380e-02
6.230999999999999733e-02
6.151000000000000217e-02
6.298999999999999044e-02
6.135999999999999788e-02
6.593999999999999861e-02
6.318000000000001393e-02
6.244000000000000244e-02
6.219000000000000222e-02
6.400999999999999746e-02
6.298999999999999044e-02
6.438000000000000667e-02
7.126000000000000389e-02
7.055999999999999772e-02
7.012000000000000177e-02
7.438999999999999779e-02
7.324999999999999567e-02
7.264999999999999236e-02
7.521999999999999520e-02
7.852000000000000646e-02
7.907999999999999752e-02
8.110000000000000542e-02
8.087999999999999357e-02
7.966000000000000858e-02
8.566000000000001391e-02
8.498999999999999611e-02
8.388999999999999235e-02
8.762000000000000344e-02
8.791000000000000203e-02
8.895000000000001517e-02
9.136999999999999289e-02
9.288999999999998647e-02
9.015999999999999015e-02
9.593999999999999750e-02
9.711000000000000187e-02
9.455999999999999128e-02
9.778999999999998805e-02
1.016800000000000065e-01
1.023499999999999965e-01
1.053800000000000014e-01
1.008799999999999975e-01
1.052800000000000125e-01
1.049400000000000055e-01
1.083000000000000074e-01
1.071300000000000030e-01
1.113600000000000007e-01
1.146999999999999964e-01
1.141599999999999976e-01
1.130700000000000038e-01
1.149300000000000044e-01
1.162399999999999961e-01
1.141799999999999898e-01
1.145200000000000107e-01
1.164400000000000157e-01
1.195699999999999957e-01
1.223199999999999982e-01
1.208800000000000152e-01
1.209599999999999981e-01
1.214700000000000085e-01
1.248700000000000088e-01
1.273900000000000032e-01
1.314400000000000013e-01
1.304600000000000204e-01
1.274200000000000055e-01
1.343099999999999850e-01
1.347800000000000109e-01
1.356800000000000228e-01
1.398399999999999921e-01
1.417899999999999994e-01
1.419300000000000006e-01
1.428499999999999770e-01
1.420099999999999973e-01
1.436099999999999877e-01
1.462399999999999811e-01
1.464999999999999636e-01
1.482500000000000207e-01
1.534299999999999831e-01
1.505900000000000016e-01
1.499199999999999977e-01
1.504900000000000126e-01
1.543899999999999995e-01
1.511000000000000121e-01
1.554399999999999948e-01
1.544200000000000017e-01
1.533799999999999886e-01
1.555900000000000061e-01
1.591000000000000192e-01
1.597999999999999976e-01
1.643600000000000061e-01
1.654400000000000037e-01
1.631799999999999917e-01
1.660100000000000187e-01
1.669400000000000328e-01
1.668800000000000006e-01
1.678999999999999937e-01
1.713000000000000078e-01
1.736500000000000266e-01
1.758099999999999941e-01
1.768699999999999994e-01
1.787600000000000022e-01
1.780700000000000061e-01
1.807300000000000018e-01
1.789200000000000235e-01
1.816800000000000082e-01
1.853199999999999847e-01
1.860999999999999877e-01
1.882000000000000062e-01
1.873199999999999865e-01
