0.000000000000000000e+00
2.799999999999999755e-04
4.000000000000000327e-05
1.600000000000000131e-04
5.199999999999999544e-04
6.400000000000000524e-04
9.799999999999999684e-04
1.969999999999999963e-03
1.639999999999999965e-03
2.040000000000000147e-03
2.390000000000000197e-03
2.279999999999999909e-03
2.670000000000000064e-03
3.710000000000000190e-03
3.249999999999999851e-03
3.449999999999999942e-03
4.360000000000000160e-03
3.959999999999999978e-03
4.599999999999999922e-03
4.360000000000000160e-03
5.199999999999999761e-03
5.199999999999999761e-03
5.349999999999999721e-03
6.000000000000000125e-03
6.089999999999999927e-03
6.969999999999999633e-03
7.409999999999999920e-03
7.579999999999999932e-03
7.570000000000000340e-03
8.630000000000000518e-03
8.370000000000000703e-03
8.840000000000000635e-03
9.650000000000000591e-03
9.259999999999999135e-03
8.899999999999999925e-03
1.056999999999999953e-02
1.120999999999999948e-02
1.068000000000000026e-02
1.094999999999999966e-02
1.192000000000000004e-02
1.246000000000000059e-02
1.352000000000000077e-02
1.332999999999999984e-02
1.397999999999999937e-02
1.379000000000000017e-02
1.297000000000000063e-02
1.430999999999999980e-02
1.545999999999999978e-02
1.703000000000000000e-02
1.731999999999999859e-02
1.796999999999999986e-02
1.874999999999999931e-02
1.898000000000000034e-02
1.949000000000000038e-02
2.041000000000000106e-02
2.055999999999999842e-02
2.119000000000000050e-02
2.166999999999999829e-02
2.278000000000000164e-02
2.339000000000000107e-02
2.333000000000000004e-02
2.344999999999999862e-02
2.338000000000000148e-02
2.314000000000000085e-02
2.333000000000000004e-02
2.376999999999999946e-02
2.526000000000000120e-02
2.581999999999999920e-02
2.545000000000000040e-02
2.596000000000000044e-02
2.573999999999999899e-02
2.900000000000000147e-02
2.972999999999999948e-02
2.977000000000000132e-02
2.835000000000000020e-02
2.811999999999999916e-02
2.910000000000000087e-02
3.089000000000000079e-02
3.096000000000000141e-02
3.212000000000000272e-02
3.214999999999999802e-02
3.443000000000000227e-02
3.542000000000000010e-02
3.636999999999999955e-02
3.631000000000000200e-02
3.679000000000000326e-02
3.733999999999999819e-02
3.840999999999999970e-02
4.021999999999999881e-02
4.120999999999999663e-02
4.127999999999999725e-02
4.241000000000000325e-02
4.248999999999999999e-02
4.415999999999999787e-02
4.485000000000000098e-02
4.605999999999999678e-02
4.766999999999999710e-02
4.698999999999999705e-02
4.746000000000000218e-02
4.812000000000000305e-02
4.809999999999999692e-02
4.975999999999999868e-02
5.059000000000000302e-02
5.106999999999999734e-02
5.172000000000000208e-02
5.419000000000000206e-02
5.372999999999999998e-02
5.505999999999999783e-02
5.707000000000000267e-02
5.739999999999999963e-02
5.843999999999999889e-02
5.949000000000000121e-02
5.945000000000000284e-02
6.122999999999999970e-02
6.260999999999999899e-02
6.307000000000000106e-02
6.371999999999999886e-02
6.579999999999999738e-02
6.511000000000000121e-02
6.572000000000000064e-02
6.693000000000000338e-02
6.794999999999999651e-02
6.965999999999999970e-02
7.086000000000000631e-02
7.130999999999999839e-02
7.151000000000000412e-02
7.306999999999999607e-02
7.420000000000000207e-02
7.327999999999999792e-02
7.466000000000000414e-02
7.625999999999999446e-02
7.664999999999999591e-02
7.799000000000000377e-02
7.817000000000000337e-02
7.918000000000000038e-02
8.008999999999999453e-02
8.101999999999999480e-02
8.155999999999999361e-02
8.254000000000000226e-02
8.344000000000000028e-02
8.396000000000000685e-02
8.433999999999999830e-02
8.548999999999999655e-02
8.576999999999999902e-02
8.562000000000000166e-02
8.611000000000000598e-02
8.665000000000000480e-02
8.866999999999999882e-02
9.027999999999999914e-02
9.020000000000000240e-02
9.028999999999999526e-02
9.045000000000000262e-02
9.153000000000000025e-02
9.304999999999999383e-02
9.357000000000000040e-02
9.417999999999999983e-02
9.452000000000000679e-02
9.588000000000000689e-02
9.614000000000000323e-02
9.621999999999999997e-02
9.810000000000000664e-02
9.839000000000000523e-02
9.901999999999999691e-02
9.955999999999999572e-02
9.979000000000000370e-02
1.000999999999999945e-01
1.014199999999999963e-01
1.024199999999999972e-01
1.027300000000000019e-01
1.034400000000000042e-01
1.043000000000000038e-01
1.043099999999999999e-01
1.050900000000000029e-01
1.057400000000000007e-01
1.062499999999999972e-01
1.074299999999999977e-01
1.069100000000000050e-01
1.077400000000000024e-01
1.084699999999999970e-01
1.094600000000000017e-01
1.106000000000000039e-01
1.116700000000000054e-01
1.123200000000000032e-01
1.128600000000000020e-01
1.142299999999999982e-01
1.149000000000000021e-01
1.150599999999999956e-01
1.158799999999999969e-01
1.173199999999999937e-01
1.183300000000000046e-01
1.201099999999999945e-01
1.203999999999999931e-01
1.217599999999999932e-01
1.218000000000000055e-01
1.231399999999999995e-01
1.240099999999999952e-01
1.243699999999999944e-01
1.258400000000000074e-01
1.267300000000000093e-01
1.279800000000000104e-01
1.285499999999999976e-01
