0.000000000000000000e+00
4.000000000000000327e-05
-0.000000000000000000e+00
9.000000000000000567e-05
3.200000000000000262e-04
8.999999999999999754e-04
1.510000000000000057e-03
1.160000000000000007e-03
1.719999999999999958e-03
1.690000000000000096e-03
1.469999999999999953e-03
2.239999999999999804e-03
2.099999999999999870e-03
2.550000000000000183e-03
2.409999999999999816e-03
2.870000000000000155e-03
3.360000000000000139e-03
3.190000000000000127e-03
2.980000000000000010e-03
2.939999999999999905e-03
3.469999999999999994e-03
3.040000000000000167e-03
2.969999999999999984e-03
3.020000000000000115e-03
3.880000000000000202e-03
3.459999999999999968e-03
3.899999999999999821e-03
4.700000000000000185e-03
4.539999999999999765e-03
5.089999999999999906e-03
5.239999999999999866e-03
5.530000000000000193e-03
6.530000000000000214e-03
6.530000000000000214e-03
5.839999999999999705e-03
5.559999999999999838e-03
6.360000000000000202e-03
5.899999999999999863e-03
5.470000000000000036e-03
5.870000000000000218e-03
5.890000000000000270e-03
7.110000000000000001e-03
6.769999999999999976e-03
6.779999999999999569e-03
7.320000000000000118e-03
8.120000000000000481e-03
8.410000000000000808e-03
9.239999999999999949e-03
1.009000000000000001e-02
9.379999999999999449e-03
1.012000000000000052e-02
1.058000000000000086e-02
1.064000000000000015e-02
1.031999999999999931e-02
1.046000000000000055e-02
1.051000000000000024e-02
1.146999999999999929e-02
1.180999999999999932e-02
1.340000000000000045e-02
1.417999999999999990e-02
1.388999999999999957e-02
1.442000000000000053e-02
1.457999999999999921e-02
1.451999999999999992e-02
1.485999999999999995e-02
1.687999999999999917e-02
1.678999999999999937e-02
1.682000000000000162e-02
1.582000000000000073e-02
1.857999999999999929e-02
1.774999999999999842e-02
1.864000000000000032e-02
1.966000000000000039e-02
1.946000000000000160e-02
2.058000000000000107e-02
2.060999999999999985e-02
2.055999999999999842e-02
2.102000000000000049e-02
2.183999999999999830e-02
2.276999999999999857e-02
2.223999999999999935e-02
2.230000000000000038e-02
2.347000000000000128e-02
2.435000000000000012e-02
2.449000000000000135e-02
2.494999999999999996e-02
2.504999999999999935e-02
2.658999999999999905e-02
2.659999999999999865e-02
2.649999999999999925e-02
2.721000000000000155e-02
2.659999999999999865e-02
2.767999999999999974e-02
2.841000000000000122e-02
2.789000000000000160e-02
2.942000000000000171e-02
3.016999999999999890e-02
3.022999999999999993e-02
3.118999999999999898e-02
3.073000000000000037e-02
3.082999999999999977e-02
3.159000000000000002e-02
3.157999999999999696e-02
3.124000000000000041e-02
3.273000000000000215e-02
3.495000000000000190e-02
3.524000000000000049e-02
3.511999999999999844e-02
3.627999999999999975e-02
3.656000000000000222e-02
3.710999999999999716e-02
3.692999999999999755e-02
3.876000000000000278e-02
3.808999999999999886e-02
3.989999999999999797e-02
4.034999999999999698e-02
3.959000000000000019e-02
4.168000000000000177e-02
4.213999999999999690e-02
4.154000000000000054e-02
4.304999999999999799e-02
4.322000000000000147e-02
4.388000000000000234e-02
4.461999999999999994e-02
4.506999999999999895e-02
4.469999999999999668e-02
4.571000000000000063e-02
4.658000000000000335e-02
4.556999999999999940e-02
4.705000000000000154e-02
4.812000000000000305e-02
4.954000000000000070e-02
5.045000000000000179e-02
4.918000000000000149e-02
4.966999999999999887e-02
5.025999999999999912e-02
5.181999999999999801e-02
5.231000000000000233e-02
5.319000000000000117e-02
5.394999999999999796e-02
5.360000000000000181e-02
5.374999999999999917e-02
5.432000000000000023e-02
5.505999999999999783e-02
5.503000000000000252e-02
5.557999999999999746e-02
5.577000000000000013e-02
5.707000000000000267e-02
5.818999999999999867e-02
5.759999999999999842e-02
5.804999999999999744e-02
5.886000000000000260e-02
6.078999999999999682e-02
6.121000000000000052e-02
6.263000000000000511e-02
6.252000000000000612e-02
6.232000000000000040e-02
6.404999999999999583e-02
6.411000000000000032e-02
6.439000000000000279e-02
6.511999999999999733e-02
6.653000000000000580e-02
6.654999999999999805e-02
6.683999999999999664e-02
6.743999999999999995e-02
6.819999999999999674e-02
6.858999999999999819e-02
6.898999999999999577e-02
6.925000000000000600e-02
7.116999999999999715e-02
6.981999999999999318e-02
7.077999999999999570e-02
7.072000000000000508e-02
7.173000000000000209e-02
7.201000000000000456e-02
7.237000000000000377e-02
7.306999999999999607e-02
7.234999999999999765e-02
7.333000000000000629e-02
7.424999999999999656e-02
7.481000000000000150e-02
7.587000000000000688e-02
7.698000000000000675e-02
7.653999999999999693e-02
7.648000000000000631e-02
7.742000000000000270e-02
7.770000000000000517e-02
7.810999999999999888e-02
7.900000000000000078e-02
7.938000000000000611e-02
7.992000000000000492e-02
8.008999999999999453e-02
8.046000000000000374e-02
8.068999999999999784e-02
8.190000000000000058e-02
8.167000000000000648e-02
8.229000000000000203e-02
8.362999999999999601e-02
8.347999999999999865e-02
8.408000000000000196e-02
8.454000000000000403e-02
