0.000000000000000000e+00
-3.000000000000000279e-04
-2.000000000000000367e-04
-9.599999999999999159e-04
-1.779999999999999898e-03
-1.580000000000000024e-03
8.900000000000000576e-04
-8.200000000000000908e-04
-1.120000000000000119e-03
-6.700000000000000226e-04
-1.869999999999999917e-03
4.199999999999999090e-04
-1.279999999999999888e-03
2.119999999999999923e-03
-9.399999999999999719e-04
6.099999999999999737e-04
3.379999999999999758e-03
6.700000000000000226e-04
3.940000000000000793e-03
2.510000000000000078e-03
4.279999999999999950e-03
3.760000000000000321e-03
2.959999999999999958e-03
1.370000000000000124e-03
2.010000000000000068e-03
3.349999999999999679e-03
2.500000000000000486e-03
2.879999999999999748e-03
2.100000000000000304e-03
4.150000000000000043e-03
2.760000000000000300e-03
2.779999999999999485e-03
4.919999999999999894e-03
5.229999999999999406e-03
5.280000000000000838e-03
4.640000000000000027e-03
6.840000000000000593e-03
5.749999999999999903e-03
5.519999999999999733e-03
3.649999999999999599e-03
6.390000000000000714e-03
8.750000000000000833e-03
7.000000000000000146e-03
9.259999999999999135e-03
8.479999999999999691e-03
8.820000000000001450e-03
1.217000000000000026e-02
1.464999999999999983e-02
1.642999999999999669e-02
1.549999999999999989e-02
1.467000000000000075e-02
1.578999999999999848e-02
1.535000000000000080e-02
1.327000000000000055e-02
1.404999999999999999e-02
1.472000000000000045e-02
1.448999999999999941e-02
1.495999999999999934e-02
1.654000000000000262e-02
1.997999999999999776e-02
1.841000000000000275e-02
1.788999999999999965e-02
1.813999999999999987e-02
1.548000000000000070e-02
1.709000000000000102e-02
2.183999999999999830e-02
2.280999999999999694e-02
2.243000000000000202e-02
1.949999999999999997e-02
2.624999999999999903e-02
2.230000000000000038e-02
2.245000000000000120e-02
2.856999999999999471e-02
2.597000000000000350e-02
2.273999999999999980e-02
2.202000000000000138e-02
2.191999999999999851e-02
2.548999999999999877e-02
2.490000000000000199e-02
2.842000000000000082e-02
2.699999999999999623e-02
2.582999999999999879e-02
2.826999999999999999e-02
3.094999999999999835e-02
2.954000000000000029e-02
3.145999999999999491e-02
3.296999999999999931e-02
3.146000000000000185e-02
3.509999999999999926e-02
3.094999999999999835e-02
3.056999999999999995e-02
3.271000000000000296e-02
3.180999999999999106e-02
3.211999999999999578e-02
3.243999999999999662e-02
3.232000000000000151e-02
3.450000000000000289e-02
3.172000000000000514e-02
3.331999999999999545e-02
3.058000000000000301e-02
3.187999999999999862e-02
2.965999999999999887e-02
3.056999999999999995e-02
2.984999999999999806e-02
3.116999999999999979e-02
3.472000000000000086e-02
3.388000000000000039e-02
3.278999999999999970e-02
3.695000000000000367e-02
3.355000000000000343e-02
3.293999999999999706e-02
3.613000000000000239e-02
3.741999999999999493e-02
3.565000000000000113e-02
3.991000000000000103e-02
3.855999999999999706e-02
3.928999999999999854e-02
4.386999999999999927e-02
4.167000000000000565e-02
3.946999999999999814e-02
4.222000000000000058e-02
4.184000000000000219e-02
4.136999999999999705e-02
4.290000000000000063e-02
4.395999999999999908e-02
4.309000000000000330e-02
4.750999999999999668e-02
4.852999999999999675e-02
4.796999999999999875e-02
4.960999999999999438e-02
5.287999999999999645e-02
4.964000000000000357e-02
5.389000000000000734e-02
5.013000000000000095e-02
5.496999999999999803e-02
5.108000000000000040e-02
5.442999999999999922e-02
5.344000000000000139e-02
5.646999999999999936e-02
5.859999999999999931e-02
5.768999999999999823e-02
5.667999999999999428e-02
5.841000000000000358e-02
5.986000000000000348e-02
5.675999999999999795e-02
5.539000000000000173e-02
5.782999999999999946e-02
5.681000000000000633e-02
6.105999999999999622e-02
5.866999999999999993e-02
5.833999999999999603e-02
5.542999999999999317e-02
5.632999999999999813e-02
5.908999999999999669e-02
6.141999999999999543e-02
6.128000000000000114e-02
5.795000000000000151e-02
6.045999999999999985e-02
6.030999999999999556e-02
6.087999999999999662e-02
6.375000000000000111e-02
6.460000000000000464e-02
6.448000000000000953e-02
6.436000000000000054e-02
6.502999999999999059e-02
6.400999999999999746e-02
6.627999999999999170e-02
6.515000000000001346e-02
6.719999999999999585e-02
6.881999999999999229e-02
6.667000000000000703e-02
6.573999999999999289e-02
6.475000000000000200e-02
6.660000000000000642e-02
6.171000000000000790e-02
6.686999999999999889e-02
6.515999999999999570e-02
6.333999999999999353e-02
6.425999999999999768e-02
6.668999999999999928e-02
6.654999999999999805e-02
7.176000000000000434e-02
6.967999999999999194e-02
6.630000000000001170e-02
6.802999999999999325e-02
6.828000000000000735e-02
6.921000000000000763e-02
6.916000000000001313e-02
7.112999999999999878e-02
7.299999999999999545e-02
7.709000000000000574e-02
8.029000000000000026e-02
8.048000000000000986e-02
7.808000000000001051e-02
7.774000000000000354e-02
7.603999999999999648e-02
7.689000000000000001e-02
7.847999999999999421e-02
8.015999999999999515e-02
8.175999999999999934e-02
8.020000000000000739e-02
