0.000000000000000000e+00
1.090000000000000040e-03
1.969999999999999963e-03
3.640000000000000006e-03
5.619999999999999996e-03
7.559999999999999880e-03
9.990000000000000616e-03
1.149999999999999981e-02
1.355999999999999914e-02
1.507999999999999965e-02
1.738999999999999921e-02
1.902999999999999831e-02
2.196000000000000035e-02
2.402999999999999928e-02
2.638000000000000067e-02
2.881999999999999840e-02
3.280999999999999889e-02
3.466000000000000331e-02
3.819000000000000172e-02
4.098000000000000254e-02
4.440999999999999809e-02
4.734000000000000014e-02
5.113999999999999796e-02
5.471999999999999781e-02
5.768999999999999823e-02
6.017999999999999738e-02
6.396999999999999909e-02
6.778000000000000691e-02
7.072000000000000508e-02
7.288000000000000034e-02
7.492999999999999661e-02
7.854999999999999483e-02
8.189000000000000445e-02
8.455999999999999628e-02
8.665000000000000480e-02
9.010999999999999566e-02
9.332000000000000017e-02
9.697000000000000064e-02
1.005299999999999944e-01
1.032700000000000007e-01
1.074999999999999983e-01
1.113100000000000062e-01
1.133099999999999941e-01
1.172300000000000009e-01
1.200500000000000039e-01
1.220099999999999935e-01
1.262500000000000011e-01
1.298700000000000132e-01
1.321900000000000019e-01
1.354899999999999993e-01
1.389199999999999879e-01
1.410399999999999987e-01
1.446800000000000030e-01
1.475200000000000122e-01
1.501899999999999902e-01
1.530100000000000071e-01
1.560699999999999865e-01
1.600600000000000078e-01
1.612399999999999944e-01
1.658199999999999952e-01
1.682500000000000107e-01
1.695500000000000063e-01
1.724600000000000022e-01
1.747199999999999864e-01
1.770599999999999952e-01
1.806699999999999973e-01
1.825900000000000023e-01
1.848899999999999988e-01
1.864899999999999891e-01
1.901700000000000057e-01
1.925600000000000089e-01
1.948999999999999899e-01
1.983300000000000063e-01
1.999199999999999866e-01
2.019100000000000061e-01
2.042299999999999949e-01
2.069900000000000073e-01
2.100400000000000045e-01
2.129600000000000104e-01
2.156899999999999928e-01
2.183400000000000063e-01
2.207899999999999863e-01
2.237200000000000022e-01
2.268000000000000016e-01
2.292099999999999971e-01
2.317200000000000093e-01
2.346999999999999920e-01
2.371099999999999874e-01
2.404600000000000071e-01
2.431800000000000073e-01
2.457399999999999862e-01
2.485300000000000009e-01
2.505999999999999894e-01
2.533599999999999741e-01
2.561300000000000243e-01
2.580600000000000116e-01
2.616100000000000092e-01
2.634500000000000175e-01
2.668400000000000216e-01
2.687499999999999889e-01
2.715500000000000136e-01
2.732899999999999774e-01
2.766000000000000125e-01
2.788999999999999813e-01
2.822600000000000109e-01
2.869900000000000229e-01
2.895499999999999741e-01
2.923899999999999832e-01
2.958399999999999919e-01
2.983899999999999886e-01
3.005700000000000038e-01
3.045599999999999974e-01
3.074999999999999956e-01
3.092500000000000249e-01
3.134199999999999764e-01
3.157900000000000151e-01
3.184199999999999808e-01
3.210899999999999865e-01
3.245100000000000207e-01
3.269400000000000084e-01
3.299799999999999955e-01
3.336100000000000176e-01
3.362399999999999833e-01
3.377700000000000147e-01
3.412499999999999978e-01
3.429099999999999926e-01
3.475199999999999956e-01
3.498800000000000243e-01
3.526000000000000245e-01
3.551699999999999857e-01
3.578600000000000114e-01
3.601199999999999957e-01
3.638399999999999967e-01
3.650100000000000011e-01
3.688600000000000212e-01
3.709999999999999964e-01
3.736800000000000122e-01
3.754500000000000060e-01
3.792200000000000015e-01
3.830600000000000116e-01
3.862900000000000222e-01
3.881399999999999850e-01
3.907800000000000162e-01
3.931299999999999795e-01
3.955600000000000227e-01
3.980799999999999894e-01
4.009900000000000131e-01
4.030599999999999739e-01
4.057399999999999896e-01
4.077399999999999913e-01
4.102000000000000091e-01
4.127000000000000113e-01
4.157199999999999784e-01
4.185400000000000231e-01
4.208700000000000219e-01
4.229600000000000026e-01
4.248600000000000154e-01
4.287000000000000255e-01
4.306400000000000228e-01
4.327400000000000135e-01
4.362900000000000111e-01
4.396900000000000253e-01
4.424299999999999899e-01
4.454699999999999771e-01
4.478099999999999858e-01
4.506700000000000150e-01
4.542900000000000271e-01
4.566299999999999804e-01
4.602899999999999769e-01
4.637100000000000111e-01
4.664300000000000113e-01
4.687200000000000255e-01
4.709599999999999898e-01
4.736699999999999799e-01
4.760499999999999732e-01
4.788899999999999824e-01
4.805699999999999972e-01
4.829800000000000204e-01
4.857000000000000206e-01
4.880599999999999938e-01
4.900700000000000056e-01
4.930399999999999783e-01
4.955899999999999750e-01
4.967199999999999949e-01
4.995899999999999785e-01
5.014600000000000168e-01
5.043299999999999450e-01
5.062200000000000033e-01
5.089700000000000335e-01
5.119099999999999762e-01
5.152999999999999803e-01
5.176199999999999690e-01
5.201299999999999812e-01
5.225100000000000300e-01
5.243299999999999628e-01
5.256600000000000161e-01
5.282499999999999973e-01
5.306800000000000406e-01
5.328199999999999603e-01
5.348100000000000076e-01
5.369899999999999674e-01
