0.000000000000000000e+00
-1.000000000000000082e-05
-2.300000000000000070e-04
-5.900000000000000296e-04
-3.200000000000000262e-04
-1.399999999999999877e-04
3.699999999999999947e-04
-7.200000000000000453e-04
-6.400000000000000524e-04
-4.499999999999999877e-04
-6.700000000000000226e-04
-1.139999999999999954e-03
-1.389999999999999960e-03
-7.200000000000000453e-04
-9.399999999999999719e-04
-6.899999999999999667e-04
2.900000000000000017e-04
-1.499999999999999869e-04
-7.900000000000000121e-04
-9.799999999999999684e-04
-6.800000000000000488e-04
-2.799999999999999755e-04
-7.699999999999999597e-04
3.600000000000000227e-04
4.499999999999999877e-04
2.799999999999999755e-04
3.899999999999999929e-04
4.899999999999999842e-04
9.799999999999999684e-04
1.430000000000000064e-03
3.400000000000000244e-04
1.549999999999999946e-03
2.109999999999999896e-03
1.969999999999999963e-03
1.360000000000000098e-03
1.049999999999999935e-03
1.789999999999999925e-03
1.330000000000000019e-03
1.719999999999999958e-03
1.250000000000000026e-03
1.289999999999999914e-03
1.940000000000000101e-03
1.670000000000000043e-03
2.340000000000000066e-03
1.979999999999999989e-03
1.799999999999999951e-03
2.560000000000000209e-03
2.309999999999999987e-03
2.850000000000000103e-03
2.000000000000000042e-03
2.899999999999999800e-03
3.269999999999999903e-03
3.850000000000000124e-03
2.899999999999999800e-03
3.229999999999999798e-03
3.269999999999999903e-03
3.380000000000000192e-03
3.059999999999999786e-03
3.880000000000000202e-03
5.159999999999999656e-03
4.490000000000000067e-03
4.060000000000000241e-03
4.100000000000000346e-03
2.830000000000000050e-03
2.799999999999999972e-03
4.510000000000000120e-03
4.460000000000000422e-03
4.799999999999999580e-03
4.329999999999999648e-03
5.340000000000000129e-03
5.179999999999999709e-03
5.069999999999999854e-03
5.980000000000000072e-03
4.709999999999999777e-03
5.009999999999999697e-03
4.890000000000000249e-03
5.619999999999999996e-03
5.939999999999999968e-03
5.470000000000000036e-03
6.179999999999999730e-03
6.660000000000000121e-03
6.729999999999999871e-03
6.629999999999999609e-03
6.689999999999999766e-03
6.830000000000000134e-03
7.150000000000000105e-03
7.069999999999999896e-03
7.130000000000000053e-03
8.189999999999999364e-03
6.919999999999999936e-03
7.470000000000000077e-03
7.369999999999999815e-03
7.040000000000000251e-03
7.530000000000000235e-03
7.820000000000000562e-03
7.559999999999999880e-03
6.989999999999999686e-03
7.239999999999999908e-03
6.760000000000000384e-03
7.340000000000000170e-03
7.429999999999999973e-03
6.830000000000000134e-03
7.159999999999999698e-03
6.420000000000000359e-03
6.799999999999999621e-03
7.810000000000000102e-03
7.620000000000000037e-03
7.440000000000000432e-03
7.919999999999999957e-03
7.239999999999999908e-03
7.749999999999999944e-03
8.380000000000000296e-03
8.070000000000000784e-03
8.179999999999999771e-03
8.130000000000000074e-03
7.950000000000000469e-03
7.490000000000000130e-03
8.189999999999999364e-03
8.070000000000000784e-03
8.559999999999999901e-03
8.330000000000000598e-03
8.789999999999999203e-03
8.840000000000000635e-03
9.390000000000000777e-03
9.570000000000000381e-03
8.170000000000000179e-03
9.660000000000000184e-03
9.900000000000000813e-03
9.090000000000000857e-03
9.919999999999999998e-03
1.038999999999999993e-02
1.009999999999999960e-02
1.073999999999999955e-02
1.000999999999999980e-02
1.098999999999999977e-02
1.076000000000000047e-02
1.058000000000000086e-02
1.048999999999999932e-02
1.044999999999999922e-02
1.150999999999999940e-02
1.184999999999999942e-02
1.131000000000000061e-02
1.149000000000000021e-02
1.210999999999999924e-02
1.170999999999999992e-02
1.153000000000000032e-02
1.102000000000000028e-02
1.170999999999999992e-02
1.247000000000000018e-02
1.167999999999999941e-02
1.223999999999999914e-02
1.182000000000000065e-02
1.214999999999999934e-02
1.166999999999999982e-02
1.345000000000000015e-02
1.314000000000000064e-02
1.226000000000000006e-02
1.264999999999999979e-02
1.252999999999999947e-02
1.247000000000000018e-02
1.339000000000000086e-02
1.346999999999999933e-02
1.396000000000000019e-02
1.374000000000000048e-02
1.318000000000000074e-02
1.278999999999999929e-02
1.387999999999999998e-02
1.344000000000000056e-02
1.358000000000000006e-02
1.380999999999999936e-02
1.324000000000000003e-02
1.282999999999999939e-02
1.302999999999999992e-02
1.314000000000000064e-02
1.153000000000000032e-02
1.312999999999999931e-02
1.273000000000000000e-02
1.207000000000000087e-02
1.282999999999999939e-02
1.315000000000000023e-02
1.255000000000000039e-02
1.308999999999999921e-02
1.352000000000000077e-02
1.251999999999999988e-02
1.290999999999999960e-02
1.247999999999999977e-02
1.248999999999999937e-02
1.230999999999999976e-02
1.264999999999999979e-02
1.264000000000000019e-02
1.369000000000000078e-02
1.404999999999999999e-02
1.459000000000000054e-02
1.393999999999999927e-02
1.352000000000000077e-02
1.329999999999999932e-02
1.324999999999999963e-02
1.336000000000000035e-02
1.371999999999999956e-02
1.365000000000000067e-02
1.324000000000000003e-02
