0.000000000000000000e+00
-1.399999999999999877e-04
-1.600000000000000131e-04
-8.099999999999999561e-04
-9.700000000000000505e-04
-5.000000000000000104e-04
-3.000000000000000076e-05
2.300000000000000070e-04
-2.700000000000000035e-04
-5.000000000000000104e-04
-1.030000000000000100e-03
-1.199999999999999895e-03
-1.289999999999999914e-03
-8.300000000000000086e-04
-1.539999999999999919e-03
-1.110000000000000092e-03
-4.499999999999999877e-04
-1.170000000000000033e-03
-1.499999999999999869e-04
-9.899999999999999946e-04
-3.899999999999999929e-04
-1.190000000000000085e-03
-1.240000000000000000e-03
-9.100000000000000016e-04
-5.500000000000000331e-04
-7.200000000000000453e-04
-1.059999999999999961e-03
-1.229999999999999974e-03
-9.399999999999999719e-04
-1.379999999999999933e-03
-1.940000000000000101e-03
-1.520000000000000084e-03
-9.799999999999999684e-04
-1.500000000000000031e-03
-1.930000000000000075e-03
-1.410000000000000012e-03
-1.879999999999999944e-03
-2.510000000000000078e-03
-2.380000000000000171e-03
-2.660000000000000038e-03
-2.370000000000000145e-03
-1.740000000000000010e-03
-2.340000000000000066e-03
-2.150000000000000001e-03
-2.409999999999999816e-03
-2.200000000000000133e-03
-2.269999999999999882e-03
-1.500000000000000031e-03
-1.219999999999999947e-03
-1.940000000000000101e-03
-1.670000000000000043e-03
-1.649999999999999991e-03
-1.639999999999999965e-03
-1.940000000000000101e-03
-2.050000000000000173e-03
-1.969999999999999963e-03
-1.740000000000000010e-03
-1.619999999999999912e-03
-1.690000000000000096e-03
-7.100000000000000191e-04
-1.309999999999999967e-03
-1.510000000000000057e-03
-1.090000000000000040e-03
-2.259999999999999856e-03
-2.569999999999999802e-03
-1.600000000000000077e-03
-1.289999999999999914e-03
-1.520000000000000084e-03
-2.170000000000000054e-03
-1.000000000000000021e-03
-1.600000000000000077e-03
-1.520000000000000084e-03
-8.999999999999999754e-04
-8.300000000000000086e-04
-2.239999999999999804e-03
-1.840000000000000056e-03
-1.949999999999999910e-03
-9.399999999999999719e-04
-1.820000000000000003e-03
-1.389999999999999960e-03
-9.300000000000000541e-04
-8.000000000000000383e-04
-1.240000000000000000e-03
-7.399999999999999894e-04
-5.400000000000000069e-04
-5.500000000000000331e-04
-4.899999999999999842e-04
-5.000000000000000104e-04
6.599999999999999964e-04
-3.200000000000000262e-04
-4.499999999999999877e-04
-2.500000000000000052e-04
-8.700000000000000051e-04
-9.399999999999999719e-04
-1.510000000000000057e-03
-1.559999999999999972e-03
-1.360000000000000098e-03
-2.020000000000000094e-03
-1.590000000000000050e-03
-2.299999999999999961e-03
-2.370000000000000145e-03
-3.180000000000000101e-03
-2.259999999999999856e-03
-2.469999999999999973e-03
-3.099999999999999891e-03
-1.639999999999999965e-03
-2.759999999999999867e-03
-2.589999999999999854e-03
-1.820000000000000003e-03
-2.439999999999999895e-03
-2.119999999999999923e-03
-1.770000000000000089e-03
-1.420000000000000038e-03
-1.510000000000000057e-03
-1.399999999999999986e-03
-2.109999999999999896e-03
-2.439999999999999895e-03
-1.619999999999999912e-03
-2.099999999999999870e-03
-2.230000000000000211e-03
-1.440000000000000091e-03
-2.069999999999999792e-03
-2.020000000000000094e-03
-1.879999999999999944e-03
-2.050000000000000173e-03
-3.150000000000000022e-03
-2.360000000000000119e-03
-2.050000000000000173e-03
-2.500000000000000052e-03
-2.210000000000000159e-03
-2.569999999999999802e-03
-2.129999999999999949e-03
-1.949999999999999910e-03
-2.190000000000000106e-03
-1.760000000000000063e-03
-1.840000000000000056e-03
-1.729999999999999984e-03
-2.069999999999999792e-03
-1.399999999999999986e-03
-9.899999999999999946e-04
-1.399999999999999986e-03
-1.940000000000000101e-03
-1.719999999999999958e-03
-1.500000000000000031e-03
-1.940000000000000101e-03
-2.079999999999999818e-03
-2.279999999999999909e-03
-1.520000000000000084e-03
-6.700000000000000226e-04
-1.449999999999999900e-03
-1.709999999999999932e-03
-2.109999999999999896e-03
-1.670000000000000043e-03
-9.399999999999999719e-04
-8.400000000000000348e-04
-1.280000000000000105e-03
-1.490000000000000005e-03
-4.099999999999999912e-04
-9.799999999999999684e-04
-7.600000000000000418e-04
2.999999999999999737e-04
-2.000000000000000164e-05
9.000000000000000567e-05
3.800000000000000209e-04
-2.300000000000000070e-04
3.000000000000000076e-05
2.400000000000000061e-04
1.600000000000000131e-04
7.399999999999999894e-04
1.750000000000000036e-03
8.499999999999999526e-04
5.800000000000000034e-04
6.899999999999999667e-04
1.229999999999999974e-03
6.599999999999999964e-04
1.260000000000000052e-03
4.400000000000000157e-04
6.099999999999999737e-04
1.049999999999999935e-03
1.389999999999999960e-03
1.000000000000000021e-03
2.030000000000000120e-03
1.789999999999999925e-03
1.350000000000000071e-03
1.969999999999999963e-03
1.319999999999999993e-03
1.020000000000000073e-03
1.180000000000000059e-03
1.789999999999999925e-03
2.139999999999999975e-03
2.569999999999999802e-03
2.239999999999999804e-03
2.299999999999999961e-03
2.060000000000000199e-03
1.760000000000000063e-03
7.100000000000000191e-04
8.800000000000000313e-04
1.680000000000000070e-03
1.649999999999999991e-03
9.499999999999999981e-04
1.399999999999999986e-03
