0.000000000000000000e+00
4.000000000000000192e-04
7.299999999999999632e-04
4.200000000000000174e-04
7.299999999999999632e-04
1.360000000000000098e-03
2.129999999999999949e-03
1.170000000000000033e-03
2.060000000000000199e-03
2.190000000000000106e-03
2.720000000000000195e-03
3.299999999999999982e-03
3.459999999999999968e-03
4.729999999999999830e-03
5.479999999999999628e-03
5.819999999999999653e-03
7.349999999999999763e-03
6.830000000000000134e-03
8.009999999999999759e-03
8.449999999999999178e-03
9.440000000000000474e-03
1.029000000000000054e-02
1.010999999999999920e-02
1.119999999999999989e-02
1.166000000000000023e-02
1.187999999999999994e-02
1.311999999999999972e-02
1.324000000000000003e-02
1.367999999999999945e-02
1.502999999999999996e-02
1.498000000000000026e-02
1.591000000000000053e-02
1.651000000000000037e-02
1.725000000000000144e-02
1.813000000000000028e-02
1.832999999999999907e-02
2.018999999999999961e-02
2.017000000000000043e-02
2.080999999999999864e-02
2.145000000000000032e-02
2.220000000000000098e-02
2.298000000000000043e-02
2.291999999999999940e-02
2.506999999999999854e-02
2.554999999999999979e-02
2.573999999999999899e-02
2.640999999999999945e-02
2.752999999999999892e-02
2.925000000000000169e-02
2.923999999999999863e-02
2.955999999999999947e-02
3.081000000000000058e-02
3.160000000000000309e-02
3.241000000000000131e-02
3.230000000000000232e-02
3.389999999999999958e-02
3.500000000000000333e-02
3.618999999999999995e-02
3.738999999999999962e-02
3.889999999999999708e-02
3.991000000000000103e-02
4.100999999999999784e-02
4.186999999999999750e-02
4.168999999999999789e-02
4.238999999999999713e-02
4.456000000000000238e-02
4.556000000000000327e-02
4.644000000000000211e-02
4.632000000000000006e-02
4.828000000000000347e-02
4.893000000000000127e-02
4.934999999999999803e-02
5.115999999999999714e-02
5.208999999999999742e-02
5.213000000000000272e-02
5.342000000000000220e-02
5.433999999999999941e-02
5.559000000000000052e-02
5.603000000000000341e-02
5.832999999999999990e-02
5.829000000000000153e-02
5.904999999999999832e-02
6.020999999999999963e-02
6.201000000000000262e-02
6.250000000000000000e-02
6.376999999999999336e-02
6.539999999999999980e-02
6.639000000000000457e-02
6.794999999999999651e-02
6.804000000000000326e-02
6.920999999999999375e-02
7.048999999999999710e-02
7.166000000000000147e-02
7.158000000000000473e-02
7.245000000000000051e-02
7.284999999999999809e-02
7.474999999999999700e-02
7.466000000000000414e-02
7.560000000000000053e-02
7.671999999999999653e-02
7.745000000000000495e-02
7.789000000000000090e-02
7.874000000000000443e-02
7.932999999999999774e-02
8.018999999999999739e-02
8.133999999999999564e-02
8.218000000000000305e-02
8.268000000000000349e-02
8.350000000000000477e-02
8.432000000000000606e-02
8.505000000000000060e-02
8.609999999999999598e-02
8.669999999999999929e-02
8.805999999999999939e-02
8.842999999999999472e-02
8.941999999999999948e-02
9.041000000000000425e-02
9.195000000000000395e-02
9.203999999999999682e-02
9.253999999999999726e-02
9.385000000000000286e-02
9.443000000000000005e-02
9.482000000000000151e-02
9.513000000000000622e-02
9.607999999999999874e-02
9.614000000000000323e-02
9.835000000000000686e-02
9.898999999999999466e-02
9.891999999999999404e-02
1.000299999999999939e-01
1.014499999999999985e-01
1.015800000000000036e-01
1.023499999999999965e-01
1.030900000000000011e-01
1.041399999999999965e-01
1.048899999999999971e-01
1.058100000000000013e-01
1.059999999999999970e-01
1.073400000000000049e-01
1.090600000000000042e-01
1.102400000000000047e-01
1.105700000000000016e-01
1.120499999999999968e-01
1.126299999999999940e-01
1.133799999999999947e-01
1.136699999999999933e-01
1.149000000000000021e-01
1.155000000000000054e-01
1.169599999999999945e-01
1.170299999999999951e-01
1.175999999999999962e-01
1.189100000000000018e-01
1.192799999999999971e-01
1.206099999999999950e-01
1.213899999999999979e-01
1.220600000000000018e-01
1.218100000000000016e-01
1.243400000000000061e-01
1.246300000000000047e-01
1.255799999999999972e-01
1.271700000000000053e-01
1.279500000000000082e-01
1.286400000000000043e-01
1.291599999999999970e-01
1.295099999999999862e-01
1.305300000000000071e-01
1.309200000000000086e-01
1.318300000000000027e-01
1.328100000000000114e-01
1.338999999999999913e-01
1.340800000000000047e-01
1.343900000000000095e-01
1.348699999999999899e-01
1.354700000000000071e-01
1.352099999999999969e-01
1.366600000000000037e-01
1.373800000000000021e-01
1.369400000000000062e-01
1.385500000000000065e-01
1.387100000000000000e-01
1.395299999999999874e-01
1.409900000000000042e-01
1.420200000000000073e-01
1.416199999999999959e-01
1.425099999999999978e-01
1.431999999999999940e-01
1.444999999999999896e-01
1.445400000000000018e-01
1.465100000000000013e-01
1.467100000000000071e-01
1.481300000000000117e-01
1.496300000000000130e-01
1.501300000000000134e-01
1.500299999999999967e-01
1.505499999999999894e-01
1.505900000000000016e-01
1.515900000000000025e-01
1.519500000000000017e-01
1.526899999999999924e-01
1.535299999999999998e-01
1.533599999999999963e-01
