0.000000000000000000e+00
8.000000000000000654e-05
-2.300000000000000070e-04
-7.299999999999999632e-04
-3.000000000000000076e-05
-2.300000000000000070e-04
1.299999999999999886e-04
-3.299999999999999982e-04
-4.000000000000000192e-04
-1.499999999999999869e-04
-1.149999999999999981e-03
-3.499999999999999964e-04
-9.600000000000000243e-04
1.900000000000000105e-04
-1.000000000000000048e-04
1.299999999999999886e-04
8.199999999999999824e-04
2.400000000000000061e-04
1.229999999999999974e-03
1.020000000000000073e-03
1.639999999999999965e-03
1.090000000000000040e-03
1.049999999999999935e-03
7.100000000000000191e-04
2.100000000000000087e-04
9.600000000000000243e-04
5.599999999999999509e-04
1.199999999999999895e-03
1.119999999999999902e-03
1.649999999999999991e-03
1.280000000000000105e-03
1.490000000000000005e-03
1.959999999999999937e-03
1.580000000000000024e-03
2.040000000000000147e-03
1.529999999999999893e-03
2.180000000000000080e-03
2.289999999999999935e-03
2.459999999999999947e-03
2.259999999999999856e-03
3.020000000000000115e-03
3.190000000000000127e-03
2.629999999999999959e-03
3.150000000000000022e-03
3.220000000000000206e-03
3.510000000000000099e-03
3.320000000000000034e-03
4.839999999999999684e-03
5.100000000000000366e-03
5.230000000000000274e-03
5.320000000000000076e-03
5.899999999999999863e-03
5.590000000000000351e-03
5.449999999999999983e-03
5.340000000000000129e-03
5.610000000000000403e-03
5.499999999999999681e-03
4.590000000000000330e-03
5.369999999999999774e-03
5.930000000000000375e-03
6.100000000000000387e-03
6.109999999999999980e-03
6.329999999999999689e-03
5.709999999999999798e-03
5.470000000000000036e-03
6.349999999999999742e-03
6.749999999999999924e-03
6.259999999999999939e-03
5.610000000000000403e-03
7.130000000000000053e-03
6.259999999999999939e-03
6.899999999999999883e-03
8.059999999999999457e-03
7.020000000000000198e-03
6.660000000000000121e-03
6.470000000000000057e-03
6.649999999999999661e-03
7.110000000000000001e-03
7.440000000000000432e-03
8.510000000000000203e-03
8.829999999999999308e-03
7.939999999999999142e-03
8.970000000000000542e-03
9.369999999999999857e-03
9.100000000000000450e-03
9.809999999999999276e-03
1.038000000000000034e-02
1.018999999999999941e-02
1.115999999999999978e-02
1.037000000000000074e-02
1.017000000000000022e-02
1.077999999999999965e-02
1.123000000000000040e-02
1.102000000000000028e-02
1.115999999999999978e-02
1.093000000000000048e-02
1.175999999999999962e-02
1.110000000000000049e-02
1.059000000000000045e-02
1.047999999999999973e-02
1.145999999999999970e-02
1.128000000000000010e-02
1.170000000000000033e-02
1.153999999999999991e-02
1.250000000000000069e-02
1.281000000000000021e-02
1.404000000000000040e-02
1.366999999999999986e-02
1.435999999999999950e-02
1.345000000000000015e-02
1.337999999999999953e-02
1.397999999999999937e-02
1.423999999999999919e-02
1.341999999999999964e-02
1.494000000000000015e-02
1.408000000000000050e-02
1.524000000000000007e-02
1.589000000000000135e-02
1.624000000000000096e-02
1.575000000000000011e-02
1.687999999999999917e-02
1.662999999999999895e-02
1.628999999999999893e-02
1.615000000000000116e-02
1.627999999999999933e-02
1.637999999999999873e-02
1.738999999999999921e-02
1.739999999999999880e-02
1.663999999999999854e-02
1.748999999999999860e-02
1.779000000000000026e-02
1.771999999999999964e-02
1.880000000000000074e-02
1.793000000000000149e-02
1.836000000000000132e-02
1.818000000000000171e-02
1.921000000000000138e-02
1.932999999999999996e-02
2.003999999999999879e-02
2.137999999999999970e-02
2.067000000000000087e-02
2.018999999999999961e-02
2.085000000000000048e-02
2.161000000000000074e-02
2.069999999999999965e-02
2.070999999999999924e-02
2.134000000000000133e-02
2.077000000000000027e-02
2.160000000000000114e-02
2.144000000000000072e-02
2.144000000000000072e-02
2.113999999999999907e-02
2.145999999999999991e-02
2.229000000000000078e-02
2.299000000000000002e-02
2.338000000000000148e-02
2.229000000000000078e-02
2.178000000000000075e-02
2.190999999999999892e-02
2.185000000000000137e-02
2.341000000000000025e-02
2.430999999999999828e-02
2.386999999999999886e-02
2.390000000000000110e-02
2.460000000000000034e-02
2.299999999999999961e-02
2.529999999999999957e-02
2.403999999999999887e-02
2.452000000000000013e-02
2.561000000000000082e-02
2.568000000000000144e-02
2.563999999999999960e-02
2.511999999999999997e-02
2.532999999999999835e-02
2.449000000000000135e-02
2.624999999999999903e-02
2.528999999999999998e-02
2.545999999999999999e-02
2.599999999999999881e-02
2.675999999999999907e-02
2.705000000000000113e-02
2.855999999999999858e-02
2.753999999999999851e-02
2.687000000000000152e-02
2.803999999999999895e-02
2.758000000000000035e-02
2.826000000000000040e-02
2.757000000000000076e-02
2.815000000000000141e-02
2.876000000000000084e-02
2.959000000000000172e-02
3.034999999999999851e-02
3.079000000000000140e-02
3.022000000000000033e-02
3.047000000000000056e-02
2.995000000000000093e-02
2.994000000000000133e-02
3.000999999999999848e-02
3.180000000000000188e-02
3.150000000000000022e-02
3.151000000000000328e-02
