0.000000000000000000e+00
2.579999999999999828e-03
3.880000000000000636e-03
6.559999999999999859e-03
1.086999999999999945e-02
1.528000000000000018e-02
2.264000000000000387e-02
2.579000000000000042e-02
3.116000000000000020e-02
3.610999999999999627e-02
4.073999999999999844e-02
4.559999999999999470e-02
5.289999999999999564e-02
6.076999999999999763e-02
6.388000000000000622e-02
7.066999999999999671e-02
8.342999999999999028e-02
8.834999999999999798e-02
9.843000000000000360e-02
1.023300000000000043e-01
1.133099999999999941e-01
1.201599999999999890e-01
1.293200000000000183e-01
1.387200000000000100e-01
1.497399999999999842e-01
1.575200000000000211e-01
1.654100000000000015e-01
1.756400000000000183e-01
1.847400000000000153e-01
1.944500000000000117e-01
2.013599999999999834e-01
2.112299999999999733e-01
2.219700000000000006e-01
2.304300000000000237e-01
2.369199999999999917e-01
2.460799999999999932e-01
2.565899999999999848e-01
2.643300000000000094e-01
2.724199999999999955e-01
2.813200000000000145e-01
2.917899999999999938e-01
3.030100000000000016e-01
3.070200000000000151e-01
3.178799999999999959e-01
3.269799999999999929e-01
3.358700000000000019e-01
3.464599999999999902e-01
3.568399999999999905e-01
3.670400000000000329e-01
3.742599999999999816e-01
3.831599999999999451e-01
3.905799999999999828e-01
3.991500000000000048e-01
4.034500000000000863e-01
4.119799999999999573e-01
4.210400000000000253e-01
4.289100000000000135e-01
4.369399999999999951e-01
4.447800000000000087e-01
4.570599999999999108e-01
4.637799999999999701e-01
4.681099999999999706e-01
4.767500000000000071e-01
4.815699999999999981e-01
4.889199999999999657e-01
5.005399999999999849e-01
5.058799999999999963e-01
5.141100000000000669e-01
5.174799999999999400e-01
5.305099999999999261e-01
5.364400000000000279e-01
5.437199999999999811e-01
5.549100000000000144e-01
5.604200000000000292e-01
5.643200000000000438e-01
5.723000000000000309e-01
5.802199999999999580e-01
5.905400000000000649e-01
5.961599999999999122e-01
6.061400000000000121e-01
6.143899999999999917e-01
6.198000000000000176e-01
6.308500000000000218e-01
6.413900000000000157e-01
6.466300000000000381e-01
6.560200000000000475e-01
6.641599999999999726e-01
6.718399999999999928e-01
6.824100000000000721e-01
6.874200000000000310e-01
6.955399999999999361e-01
7.044700000000000406e-01
7.122999999999999332e-01
7.218200000000000172e-01
7.294100000000000028e-01
7.367599999999999705e-01
7.461700000000001110e-01
7.532900000000000151e-01
7.645100000000000229e-01
7.701400000000000468e-01
7.779599999999999849e-01
7.826300000000000479e-01
7.933900000000000396e-01
8.008099999999999108e-01
8.107499999999999707e-01
8.226300000000000834e-01
8.290300000000000447e-01
8.369699999999999918e-01
8.479300000000000725e-01
8.528500000000001080e-01
8.595800000000000107e-01
8.697799999999998866e-01
8.773100000000000342e-01
8.843599999999999239e-01
8.934499999999999664e-01
8.979099999999999859e-01
9.036099999999999133e-01
9.148800000000000265e-01
9.221000000000001418e-01
9.284600000000000630e-01
9.376999999999999780e-01
9.453800000000001091e-01
9.538799999999999502e-01
9.594399999999999595e-01
9.667799999999999727e-01
9.707000000000000073e-01
9.841999999999999638e-01
9.895599999999999952e-01
9.953699999999999770e-01
1.001649999999999929e+00
1.009689999999999976e+00
1.014610000000000012e+00
1.024940000000000184e+00
1.028530000000000166e+00
1.038610000000000033e+00
1.044440000000000035e+00
1.050839999999999996e+00
1.053760000000000030e+00
1.063579999999999970e+00
1.072790000000000132e+00
1.078860000000000152e+00
1.083110000000000017e+00
1.091429999999999900e+00
1.098139999999999894e+00
1.101570000000000160e+00
1.106790000000000163e+00
1.114139999999999908e+00
1.121710000000000207e+00
1.129019999999999913e+00
1.132709999999999884e+00
1.137820000000000054e+00
1.142460000000000031e+00
1.150279999999999969e+00
1.157780000000000031e+00
1.165329999999999977e+00
1.170469999999999899e+00
1.173159999999999759e+00
1.184610000000000163e+00
1.189580000000000082e+00
1.193780000000000063e+00
1.203540000000000054e+00
1.211180000000000145e+00
1.216339999999999977e+00
1.222790000000000044e+00
1.229409999999999892e+00
1.237359999999999793e+00
1.245330000000000048e+00
1.250170000000000003e+00
1.260080000000000089e+00
1.268960000000000088e+00
1.273619999999999974e+00
1.278380000000000072e+00
1.283739999999999881e+00
1.292219999999999924e+00
1.295330000000000092e+00
1.303649999999999975e+00
1.307549999999999990e+00
1.313920000000000199e+00
1.322319999999999940e+00
1.330540000000000056e+00
1.332160000000000011e+00
1.343390000000000084e+00
1.348589999999999955e+00
1.350580000000000114e+00
1.357390000000000096e+00
1.364870000000000028e+00
1.366689999999999960e+00
1.374110000000000165e+00
1.381139999999999812e+00
1.383520000000000083e+00
1.394239999999999924e+00
1.399329999999999741e+00
1.407630000000000159e+00
1.412180000000000213e+00
1.416799999999999837e+00
1.418180000000000218e+00
1.426019999999999843e+00
1.433819999999999872e+00
1.440239999999999965e+00
1.446720000000000006e+00
1.452320000000000055e+00
