0.000000000000000000e+00
5.699999999999999772e-04
3.499999999999999964e-04
-2.599999999999999772e-04
1.900000000000000105e-04
5.400000000000000069e-04
1.280000000000000105e-03
1.219999999999999947e-03
1.160000000000000007e-03
1.500000000000000031e-03
1.160000000000000007e-03
1.250000000000000026e-03
1.529999999999999893e-03
2.050000000000000173e-03
1.539999999999999919e-03
1.860000000000000108e-03
3.010000000000000089e-03
2.530000000000000131e-03
3.249999999999999851e-03
2.959999999999999958e-03
3.350000000000000113e-03
3.200000000000000153e-03
3.180000000000000101e-03
3.749999999999999861e-03
4.409999999999999858e-03
4.570000000000000277e-03
5.029999999999999749e-03
5.259999999999999919e-03
5.790000000000000008e-03
6.470000000000000057e-03
6.490000000000000109e-03
6.899999999999999883e-03
7.839999999999999747e-03
7.860000000000000667e-03
7.599999999999999985e-03
7.729999999999999892e-03
8.429999999999999993e-03
8.659999999999999296e-03
8.920000000000000845e-03
8.999999999999999320e-03
9.589999999999999566e-03
1.055999999999999994e-02
1.043999999999999963e-02
1.111000000000000008e-02
1.102000000000000028e-02
1.158999999999999961e-02
1.200999999999999984e-02
1.256999999999999958e-02
1.328999999999999973e-02
1.327000000000000055e-02
1.341999999999999964e-02
1.409000000000000009e-02
1.431999999999999940e-02
1.354999999999999954e-02
1.425000000000000051e-02
1.488000000000000086e-02
1.468000000000000034e-02
1.514000000000000068e-02
1.599000000000000074e-02
1.679999999999999896e-02
1.657000000000000139e-02
1.668000000000000038e-02
1.717000000000000123e-02
1.705999999999999878e-02
1.716000000000000164e-02
1.821000000000000049e-02
1.822999999999999968e-02
1.828000000000000111e-02
1.797999999999999945e-02
1.913000000000000117e-02
1.921000000000000138e-02
1.949000000000000038e-02
2.077000000000000027e-02
2.075000000000000108e-02
2.067000000000000087e-02
2.082000000000000170e-02
2.132999999999999827e-02
2.223999999999999935e-02
2.187000000000000055e-02
2.280000000000000082e-02
2.299999999999999961e-02
2.316000000000000003e-02
2.404999999999999846e-02
2.442000000000000073e-02
2.435999999999999971e-02
2.509000000000000119e-02
2.563999999999999960e-02
2.574999999999999858e-02
2.670000000000000151e-02
2.640999999999999945e-02
2.681000000000000050e-02
2.738000000000000156e-02
2.738000000000000156e-02
2.770999999999999852e-02
2.789000000000000160e-02
2.799000000000000099e-02
2.881999999999999840e-02
2.880999999999999880e-02
2.945000000000000048e-02
2.914999999999999883e-02
2.964999999999999927e-02
2.937999999999999987e-02
2.990999999999999909e-02
3.011000000000000135e-02
3.023999999999999952e-02
3.100999999999999937e-02
3.114000000000000101e-02
3.122000000000000122e-02
3.205999999999999822e-02
3.155999999999999778e-02
3.150000000000000022e-02
3.216999999999999721e-02
3.266000000000000153e-02
3.280999999999999889e-02
3.311000000000000054e-02
3.280999999999999889e-02
3.314999999999999891e-02
3.418000000000000205e-02
3.386000000000000121e-02
3.375999999999999834e-02
3.432000000000000328e-02
3.402999999999999775e-02
3.409999999999999837e-02
3.429999999999999716e-02
3.445000000000000145e-02
3.411000000000000143e-02
3.536000000000000254e-02
3.522000000000000131e-02
3.493999999999999884e-02
3.531000000000000111e-02
3.577000000000000318e-02
3.536000000000000254e-02
3.602000000000000340e-02
3.529999999999999805e-02
3.586999999999999911e-02
3.520999999999999824e-02
3.543000000000000316e-02
3.502000000000000252e-02
3.570999999999999869e-02
3.658999999999999753e-02
3.649000000000000160e-02
3.645000000000000323e-02
3.701999999999999735e-02
3.679000000000000326e-02
3.667999999999999733e-02
3.638999999999999874e-02
3.674999999999999795e-02
3.728999999999999676e-02
3.774999999999999883e-02
3.706999999999999879e-02
3.722000000000000308e-02
3.713000000000000328e-02
3.762999999999999678e-02
3.815999999999999948e-02
3.883999999999999952e-02
3.860000000000000236e-02
3.794999999999999762e-02
3.878999999999999809e-02
3.889000000000000096e-02
3.896000000000000157e-02
3.975000000000000061e-02
4.002000000000000002e-02
4.034000000000000086e-02
4.050000000000000128e-02
4.084000000000000130e-02
4.141000000000000236e-02
4.193999999999999811e-02
4.191999999999999893e-02
4.216000000000000303e-02
4.290999999999999676e-02
4.266999999999999960e-02
4.227999999999999814e-02
4.232999999999999957e-02
4.286000000000000226e-02
4.241000000000000325e-02
4.347999999999999782e-02
4.318999999999999923e-02
4.356999999999999762e-02
4.395999999999999908e-02
4.456000000000000238e-02
4.476999999999999730e-02
4.578000000000000125e-02
4.580000000000000043e-02
4.535000000000000142e-02
4.605000000000000066e-02
4.644000000000000211e-02
4.707000000000000073e-02
4.741999999999999688e-02
4.825999999999999734e-02
4.877000000000000085e-02
4.945000000000000090e-02
5.000999999999999890e-02
5.063999999999999752e-02
5.043999999999999873e-02
5.068000000000000282e-02
5.041000000000000342e-02
5.102999999999999897e-02
5.181999999999999801e-02
5.197000000000000230e-02
5.229999999999999927e-02
5.263999999999999929e-02
