0.000000000000000000e+00
-6.999999999999999387e-05
-2.300000000000000070e-04
-8.300000000000000086e-04
-6.300000000000000261e-04
-2.799999999999999755e-04
2.100000000000000087e-04
3.000000000000000076e-05
-2.300000000000000070e-04
-5.599999999999999509e-04
-5.299999999999999807e-04
6.999999999999999387e-05
-2.100000000000000087e-04
9.200000000000000278e-04
0.000000000000000000e+00
-1.000000000000000048e-04
7.799999999999999859e-04
7.600000000000000418e-04
7.699999999999999597e-04
7.299999999999999632e-04
1.740000000000000010e-03
1.069999999999999988e-03
1.030000000000000100e-03
1.440000000000000091e-03
1.539999999999999919e-03
2.360000000000000119e-03
2.399999999999999790e-03
2.249999999999999830e-03
2.799999999999999972e-03
3.249999999999999851e-03
2.959999999999999958e-03
3.089999999999999865e-03
3.739999999999999835e-03
3.680000000000000111e-03
3.449999999999999942e-03
3.449999999999999942e-03
3.840000000000000097e-03
3.119999999999999944e-03
3.229999999999999798e-03
3.109999999999999917e-03
3.720000000000000216e-03
3.380000000000000192e-03
2.899999999999999800e-03
4.250000000000000305e-03
3.119999999999999944e-03
3.980000000000000031e-03
4.400000000000000265e-03
4.859999999999999737e-03
5.530000000000000193e-03
4.680000000000000132e-03
5.689999999999999745e-03
5.329999999999999669e-03
5.440000000000000391e-03
5.120000000000000419e-03
5.139999999999999604e-03
5.780000000000000415e-03
6.429999999999999952e-03
6.389999999999999847e-03
6.899999999999999883e-03
7.700000000000000247e-03
7.570000000000000340e-03
7.049999999999999843e-03
7.740000000000000352e-03
7.559999999999999880e-03
6.939999999999999988e-03
8.309999999999999679e-03
8.420000000000000401e-03
8.770000000000000018e-03
8.089999999999999969e-03
9.669999999999999776e-03
9.390000000000000777e-03
1.001999999999999939e-02
1.122000000000000081e-02
1.060999999999999964e-02
1.012000000000000052e-02
1.025000000000000043e-02
1.067000000000000066e-02
1.093000000000000048e-02
1.054000000000000076e-02
1.135000000000000071e-02
1.133999999999999939e-02
1.076000000000000047e-02
1.179999999999999973e-02
1.204999999999999995e-02
1.153000000000000032e-02
1.179999999999999973e-02
1.251999999999999988e-02
1.222999999999999955e-02
1.298999999999999981e-02
1.188999999999999953e-02
1.197999999999999933e-02
1.298000000000000022e-02
1.336000000000000035e-02
1.346999999999999933e-02
1.367999999999999945e-02
1.319000000000000034e-02
1.438000000000000042e-02
1.450000000000000074e-02
1.478999999999999933e-02
1.418999999999999949e-02
1.426999999999999970e-02
1.348000000000000066e-02
1.464000000000000024e-02
1.451999999999999992e-02
1.481999999999999984e-02
1.589000000000000135e-02
1.607000000000000095e-02
1.648000000000000159e-02
1.669999999999999957e-02
1.629999999999999852e-02
1.648000000000000159e-02
1.703000000000000000e-02
1.720000000000000001e-02
1.830000000000000029e-02
1.830999999999999989e-02
1.798999999999999905e-02
1.829000000000000070e-02
1.880000000000000074e-02
1.847999999999999990e-02
1.845000000000000112e-02
1.847000000000000031e-02
1.814999999999999947e-02
1.830999999999999989e-02
1.796999999999999986e-02
1.816999999999999865e-02
1.760000000000000106e-02
1.866999999999999910e-02
1.791999999999999843e-02
1.881999999999999992e-02
1.864999999999999991e-02
1.902999999999999831e-02
1.889000000000000054e-02
1.904000000000000137e-02
1.898000000000000034e-02
1.951999999999999916e-02
1.910999999999999852e-02
1.913000000000000117e-02
1.898000000000000034e-02
2.066000000000000128e-02
2.153000000000000053e-02
2.109000000000000111e-02
2.070999999999999924e-02
2.014000000000000165e-02
2.069999999999999965e-02
2.023000000000000145e-02
2.020999999999999880e-02
2.014000000000000165e-02
2.093000000000000069e-02
2.144000000000000072e-02
2.080999999999999864e-02
2.082000000000000170e-02
2.017000000000000043e-02
2.093000000000000069e-02
2.100000000000000130e-02
2.198999999999999913e-02
2.182999999999999871e-02
2.137000000000000011e-02
2.228000000000000119e-02
2.317999999999999922e-02
2.287000000000000144e-02
2.322000000000000106e-02
2.395999999999999866e-02
2.367000000000000007e-02
2.347000000000000128e-02
2.356000000000000108e-02
2.367000000000000007e-02
2.472999999999999851e-02
2.515999999999999834e-02
2.460999999999999993e-02
2.492000000000000118e-02
2.493000000000000077e-02
2.447999999999999829e-02
2.462999999999999912e-02
2.483000000000000138e-02
2.384000000000000008e-02
2.511999999999999997e-02
2.458000000000000115e-02
2.401999999999999968e-02
2.478999999999999954e-02
2.540999999999999856e-02
2.488999999999999893e-02
2.505999999999999894e-02
2.542000000000000162e-02
2.480999999999999872e-02
2.563000000000000000e-02
2.591999999999999860e-02
2.627000000000000168e-02
2.607999999999999902e-02
2.704000000000000153e-02
2.766000000000000056e-02
2.835000000000000020e-02
2.863999999999999879e-02
2.869999999999999982e-02
2.835999999999999979e-02
2.844000000000000000e-02
2.775000000000000036e-02
2.802999999999999936e-02
2.844000000000000000e-02
2.881999999999999840e-02
2.921999999999999945e-02
2.875000000000000125e-02
