0.000000000000000000e+00
8.000000000000000654e-05
-8.000000000000000654e-05
-6.099999999999999737e-04
-2.599999999999999772e-04
1.399999999999999877e-04
2.400000000000000061e-04
-2.700000000000000035e-04
-6.499999999999999702e-04
-5.299999999999999807e-04
-4.000000000000000192e-04
-7.100000000000000191e-04
-6.899999999999999667e-04
-2.700000000000000035e-04
-6.400000000000000524e-04
-6.800000000000000488e-04
1.900000000000000105e-04
-2.700000000000000035e-04
-1.499999999999999869e-04
-4.000000000000000327e-05
2.500000000000000052e-04
-6.000000000000000152e-05
-5.000000000000000104e-04
-5.500000000000000331e-04
4.899999999999999842e-04
6.000000000000000152e-05
-9.000000000000000567e-05
-2.900000000000000017e-04
5.000000000000000240e-05
-2.999999999999999737e-04
-4.000000000000000192e-04
-4.000000000000000327e-05
3.000000000000000076e-05
2.799999999999999755e-04
-9.399999999999999719e-04
-3.499999999999999964e-04
-2.100000000000000087e-04
-5.500000000000000331e-04
-3.699999999999999947e-04
-3.400000000000000244e-04
1.000000000000000082e-05
4.099999999999999912e-04
-2.500000000000000052e-04
2.599999999999999772e-04
-6.999999999999999929e-04
-4.000000000000000192e-04
-6.999999999999999387e-05
6.800000000000000488e-04
1.270000000000000078e-03
1.420000000000000038e-03
1.680000000000000070e-03
1.709999999999999932e-03
1.309999999999999967e-03
6.999999999999999929e-04
5.000000000000000104e-04
8.099999999999999561e-04
8.300000000000000086e-04
8.400000000000000348e-04
8.300000000000000086e-04
1.699999999999999905e-03
8.300000000000000086e-04
6.899999999999999667e-04
1.000000000000000021e-03
1.000000000000000048e-04
-2.400000000000000061e-04
1.160000000000000007e-03
7.299999999999999632e-04
4.200000000000000174e-04
5.100000000000000366e-04
7.600000000000000418e-04
1.420000000000000038e-03
1.010000000000000047e-03
2.150000000000000001e-03
1.240000000000000000e-03
4.699999999999999859e-04
5.999999999999999474e-04
8.300000000000000086e-04
1.430000000000000064e-03
8.400000000000000348e-04
4.699999999999999859e-04
1.240000000000000000e-03
6.700000000000000226e-04
1.039999999999999909e-03
1.490000000000000005e-03
3.899999999999999929e-04
1.240000000000000000e-03
5.699999999999999772e-04
6.899999999999999667e-04
1.709999999999999932e-03
1.180000000000000059e-03
4.099999999999999912e-04
7.100000000000000191e-04
3.699999999999999947e-04
2.300000000000000070e-04
5.199999999999999544e-04
6.000000000000000152e-05
1.900000000000000105e-04
-5.000000000000000240e-05
2.599999999999999772e-04
-3.600000000000000227e-04
-5.000000000000000240e-05
-1.100000000000000039e-04
5.000000000000000240e-05
-4.000000000000000192e-04
-1.499999999999999869e-04
3.000000000000000076e-05
-4.200000000000000174e-04
-5.900000000000000296e-04
2.000000000000000164e-05
-4.000000000000000192e-04
-3.600000000000000227e-04
-3.000000000000000076e-05
2.400000000000000061e-04
-6.999999999999999387e-05
1.059999999999999961e-03
6.599999999999999964e-04
2.799999999999999755e-04
8.499999999999999526e-04
7.399999999999999894e-04
5.400000000000000069e-04
9.300000000000000541e-04
3.200000000000000262e-04
4.299999999999999894e-04
-5.000000000000000240e-05
6.499999999999999702e-04
-2.100000000000000087e-04
1.209999999999999921e-03
1.299999999999999886e-04
-2.400000000000000061e-04
5.299999999999999807e-04
1.209999999999999921e-03
5.599999999999999509e-04
6.499999999999999702e-04
-1.800000000000000113e-04
1.190000000000000085e-03
8.800000000000000313e-04
1.170000000000000033e-03
9.799999999999999684e-04
1.020000000000000073e-03
2.040000000000000147e-03
1.840000000000000056e-03
1.190000000000000085e-03
1.639999999999999965e-03
1.260000000000000052e-03
1.379999999999999933e-03
9.100000000000000016e-04
1.459999999999999926e-03
1.580000000000000024e-03
2.279999999999999909e-03
1.020000000000000073e-03
9.899999999999999946e-04
9.399999999999999719e-04
5.800000000000000034e-04
9.499999999999999981e-04
1.119999999999999902e-03
9.100000000000000016e-04
5.299999999999999807e-04
7.299999999999999632e-04
1.160000000000000007e-03
5.500000000000000331e-04
1.139999999999999954e-03
1.860000000000000108e-03
1.459999999999999926e-03
2.099999999999999870e-03
1.139999999999999954e-03
9.300000000000000541e-04
1.809999999999999977e-03
1.750000000000000036e-03
1.590000000000000050e-03
1.949999999999999910e-03
1.240000000000000000e-03
9.399999999999999719e-04
8.400000000000000348e-04
1.100000000000000066e-03
-2.500000000000000052e-04
3.800000000000000209e-04
-2.200000000000000078e-04
-1.499999999999999869e-04
-7.799999999999999859e-04
2.100000000000000087e-04
4.499999999999999877e-04
5.599999999999999509e-04
1.000000000000000048e-04
-7.100000000000000191e-04
-2.000000000000000096e-04
-4.299999999999999894e-04
5.400000000000000069e-04
4.000000000000000327e-05
8.199999999999999824e-04
1.510000000000000057e-03
1.500000000000000031e-03
1.879999999999999944e-03
2.020000000000000094e-03
1.529999999999999893e-03
1.139999999999999954e-03
1.119999999999999902e-03
1.500000000000000031e-03
2.030000000000000120e-03
1.779999999999999898e-03
2.160000000000000028e-03
1.850000000000000082e-03
