0.000000000000000000e+00
1.119999999999999902e-03
2.599999999999999772e-04
-1.619999999999999912e-03
6.599999999999999964e-04
3.200000000000000153e-03
6.499999999999999702e-03
5.870000000000000218e-03
5.580000000000000758e-03
7.089999999999999948e-03
7.509999999999999315e-03
9.730000000000000801e-03
1.050000000000000065e-02
1.528999999999999977e-02
1.456999999999999962e-02
1.632999999999999730e-02
2.252999999999999794e-02
2.143000000000000113e-02
2.522999999999999896e-02
2.420999999999999888e-02
2.831999999999999795e-02
2.996000000000000052e-02
3.005000000000000032e-02
3.307999999999999829e-02
3.617000000000000076e-02
3.821000000000000091e-02
3.859999999999999543e-02
4.118999999999999745e-02
4.365000000000000130e-02
4.750999999999999668e-02
4.717999999999999972e-02
5.123000000000001164e-02
5.537000000000000255e-02
5.666000000000000203e-02
5.751000000000000556e-02
6.062999999999999640e-02
6.425000000000000155e-02
6.474000000000000588e-02
6.683999999999998276e-02
6.851999999999999758e-02
7.116999999999999715e-02
7.596999999999999587e-02
7.555999999999998828e-02
8.249000000000000776e-02
8.177000000000000934e-02
8.542999999999999206e-02
8.829000000000000736e-02
9.489000000000000212e-02
9.992000000000000881e-02
1.005700000000000066e-01
1.031300000000000133e-01
1.066799999999999971e-01
1.086899999999999950e-01
1.086799999999999988e-01
1.116999999999999937e-01
1.186099999999999932e-01
1.201900000000000052e-01
1.233700000000000213e-01
1.299600000000000199e-01
1.368099999999999872e-01
1.377799999999999858e-01
1.416499999999999981e-01
1.458699999999999997e-01
1.464599999999999791e-01
1.495600000000000263e-01
1.574500000000000066e-01
1.600899999999999823e-01
1.645100000000000173e-01
1.640700000000000214e-01
1.740300000000000180e-01
1.753099999999999936e-01
1.798000000000000154e-01
1.889000000000000123e-01
1.891199999999999826e-01
1.898000000000000242e-01
1.935100000000000153e-01
1.995899999999999896e-01
2.043399999999999939e-01
2.045600000000000196e-01
2.111600000000000144e-01
2.141100000000000225e-01
2.155400000000000094e-01
2.213199999999999612e-01
2.282200000000000339e-01
2.300100000000000200e-01
2.343899999999999872e-01
2.402199999999999891e-01
2.411899999999999877e-01
2.468799999999999883e-01
2.474599999999999855e-01
2.498199999999999865e-01
2.545199999999999685e-01
2.583199999999999941e-01
2.627599999999999936e-01
2.672099999999999476e-01
2.690799999999999859e-01
2.779200000000000004e-01
2.792600000000000082e-01
2.857699999999999685e-01
2.861299999999999955e-01
2.893299999999999761e-01
2.908999999999999919e-01
2.961599999999999788e-01
2.983600000000000141e-01
3.024800000000000266e-01
3.097200000000000508e-01
3.144000000000000128e-01
3.178300000000000014e-01
3.239299999999999957e-01
3.245000000000000107e-01
3.305200000000000360e-01
3.346699999999999675e-01
3.397300000000000320e-01
3.468899999999999761e-01
3.519100000000000006e-01
3.544599999999999973e-01
3.584200000000000164e-01
3.675000000000000488e-01
3.670399999999999774e-01
3.680500000000000438e-01
3.716800000000000659e-01
3.746999999999999775e-01
3.817699999999999982e-01
3.842300000000000160e-01
3.893000000000000349e-01
3.911799999999999722e-01
4.006200000000000316e-01
4.017600000000000060e-01
4.060400000000000675e-01
4.117999999999999439e-01
4.181199999999999917e-01
4.168200000000000238e-01
4.217599999999999683e-01
4.248699999999999699e-01
4.302099999999999813e-01
4.324700000000000211e-01
4.373199999999999865e-01
4.382099999999999884e-01
4.453199999999999936e-01
4.516900000000000359e-01
4.559500000000000219e-01
4.559500000000000219e-01
4.608999999999999764e-01
4.647899999999999254e-01
4.659500000000000863e-01
4.668599999999999972e-01
4.709000000000000408e-01
4.766000000000000236e-01
4.831300000000000594e-01
4.830199999999999494e-01
4.865399999999999725e-01
4.885100000000000553e-01
4.921999999999999154e-01
4.957199999999999940e-01
5.015800000000000258e-01
5.045499999999999430e-01
5.047599999999999865e-01
5.129400000000000626e-01
5.168599999999999861e-01
5.205099999999999172e-01
5.264900000000000135e-01
5.317699999999999649e-01
5.329599999999999893e-01
5.354399999999999160e-01
5.382000000000000117e-01
5.409100000000001129e-01
5.463699999999999113e-01
5.493700000000000250e-01
5.535600000000000520e-01
5.578599999999999115e-01
5.598899999999999988e-01
5.608899999999999997e-01
5.636499999999999844e-01
5.683799999999999963e-01
5.664500000000000091e-01
5.745600000000000707e-01
5.747200000000000086e-01
5.750399999999999956e-01
5.804799999999999960e-01
5.845700000000000340e-01
5.860699999999999799e-01
5.931100000000000261e-01
5.967000000000000082e-01
5.965200000000000502e-01
6.008700000000000152e-01
6.056899999999999507e-01
6.099600000000000577e-01
6.109700000000000131e-01
6.178399999999999448e-01
6.207300000000000040e-01
6.272500000000000853e-01
6.325499999999999456e-01
6.356400000000000938e-01
6.367499999999999272e-01
6.394799999999999374e-01
6.395699999999999719e-01
6.440099999999999714e-01
6.461000000000000076e-01
6.496500000000000608e-01
6.528400000000000869e-01
6.528399999999999759e-01
