-0.000000000000000000e+00
5.041551246537397503e-04
1.008310249307479501e-03
1.512465373961218926e-03
2.520775623268698643e-03
5.545706371191136928e-03
7.814404432132965317e-03
9.578947368421053196e-03
1.336011080332410138e-02
1.613296398891967201e-02
1.865373961218836849e-02
1.991412742382272019e-02
2.167867036011080634e-02
2.344321329639889248e-02
2.495567867036011661e-02
2.646814404432133380e-02
2.848476454293628890e-02
2.999722991689751303e-02
3.176177285318559917e-02
3.327423822714681984e-02
3.529085872576177840e-02
3.730747922437673697e-02
4.033240997229917829e-02
4.260110803324099887e-02
4.512188365650970229e-02
4.713850415512466085e-02
4.814681440443213667e-02
4.991135734072023322e-02
5.192797783933518485e-02
5.243213296398892276e-02
5.520498614958449513e-02
5.444875346260388826e-02
5.747368421052632265e-02
5.974238227146815017e-02
6.276731301939059149e-02
6.453185595567868804e-02
6.806094182825485339e-02
6.957340720221608099e-02
7.234626038781163948e-02
7.486703601108034289e-02
7.738781163434904631e-02
8.091689750692521166e-02
8.368975069252078403e-02
8.721883656509696325e-02
9.175623268698063217e-02
9.402493074792245276e-02
9.755401662049861811e-02
1.013351800554016802e-01
1.051163434903047283e-01
1.081412742382271697e-01
1.104099722991689903e-01
1.119224376731302179e-01
1.129307479224376937e-01
1.154515235457063832e-01
1.174681440443213487e-01
1.194847645429363003e-01
1.222576177285318727e-01
1.250304709141274451e-01
1.283074792243767415e-01
1.310803324099723000e-01
1.330969529085872793e-01
1.353656509695290999e-01
1.383905817174515274e-01
1.409113573407202447e-01
1.431800554016620652e-01
1.454487534626039136e-01
1.479695290858726031e-01
1.497340720221606858e-01
1.517506925207756374e-01
1.542714681440443270e-01
1.565401662049861753e-01
1.590609418282548648e-01
1.620858725761772923e-01
1.646066481994460096e-01
1.683878116343490439e-01
1.701523545706371543e-01
1.726731301939058438e-01
1.744376731301939265e-01
1.764542936288089059e-01
1.789750692520775677e-01
1.814958448753462850e-01
1.842686980609418435e-01
1.870415512465374297e-01
1.883019390581717745e-01
1.905706371191135950e-01
1.923351800554017055e-01
1.928393351800554156e-01
1.943518005540166571e-01
1.943518005540166571e-01
1.966204986149584777e-01
1.966204986149584777e-01
1.986371191135734293e-01
2.001495844875346430e-01
2.009058171745152499e-01
2.036786703601108361e-01
2.059473684210526567e-01
2.074598337950138704e-01
2.094764542936288221e-01
2.094764542936288221e-01
2.130055401662050429e-01
2.127534626038781462e-01
2.157783933518005737e-01
2.188033240997230289e-01
2.208199445983379805e-01
2.230886426592798011e-01
2.256094182825484906e-01
2.276260387811634700e-01
2.298947368421052906e-01
2.309030470914127664e-01
2.336759002770083526e-01
2.344321329639889595e-01
2.372049861495845180e-01
2.387174515235457595e-01
2.407340720221607111e-01
2.435069252077562696e-01
2.472880886426593317e-01
2.493047091412742833e-01
2.510692520775623660e-01
2.525817174515235797e-01
2.540941828254847934e-01
2.553545706371191382e-01
2.573711911357340898e-01
2.591357340720222280e-01
2.611523545706371241e-01
2.606481994459834417e-01
2.624127423822715244e-01
2.626648199445983933e-01
2.644293628808864205e-01
2.659418282548476897e-01
2.682105263157895103e-01
2.694709141274238551e-01
2.717396121883657312e-01
2.740083102493075518e-01
2.755207756232687100e-01
2.772853185595568482e-01
2.798060941828255377e-01
2.825789473684210962e-01
2.845955678670360478e-01
2.878725761772853442e-01
2.896371191135734269e-01
2.916537396121883785e-01
2.934182825484765167e-01
2.954349030470914683e-01
2.974515235457064199e-01
2.987119113573407647e-01
3.012326869806094543e-01
3.022409972299169301e-01
3.052659279778393575e-01
3.075346260387811781e-01
3.090470914127424473e-01
3.108116343490305300e-01
3.138365650969529574e-01
3.148448753462604333e-01
3.171135734072022538e-01
3.191301939058172055e-01
3.211468144044322126e-01
3.219030470914128195e-01
3.234155124653739777e-01
3.244238227146815090e-01
3.261883656509695362e-01
3.274487534626038809e-01
3.297174515235457570e-01
3.314819944598338397e-01
3.332465373961219779e-01
3.347590027700831361e-01
3.380360110803324325e-01
3.377839335180056191e-01
3.380360110803324325e-01
3.398005540166205707e-01
3.400526315789473841e-01
3.408088642659279910e-01
3.413130193905817289e-01
3.410609418282549155e-01
3.415650969529086534e-01
3.413130193905817289e-01
3.410609418282549155e-01
3.408088642659279910e-01
3.413130193905817289e-01
3.435817174515236050e-01
3.433296398891966805e-01
3.420692520775623358e-01
3.420692520775623358e-01
3.430775623268698671e-01
3.445900277008310253e-01
3.453462603878116877e-01
3.466066481994460879e-01
3.468587257617729014e-01
3.481191135734072462e-01
3.483711911357341151e-01
3.496315789473684599e-01
3.513961218836565426e-01
3.519002770083102805e-01
3.539168975069252321e-01
3.551772853185595769e-01
3.561855955678671082e-01
3.574459833795014529e-01
3.584542936288088733e-01
3.597146814404432735e-01
3.607229916897507493e-01
3.617313019390581696e-01
3.629916897506925699e-01
