-0.000000000000000000e+00
2.520775623268698752e-04
5.041551246537397503e-04
7.562326869806094629e-04
5.041551246537397503e-04
1.008310249307479501e-03
1.260387811634349322e-03
7.562326869806094629e-04
3.024930747922437851e-03
3.277008310249307672e-03
3.529085872576177927e-03
4.789473684210526598e-03
5.041551246537397286e-03
6.049861495844875703e-03
7.058171745152355854e-03
8.822714681440444601e-03
1.033518005540166353e-02
1.235180055401662209e-02
1.411634349030471171e-02
1.562880886426593063e-02
1.814958448753462711e-02
2.041828254847645463e-02
2.319113573407202353e-02
2.445152354570637523e-02
2.646814404432133380e-02
2.747645429362881309e-02
2.848476454293628890e-02
2.823268698060942342e-02
2.974515235457064061e-02
2.974515235457064061e-02
3.150969529085873022e-02
3.100554016620499231e-02
3.302216066481995088e-02
3.352631578947368879e-02
3.529085872576177840e-02
3.705540166204986802e-02
3.881994459833795763e-02
3.881994459833795763e-02
4.184487534626039201e-02
4.335734072022161267e-02
4.537396121883657124e-02
4.764265927977839876e-02
4.865096952908588152e-02
5.066759002770084008e-02
5.243213296398892276e-02
5.268421052631579171e-02
5.369252077562327446e-02
5.520498614958449513e-02
5.621329639889197788e-02
5.545706371191136408e-02
5.596121883656510893e-02
5.470083102493075722e-02
5.419667590027701237e-02
5.444875346260388826e-02
5.495290858725762617e-02
5.495290858725762617e-02
5.520498614958449513e-02
5.545706371191136408e-02
5.671745152354570885e-02
5.747368421052632265e-02
5.822991689750692951e-02
5.848199445983379846e-02
6.049861495844876397e-02
6.100277008310250187e-02
6.201108033240998463e-02
6.226315789473685358e-02
6.427977839335180521e-02
6.554016620498614998e-02
6.654847645429363967e-02
6.780886426592798444e-02
6.932132963988921204e-02
7.032963988919668785e-02
7.310249307479226022e-02
7.461495844875347394e-02
7.789196675900278422e-02
8.016066481994461868e-02
8.116897506925209449e-02
8.394182825484766686e-02
8.444598337950140476e-02
8.772299168975070116e-02
8.973961218836566667e-02
9.150415512465374934e-02
9.377285318559556992e-02
9.427700831024932171e-02
9.629362880886427334e-02
9.730193905817176303e-02
9.755401662049861811e-02
9.805817174515235601e-02
9.831024930747923884e-02
9.982271468144046644e-02
1.010831024930747973e-01
1.025955678670360249e-01
1.033518005540166457e-01
1.048642659279778455e-01
1.061246537396122042e-01
1.081412742382271697e-01
1.086454293628808937e-01
1.106620498614958592e-01
1.094016620498615144e-01
1.114182825484764799e-01
1.124265927977839558e-01
1.149473684210526453e-01
1.162077562326870039e-01
1.184764542936288245e-01
1.204930747922437900e-01
1.222576177285318727e-01
1.235180055401662313e-01
1.257867036011080519e-01
1.257867036011080519e-01
1.272991689750692657e-01
1.280554016620498725e-01
1.293157894736842173e-01
1.290637119113573761e-01
1.303240997229917209e-01
1.318365650969529346e-01
1.338531855955678862e-01
1.346094182825484931e-01
1.358698060941828656e-01
1.366260387811634447e-01
1.371301939058171826e-01
1.383905817174515274e-01
1.399030470914127688e-01
1.404072022160665068e-01
1.421717451523545894e-01
1.424238227146814584e-01
1.429279778393351963e-01
1.436842105263158031e-01
1.446925207756232790e-01
1.464570637119113616e-01
1.469612188365650995e-01
1.487257617728532100e-01
1.502382271468144237e-01
1.522548476454294031e-01
1.527590027700831132e-01
1.542714681440443270e-01
1.552797783933518305e-01
1.588088642659279959e-01
1.590609418282548648e-01
1.615817174515235821e-01
1.628421052631579269e-01
1.651108033240997475e-01
1.673795013850415681e-01
1.691440443213296785e-01
1.704044321329639955e-01
1.714127423822714991e-01
1.744376731301939265e-01
1.754459833795014023e-01
1.767063711911357471e-01
1.789750692520775677e-01
1.802354570637119124e-01
1.820000000000000229e-01
1.850249307479224781e-01
1.872936288088642987e-01
1.895623268698061192e-01
1.915789473684210709e-01
1.930914127423823123e-01
1.946038781163435261e-01
1.958642659279778708e-01
1.971246537396122434e-01
1.988891966759002983e-01
2.014099722991689878e-01
2.039307479224377051e-01
2.056952908587258155e-01
2.061994459833795257e-01
2.084681440443213463e-01
2.112409972299169325e-01
2.117451523545706704e-01
2.122493074792244083e-01
2.137617728531856220e-01
2.142659279778393877e-01
2.157783933518005737e-01
2.165346260387812083e-01
2.175429362880886841e-01
2.167867036011080495e-01
2.167867036011080495e-01
2.160304709141274426e-01
2.157783933518005737e-01
2.165346260387812083e-01
2.188033240997230289e-01
2.188033240997230289e-01
2.175429362880886841e-01
2.180470914127423943e-01
2.195595567867036357e-01
2.210720221606648495e-01
2.218282548476454563e-01
2.228365650969529599e-01
2.233407202216066700e-01
2.248531855955679115e-01
2.248531855955679115e-01
2.251052631578947805e-01
2.261135734072022563e-01
2.266177285318559664e-01
2.278781163434903112e-01
2.278781163434903112e-01
2.298947368421052906e-01
2.303988919667590285e-01
2.316592797783933733e-01
2.326675900277008491e-01
2.329196675900277180e-01
2.336759002770083526e-01
2.336759002770083526e-01
