-0.000000000000000000e+00
-0.000000000000000000e+00
-0.000000000000000000e+00
2.520775623268698752e-04
-7.562326869806094629e-04
-2.520775623268698752e-04
-2.520775623268698752e-04
-1.260387811634349322e-03
5.041551246537397503e-04
-2.520775623268698752e-04
-7.562326869806094629e-04
-0.000000000000000000e+00
2.520775623268698752e-04
-0.000000000000000000e+00
1.008310249307479501e-03
1.764542936288088964e-03
2.520775623268698643e-03
3.024930747922437851e-03
3.024930747922437851e-03
2.772853185595568464e-03
2.772853185595568464e-03
2.772853185595568464e-03
3.024930747922437851e-03
2.520775623268698643e-03
2.520775623268698643e-03
1.764542936288088964e-03
7.562326869806094629e-04
-0.000000000000000000e+00
-2.520775623268698752e-04
-2.268698060941828389e-03
-1.512465373961218926e-03
-2.772853185595568464e-03
-2.016620498614959001e-03
-2.016620498614959001e-03
-1.512465373961218926e-03
-2.520775623268698643e-03
-1.764542936288088964e-03
-2.016620498614959001e-03
-1.008310249307479501e-03
-1.008310249307479501e-03
-5.041551246537397503e-04
-5.041551246537397503e-04
-7.562326869806094629e-04
-0.000000000000000000e+00
-2.520775623268698752e-04
-1.260387811634349322e-03
-1.764542936288088964e-03
-1.512465373961218926e-03
-2.016620498614959001e-03
-4.033240997229918003e-03
-4.285318559556786956e-03
-6.301939058171746391e-03
-7.814404432132965317e-03
-9.326869806094184243e-03
-1.008310249307479457e-02
-1.083933518005540317e-02
-1.209972299168975141e-02
-1.235180055401662209e-02
-1.260387811634349278e-02
-1.310803324099723069e-02
-1.361218836565097207e-02
-1.386426592797784102e-02
-1.361218836565097207e-02
-1.436842105263158066e-02
-1.487257617728532030e-02
-1.462049861495844962e-02
-1.411634349030471171e-02
-1.336011080332410138e-02
-1.260387811634349278e-02
-1.184764542936288245e-02
-1.109141274238227386e-02
-1.033518005540166353e-02
-1.008310249307479457e-02
-1.058725761772853248e-02
-8.318559556786704959e-03
-8.066481994459836005e-03
-7.562326869806095496e-03
-7.310249307479224808e-03
-6.806094182825486033e-03
-6.049861495844875703e-03
-4.285318559556786956e-03
-5.293628808864266240e-03
-4.285318559556786956e-03
-5.797783933518005882e-03
-2.772853185595568464e-03
-1.764542936288088964e-03
-2.268698060941828389e-03
-2.268698060941828389e-03
-2.772853185595568464e-03
-2.520775623268698643e-03
-2.772853185595568464e-03
-2.016620498614959001e-03
-2.268698060941828389e-03
-1.512465373961218926e-03
-1.764542936288088964e-03
2.520775623268698752e-04
-7.562326869806094629e-04
1.008310249307479501e-03
-2.520775623268698752e-04
1.008310249307479501e-03
-1.008310249307479501e-03
7.562326869806094629e-04
-2.520775623268698752e-04
1.260387811634349322e-03
7.562326869806094629e-04
2.772853185595568464e-03
1.260387811634349322e-03
3.277008310249307672e-03
7.562326869806094629e-04
2.520775623268698643e-03
2.268698060941828389e-03
3.781163434903047748e-03
2.268698060941828389e-03
3.277008310249307672e-03
2.772853185595568464e-03
5.545706371191136928e-03
3.529085872576177927e-03
5.545706371191136928e-03
4.033240997229918003e-03
5.041551246537397286e-03
5.545706371191136928e-03
7.310249307479224808e-03
8.570637119113573912e-03
1.083933518005540317e-02
8.822714681440444601e-03
9.326869806094184243e-03
9.074792243767313554e-03
9.831024930747923884e-03
9.578947368421053196e-03
1.109141274238227386e-02
1.109141274238227386e-02
1.134349030470914281e-02
1.386426592797784102e-02
1.285595567867036347e-02
1.386426592797784102e-02
1.487257617728532030e-02
1.613296398891967201e-02
1.588088642659279959e-02
1.613296398891967201e-02
1.562880886426593063e-02
1.739335180055402025e-02
1.688919667590027887e-02
1.789750692520775815e-02
1.688919667590027887e-02
1.688919667590027887e-02
1.764542936288088920e-02
1.714127423822714782e-02
1.814958448753462711e-02
1.814958448753462711e-02
1.915789473684210639e-02
1.915789473684210639e-02
1.966204986149584777e-02
2.016620498614958915e-02
2.218282548476454771e-02
2.369529085872576490e-02
2.520775623268698556e-02
2.646814404432133380e-02
2.722437673130194413e-02
2.848476454293628890e-02
2.898891966759003028e-02
2.949307479224377165e-02
3.050138504155125094e-02
3.024930747922438198e-02
2.999722991689751303e-02
2.999722991689751303e-02
3.100554016620499231e-02
2.924099722991689923e-02
2.898891966759003028e-02
2.747645429362881309e-02
2.697229916897507171e-02
2.646814404432133380e-02
2.545983379501385452e-02
2.445152354570637523e-02
2.268698060941828562e-02
2.117451523545706496e-02
1.966204986149584777e-02
1.739335180055402025e-02
1.714127423822714782e-02
1.739335180055402025e-02
1.588088642659279959e-02
1.361218836565097207e-02
1.285595567867036347e-02
1.310803324099723069e-02
1.436842105263158066e-02
1.537673130193906168e-02
1.613296398891967201e-02
1.537673130193906168e-02
1.688919667590027887e-02
1.663711911357340992e-02
1.739335180055402025e-02
1.789750692520775815e-02
1.890581717451523744e-02
1.966204986149584777e-02
1.991412742382272019e-02
2.041828254847645463e-02
2.041828254847645463e-02
2.016620498614958915e-02
2.142659279778393738e-02
2.092243767313019601e-02
1.940997229916897882e-02
1.915789473684210639e-02
