-0.000000000000000000e+00
2.520775623268698752e-04
5.041551246537397503e-04
2.520775623268698752e-04
2.520775623268698752e-04
2.520775623268698752e-04
-2.520775623268698752e-04
-1.764542936288088964e-03
-7.562326869806094629e-04
-1.260387811634349322e-03
-2.016620498614959001e-03
-2.772853185595568464e-03
-2.268698060941828389e-03
-1.764542936288088964e-03
-1.260387811634349322e-03
-1.008310249307479501e-03
-0.000000000000000000e+00
-7.562326869806094629e-04
7.562326869806094629e-04
7.562326869806094629e-04
1.008310249307479501e-03
1.512465373961218926e-03
2.016620498614959001e-03
3.277008310249307672e-03
2.268698060941828389e-03
3.781163434903047748e-03
2.772853185595568464e-03
2.772853185595568464e-03
3.024930747922437851e-03
3.024930747922437851e-03
3.529085872576177927e-03
2.520775623268698643e-03
3.277008310249307672e-03
2.520775623268698643e-03
2.772853185595568464e-03
2.520775623268698643e-03
3.529085872576177927e-03
3.024930747922437851e-03
4.033240997229918003e-03
3.781163434903047748e-03
4.285318559556786956e-03
4.033240997229918003e-03
4.285318559556786956e-03
5.041551246537397286e-03
5.293628808864266240e-03
4.789473684210526598e-03
5.041551246537397286e-03
6.049861495844875703e-03
4.789473684210526598e-03
3.529085872576177927e-03
2.772853185595568464e-03
1.764542936288088964e-03
1.260387811634349322e-03
-2.520775623268698752e-04
-5.041551246537397503e-04
-2.016620498614959001e-03
-1.764542936288088964e-03
-1.512465373961218926e-03
-1.260387811634349322e-03
-7.562326869806094629e-04
-1.260387811634349322e-03
-7.562326869806094629e-04
2.520775623268698752e-04
7.562326869806094629e-04
5.041551246537397503e-04
1.008310249307479501e-03
1.008310249307479501e-03
1.512465373961218926e-03
2.016620498614959001e-03
2.520775623268698643e-03
3.781163434903047748e-03
2.772853185595568464e-03
3.781163434903047748e-03
4.033240997229918003e-03
5.545706371191136928e-03
6.301939058171746391e-03
6.806094182825486033e-03
7.310249307479224808e-03
7.562326869806095496e-03
7.814404432132965317e-03
9.578947368421053196e-03
9.831024930747923884e-03
1.134349030470914281e-02
1.008310249307479457e-02
1.083933518005540317e-02
1.209972299168975141e-02
1.184764542936288245e-02
1.109141274238227386e-02
1.159556786703601176e-02
1.235180055401662209e-02
1.336011080332410138e-02
1.436842105263158066e-02
1.411634349030471171e-02
1.462049861495844962e-02
1.562880886426593063e-02
1.613296398891967201e-02
1.638504155124653749e-02
1.764542936288088920e-02
1.714127423822714782e-02
1.764542936288088920e-02
1.714127423822714782e-02
1.764542936288088920e-02
1.814958448753462711e-02
1.865373961218836849e-02
1.966204986149584777e-02
1.991412742382272019e-02
1.940997229916897882e-02
2.016620498614958915e-02
2.041828254847645463e-02
2.142659279778393738e-02
2.142659279778393738e-02
2.167867036011080634e-02
2.193074792243767529e-02
2.319113573407202353e-02
2.319113573407202353e-02
2.470360110803324419e-02
2.495567867036011661e-02
2.571191135734072694e-02
2.520775623268698556e-02
2.495567867036011661e-02
2.520775623268698556e-02
2.621606648199446138e-02
2.621606648199446138e-02
2.672022160664820276e-02
2.571191135734072694e-02
2.596398891966759243e-02
2.596398891966759243e-02
2.596398891966759243e-02
2.697229916897507171e-02
2.722437673130194413e-02
2.823268698060942342e-02
2.848476454293628890e-02
2.949307479224377165e-02
2.873684210526316132e-02
2.999722991689751303e-02
2.974515235457064061e-02
3.150969529085873022e-02
3.050138504155125094e-02
3.150969529085873022e-02
3.125761772853186127e-02
3.226592797783934402e-02
3.125761772853186127e-02
3.226592797783934402e-02
3.150969529085873022e-02
3.125761772853186127e-02
3.226592797783934402e-02
3.201385041551246813e-02
3.050138504155125094e-02
3.125761772853186127e-02
3.100554016620499231e-02
3.302216066481995088e-02
3.377839335180055774e-02
3.428254847645429565e-02
3.604709141274238526e-02
3.755955678670360592e-02
3.856786703601108174e-02
3.957617728531856449e-02
3.982825484764544038e-02
4.083656509695290926e-02
4.083656509695290926e-02
4.184487534626039201e-02
4.360941828254848163e-02
4.537396121883657124e-02
4.486980609418283333e-02
4.613019390581718504e-02
4.764265927977839876e-02
4.789473684210526772e-02
4.739058171745152981e-02
4.839889196675900562e-02
4.739058171745152981e-02
4.940720221606648838e-02
4.890304709141275047e-02
4.991135734072023322e-02
4.865096952908588152e-02
4.839889196675900562e-02
4.789473684210526772e-02
4.789473684210526772e-02
4.739058171745152981e-02
4.965927977839335733e-02
4.839889196675900562e-02
4.663434903047091601e-02
4.587811634349031609e-02
4.587811634349031609e-02
4.562603878116344713e-02
4.562603878116344713e-02
4.512188365650970229e-02
4.436565096952909543e-02
4.411357340720222647e-02
4.386149584487535058e-02
4.260110803324099887e-02
4.335734072022161267e-02
4.310526315789474372e-02
4.360941828254848163e-02
4.285318559556787477e-02
4.335734072022161267e-02
4.310526315789474372e-02
4.310526315789474372e-02
4.285318559556787477e-02
4.260110803324099887e-02
4.184487534626039201e-02
4.134072022160665411e-02
