-0.000000000000000000e+00
2.520775623268698752e-04
7.562326869806094629e-04
1.008310249307479501e-03
7.562326869806094629e-04
1.512465373961218926e-03
1.260387811634349322e-03
2.520775623268698752e-04
1.764542936288088964e-03
1.764542936288088964e-03
1.764542936288088964e-03
3.024930747922437851e-03
3.781163434903047748e-03
3.781163434903047748e-03
5.041551246537397286e-03
5.545706371191136928e-03
7.310249307479224808e-03
9.074792243767313554e-03
1.083933518005540317e-02
1.109141274238227386e-02
1.310803324099723069e-02
1.336011080332410138e-02
1.512465373961219099e-02
1.537673130193906168e-02
1.562880886426593063e-02
1.613296398891967201e-02
1.562880886426593063e-02
1.613296398891967201e-02
1.688919667590027887e-02
1.588088642659279959e-02
1.688919667590027887e-02
1.588088642659279959e-02
1.638504155124653749e-02
1.688919667590027887e-02
1.789750692520775815e-02
1.814958448753462711e-02
2.041828254847645463e-02
2.167867036011080634e-02
2.268698060941828562e-02
2.369529085872576490e-02
2.520775623268698556e-02
2.672022160664820276e-02
2.747645429362881309e-02
2.898891966759003028e-02
3.024930747922438198e-02
3.024930747922438198e-02
3.024930747922438198e-02
3.150969529085873022e-02
3.125761772853186127e-02
3.075346260387812336e-02
2.999722991689751303e-02
2.924099722991689923e-02
2.798060941828255446e-02
2.772853185595568204e-02
2.772853185595568204e-02
2.772853185595568204e-02
2.772853185595568204e-02
2.873684210526316132e-02
2.798060941828255446e-02
2.999722991689751303e-02
2.949307479224377165e-02
3.024930747922438198e-02
3.075346260387812336e-02
3.125761772853186127e-02
3.100554016620499231e-02
3.201385041551246813e-02
3.251800554016621297e-02
3.377839335180055774e-02
3.352631578947368879e-02
3.478670360110804050e-02
3.529085872576177840e-02
3.554293628808864736e-02
3.604709141274238526e-02
3.680332409972299906e-02
3.755955678670360592e-02
3.982825484764544038e-02
4.083656509695290926e-02
4.209695290858726097e-02
4.209695290858726097e-02
4.411357340720222647e-02
4.537396121883657124e-02
4.613019390581718504e-02
4.739058171745152981e-02
4.739058171745152981e-02
4.814681440443213667e-02
4.865096952908588152e-02
4.789473684210526772e-02
4.739058171745152981e-02
4.638227146814404706e-02
4.739058171745152981e-02
4.739058171745152981e-02
4.839889196675900562e-02
4.839889196675900562e-02
4.965927977839335733e-02
5.041551246537397113e-02
5.091966759002770904e-02
5.117174515235457105e-02
5.293628808864266760e-02
5.192797783933518485e-02
5.243213296398892276e-02
5.192797783933518485e-02
5.293628808864266760e-02
5.268421052631579171e-02
5.318836565096953656e-02
5.293628808864266760e-02
5.318836565096953656e-02
5.218005540166205380e-02
5.318836565096953656e-02
5.192797783933518485e-02
5.293628808864266760e-02
5.243213296398892276e-02
5.318836565096953656e-02
5.243213296398892276e-02
5.318836565096953656e-02
5.369252077562327446e-02
5.495290858725762617e-02
5.444875346260388826e-02
5.570914127423823997e-02
5.570914127423823997e-02
5.621329639889197788e-02
5.696952908587257780e-02
5.822991689750692951e-02
5.797783933518006055e-02
5.822991689750692951e-02
5.722160664819946063e-02
5.747368421052632265e-02
5.596121883656510893e-02
5.722160664819946063e-02
5.797783933518006055e-02
5.923822714681441226e-02
5.999445983379502606e-02
6.100277008310250187e-02
6.226315789473685358e-02
6.352354570637119835e-02
6.427977839335180521e-02
6.453185595567868804e-02
6.680055401662050862e-02
6.629639889196677072e-02
6.755678670360111548e-02
6.806094182825485339e-02
6.906925207756234308e-02
6.932132963988921204e-02
7.058171745152355681e-02
7.058171745152355681e-02
7.083379501385042576e-02
7.184210526315790157e-02
7.209418282548477053e-02
7.310249307479226022e-02
7.310249307479226022e-02
7.335457063711912917e-02
7.360664819944599813e-02
7.436288088642660499e-02
7.411080332409973603e-02
7.461495844875347394e-02
7.486703601108034289e-02
7.562326869806094976e-02
7.612742382271470154e-02
7.663157894736842557e-02
7.688365650969529452e-02
7.637950138504155662e-02
7.663157894736842557e-02
7.738781163434904631e-02
7.789196675900278422e-02
7.789196675900278422e-02
7.990858725761773584e-02
8.242936288088643926e-02
8.268144044321330821e-02
8.368975069252078403e-02
8.419390581717452193e-02
8.444598337950140476e-02
8.520221606648199775e-02
8.469806094182825984e-02
8.469806094182825984e-02
8.419390581717452193e-02
8.343767313019391507e-02
8.318559556786704612e-02
8.142105263157896344e-02
8.167313019390581852e-02
8.217728531855955643e-02
8.142105263157896344e-02
7.965650969529088077e-02
7.915235457063712898e-02
7.915235457063712898e-02
7.965650969529088077e-02
7.940443213296399794e-02
7.940443213296399794e-02
7.839612188365652212e-02
7.890027700831026003e-02
7.890027700831026003e-02
7.839612188365652212e-02
7.915235457063712898e-02
7.990858725761773584e-02
8.091689750692521166e-02
8.142105263157896344e-02
8.293351800554017716e-02
8.318559556786704612e-02
8.368975069252078403e-02
8.394182825484766686e-02
8.368975069252078403e-02
8.318559556786704612e-02
8.242936288088643926e-02
