-0.000000000000000000e+00
1.008310249307479501e-03
2.520775623268698643e-03
1.764542936288089180e-03
-2.520775623268698752e-04
2.520775623268698643e-03
-7.562326869806096797e-04
-6.301939058171746391e-03
-2.016620498614958568e-03
-3.529085872576177927e-03
-6.301939058171746391e-03
-5.293628808864267107e-03
-5.041551246537396419e-03
-2.016620498614958568e-03
-2.520775623268700378e-04
5.041551246537396419e-04
4.285318559556787824e-03
3.529085872576177493e-03
6.554016620498615345e-03
8.318559556786704959e-03
1.109141274238227559e-02
1.386426592797783755e-02
1.966204986149584777e-02
1.966204986149584777e-02
1.940997229916897882e-02
1.991412742382271672e-02
1.512465373961219099e-02
1.083933518005540490e-02
1.209972299168975314e-02
7.058171745152355854e-03
1.260387811634349278e-02
5.041551246537397286e-03
1.134349030470914281e-02
8.570637119113575647e-03
1.209972299168975488e-02
8.822714681440444601e-03
1.487257617728532204e-02
1.209972299168975141e-02
1.764542936288088573e-02
1.663711911357341339e-02
2.067036011080332358e-02
1.865373961218836849e-02
2.092243767313019948e-02
2.092243767313019254e-02
2.520775623268698556e-02
2.193074792243767529e-02
2.142659279778393738e-02
2.419944598337950628e-02
2.268698060941828215e-02
1.436842105263158240e-02
9.831024930747925619e-03
4.285318559556788691e-03
5.041551246537361725e-04
-4.285318559556788691e-03
-5.797783933518006749e-03
-9.578947368421054931e-03
-1.109141274238227212e-02
-9.831024930747923884e-03
-9.578947368421053196e-03
-7.814404432132965317e-03
-1.209972299168975141e-02
-9.578947368421054931e-03
-6.806094182825486033e-03
-6.554016620498615345e-03
-6.049861495844875703e-03
-1.260387811634348237e-03
2.520775623268698210e-03
3.277008310249310274e-03
7.310249307479227410e-03
1.083933518005540143e-02
1.613296398891967201e-02
1.714127423822715129e-02
2.596398891966759243e-02
2.974515235457064408e-02
3.428254847645429565e-02
3.806371191135735077e-02
4.083656509695291620e-02
4.562603878116344713e-02
4.839889196675901950e-02
5.243213296398893664e-02
6.327146814404432940e-02
6.352354570637119835e-02
6.957340720221608099e-02
6.579224376731301893e-02
7.007756232686981890e-02
7.159002770083103262e-02
7.083379501385042576e-02
6.730470914127424653e-02
6.755678670360111548e-02
7.209418282548477053e-02
7.663157894736843945e-02
7.915235457063714286e-02
8.368975069252078403e-02
8.696675900277009430e-02
9.301662049861497694e-02
9.578947368421054931e-02
9.780609418282550094e-02
1.005789473684210594e-01
1.018393351800554181e-01
1.038559556786703697e-01
1.015872576177285491e-01
1.058725761772853352e-01
1.096537396121883834e-01
1.124265927977839419e-01
1.159556786703601350e-01
1.199889196675900521e-01
1.174681440443213487e-01
1.227617728531856106e-01
1.225096952908587417e-01
1.265429362880886588e-01
1.283074792243767415e-01
1.315844875346260379e-01
1.295678670360110862e-01
1.338531855955678862e-01
1.381385041551246584e-01
1.444404432132964100e-01
1.426759002770083273e-01
1.467091412742382306e-01
1.469612188365650995e-01
1.492299168975069201e-01
1.537673130193905890e-01
1.578005540166205201e-01
1.562880886426592786e-01
1.605734072022161063e-01
1.552797783933518305e-01
1.580526315789473890e-01
1.567922437673130442e-01
1.600692520775623684e-01
1.638504155124654027e-01
1.686398891966759128e-01
1.711606648199446301e-01
1.726731301939058161e-01
1.774626038781163817e-01
1.772105263157895128e-01
1.812437673130194160e-01
1.830083102493074987e-01
1.893102493074792225e-01
1.855290858725762160e-01
1.890581717451523536e-01
1.903185595567867261e-01
1.946038781163435261e-01
1.956121883656510019e-01
2.004016620498615397e-01
1.983850415512465604e-01
1.978808864265928225e-01
2.044349030470914430e-01
1.998975069252077741e-01
2.014099722991690156e-01
2.036786703601108639e-01
2.041828254847645741e-01
2.082160664819945051e-01
2.119972299168975394e-01
2.135096952908587531e-01
2.190554016620498978e-01
2.208199445983379805e-01
2.238448753462604079e-01
2.253573407202216494e-01
2.256094182825485184e-01
2.288864265927978148e-01
2.301468144044321318e-01
2.336759002770083249e-01
2.387174515235457040e-01
2.437590027700831385e-01
2.424986149584487383e-01
2.482963988919668075e-01
2.566149584487534829e-01
2.583795013850415656e-01
2.566149584487534829e-01
2.591357340720221725e-01
2.601440443213296483e-01
2.692188365650970416e-01
2.666980609418282966e-01
2.684626038781163793e-01
2.611523545706371796e-01
2.588836565096953590e-01
2.515734072022161039e-01
2.475401662049862006e-01
2.447673130193906144e-01
2.530858725761773176e-01
2.475401662049862006e-01
2.412382271468144213e-01
2.369529085872576490e-01
2.387174515235457595e-01
2.407340720221607111e-01
2.424986149584487938e-01
2.422465373961218971e-01
2.414903047091413180e-01
2.440110803324100075e-01
2.460277008310249591e-01
2.430027700831025317e-01
2.493047091412742555e-01
2.503130193905817591e-01
2.528337950138504486e-01
2.515734072022161039e-01
2.551024930747922692e-01
2.558587257617728761e-01
2.588836565096953035e-01
2.616565096952908620e-01
2.588836565096953590e-01
2.548504155124654003e-01
2.553545706371191937e-01
