-0.000000000000000000e+00
2.520775623268698752e-04
5.041551246537397503e-04
2.520775623268698752e-04
-0.000000000000000000e+00
5.041551246537397503e-04
-0.000000000000000000e+00
-1.512465373961218926e-03
-2.520775623268698752e-04
-1.008310249307479501e-03
-1.260387811634349322e-03
-1.008310249307479501e-03
-5.041551246537397503e-04
2.520775623268698752e-04
5.041551246537397503e-04
1.008310249307479501e-03
1.512465373961218926e-03
1.512465373961218926e-03
1.764542936288088964e-03
2.016620498614959001e-03
2.268698060941828389e-03
2.268698060941828389e-03
2.520775623268698643e-03
3.277008310249307672e-03
2.520775623268698643e-03
1.764542936288088964e-03
1.512465373961218926e-03
1.512465373961218926e-03
2.268698060941828389e-03
7.562326869806094629e-04
1.764542936288088964e-03
-5.041551246537397503e-04
2.520775623268698752e-04
-2.520775623268698752e-04
-2.520775623268698752e-04
-1.260387811634349322e-03
-7.562326869806094629e-04
-5.041551246537397503e-04
-0.000000000000000000e+00
-0.000000000000000000e+00
-2.520775623268698752e-04
2.520775623268698752e-04
-5.041551246537397503e-04
-5.041551246537397503e-04
-5.041551246537397503e-04
-1.512465373961218926e-03
-2.268698060941828389e-03
-1.764542936288088964e-03
-2.268698060941828389e-03
-3.781163434903047748e-03
-5.293628808864266240e-03
-7.058171745152355854e-03
-8.318559556786704959e-03
-8.822714681440444601e-03
-9.326869806094184243e-03
-1.008310249307479457e-02
-1.083933518005540317e-02
-1.109141274238227386e-02
-1.109141274238227386e-02
-1.134349030470914281e-02
-1.235180055401662209e-02
-1.285595567867036347e-02
-1.209972299168975141e-02
-1.209972299168975141e-02
-1.235180055401662209e-02
-1.209972299168975141e-02
-1.134349030470914281e-02
-1.109141274238227386e-02
-1.058725761772853248e-02
-8.822714681440444601e-03
-7.310249307479224808e-03
-7.058171745152355854e-03
-4.537396121883656777e-03
-4.033240997229918003e-03
-2.016620498614959001e-03
-1.008310249307479501e-03
1.008310249307479501e-03
2.016620498614959001e-03
3.277008310249307672e-03
3.781163434903047748e-03
6.049861495844875703e-03
5.797783933518005882e-03
7.814404432132965317e-03
7.562326869806095496e-03
8.570637119113573912e-03
8.318559556786704959e-03
8.822714681440444601e-03
8.318559556786704959e-03
7.814404432132965317e-03
8.822714681440444601e-03
9.326869806094184243e-03
9.326869806094184243e-03
9.578947368421053196e-03
1.033518005540166353e-02
1.159556786703601176e-02
1.209972299168975141e-02
1.260387811634349278e-02
1.436842105263158066e-02
1.235180055401662209e-02
1.336011080332410138e-02
1.285595567867036347e-02
1.361218836565097207e-02
1.361218836565097207e-02
1.512465373961219099e-02
1.562880886426593063e-02
1.688919667590027887e-02
1.638504155124653749e-02
1.865373961218836849e-02
1.789750692520775815e-02
1.915789473684210639e-02
1.991412742382272019e-02
2.167867036011080634e-02
2.293905817174515804e-02
2.394736842105263386e-02
2.520775623268698556e-02
2.823268698060942342e-02
2.898891966759003028e-02
2.999722991689751303e-02
3.050138504155125094e-02
3.075346260387812336e-02
3.100554016620499231e-02
3.302216066481995088e-02
3.327423822714681984e-02
3.428254847645429565e-02
3.377839335180055774e-02
3.478670360110804050e-02
3.554293628808864736e-02
3.554293628808864736e-02
3.705540166204986802e-02
3.755955678670360592e-02
3.907202216066482658e-02
4.008033240997230934e-02
4.134072022160665411e-02
4.159279778393352306e-02
4.310526315789474372e-02
4.360941828254848163e-02
4.638227146814404706e-02
4.512188365650970229e-02
4.638227146814404706e-02
4.562603878116344713e-02
4.613019390581718504e-02
4.663434903047091601e-02
4.764265927977839876e-02
4.713850415512466085e-02
4.865096952908588152e-02
5.016343490304710218e-02
4.940720221606648838e-02
4.940720221606648838e-02
5.066759002770084008e-02
5.117174515235457105e-02
5.066759002770084008e-02
5.142382271468145388e-02
5.066759002770084008e-02
5.167590027700832284e-02
5.167590027700832284e-02
5.192797783933518485e-02
5.218005540166205380e-02
5.218005540166205380e-02
5.142382271468145388e-02
5.167590027700832284e-02
5.117174515235457105e-02
5.142382271468145388e-02
5.117174515235457105e-02
5.117174515235457105e-02
5.117174515235457105e-02
5.293628808864266760e-02
5.117174515235457105e-02
5.192797783933518485e-02
5.142382271468145388e-02
5.142382271468145388e-02
5.167590027700832284e-02
5.192797783933518485e-02
5.117174515235457105e-02
5.066759002770084008e-02
4.890304709141275047e-02
4.839889196675900562e-02
4.638227146814404706e-02
4.613019390581718504e-02
4.688642659279778496e-02
4.562603878116344713e-02
4.310526315789474372e-02
4.209695290858726097e-02
4.159279778393352306e-02
4.184487534626039201e-02
4.033240997229917829e-02
4.008033240997230934e-02
3.957617728531856449e-02
4.058448753462604724e-02
3.957617728531856449e-02
3.932409972299169554e-02
3.881994459833795763e-02
3.957617728531856449e-02
3.907202216066482658e-02
3.932409972299169554e-02
3.856786703601108174e-02
3.907202216066482658e-02
3.781163434903047488e-02
3.831578947368421278e-02
3.629916897506925422e-02
3.579501385041551631e-02
3.503878116343490251e-02
