-0.000000000000000000e+00
-0.000000000000000000e+00
-0.000000000000000000e+00
-0.000000000000000000e+00
-2.520775623268698752e-04
-0.000000000000000000e+00
-5.041551246537397503e-04
-1.764542936288088964e-03
-1.260387811634349322e-03
-1.512465373961218926e-03
-1.764542936288088964e-03
-1.512465373961218926e-03
-1.512465373961218926e-03
-1.260387811634349322e-03
-1.260387811634349322e-03
-1.260387811634349322e-03
-1.008310249307479501e-03
-7.562326869806094629e-04
-1.260387811634349322e-03
-1.512465373961218926e-03
-2.520775623268698752e-04
-1.512465373961218926e-03
1.260387811634349322e-03
1.764542936288088964e-03
3.529085872576177927e-03
2.520775623268698643e-03
3.781163434903047748e-03
1.512465373961218926e-03
2.268698060941828389e-03
1.008310249307479501e-03
2.016620498614959001e-03
-7.562326869806094629e-04
-2.520775623268698752e-04
-2.016620498614959001e-03
-7.562326869806094629e-04
-2.268698060941828389e-03
-7.562326869806094629e-04
-1.512465373961218926e-03
-0.000000000000000000e+00
2.520775623268698752e-04
-0.000000000000000000e+00
5.041551246537397503e-04
1.008310249307479501e-03
3.277008310249307672e-03
3.529085872576177927e-03
3.277008310249307672e-03
2.268698060941828389e-03
3.024930747922437851e-03
2.268698060941828389e-03
1.260387811634349322e-03
-2.520775623268698752e-04
-1.764542936288088964e-03
-3.529085872576177927e-03
-3.781163434903047748e-03
-5.545706371191136928e-03
-5.797783933518005882e-03
-6.554016620498615345e-03
-6.554016620498615345e-03
-7.562326869806095496e-03
-7.058171745152355854e-03
-8.822714681440444601e-03
-8.822714681440444601e-03
-8.822714681440444601e-03
-9.074792243767313554e-03
-1.008310249307479457e-02
-1.008310249307479457e-02
-1.008310249307479457e-02
-9.578947368421053196e-03
-1.033518005540166353e-02
-9.326869806094184243e-03
-9.326869806094184243e-03
-9.831024930747923884e-03
-8.822714681440444601e-03
-8.066481994459836005e-03
-7.562326869806095496e-03
-6.301939058171746391e-03
-5.545706371191136928e-03
-4.537396121883656777e-03
-5.293628808864266240e-03
-4.789473684210526598e-03
-3.277008310249307672e-03
-3.529085872576177927e-03
-3.781163434903047748e-03
-4.789473684210526598e-03
-3.024930747922437851e-03
-3.277008310249307672e-03
-2.520775623268698643e-03
-3.024930747922437851e-03
-3.781163434903047748e-03
-3.024930747922437851e-03
-3.529085872576177927e-03
-4.033240997229918003e-03
-3.529085872576177927e-03
-4.033240997229918003e-03
-3.781163434903047748e-03
-3.529085872576177927e-03
-4.537396121883656777e-03
-4.033240997229918003e-03
-4.537396121883656777e-03
-3.277008310249307672e-03
-4.537396121883656777e-03
-4.285318559556786956e-03
-4.537396121883656777e-03
-4.537396121883656777e-03
-4.285318559556786956e-03
-3.781163434903047748e-03
-4.789473684210526598e-03
-4.033240997229918003e-03
-4.285318559556786956e-03
-4.033240997229918003e-03
-5.041551246537397286e-03
-4.033240997229918003e-03
-5.041551246537397286e-03
-4.537396121883656777e-03
-4.789473684210526598e-03
-3.024930747922437851e-03
-4.285318559556786956e-03
-3.529085872576177927e-03
-4.285318559556786956e-03
-4.537396121883656777e-03
-5.293628808864266240e-03
-4.789473684210526598e-03
-5.797783933518005882e-03
-5.545706371191136928e-03
-7.562326869806095496e-03
-7.814404432132965317e-03
-8.822714681440444601e-03
-9.074792243767313554e-03
-9.074792243767313554e-03
-8.822714681440444601e-03
-8.318559556786704959e-03
-8.318559556786704959e-03
-7.310249307479224808e-03
-7.058171745152355854e-03
-6.806094182825486033e-03
-6.301939058171746391e-03
-5.041551246537397286e-03
-5.545706371191136928e-03
-4.285318559556786956e-03
-4.285318559556786956e-03
-4.537396121883656777e-03
-3.781163434903047748e-03
-3.024930747922437851e-03
-3.781163434903047748e-03
-3.529085872576177927e-03
-1.764542936288088964e-03
-2.772853185595568464e-03
-1.764542936288088964e-03
-2.016620498614959001e-03
-1.764542936288088964e-03
-1.764542936288088964e-03
-1.008310249307479501e-03
-5.041551246537397503e-04
1.260387811634349322e-03
1.260387811634349322e-03
2.268698060941828389e-03
1.764542936288088964e-03
1.764542936288088964e-03
1.512465373961218926e-03
2.268698060941828389e-03
2.772853185595568464e-03
3.781163434903047748e-03
3.529085872576177927e-03
2.520775623268698643e-03
4.033240997229918003e-03
5.545706371191136928e-03
5.293628808864266240e-03
7.058171745152355854e-03
7.814404432132965317e-03
8.570637119113573912e-03
8.822714681440444601e-03
8.066481994459836005e-03
7.814404432132965317e-03
5.545706371191136928e-03
4.033240997229918003e-03
4.285318559556786956e-03
3.024930747922437851e-03
3.529085872576177927e-03
6.049861495844875703e-03
5.545706371191136928e-03
5.545706371191136928e-03
5.797783933518005882e-03
8.066481994459836005e-03
8.570637119113573912e-03
9.326869806094184243e-03
1.008310249307479457e-02
1.033518005540166353e-02
1.134349030470914281e-02
1.058725761772853248e-02
1.033518005540166353e-02
1.159556786703601176e-02
1.260387811634349278e-02
1.235180055401662209e-02
1.285595567867036347e-02
1.260387811634349278e-02
1.462049861495844962e-02
1.537673130193906168e-02
1.613296398891967201e-02
1.588088642659279959e-02
1.714127423822714782e-02
1.663711911357340992e-02
