-0.000000000000000000e+00
5.041551246537397503e-04
5.041551246537397503e-04
-0.000000000000000000e+00
2.520775623268698752e-04
7.562326869806094629e-04
7.562326869806094629e-04
-0.000000000000000000e+00
7.562326869806094629e-04
7.562326869806094629e-04
1.512465373961218926e-03
2.016620498614959001e-03
2.268698060941828389e-03
2.520775623268698643e-03
2.520775623268698643e-03
3.277008310249307672e-03
3.529085872576177927e-03
3.277008310249307672e-03
4.033240997229918003e-03
3.529085872576177927e-03
4.537396121883656777e-03
4.033240997229918003e-03
4.789473684210526598e-03
4.789473684210526598e-03
4.537396121883656777e-03
4.537396121883656777e-03
3.024930747922437851e-03
2.016620498614959001e-03
2.016620498614959001e-03
5.041551246537397503e-04
1.260387811634349322e-03
-1.260387811634349322e-03
-7.562326869806094629e-04
2.520775623268698752e-04
1.260387811634349322e-03
7.562326869806094629e-04
2.016620498614959001e-03
1.260387811634349322e-03
3.277008310249307672e-03
3.277008310249307672e-03
4.537396121883656777e-03
6.049861495844875703e-03
7.814404432132965317e-03
9.326869806094184243e-03
1.109141274238227386e-02
1.184764542936288245e-02
1.235180055401662209e-02
1.361218836565097207e-02
1.336011080332410138e-02
1.310803324099723069e-02
1.260387811634349278e-02
1.109141274238227386e-02
1.008310249307479457e-02
1.058725761772853248e-02
1.008310249307479457e-02
1.008310249307479457e-02
9.831024930747923884e-03
1.058725761772853248e-02
1.083933518005540317e-02
1.134349030470914281e-02
1.058725761772853248e-02
1.134349030470914281e-02
1.159556786703601176e-02
1.184764542936288245e-02
1.109141274238227386e-02
1.159556786703601176e-02
1.134349030470914281e-02
1.285595567867036347e-02
1.310803324099723069e-02
1.436842105263158066e-02
1.462049861495844962e-02
1.487257617728532030e-02
1.613296398891967201e-02
1.638504155124653749e-02
1.789750692520775815e-02
1.814958448753462711e-02
1.865373961218836849e-02
1.890581717451523744e-02
1.915789473684210639e-02
2.016620498614958915e-02
2.193074792243767529e-02
2.268698060941828562e-02
2.293905817174515804e-02
2.268698060941828562e-02
2.445152354570637523e-02
2.545983379501385452e-02
2.545983379501385452e-02
2.596398891966759243e-02
2.596398891966759243e-02
2.697229916897507171e-02
2.621606648199446138e-02
2.646814404432133380e-02
2.596398891966759243e-02
2.722437673130194413e-02
2.823268698060942342e-02
3.024930747922438198e-02
3.176177285318559917e-02
3.352631578947368879e-02
3.226592797783934402e-02
3.377839335180055774e-02
3.403047091412742670e-02
3.529085872576177840e-02
3.579501385041551631e-02
3.655124653739613011e-02
3.655124653739613011e-02
3.730747922437673697e-02
3.629916897506925422e-02
3.831578947368421278e-02
3.781163434903047488e-02
4.008033240997230934e-02
3.831578947368421278e-02
4.108864265927977821e-02
4.209695290858726097e-02
4.436565096952909543e-02
4.461772853185596438e-02
4.764265927977839876e-02
4.764265927977839876e-02
4.940720221606648838e-02
4.965927977839335733e-02
5.066759002770084008e-02
5.167590027700832284e-02
5.369252077562327446e-02
5.344044321329640551e-02
5.495290858725762617e-02
5.369252077562327446e-02
5.495290858725762617e-02
5.419667590027701237e-02
5.495290858725762617e-02
5.621329639889197788e-02
5.646537396121884683e-02
5.797783933518006055e-02
5.797783933518006055e-02
5.898614958448754331e-02
5.848199445983379846e-02
6.075069252077563292e-02
6.075069252077563292e-02
6.251523545706372254e-02
6.175900277008311567e-02
6.377562326869806730e-02
6.453185595567868804e-02
6.453185595567868804e-02
6.579224376731303281e-02
6.730470914127424653e-02
6.780886426592798444e-02
6.806094182825485339e-02
6.957340720221608099e-02
6.957340720221608099e-02
7.007756232686980502e-02
7.007756232686980502e-02
6.957340720221608099e-02
7.032963988919668785e-02
7.133795013850416367e-02
7.209418282548477053e-02
7.335457063711912917e-02
7.385872576177286708e-02
7.511911357340721185e-02
7.511911357340721185e-02
7.562326869806094976e-02
7.562326869806094976e-02
7.612742382271470154e-02
7.713573407202216348e-02
7.789196675900278422e-02
7.789196675900278422e-02
7.763988919667591526e-02
7.763988919667591526e-02
7.915235457063712898e-02
7.864819944598339108e-02
7.864819944598339108e-02
8.016066481994461868e-02
8.116897506925209449e-02
8.394182825484766686e-02
8.419390581717452193e-02
8.520221606648199775e-02
8.545429362880888058e-02
8.570637119113574953e-02
8.545429362880888058e-02
8.469806094182825984e-02
8.520221606648199775e-02
8.772299168975070116e-02
8.671468144044322535e-02
8.545429362880888058e-02
8.595844875346261849e-02
8.570637119113574953e-02
8.646260387811634252e-02
8.696675900277010818e-02
8.772299168975070116e-02
8.671468144044322535e-02
8.696675900277010818e-02
8.696675900277010818e-02
8.772299168975070116e-02
8.797506925207757011e-02
8.898337950138504593e-02
9.024376731301940457e-02
9.074792243767314248e-02
9.276454293628809411e-02
9.301662049861497694e-02
9.326869806094183202e-02
9.402493074792245276e-02
9.352077562326871485e-02
9.377285318559556992e-02
9.402493074792245276e-02
