-0.000000000000000000e+00
-0.000000000000000000e+00
-0.000000000000000000e+00
2.520775623268698752e-04
-0.000000000000000000e+00
7.562326869806094629e-04
5.041551246537397503e-04
-5.041551246537397503e-04
5.041551246537397503e-04
-5.041551246537397503e-04
-5.041551246537397503e-04
-0.000000000000000000e+00
7.562326869806094629e-04
1.008310249307479501e-03
1.260387811634349322e-03
1.512465373961218926e-03
1.512465373961218926e-03
1.512465373961218926e-03
1.008310249307479501e-03
7.562326869806094629e-04
1.764542936288088964e-03
1.260387811634349322e-03
2.772853185595568464e-03
2.520775623268698643e-03
2.268698060941828389e-03
2.016620498614959001e-03
2.016620498614959001e-03
2.016620498614959001e-03
1.764542936288088964e-03
1.008310249307479501e-03
2.520775623268698643e-03
1.260387811634349322e-03
2.016620498614959001e-03
1.008310249307479501e-03
1.008310249307479501e-03
-2.520775623268698752e-04
5.041551246537397503e-04
1.008310249307479501e-03
2.268698060941828389e-03
2.772853185595568464e-03
4.033240997229918003e-03
4.537396121883656777e-03
5.545706371191136928e-03
6.049861495844875703e-03
7.310249307479224808e-03
6.301939058171746391e-03
6.301939058171746391e-03
6.049861495844875703e-03
6.554016620498615345e-03
4.537396121883656777e-03
4.033240997229918003e-03
1.512465373961218926e-03
7.562326869806094629e-04
-2.520775623268698752e-04
-2.520775623268698752e-04
-1.512465373961218926e-03
-5.041551246537397503e-04
2.520775623268698752e-04
1.008310249307479501e-03
2.016620498614959001e-03
1.512465373961218926e-03
2.016620498614959001e-03
3.277008310249307672e-03
3.781163434903047748e-03
3.529085872576177927e-03
4.537396121883656777e-03
4.789473684210526598e-03
5.545706371191136928e-03
6.049861495844875703e-03
5.797783933518005882e-03
6.806094182825486033e-03
6.301939058171746391e-03
8.066481994459836005e-03
7.058171745152355854e-03
9.074792243767313554e-03
8.318559556786704959e-03
9.074792243767313554e-03
8.318559556786704959e-03
8.570637119113573912e-03
8.318559556786704959e-03
1.033518005540166353e-02
9.831024930747923884e-03
1.134349030470914281e-02
9.326869806094184243e-03
1.008310249307479457e-02
9.326869806094184243e-03
9.831024930747923884e-03
8.570637119113573912e-03
9.326869806094184243e-03
9.074792243767313554e-03
9.831024930747923884e-03
9.326869806094184243e-03
1.033518005540166353e-02
9.326869806094184243e-03
1.159556786703601176e-02
1.134349030470914281e-02
1.184764542936288245e-02
1.134349030470914281e-02
1.134349030470914281e-02
1.083933518005540317e-02
1.109141274238227386e-02
1.083933518005540317e-02
1.184764542936288245e-02
1.083933518005540317e-02
1.235180055401662209e-02
1.159556786703601176e-02
1.235180055401662209e-02
1.209972299168975141e-02
1.209972299168975141e-02
1.209972299168975141e-02
1.285595567867036347e-02
1.235180055401662209e-02
1.285595567867036347e-02
1.285595567867036347e-02
1.436842105263158066e-02
1.487257617728532030e-02
1.512465373961219099e-02
1.487257617728532030e-02
1.512465373961219099e-02
1.361218836565097207e-02
1.562880886426593063e-02
1.562880886426593063e-02
1.613296398891967201e-02
1.512465373961219099e-02
1.487257617728532030e-02
1.386426592797784102e-02
1.386426592797784102e-02
1.285595567867036347e-02
1.487257617728532030e-02
1.487257617728532030e-02
1.588088642659279959e-02
1.462049861495844962e-02
1.638504155124653749e-02
1.436842105263158066e-02
1.562880886426593063e-02
1.462049861495844962e-02
1.638504155124653749e-02
1.562880886426593063e-02
1.814958448753462711e-02
1.714127423822714782e-02
1.814958448753462711e-02
1.890581717451523744e-02
1.915789473684210639e-02
1.789750692520775815e-02
1.890581717451523744e-02
1.966204986149584777e-02
1.966204986149584777e-02
1.966204986149584777e-02
1.966204986149584777e-02
1.991412742382272019e-02
2.016620498614958915e-02
2.041828254847645463e-02
2.193074792243767529e-02
2.268698060941828562e-02
2.419944598337950281e-02
2.495567867036011661e-02
2.545983379501385452e-02
2.697229916897507171e-02
2.722437673130194413e-02
2.823268698060942342e-02
2.898891966759003028e-02
2.999722991689751303e-02
3.075346260387812336e-02
3.100554016620499231e-02
3.201385041551246813e-02
3.403047091412742670e-02
3.503878116343490251e-02
3.478670360110804050e-02
3.453462603878117154e-02
3.478670360110804050e-02
3.529085872576177840e-02
3.453462603878117154e-02
3.453462603878117154e-02
3.377839335180055774e-02
3.352631578947368879e-02
3.251800554016621297e-02
3.150969529085873022e-02
3.050138504155125094e-02
3.251800554016621297e-02
3.176177285318559917e-02
2.974515235457064061e-02
2.898891966759003028e-02
2.898891966759003028e-02
3.024930747922438198e-02
2.999722991689751303e-02
2.999722991689751303e-02
2.898891966759003028e-02
2.999722991689751303e-02
2.924099722991689923e-02
2.898891966759003028e-02
2.873684210526316132e-02
2.949307479224377165e-02
2.924099722991689923e-02
2.924099722991689923e-02
2.999722991689751303e-02
2.999722991689751303e-02
2.974515235457064061e-02
3.075346260387812336e-02
2.974515235457064061e-02
3.024930747922438198e-02
2.949307479224377165e-02
