-0.000000000000000000e+00
1.008310249307479501e-03
2.268698060941828389e-03
3.781163434903047748e-03
3.277008310249307672e-03
8.822714681440442866e-03
1.058725761772853248e-02
9.326869806094182508e-03
1.991412742382272019e-02
2.218282548476454771e-02
2.445152354570637523e-02
2.873684210526316479e-02
3.277008310249307499e-02
3.579501385041551631e-02
4.159279778393353000e-02
4.663434903047092295e-02
5.293628808864266067e-02
5.873407202216067435e-02
6.352354570637119835e-02
6.680055401662050862e-02
7.385872576177286708e-02
7.814404432132965317e-02
8.595844875346261849e-02
8.973961218836566667e-02
9.528531855955681140e-02
9.730193905817174915e-02
9.805817174515235601e-02
9.906648199445985958e-02
1.033518005540166318e-01
9.881440443213296287e-02
1.061246537396122042e-01
1.000747922437673215e-01
1.068808864265928110e-01
1.083933518005540247e-01
1.157036011080332660e-01
1.174681440443213487e-01
1.265429362880886588e-01
1.280554016620499003e-01
1.373822714681440516e-01
1.426759002770083273e-01
1.507423822714681894e-01
1.572963988919667822e-01
1.630941828254847958e-01
1.716648199445983680e-01
1.807396121883657059e-01
1.814958448753462850e-01
1.855290858725761882e-01
1.933434903047091813e-01
1.976288088642659813e-01
1.963684210526316087e-01
1.978808864265928225e-01
1.946038781163435261e-01
1.900664819944598849e-01
1.900664819944598571e-01
1.918310249307479676e-01
1.923351800554017055e-01
1.938476454293628914e-01
1.973767313019390568e-01
2.011578947368420911e-01
2.067036011080332358e-01
2.077119113573407394e-01
2.114930747922437737e-01
2.182991689750692910e-01
2.213240997229917184e-01
2.230886426592798011e-01
2.271218836565097599e-01
2.331717451523546147e-01
2.402299168975069454e-01
2.427506925207756350e-01
2.513213296398891794e-01
2.566149584487534829e-01
2.619085872576177310e-01
2.697229916897507240e-01
2.750166204986149721e-01
2.856038781163434681e-01
2.936703601108033301e-01
2.992160664819945026e-01
3.067783933518006267e-01
3.103074792243767921e-01
3.193822714681441299e-01
3.282049861495845433e-01
3.329944598337951089e-01
3.405567867036011775e-01
3.408088642659280465e-01
3.496315789473684599e-01
3.539168975069252876e-01
3.531606648199446252e-01
3.549252077562327634e-01
3.526565096952908873e-01
3.592105263157895356e-01
3.602188365650969559e-01
3.667728531855956042e-01
3.687894736842106114e-01
3.738310249307479349e-01
3.776121883656510247e-01
3.859307479224377002e-01
3.871911357340721005e-01
3.967700831024931207e-01
3.919806094182825551e-01
4.018116343490305553e-01
3.982825484764543900e-01
4.091218836565097550e-01
4.121468144044321824e-01
4.199612188365651755e-01
4.229861495844876029e-01
4.313047091412742784e-01
4.313047091412742784e-01
4.416398891966759610e-01
4.381108033240997401e-01
4.456731301939058643e-01
4.474376731301939469e-01
4.557562326869806779e-01
4.537396121883657263e-01
4.592853185595568433e-01
4.638227146814404844e-01
4.759224376731302497e-01
4.756703601108033808e-01
4.834847645429363738e-01
4.829806094182825804e-01
4.872659279778393526e-01
4.905429362880886490e-01
4.988614958448753800e-01
5.011301939058172561e-01
5.079362880886426623e-01
5.031468144044322077e-01
5.069279778393352975e-01
5.046592797783934214e-01
5.102049861495845384e-01
5.147423822714681796e-01
5.212963988919667724e-01
5.258337950138505246e-01
5.306232686980610902e-01
5.399501385041552970e-01
5.419667590027701376e-01
5.485207756232687304e-01
5.535623268698062205e-01
5.649058171745153789e-01
5.656620498614959303e-01
5.739806094182826612e-01
5.770055401662050887e-01
5.848199445983379707e-01
5.893573407202217229e-01
5.964155124653740536e-01
5.981800554016621918e-01
6.004487534626039569e-01
6.092714681440444258e-01
6.107839335180056395e-01
6.180941828254848947e-01
6.236398891966760116e-01
6.281772853185597638e-01
6.324626038781164805e-01
6.400249307479226601e-01
6.445623268698063013e-01
6.523767313019391834e-01
6.604432132963989899e-01
6.682576177285319829e-01
6.720387811634349617e-01
6.780886426592799276e-01
6.831301939058173067e-01
6.894321329639888640e-01
6.952299168975069055e-01
7.045567867036011123e-01
7.093462603878117889e-01
7.121191135734072919e-01
7.189252077562326981e-01
7.302686980609418566e-01
7.295124653739614162e-01
7.307728531855955945e-01
7.332936288088642840e-01
7.332936288088642840e-01
7.360664819944597870e-01
7.358144044321329735e-01
7.358144044321330846e-01
7.312770083102494434e-01
7.277479224376731670e-01
7.234626038781164503e-01
7.181689750692521468e-01
7.196814404432133605e-01
7.264875346260388778e-01
7.229584487534627124e-01
7.156481994459834572e-01
7.156481994459834572e-01
7.186731301939058847e-01
7.247229916897507396e-01
7.274958448753463536e-01
7.310249307479226299e-01
7.305207756232687810e-01
7.355623268698061601e-01
7.343019390581718708e-01
7.365706371191136359e-01
7.408559556786703526e-01
7.443850415512466290e-01
7.506869806094182973e-01
7.521994459833795110e-01
7.582493074792244769e-01
7.622825484764543802e-01
7.653074792243768076e-01
7.726177285318560628e-01
7.751385041551247523e-01
7.771551246537395929e-01
7.791717451523546556e-01
