-0.000000000000000000e+00
-0.000000000000000000e+00
2.520775623268698752e-04
1.008310249307479501e-03
1.008310249307479501e-03
2.016620498614959001e-03
2.520775623268698643e-03
2.268698060941828389e-03
5.545706371191136928e-03
7.058171745152355854e-03
8.822714681440444601e-03
1.184764542936288245e-02
1.361218836565097207e-02
1.462049861495844962e-02
1.638504155124653749e-02
1.764542936288088920e-02
1.865373961218836849e-02
2.016620498614958915e-02
2.142659279778393738e-02
2.218282548476454771e-02
2.344321329639889248e-02
2.445152354570637523e-02
2.571191135734072694e-02
2.596398891966759243e-02
2.672022160664820276e-02
2.722437673130194413e-02
2.722437673130194413e-02
2.672022160664820276e-02
2.697229916897507171e-02
2.596398891966759243e-02
2.672022160664820276e-02
2.520775623268698556e-02
2.672022160664820276e-02
2.646814404432133380e-02
2.747645429362881309e-02
2.722437673130194413e-02
2.873684210526316132e-02
2.898891966759003028e-02
3.100554016620499231e-02
3.201385041551246813e-02
3.377839335180055774e-02
3.503878116343490251e-02
3.655124653739613011e-02
3.806371191135735077e-02
4.159279778393352306e-02
4.159279778393352306e-02
4.335734072022161267e-02
4.537396121883657124e-02
4.713850415512466085e-02
4.789473684210526772e-02
4.890304709141275047e-02
5.167590027700832284e-02
5.344044321329640551e-02
5.419667590027701237e-02
5.671745152354570885e-02
5.797783933518006055e-02
5.999445983379502606e-02
6.251523545706372254e-02
6.503601108033242595e-02
6.780886426592798444e-02
6.806094182825485339e-02
6.982548476454294994e-02
7.133795013850416367e-02
7.159002770083103262e-02
7.335457063711912917e-02
7.663157894736842557e-02
7.890027700831026003e-02
8.142105263157896344e-02
8.444598337950140476e-02
8.646260387811634252e-02
8.999168975069253562e-02
9.251246537396123903e-02
9.528531855955679752e-02
9.553739612188368036e-02
9.881440443213297675e-02
1.010831024930747973e-01
1.025955678670360249e-01
1.041080332409972525e-01
1.063767313019390731e-01
1.083933518005540247e-01
1.111662049861495971e-01
1.111662049861495971e-01
1.149473684210526453e-01
1.134349030470914177e-01
1.182243767313019556e-01
1.174681440443213487e-01
1.209972299168975279e-01
1.220055401662050037e-01
1.257867036011080519e-01
1.267950138504155277e-01
1.300720221606648519e-01
1.315844875346260656e-01
1.343573407202216241e-01
1.346094182825484931e-01
1.404072022160665068e-01
1.424238227146814584e-01
1.444404432132964100e-01
1.474653739612188652e-01
1.482216066481994721e-01
1.502382271468144237e-01
1.527590027700831132e-01
1.545235457063712237e-01
1.572963988919667822e-01
1.593130193905817615e-01
1.608254847645429475e-01
1.638504155124654027e-01
1.658670360110803543e-01
1.686398891966759406e-01
1.691440443213296785e-01
1.719168975069252370e-01
1.734293628808864507e-01
1.759501385041551402e-01
1.772105263157895128e-01
1.789750692520775677e-01
1.812437673130194438e-01
1.850249307479224781e-01
1.862853185595567951e-01
1.888060941828254846e-01
1.915789473684210709e-01
1.933434903047091813e-01
1.956121883656510019e-01
1.983850415512465881e-01
2.006537396121884087e-01
2.031745152354570982e-01
2.044349030470914430e-01
2.061994459833795257e-01
2.082160664819945051e-01
2.099806094182825877e-01
2.127534626038781462e-01
2.145180055401662289e-01
2.162825484764543393e-01
2.185512465373961599e-01
2.220803324099723253e-01
2.246011080332410148e-01
2.258614958448753873e-01
2.278781163434903112e-01
2.311551246537396631e-01
2.326675900277008491e-01
2.349362880886426974e-01
2.372049861495845180e-01
2.392216066481994696e-01
2.412382271468144213e-01
2.430027700831025317e-01
2.435069252077562696e-01
2.445152354570637454e-01
2.480443213296399385e-01
2.480443213296399385e-01
2.503130193905817591e-01
2.525817174515235797e-01
2.553545706371191382e-01
2.566149584487534829e-01
2.591357340720222280e-01
2.601440443213297038e-01
2.621606648199445999e-01
2.634210526315790002e-01
2.656897506925208208e-01
2.656897506925208208e-01
2.677063711911357724e-01
2.682105263157895103e-01
2.707313019390581998e-01
2.709833795013850688e-01
2.737562326869806273e-01
2.745124653739612341e-01
2.760249307479225034e-01
2.762770083102493723e-01
2.790498614958449308e-01
2.777894736842105861e-01
2.800581717451524066e-01
2.805623268698061445e-01
2.823268698060942272e-01
2.830831024930748341e-01
2.835872576177285720e-01
2.840914127423823099e-01
2.840914127423823099e-01
2.830831024930748341e-01
2.828310249307479651e-01
2.815706371191136204e-01
2.833351800554017030e-01
2.848476454293629168e-01
2.850997229916897857e-01
2.843434903047091789e-01
2.848476454293629168e-01
2.858559556786703926e-01
2.863601108033241305e-01
2.868642659279778684e-01
2.873684210526316063e-01
2.883767313019390821e-01
2.901412742382271648e-01
2.901412742382271648e-01
2.903933518005540337e-01
2.921578947368421719e-01
2.931662049861496477e-01
2.944265927977839925e-01
2.959390581717452062e-01
2.964432132963989441e-01
2.984598337950138958e-01
2.999722991689751095e-01
3.014847645429363232e-01
3.012326869806094543e-01
3.032493074792244059e-01
3.032493074792244059e-01
