-0.000000000000000000e+00
-0.000000000000000000e+00
-0.000000000000000000e+00
2.520775623268698752e-04
2.520775623268698752e-04
1.008310249307479501e-03
5.041551246537397503e-04
-0.000000000000000000e+00
1.260387811634349322e-03
1.260387811634349322e-03
1.260387811634349322e-03
1.008310249307479501e-03
2.016620498614959001e-03
2.520775623268698643e-03
3.529085872576177927e-03
4.033240997229918003e-03
4.285318559556786956e-03
4.285318559556786956e-03
3.781163434903047748e-03
4.033240997229918003e-03
4.537396121883656777e-03
4.285318559556786956e-03
4.285318559556786956e-03
4.789473684210526598e-03
5.545706371191136928e-03
4.789473684210526598e-03
5.041551246537397286e-03
4.789473684210526598e-03
5.041551246537397286e-03
3.024930747922437851e-03
4.033240997229918003e-03
1.512465373961218926e-03
2.016620498614959001e-03
2.520775623268698752e-04
1.260387811634349322e-03
2.520775623268698752e-04
1.008310249307479501e-03
-0.000000000000000000e+00
1.512465373961218926e-03
1.764542936288088964e-03
3.277008310249307672e-03
2.520775623268698643e-03
4.033240997229918003e-03
4.789473684210526598e-03
6.554016620498615345e-03
5.797783933518005882e-03
5.797783933518005882e-03
6.806094182825486033e-03
7.058171745152355854e-03
6.049861495844875703e-03
5.797783933518005882e-03
5.041551246537397286e-03
2.772853185595568464e-03
1.764542936288088964e-03
1.764542936288088964e-03
1.008310249307479501e-03
7.562326869806094629e-04
5.041551246537397503e-04
7.562326869806094629e-04
1.260387811634349322e-03
5.041551246537397503e-04
1.260387811634349322e-03
2.268698060941828389e-03
2.520775623268698643e-03
1.764542936288088964e-03
2.016620498614959001e-03
2.520775623268698643e-03
4.537396121883656777e-03
3.529085872576177927e-03
6.301939058171746391e-03
6.554016620498615345e-03
7.310249307479224808e-03
8.570637119113573912e-03
9.578947368421053196e-03
1.008310249307479457e-02
1.159556786703601176e-02
1.209972299168975141e-02
1.361218836565097207e-02
1.411634349030471171e-02
1.462049861495844962e-02
1.588088642659279959e-02
1.638504155124653749e-02
1.663711911357340992e-02
1.663711911357340992e-02
1.739335180055402025e-02
1.739335180055402025e-02
1.714127423822714782e-02
1.739335180055402025e-02
1.638504155124653749e-02
1.789750692520775815e-02
1.789750692520775815e-02
1.915789473684210639e-02
1.915789473684210639e-02
1.991412742382272019e-02
1.915789473684210639e-02
2.067036011080332705e-02
2.067036011080332705e-02
2.268698060941828562e-02
2.142659279778393738e-02
2.394736842105263386e-02
2.218282548476454771e-02
2.470360110803324419e-02
2.470360110803324419e-02
2.621606648199446138e-02
2.571191135734072694e-02
2.747645429362881309e-02
2.672022160664820276e-02
2.949307479224377165e-02
2.873684210526316132e-02
2.924099722991689923e-02
3.024930747922438198e-02
3.226592797783934402e-02
3.125761772853186127e-02
3.176177285318559917e-02
3.201385041551246813e-02
3.428254847645429565e-02
3.377839335180055774e-02
3.529085872576177840e-02
3.403047091412742670e-02
3.478670360110804050e-02
3.428254847645429565e-02
3.604709141274238526e-02
3.503878116343490251e-02
3.554293628808864736e-02
3.403047091412742670e-02
3.478670360110804050e-02
3.327423822714681984e-02
3.403047091412742670e-02
3.478670360110804050e-02
3.579501385041551631e-02
3.655124653739613011e-02
3.629916897506925422e-02
3.755955678670360592e-02
3.730747922437673697e-02
3.881994459833795763e-02
3.907202216066482658e-02
4.058448753462604724e-02
3.982825484764544038e-02
4.083656509695290926e-02
4.083656509695290926e-02
4.159279778393352306e-02
4.234903047091412992e-02
4.335734072022161267e-02
4.285318559556787477e-02
4.260110803324099887e-02
4.411357340720222647e-02
4.386149584487535058e-02
4.486980609418283333e-02
4.587811634349031609e-02
4.638227146814404706e-02
4.688642659279778496e-02
4.713850415512466085e-02
4.814681440443213667e-02
4.890304709141275047e-02
5.117174515235457105e-02
5.318836565096953656e-02
5.293628808864266760e-02
5.495290858725762617e-02
5.621329639889197788e-02
5.898614958448754331e-02
6.024653739612189501e-02
6.301939058171746044e-02
6.402770083102493626e-02
6.478393351800555700e-02
6.579224376731303281e-02
6.755678670360111548e-02
6.806094182825485339e-02
6.780886426592798444e-02
6.806094182825485339e-02
6.755678670360111548e-02
6.780886426592798444e-02
6.780886426592798444e-02
6.806094182825485339e-02
6.604432132963990176e-02
6.503601108033242595e-02
6.352354570637119835e-02
6.276731301939059149e-02
6.301939058171746044e-02
6.453185595567868804e-02
6.352354570637119835e-02
6.276731301939059149e-02
6.352354570637119835e-02
6.377562326869806730e-02
6.503601108033242595e-02
6.554016620498614998e-02
6.604432132963990176e-02
6.654847645429363967e-02
6.680055401662050862e-02
6.554016620498614998e-02
6.604432132963990176e-02
6.629639889196677072e-02
6.705263157894737758e-02
6.831301939058172235e-02
6.780886426592798444e-02
6.881717451523547413e-02
7.083379501385042576e-02
7.133795013850416367e-02
7.486703601108034289e-02
7.688365650969529452e-02
7.915235457063712898e-02
8.091689750692521166e-02
