-0.000000000000000000e+00
-0.000000000000000000e+00
-0.000000000000000000e+00
-7.562326869806094629e-04
-1.512465373961218926e-03
-1.260387811634349322e-03
-2.016620498614959001e-03
-3.024930747922437851e-03
-2.268698060941828389e-03
-2.268698060941828389e-03
-2.772853185595568464e-03
-1.764542936288088964e-03
-1.764542936288088964e-03
-1.512465373961218926e-03
-1.260387811634349322e-03
-1.512465373961218926e-03
-1.008310249307479501e-03
-1.008310249307479501e-03
-1.008310249307479501e-03
-1.260387811634349322e-03
-7.562326869806094629e-04
-5.041551246537397503e-04
7.562326869806094629e-04
5.041551246537397503e-04
2.520775623268698752e-04
-5.041551246537397503e-04
-1.764542936288088964e-03
-2.772853185595568464e-03
-3.277008310249307672e-03
-5.041551246537397286e-03
-4.285318559556786956e-03
-6.049861495844875703e-03
-6.301939058171746391e-03
-6.049861495844875703e-03
-6.049861495844875703e-03
-6.049861495844875703e-03
-5.041551246537397286e-03
-4.537396121883656777e-03
-4.285318559556786956e-03
-4.033240997229918003e-03
-2.772853185595568464e-03
-1.764542936288088964e-03
-1.512465373961218926e-03
-7.562326869806094629e-04
-0.000000000000000000e+00
-7.562326869806094629e-04
-2.520775623268698752e-04
5.041551246537397503e-04
2.520775623268698752e-04
2.520775623268698752e-04
-1.008310249307479501e-03
-2.016620498614959001e-03
-3.024930747922437851e-03
-3.529085872576177927e-03
-4.285318559556786956e-03
-5.545706371191136928e-03
-5.545706371191136928e-03
-6.049861495844875703e-03
-6.806094182825486033e-03
-6.806094182825486033e-03
-8.318559556786704959e-03
-6.554016620498615345e-03
-6.049861495844875703e-03
-5.293628808864266240e-03
-5.041551246537397286e-03
-4.285318559556786956e-03
-4.285318559556786956e-03
-3.529085872576177927e-03
-3.781163434903047748e-03
-2.772853185595568464e-03
-2.016620498614959001e-03
-1.512465373961218926e-03
-5.041551246537397503e-04
2.520775623268698752e-04
5.041551246537397503e-04
1.008310249307479501e-03
1.008310249307479501e-03
1.512465373961218926e-03
7.562326869806094629e-04
1.764542936288088964e-03
3.277008310249307672e-03
4.033240997229918003e-03
4.537396121883656777e-03
3.781163434903047748e-03
4.285318559556786956e-03
4.537396121883656777e-03
5.545706371191136928e-03
5.797783933518005882e-03
5.545706371191136928e-03
7.562326869806095496e-03
6.554016620498615345e-03
7.814404432132965317e-03
7.562326869806095496e-03
8.066481994459836005e-03
8.822714681440444601e-03
1.083933518005540317e-02
1.033518005540166353e-02
1.109141274238227386e-02
9.831024930747923884e-03
1.184764542936288245e-02
1.058725761772853248e-02
1.184764542936288245e-02
1.260387811634349278e-02
1.336011080332410138e-02
1.436842105263158066e-02
1.537673130193906168e-02
1.462049861495844962e-02
1.512465373961219099e-02
1.562880886426593063e-02
1.613296398891967201e-02
1.537673130193906168e-02
1.663711911357340992e-02
1.688919667590027887e-02
1.688919667590027887e-02
1.789750692520775815e-02
1.966204986149584777e-02
1.915789473684210639e-02
2.117451523545706496e-02
1.991412742382272019e-02
2.167867036011080634e-02
2.041828254847645463e-02
2.218282548476454771e-02
2.016620498614958915e-02
2.268698060941828562e-02
2.117451523545706496e-02
2.243490304709141667e-02
2.142659279778393738e-02
2.243490304709141667e-02
2.243490304709141667e-02
2.369529085872576490e-02
2.344321329639889248e-02
2.394736842105263386e-02
2.394736842105263386e-02
2.369529085872576490e-02
2.445152354570637523e-02
2.344321329639889248e-02
2.369529085872576490e-02
2.293905817174515804e-02
2.344321329639889248e-02
2.369529085872576490e-02
2.344321329639889248e-02
2.344321329639889248e-02
2.394736842105263386e-02
2.319113573407202353e-02
2.193074792243767529e-02
2.344321329639889248e-02
2.193074792243767529e-02
2.243490304709141667e-02
2.193074792243767529e-02
2.243490304709141667e-02
2.193074792243767529e-02
2.193074792243767529e-02
2.142659279778393738e-02
2.243490304709141667e-02
2.218282548476454771e-02
2.268698060941828562e-02
2.167867036011080634e-02
2.167867036011080634e-02
2.067036011080332705e-02
2.117451523545706496e-02
2.067036011080332705e-02
2.142659279778393738e-02
2.092243767313019601e-02
2.041828254847645463e-02
2.016620498614958915e-02
2.142659279778393738e-02
1.966204986149584777e-02
1.915789473684210639e-02
1.814958448753462711e-02
1.764542936288088920e-02
1.688919667590027887e-02
1.638504155124653749e-02
1.537673130193906168e-02
1.361218836565097207e-02
1.184764542936288245e-02
1.033518005540166353e-02
7.562326869806095496e-03
7.814404432132965317e-03
8.570637119113573912e-03
7.562326869806095496e-03
4.789473684210526598e-03
4.285318559556786956e-03
3.277008310249307672e-03
3.781163434903047748e-03
2.268698060941828389e-03
2.016620498614959001e-03
-0.000000000000000000e+00
5.041551246537397503e-04
-1.008310249307479501e-03
-1.512465373961218926e-03
-2.016620498614959001e-03
-2.016620498614959001e-03
-3.024930747922437851e-03
-2.772853185595568464e-03
-2.520775623268698643e-03
-2.520775623268698643e-03
-3.277008310249307672e-03
-1.512465373961218926e-03
-2.268698060941828389e-03
-2.016620498614959001e-03
-2.268698060941828389e-03
