-0.000000000000000000e+00
-0.000000000000000000e+00
2.520775623268698752e-04
-0.000000000000000000e+00
-5.041551246537397503e-04
-0.000000000000000000e+00
-5.041551246537397503e-04
-1.008310249307479501e-03
7.562326869806094629e-04
5.041551246537397503e-04
7.562326869806094629e-04
2.016620498614959001e-03
2.772853185595568464e-03
4.033240997229918003e-03
4.537396121883656777e-03
5.293628808864266240e-03
6.049861495844875703e-03
6.301939058171746391e-03
7.310249307479224808e-03
7.814404432132965317e-03
8.822714681440444601e-03
1.033518005540166353e-02
1.184764542936288245e-02
1.361218836565097207e-02
1.411634349030471171e-02
1.336011080332410138e-02
1.336011080332410138e-02
1.411634349030471171e-02
1.436842105263158066e-02
1.386426592797784102e-02
1.562880886426593063e-02
1.436842105263158066e-02
1.512465373961219099e-02
1.588088642659279959e-02
1.638504155124653749e-02
1.638504155124653749e-02
1.789750692520775815e-02
1.764542936288088920e-02
1.814958448753462711e-02
1.865373961218836849e-02
1.865373961218836849e-02
1.915789473684210639e-02
1.966204986149584777e-02
2.041828254847645463e-02
2.067036011080332705e-02
2.041828254847645463e-02
2.016620498614958915e-02
2.142659279778393738e-02
2.142659279778393738e-02
2.117451523545706496e-02
1.991412742382272019e-02
1.915789473684210639e-02
1.865373961218836849e-02
1.789750692520775815e-02
1.789750692520775815e-02
1.739335180055402025e-02
1.739335180055402025e-02
1.840166204986149953e-02
1.890581717451523744e-02
1.915789473684210639e-02
1.840166204986149953e-02
1.739335180055402025e-02
1.865373961218836849e-02
1.840166204986149953e-02
1.814958448753462711e-02
1.890581717451523744e-02
1.940997229916897882e-02
1.991412742382272019e-02
1.991412742382272019e-02
2.142659279778393738e-02
2.142659279778393738e-02
2.369529085872576490e-02
2.419944598337950281e-02
2.571191135734072694e-02
2.646814404432133380e-02
2.772853185595568204e-02
2.798060941828255446e-02
2.898891966759003028e-02
2.873684210526316132e-02
3.024930747922438198e-02
3.150969529085873022e-02
3.201385041551246813e-02
3.327423822714681984e-02
3.302216066481995088e-02
3.352631578947368879e-02
3.428254847645429565e-02
3.403047091412742670e-02
3.377839335180055774e-02
3.352631578947368879e-02
3.478670360110804050e-02
3.503878116343490251e-02
3.655124653739613011e-02
3.730747922437673697e-02
3.781163434903047488e-02
3.881994459833795763e-02
4.008033240997230934e-02
4.033240997229917829e-02
4.134072022160665411e-02
4.108864265927977821e-02
4.209695290858726097e-02
4.159279778393352306e-02
4.310526315789474372e-02
4.360941828254848163e-02
4.461772853185596438e-02
4.587811634349031609e-02
4.814681440443213667e-02
4.764265927977839876e-02
4.940720221606648838e-02
4.915512465373961942e-02
5.091966759002770904e-02
5.091966759002770904e-02
5.218005540166205380e-02
5.091966759002770904e-02
5.167590027700832284e-02
5.293628808864266760e-02
5.495290858725762617e-02
5.520498614958449513e-02
5.646537396121884683e-02
5.722160664819946063e-02
5.848199445983379846e-02
5.974238227146815017e-02
6.125484764542937083e-02
6.150692520775624672e-02
6.251523545706372254e-02
6.201108033240998463e-02
6.301939058171746044e-02
6.352354570637119835e-02
6.377562326869806730e-02
6.604432132963990176e-02
6.856509695290859130e-02
6.957340720221608099e-02
7.083379501385042576e-02
7.310249307479226022e-02
7.360664819944599813e-02
7.537119113573408080e-02
7.562326869806094976e-02
7.763988919667591526e-02
7.814404432132965317e-02
7.940443213296399794e-02
8.091689750692521166e-02
8.167313019390581852e-02
8.242936288088643926e-02
8.394182825484766686e-02
8.368975069252078403e-02
8.394182825484766686e-02
8.495013850415514267e-02
8.444598337950140476e-02
8.495013850415514267e-02
8.621052631578948744e-02
8.646260387811634252e-02
8.696675900277010818e-02
8.747091412742384609e-02
8.721883656509696325e-02
8.822714681440445295e-02
8.847922437673130802e-02
8.973961218836566667e-02
8.999168975069253562e-02
9.024376731301940457e-02
8.999168975069253562e-02
9.100000000000001144e-02
9.150415512465374934e-02
9.251246537396123903e-02
9.276454293628809411e-02
9.226038781163437008e-02
9.301662049861497694e-02
9.452908587257619066e-02
9.402493074792245276e-02
9.352077562326871485e-02
9.402493074792245276e-02
9.427700831024932171e-02
9.478116343490305962e-02
9.427700831024932171e-02
9.402493074792245276e-02
9.276454293628809411e-02
9.150415512465374934e-02
9.024376731301940457e-02
8.847922437673130802e-02
8.873130193905819085e-02
8.973961218836566667e-02
8.898337950138504593e-02
8.721883656509696325e-02
8.747091412742384609e-02
8.747091412742384609e-02
8.873130193905819085e-02
8.873130193905819085e-02
8.898337950138504593e-02
8.822714681440445295e-02
8.923545706371192876e-02
8.822714681440445295e-02
8.797506925207757011e-02
8.772299168975070116e-02
8.822714681440445295e-02
8.772299168975070116e-02
8.847922437673130802e-02
8.847922437673130802e-02
8.873130193905819085e-02
8.847922437673130802e-02
9.049584487534627353e-02
8.999168975069253562e-02
8.973961218836566667e-02
8.923545706371192876e-02
