-0.000000000000000000e+00
-0.000000000000000000e+00
-0.000000000000000000e+00
2.520775623268698752e-04
2.520775623268698752e-04
5.041551246537397503e-04
-0.000000000000000000e+00
-5.041551246537397503e-04
2.520775623268698752e-04
-0.000000000000000000e+00
-5.041551246537397503e-04
-2.520775623268698752e-04
-2.520775623268698752e-04
-0.000000000000000000e+00
2.520775623268698752e-04
2.520775623268698752e-04
5.041551246537397503e-04
5.041551246537397503e-04
5.041551246537397503e-04
5.041551246537397503e-04
7.562326869806094629e-04
2.520775623268698752e-04
1.260387811634349322e-03
5.041551246537397503e-04
-2.520775623268698752e-04
-1.764542936288088964e-03
-2.772853185595568464e-03
-4.033240997229918003e-03
-5.041551246537397286e-03
-7.058171745152355854e-03
-6.049861495844875703e-03
-7.562326869806095496e-03
-7.310249307479224808e-03
-6.806094182825486033e-03
-5.545706371191136928e-03
-6.049861495844875703e-03
-5.293628808864266240e-03
-5.797783933518005882e-03
-4.285318559556786956e-03
-3.529085872576177927e-03
-2.520775623268698643e-03
-2.016620498614959001e-03
-5.041551246537397503e-04
-0.000000000000000000e+00
1.764542936288088964e-03
7.562326869806094629e-04
1.764542936288088964e-03
1.260387811634349322e-03
1.512465373961218926e-03
-0.000000000000000000e+00
2.520775623268698752e-04
-2.520775623268698643e-03
-3.529085872576177927e-03
-3.529085872576177927e-03
-4.033240997229918003e-03
-3.781163434903047748e-03
-4.033240997229918003e-03
-4.033240997229918003e-03
-3.277008310249307672e-03
-3.781163434903047748e-03
-3.781163434903047748e-03
-4.537396121883656777e-03
-3.024930747922437851e-03
-3.277008310249307672e-03
-2.520775623268698643e-03
-2.016620498614959001e-03
-1.260387811634349322e-03
-0.000000000000000000e+00
2.016620498614959001e-03
3.529085872576177927e-03
4.537396121883656777e-03
4.285318559556786956e-03
6.554016620498615345e-03
8.066481994459836005e-03
9.831024930747923884e-03
1.058725761772853248e-02
1.159556786703601176e-02
1.235180055401662209e-02
1.209972299168975141e-02
1.209972299168975141e-02
1.361218836565097207e-02
1.336011080332410138e-02
1.436842105263158066e-02
1.260387811634349278e-02
1.285595567867036347e-02
1.209972299168975141e-02
1.159556786703601176e-02
1.083933518005540317e-02
1.008310249307479457e-02
1.058725761772853248e-02
1.083933518005540317e-02
1.109141274238227386e-02
1.083933518005540317e-02
1.083933518005540317e-02
1.109141274238227386e-02
1.083933518005540317e-02
1.109141274238227386e-02
1.159556786703601176e-02
1.109141274238227386e-02
1.134349030470914281e-02
1.134349030470914281e-02
1.260387811634349278e-02
1.361218836565097207e-02
1.411634349030471171e-02
1.512465373961219099e-02
1.638504155124653749e-02
1.588088642659279959e-02
1.663711911357340992e-02
1.688919667590027887e-02
1.739335180055402025e-02
1.890581717451523744e-02
1.966204986149584777e-02
1.966204986149584777e-02
2.016620498614958915e-02
2.142659279778393738e-02
2.218282548476454771e-02
2.293905817174515804e-02
2.394736842105263386e-02
2.394736842105263386e-02
2.419944598337950281e-02
2.495567867036011661e-02
2.596398891966759243e-02
2.571191135734072694e-02
2.571191135734072694e-02
2.470360110803324419e-02
2.445152354570637523e-02
2.344321329639889248e-02
2.268698060941828562e-02
2.293905817174515804e-02
2.293905817174515804e-02
2.394736842105263386e-02
2.394736842105263386e-02
2.495567867036011661e-02
2.470360110803324419e-02
2.596398891966759243e-02
2.571191135734072694e-02
2.747645429362881309e-02
2.646814404432133380e-02
2.747645429362881309e-02
2.747645429362881309e-02
2.823268698060942342e-02
2.772853185595568204e-02
2.848476454293628890e-02
2.798060941828255446e-02
2.772853185595568204e-02
2.848476454293628890e-02
2.722437673130194413e-02
2.722437673130194413e-02
2.898891966759003028e-02
2.848476454293628890e-02
2.873684210526316132e-02
2.823268698060942342e-02
2.772853185595568204e-02
2.798060941828255446e-02
2.873684210526316132e-02
2.949307479224377165e-02
2.949307479224377165e-02
2.924099722991689923e-02
2.974515235457064061e-02
2.974515235457064061e-02
3.024930747922438198e-02
3.050138504155125094e-02
3.150969529085873022e-02
3.024930747922438198e-02
3.125761772853186127e-02
3.176177285318559917e-02
3.251800554016621297e-02
3.150969529085873022e-02
3.277008310249307499e-02
3.201385041551246813e-02
3.327423822714681984e-02
3.125761772853186127e-02
3.125761772853186127e-02
2.949307479224377165e-02
2.949307479224377165e-02
2.722437673130194413e-02
2.545983379501385452e-02
2.495567867036011661e-02
2.697229916897507171e-02
2.571191135734072694e-02
2.495567867036011661e-02
2.470360110803324419e-02
2.495567867036011661e-02
2.672022160664820276e-02
2.722437673130194413e-02
2.798060941828255446e-02
2.747645429362881309e-02
2.924099722991689923e-02
2.848476454293628890e-02
2.848476454293628890e-02
2.924099722991689923e-02
2.974515235457064061e-02
3.075346260387812336e-02
3.024930747922438198e-02
3.075346260387812336e-02
3.125761772853186127e-02
3.125761772853186127e-02
3.201385041551246813e-02
3.176177285318559917e-02
3.176177285318559917e-02
3.125761772853186127e-02
