-0.000000000000000000e+00
-0.000000000000000000e+00
5.041551246537397503e-04
2.520775623268698752e-04
-2.520775623268698752e-04
2.520775623268698752e-04
-0.000000000000000000e+00
-1.260387811634349322e-03
-0.000000000000000000e+00
-2.520775623268698752e-04
-7.562326869806094629e-04
-5.041551246537397503e-04
-2.520775623268698752e-04
2.520775623268698752e-04
7.562326869806094629e-04
1.008310249307479501e-03
1.764542936288088964e-03
1.512465373961218926e-03
1.764542936288088964e-03
2.268698060941828389e-03
2.520775623268698643e-03
3.529085872576177927e-03
4.285318559556786956e-03
3.529085872576177927e-03
4.285318559556786956e-03
3.529085872576177927e-03
2.520775623268698643e-03
1.260387811634349322e-03
1.008310249307479501e-03
-0.000000000000000000e+00
1.260387811634349322e-03
-0.000000000000000000e+00
2.268698060941828389e-03
2.268698060941828389e-03
3.529085872576177927e-03
3.529085872576177927e-03
4.789473684210526598e-03
5.293628808864266240e-03
6.806094182825486033e-03
6.806094182825486033e-03
7.814404432132965317e-03
7.310249307479224808e-03
8.318559556786704959e-03
9.074792243767313554e-03
9.831024930747923884e-03
9.831024930747923884e-03
1.058725761772853248e-02
1.083933518005540317e-02
1.109141274238227386e-02
8.318559556786704959e-03
8.066481994459836005e-03
4.537396121883656777e-03
4.789473684210526598e-03
2.268698060941828389e-03
3.024930747922437851e-03
1.512465373961218926e-03
2.268698060941828389e-03
1.260387811634349322e-03
2.268698060941828389e-03
1.512465373961218926e-03
1.764542936288088964e-03
5.041551246537397503e-04
2.268698060941828389e-03
2.016620498614959001e-03
2.520775623268698643e-03
2.520775623268698643e-03
4.789473684210526598e-03
4.033240997229918003e-03
5.545706371191136928e-03
5.797783933518005882e-03
7.058171745152355854e-03
7.562326869806095496e-03
1.033518005540166353e-02
1.083933518005540317e-02
1.159556786703601176e-02
1.209972299168975141e-02
1.285595567867036347e-02
1.411634349030471171e-02
1.411634349030471171e-02
1.487257617728532030e-02
1.764542936288088920e-02
1.814958448753462711e-02
1.940997229916897882e-02
1.840166204986149953e-02
1.991412742382272019e-02
1.915789473684210639e-02
1.940997229916897882e-02
1.789750692520775815e-02
1.764542936288088920e-02
1.940997229916897882e-02
2.092243767313019601e-02
2.243490304709141667e-02
2.394736842105263386e-02
2.495567867036011661e-02
2.672022160664820276e-02
2.798060941828255446e-02
2.798060941828255446e-02
2.924099722991689923e-02
2.974515235457064061e-02
3.050138504155125094e-02
3.075346260387812336e-02
3.251800554016621297e-02
3.226592797783934402e-02
3.377839335180055774e-02
3.277008310249307499e-02
3.503878116343490251e-02
3.428254847645429565e-02
3.629916897506925422e-02
3.629916897506925422e-02
3.781163434903047488e-02
3.781163434903047488e-02
4.033240997229917829e-02
3.907202216066482658e-02
4.058448753462604724e-02
4.134072022160665411e-02
4.285318559556787477e-02
4.260110803324099887e-02
4.436565096952909543e-02
4.436565096952909543e-02
4.613019390581718504e-02
4.739058171745152981e-02
4.789473684210526772e-02
4.713850415512466085e-02
4.865096952908588152e-02
4.764265927977839876e-02
4.839889196675900562e-02
4.915512465373961942e-02
4.940720221606648838e-02
5.016343490304710218e-02
5.192797783933518485e-02
5.268421052631579171e-02
5.344044321329640551e-02
5.444875346260388826e-02
5.495290858725762617e-02
5.570914127423823997e-02
5.696952908587257780e-02
5.848199445983379846e-02
5.722160664819946063e-02
5.822991689750692951e-02
5.949030470914128121e-02
6.024653739612189501e-02
6.100277008310250187e-02
6.201108033240998463e-02
6.125484764542937083e-02
6.175900277008311567e-02
6.276731301939059149e-02
6.226315789473685358e-02
6.276731301939059149e-02
6.352354570637119835e-02
6.327146814404432940e-02
6.377562326869806730e-02
6.427977839335180521e-02
6.427977839335180521e-02
6.503601108033242595e-02
6.554016620498614998e-02
6.604432132963990176e-02
6.629639889196677072e-02
6.503601108033242595e-02
6.604432132963990176e-02
6.528808864265928102e-02
6.629639889196677072e-02
6.680055401662050862e-02
6.730470914127424653e-02
6.730470914127424653e-02
6.856509695290859130e-02
7.083379501385042576e-02
7.234626038781163948e-02
7.133795013850416367e-02
7.259833795013850843e-02
7.310249307479226022e-02
7.486703601108034289e-02
7.461495844875347394e-02
7.511911357340721185e-02
7.360664819944599813e-02
7.335457063711912917e-02
7.108587257617729471e-02
7.058171745152355681e-02
7.007756232686980502e-02
7.285041551246537739e-02
7.209418282548477053e-02
7.209418282548477053e-02
7.184210526315790157e-02
7.310249307479226022e-02
7.411080332409973603e-02
7.587534626038781871e-02
7.713573407202216348e-02
7.738781163434904631e-02
8.041274238227147375e-02
8.192520775623270135e-02
8.293351800554017716e-02
8.469806094182825984e-02
8.520221606648199775e-02
8.621052631578948744e-02
8.595844875346261849e-02
8.671468144044322535e-02
8.772299168975070116e-02
8.847922437673130802e-02
8.898337950138504593e-02
8.873130193905819085e-02
8.772299168975070116e-02
8.873130193905819085e-02
