-0.000000000000000000e+00
2.520775623268698752e-04
2.520775623268698752e-04
2.520775623268698752e-04
-5.041551246537397503e-04
-0.000000000000000000e+00
2.520775623268698752e-04
-7.562326869806094629e-04
-0.000000000000000000e+00
-2.520775623268698752e-04
-2.520775623268698752e-04
5.041551246537397503e-04
5.041551246537397503e-04
7.562326869806094629e-04
1.008310249307479501e-03
1.260387811634349322e-03
7.562326869806094629e-04
1.512465373961218926e-03
1.512465373961218926e-03
1.764542936288088964e-03
2.520775623268698643e-03
3.529085872576177927e-03
5.545706371191136928e-03
5.041551246537397286e-03
5.545706371191136928e-03
4.285318559556786956e-03
4.789473684210526598e-03
4.789473684210526598e-03
4.033240997229918003e-03
2.016620498614959001e-03
2.016620498614959001e-03
1.008310249307479501e-03
2.772853185595568464e-03
2.772853185595568464e-03
3.277008310249307672e-03
2.268698060941828389e-03
4.285318559556786956e-03
4.285318559556786956e-03
5.041551246537397286e-03
4.033240997229918003e-03
4.537396121883656777e-03
3.781163434903047748e-03
4.285318559556786956e-03
3.529085872576177927e-03
5.293628808864266240e-03
4.033240997229918003e-03
5.797783933518005882e-03
7.058171745152355854e-03
7.562326869806095496e-03
6.554016620498615345e-03
6.301939058171746391e-03
4.537396121883656777e-03
3.781163434903047748e-03
2.520775623268698643e-03
2.520775623268698643e-03
2.520775623268698643e-03
1.764542936288088964e-03
2.016620498614959001e-03
3.781163434903047748e-03
4.537396121883656777e-03
3.529085872576177927e-03
3.781163434903047748e-03
4.033240997229918003e-03
4.789473684210526598e-03
4.789473684210526598e-03
6.554016620498615345e-03
6.554016620498615345e-03
7.562326869806095496e-03
6.301939058171746391e-03
7.562326869806095496e-03
7.310249307479224808e-03
7.058171745152355854e-03
7.310249307479224808e-03
7.058171745152355854e-03
7.310249307479224808e-03
8.066481994459836005e-03
8.570637119113573912e-03
8.570637119113573912e-03
8.570637119113573912e-03
9.326869806094184243e-03
1.033518005540166353e-02
1.058725761772853248e-02
1.109141274238227386e-02
1.008310249307479457e-02
9.831024930747923884e-03
1.008310249307479457e-02
8.066481994459836005e-03
8.318559556786704959e-03
6.554016620498615345e-03
8.570637119113573912e-03
7.814404432132965317e-03
8.570637119113573912e-03
8.318559556786704959e-03
9.831024930747923884e-03
1.058725761772853248e-02
1.209972299168975141e-02
1.209972299168975141e-02
1.386426592797784102e-02
1.159556786703601176e-02
1.285595567867036347e-02
1.285595567867036347e-02
1.462049861495844962e-02
1.462049861495844962e-02
1.537673130193906168e-02
1.537673130193906168e-02
1.613296398891967201e-02
1.487257617728532030e-02
1.588088642659279959e-02
1.562880886426593063e-02
1.688919667590027887e-02
1.562880886426593063e-02
1.764542936288088920e-02
1.638504155124653749e-02
1.789750692520775815e-02
1.714127423822714782e-02
1.865373961218836849e-02
1.865373961218836849e-02
2.041828254847645463e-02
1.940997229916897882e-02
2.041828254847645463e-02
2.041828254847645463e-02
2.193074792243767529e-02
2.193074792243767529e-02
2.218282548476454771e-02
2.167867036011080634e-02
2.067036011080332705e-02
1.966204986149584777e-02
2.016620498614958915e-02
2.067036011080332705e-02
2.167867036011080634e-02
2.193074792243767529e-02
2.142659279778393738e-02
2.243490304709141667e-02
2.268698060941828562e-02
2.394736842105263386e-02
2.319113573407202353e-02
2.520775623268698556e-02
2.520775623268698556e-02
2.571191135734072694e-02
2.722437673130194413e-02
2.848476454293628890e-02
2.848476454293628890e-02
2.848476454293628890e-02
2.974515235457064061e-02
2.898891966759003028e-02
3.075346260387812336e-02
2.999722991689751303e-02
3.050138504155125094e-02
2.999722991689751303e-02
2.999722991689751303e-02
2.974515235457064061e-02
2.999722991689751303e-02
3.125761772853186127e-02
3.226592797783934402e-02
3.226592797783934402e-02
3.327423822714681984e-02
3.277008310249307499e-02
3.352631578947368879e-02
3.302216066481995088e-02
3.377839335180055774e-02
3.403047091412742670e-02
3.554293628808864736e-02
3.604709141274238526e-02
3.554293628808864736e-02
3.680332409972299906e-02
3.831578947368421278e-02
3.781163434903047488e-02
3.806371191135735077e-02
3.781163434903047488e-02
3.781163434903047488e-02
3.831578947368421278e-02
3.881994459833795763e-02
3.856786703601108174e-02
3.831578947368421278e-02
3.856786703601108174e-02
3.856786703601108174e-02
3.730747922437673697e-02
3.831578947368421278e-02
3.957617728531856449e-02
3.982825484764544038e-02
3.781163434903047488e-02
3.806371191135735077e-02
3.781163434903047488e-02
3.856786703601108174e-02
3.907202216066482658e-02
3.957617728531856449e-02
3.907202216066482658e-02
3.957617728531856449e-02
3.957617728531856449e-02
3.907202216066482658e-02
3.932409972299169554e-02
3.957617728531856449e-02
4.058448753462604724e-02
3.982825484764544038e-02
4.058448753462604724e-02
4.083656509695290926e-02
4.108864265927977821e-02
4.108864265927977821e-02
4.159279778393352306e-02
4.033240997229917829e-02
4.033240997229917829e-02
