0.000000000000000000e+00
1.215600000000000017e-05
4.254610000000000249e-05
6.685809999999999605e-05
1.094039999999999981e-04
1.276379999999999865e-04
1.641059999999999904e-04
2.370419999999999981e-04
2.917439999999999769e-04
3.160559999999999975e-04
4.254610000000000249e-04
5.287869999999999637e-04
6.078010000000000444e-04
7.111269999999999831e-04
8.083749999999999573e-04
9.117010000000000045e-04
1.075809999999999961e-03
1.264230000000000085e-03
1.434409999999999895e-03
1.610670000000000027e-03
1.805170000000000038e-03
1.938880000000000031e-03
2.206319999999999896e-03
2.443359999999999890e-03
2.759419999999999842e-03
3.051159999999999810e-03
3.367220000000000196e-03
3.677189999999999886e-03
4.005410000000000047e-03
4.406560000000000338e-03
4.722610000000000349e-03
5.014359999999999824e-03
5.342569999999999611e-03
5.695089999999999875e-03
5.962529999999999740e-03
6.357599999999999710e-03
6.819519999999999922e-03
7.390859999999999964e-03
7.889250000000000429e-03
8.430200000000000540e-03
9.013689999999999550e-03
9.657950000000000215e-03
1.030219999999999921e-02
1.101940000000000038e-02
1.174270000000000001e-02
1.245379999999999925e-02
1.325010000000000077e-02
1.405239999999999961e-02
1.492759999999999920e-02
1.587579999999999894e-02
1.716430000000000039e-02
1.825229999999999908e-02
1.927339999999999956e-02
2.036740000000000078e-02
2.164989999999999970e-02
2.302349999999999883e-02
2.453079999999999844e-02
2.636029999999999970e-02
2.783120000000000038e-02
2.911969999999999836e-02
3.040220000000000075e-02
3.183049999999999768e-02
3.334999999999999770e-02
3.482699999999999685e-02
3.637080000000000174e-02
3.793889999999999763e-02
3.954350000000000226e-02
4.120889999999999970e-02
4.286820000000000214e-02
4.456399999999999945e-02
4.625359999999999888e-02
4.827759999999999690e-02
5.025899999999999812e-02
5.213720000000000160e-02
5.405170000000000113e-02
5.595409999999999967e-02
5.788689999999999808e-02
5.976510000000000156e-02
6.213550000000000323e-02
6.477940000000000087e-02
6.740509999999999557e-02
6.970260000000000344e-02
7.182379999999999320e-02
7.421250000000000069e-02
7.638839999999999519e-02
7.858859999999999457e-02
8.088610000000000244e-02
8.325660000000000005e-02
8.562699999999999478e-02
8.790620000000000378e-02
9.002749999999999642e-02
9.222160000000000080e-02
9.441579999999999417e-02
9.651270000000000682e-02
9.865210000000000645e-02
1.007369999999999932e-01
1.029130000000000045e-01
1.051860000000000017e-01
1.077140000000000042e-01
1.102250000000000035e-01
1.128559999999999980e-01
1.155920000000000003e-01
1.186849999999999988e-01
1.215539999999999954e-01
1.245750000000000052e-01
1.277169999999999972e-01
1.308840000000000003e-01
1.340260000000000062e-01
1.367069999999999952e-01
1.394539999999999946e-01
1.422130000000000061e-01
1.450579999999999925e-01
1.480299999999999949e-01
1.509840000000000071e-01
1.539379999999999915e-01
1.570010000000000017e-01
1.600519999999999998e-01
1.632010000000000127e-01
1.665010000000000101e-01
1.698620000000000130e-01
1.731199999999999961e-01
1.762739999999999863e-01
1.795140000000000069e-01
1.830090000000000050e-01
1.867040000000000088e-01
1.903569999999999984e-01
1.941680000000000073e-01
1.980639999999999901e-01
2.019539999999999946e-01
2.058129999999999959e-01
2.097580000000000000e-01
2.136480000000000046e-01
2.175499999999999934e-01
2.215070000000000094e-01
2.251660000000000050e-01
2.288920000000000121e-01
2.326360000000000094e-01
2.362579999999999958e-01
2.396379999999999899e-01
2.430720000000000103e-01
2.465299999999999991e-01
2.501399999999999735e-01
2.537869999999999848e-01
2.574770000000000114e-01
2.609650000000000025e-01
2.642289999999999917e-01
2.675049999999999928e-01
2.708789999999999809e-01
2.743369999999999975e-01
2.778079999999999994e-01
2.813749999999999862e-01
2.849920000000000231e-01
2.884200000000000097e-01
2.917989999999999751e-01
2.952879999999999949e-01
2.984669999999999823e-01
3.016389999999999905e-01
3.048609999999999931e-01
3.083799999999999875e-01
3.118199999999999861e-01
3.153569999999999984e-01
3.188639999999999808e-01
3.226749999999999896e-01
3.265170000000000017e-01
3.302729999999999833e-01
3.341569999999999818e-01
3.382649999999999824e-01
3.426359999999999961e-01
3.466469999999999829e-01
3.502939999999999943e-01
3.540739999999999998e-01
3.579160000000000119e-01
3.619450000000000167e-01
3.661699999999999955e-01
3.705399999999999805e-01
3.746419999999999750e-01
3.786780000000000146e-01
3.826649999999999774e-01
3.867070000000000229e-01
3.908579999999999832e-01
3.943720000000000003e-01
3.978720000000000034e-01
4.013309999999999933e-01
4.048069999999999724e-01
4.084849999999999870e-01
4.122170000000000001e-01
4.160579999999999834e-01
4.198020000000000085e-01
4.236130000000000173e-01
4.271679999999999922e-01
4.305109999999999770e-01
4.337929999999999842e-01
4.372940000000000160e-01
4.406559999999999921e-01
4.441809999999999925e-01
4.480040000000000133e-01
4.518510000000000026e-01
4.557410000000000072e-01
4.597040000000000015e-01
4.636239999999999806e-01
4.675389999999999824e-01
