0.000000000000000000e+00
0.000000000000000000e+00
-6.078009999999999935e-06
-6.078009999999999935e-06
-1.215600000000000017e-05
-2.431200000000000033e-05
-4.254610000000000249e-05
-5.470209999999999927e-05
-7.901410000000000638e-05
-1.094039999999999981e-04
-1.337160000000000052e-04
-1.580279999999999988e-04
-1.944960000000000027e-04
-2.309640000000000065e-04
-2.674320000000000104e-04
-3.099779999999999788e-04
-3.464459999999999827e-04
-3.829139999999999866e-04
-4.315389999999999894e-04
-4.740850000000000120e-04
-5.166310000000000346e-04
-5.591770000000000030e-04
-6.017229999999999714e-04
-6.442690000000000482e-04
-6.928929999999999811e-04
-7.354389999999999495e-04
-7.779850000000000263e-04
-8.205309999999999947e-04
-8.630769999999999631e-04
-9.117010000000000045e-04
-9.542469999999999728e-04
-9.967929999999999412e-04
-1.033260000000000038e-03
-1.081890000000000065e-03
-1.118349999999999943e-03
-1.160900000000000083e-03
-1.203450000000000006e-03
-1.239910000000000101e-03
-1.282460000000000024e-03
-1.312849999999999955e-03
-1.349319999999999990e-03
-1.385790000000000025e-03
-1.446570000000000104e-03
-1.507349999999999966e-03
-1.568130000000000045e-03
-1.616749999999999915e-03
-1.665370000000000001e-03
-1.707919999999999924e-03
-1.744389999999999960e-03
-1.780859999999999995e-03
-1.805170000000000038e-03
-1.829480000000000082e-03
-1.847710000000000021e-03
-1.872030000000000005e-03
-1.884180000000000056e-03
-1.902419999999999936e-03
-1.908490000000000100e-03
-1.908490000000000100e-03
-1.914569999999999987e-03
-1.914569999999999987e-03
-1.908490000000000100e-03
-1.902419999999999936e-03
-1.896340000000000048e-03
-1.884180000000000056e-03
-1.865949999999999900e-03
-1.841640000000000074e-03
-1.817320000000000090e-03
-1.793010000000000046e-03
-1.762619999999999899e-03
-1.750470000000000064e-03
-1.683610000000000098e-03
-1.647140000000000062e-03
-1.598519999999999976e-03
-1.549889999999999948e-03
-1.495189999999999974e-03
-1.440490000000000000e-03
-1.373630000000000033e-03
-1.410100000000000069e-03
-1.239910000000000101e-03
-1.160900000000000083e-03
-1.081890000000000065e-03
-9.967929999999999412e-04
-9.117010000000000045e-04
-8.144530000000000302e-04
-7.050490000000000186e-04
-5.956450000000000069e-04
-4.801629999999999765e-04
-3.525240000000000014e-04
-2.127300000000000046e-04
-6.078009999999999766e-05
9.724809999999999477e-05
2.552759999999999730e-04
4.315389999999999894e-04
6.078010000000000444e-04
7.901409999999999554e-04
9.664030000000000103e-04
1.154819999999999978e-03
1.349319999999999990e-03
1.519500000000000017e-03
1.683610000000000098e-03
1.859870000000000013e-03
2.023979999999999876e-03
2.200240000000000008e-03
2.376500000000000140e-03
2.558840000000000160e-03
2.741180000000000179e-03
2.929600000000000086e-03
3.124099999999999881e-03
3.318590000000000168e-03
3.513089999999999963e-03
3.689350000000000095e-03
3.859529999999999905e-03
4.041880000000000299e-03
4.236369999999999719e-03
4.430869999999999947e-03
4.637520000000000010e-03
4.844170000000000073e-03
5.050820000000000136e-03
5.269629999999999974e-03
5.500599999999999587e-03
5.731560000000000127e-03
5.956450000000000286e-03
6.114480000000000262e-03
6.296819999999999848e-03
6.497389999999999589e-03
6.722279999999999749e-03
6.965400000000000064e-03
7.220670000000000213e-03
7.482029999999999757e-03
7.755540000000000003e-03
8.029049999999999382e-03
8.320789999999999784e-03
8.600379999999999484e-03
8.916439999999999436e-03
9.220340000000000480e-03
9.512079999999999147e-03
9.670110000000000858e-03
9.870679999999999732e-03
1.015029999999999925e-02
1.047849999999999997e-02
1.083710000000000055e-02
1.121390000000000060e-02
1.160289999999999933e-02
1.199799999999999998e-02
1.239909999999999970e-02
1.280030000000000057e-02
1.316499999999999962e-02
1.352959999999999927e-02
1.392469999999999992e-02
1.433189999999999985e-02
1.476960000000000078e-02
1.524359999999999951e-02
1.574810000000000099e-02
1.629509999999999986e-02
1.687249999999999861e-02
1.716430000000000039e-02
1.749859999999999957e-02
1.794839999999999977e-02
1.846499999999999878e-02
1.903629999999999906e-02
1.960769999999999874e-02
2.019110000000000002e-02
2.076860000000000164e-02
2.133989999999999845e-02
2.190510000000000027e-02
2.248249999999999901e-02
2.303559999999999983e-02
2.360090000000000104e-02
2.416619999999999879e-02
2.471320000000000114e-02
2.520549999999999874e-02
2.568569999999999881e-02
2.615369999999999848e-02
2.660339999999999927e-02
2.706539999999999987e-02
2.750910000000000161e-02
2.795279999999999987e-02
2.839039999999999966e-02
2.882799999999999946e-02
2.925350000000000172e-02
2.944789999999999908e-02
2.967279999999999918e-02
2.992809999999999915e-02
3.026850000000000027e-02
3.065139999999999879e-02
3.105859999999999871e-02
3.146580000000000210e-02
3.186699999999999949e-02
3.226810000000000095e-02
3.266929999999999834e-02
3.305829999999999880e-02
3.344729999999999925e-02
3.383629999999999971e-02
3.418270000000000336e-02
3.455350000000000088e-02
3.491210000000000147e-02
3.528889999999999805e-02
3.562320000000000070e-02
3.597569999999999935e-02
3.632830000000000087e-02
3.666860000000000258e-02
