0.000000000000000000e+00
1.823399999999999855e-05
5.470209999999999927e-05
9.724809999999999477e-05
1.762620000000000007e-04
2.552759999999999730e-04
3.586020000000000201e-04
5.713330000000000405e-04
7.536729999999999515e-04
9.724809999999999748e-04
1.288539999999999911e-03
1.622830000000000019e-03
1.999659999999999892e-03
2.425130000000000167e-03
2.923520000000000198e-03
3.513089999999999963e-03
4.120890000000000317e-03
4.813780000000000142e-03
5.500599999999999587e-03
6.260349999999999596e-03
7.135579999999999874e-03
8.101979999999999946e-03
9.250730000000000411e-03
1.050279999999999964e-02
1.197980000000000052e-02
1.355400000000000008e-02
1.531659999999999966e-02
1.736489999999999909e-02
1.961370000000000127e-02
2.186870000000000133e-02
2.425129999999999994e-02
2.689520000000000105e-02
2.973970000000000086e-02
3.285160000000000163e-02
3.610340000000000077e-02
3.906939999999999719e-02
4.210239999999999816e-02
4.539660000000000223e-02
4.904340000000000088e-02
5.260519999999999780e-02
5.623979999999999951e-02
5.981979999999999936e-02
6.377649999999999986e-02
6.785489999999999577e-02
7.203650000000000331e-02
7.595689999999999387e-02
8.004740000000000466e-02
8.435059999999999780e-02
8.855659999999999921e-02
9.292060000000000597e-02
9.699889999999999901e-02
1.010709999999999942e-01
1.051010000000000000e-01
1.090700000000000003e-01
1.128750000000000031e-01
1.167829999999999979e-01
1.207270000000000010e-01
1.249579999999999996e-01
1.293340000000000045e-01
1.338320000000000065e-01
1.377339999999999953e-01
1.417269999999999919e-01
1.459880000000000067e-01
1.505700000000000094e-01
1.555120000000000113e-01
1.604349999999999943e-01
1.652980000000000005e-01
1.702569999999999917e-01
1.753260000000000096e-01
1.806200000000000028e-01
1.852580000000000060e-01
1.896889999999999965e-01
1.942649999999999932e-01
1.990429999999999977e-01
2.040329999999999921e-01
2.091439999999999966e-01
2.139520000000000033e-01
2.186500000000000110e-01
2.235010000000000052e-01
2.282659999999999967e-01
2.330000000000000127e-01
2.378079999999999916e-01
2.429139999999999910e-01
2.482499999999999984e-01
2.536470000000000113e-01
2.592940000000000245e-01
2.645449999999999746e-01
2.694869999999999766e-01
2.743369999999999975e-01
2.792540000000000022e-01
2.839519999999999822e-01
2.886569999999999969e-01
2.932819999999999871e-01
2.980470000000000064e-01
3.030490000000000128e-01
3.078879999999999950e-01
3.123909999999999743e-01
3.169069999999999943e-01
3.216600000000000015e-01
3.264799999999999924e-01
3.312570000000000237e-01
3.360529999999999906e-01
3.410670000000000091e-01
3.461549999999999905e-01
3.510840000000000072e-01
3.558490000000000264e-01
3.604439999999999866e-01
3.649479999999999946e-01
3.692940000000000111e-01
3.740530000000000244e-01
3.787449999999999983e-01
3.833219999999999961e-01
3.880140000000000255e-01
3.929920000000000080e-01
3.980429999999999802e-01
4.031910000000000216e-01
4.083510000000000195e-01
4.133839999999999737e-01
4.185499999999999776e-01
4.239470000000000183e-01
4.290950000000000042e-01
4.339999999999999969e-01
4.388630000000000031e-01
4.436399999999999788e-01
4.485629999999999895e-01
4.535290000000000155e-01
4.584030000000000049e-01
4.629739999999999966e-01
4.674780000000000046e-01
4.719999999999999751e-01
4.766130000000000089e-01
4.813239999999999741e-01
4.860459999999999781e-01
4.909629999999999828e-01
4.958560000000000190e-01
5.005479999999999929e-01
5.053010000000000002e-01
5.100240000000000329e-01
5.148260000000000058e-01
5.197969999999999535e-01
5.245870000000000255e-01
5.292430000000000190e-01
5.338129999999999820e-01
5.383900000000000352e-01
5.430460000000000287e-01
5.476410000000000444e-01
5.520779999999999577e-01
5.564839999999999787e-01
5.610370000000000079e-01
5.656379999999999741e-01
5.702329999999999899e-01
5.747670000000000279e-01
5.792580000000000506e-01
5.837200000000000166e-01
5.882479999999999931e-01
5.927029999999999799e-01
5.970550000000000024e-01
6.012729999999999464e-01
6.054969999999999519e-01
6.097209999999999575e-01
6.140309999999999935e-01
6.182490000000000485e-01
6.224790000000000045e-01
6.267279999999999518e-01
6.310670000000000446e-01
6.351520000000000499e-01
6.394670000000000076e-01
6.437040000000000539e-01
6.479890000000000372e-01
6.528080000000000549e-01
6.573550000000000226e-01
6.620110000000000161e-01
6.668730000000000491e-01
6.719180000000000152e-01
6.767440000000000122e-01
6.815630000000000299e-01
6.863470000000000404e-01
6.908929999999999794e-01
6.954029999999999934e-01
7.000039999999999596e-01
7.049210000000000198e-01
7.095709999999999518e-01
7.143730000000000357e-01
7.190889999999999782e-01
7.237630000000000452e-01
7.284009999999999652e-01
7.326549999999999452e-01
7.370189999999999797e-01
7.413589999999999902e-01
7.457840000000000025e-01
7.503969999999999807e-01
7.550280000000000324e-01
7.597019999999999884e-01
7.644130000000000091e-01
7.691109999999999891e-01
7.743440000000000323e-01
7.794010000000000105e-01
7.844219999999999526e-01
7.892660000000000231e-01
7.941040000000000321e-01
7.990699999999999470e-01
