0.000000000000000000e+00
1.215600000000000017e-05
3.038999999999999872e-05
6.078009000000000374e-05
1.094040999999999915e-04
1.094041999999999985e-04
1.397939999999999968e-04
2.309638999999999995e-04
2.856659000000000325e-04
2.795879999999999936e-04
3.889920000000000595e-04
5.105520000000000544e-04
5.774110000000000050e-04
6.625039999999999575e-04
7.597520000000000402e-04
7.658289999999999889e-04
9.967940000000000654e-04
1.191291000000000138e-03
1.331083000000000266e-03
1.495189999999999974e-03
1.677528000000000179e-03
1.793009999999999830e-03
2.072595999999999900e-03
2.279251999999999407e-03
2.577079000000000349e-03
2.880983000000000155e-03
3.148404000000000046e-03
3.446232000000000028e-03
3.756202000000000152e-03
4.114801999999999869e-03
4.376162000000000281e-03
4.637521999999999825e-03
4.959650000000000343e-03
5.257460000000000258e-03
5.537060000000000766e-03
5.901749999999999011e-03
6.333280000000000159e-03
6.886380000000000105e-03
7.348310000000000258e-03
7.852790000000000117e-03
8.411959999999999577e-03
9.001520000000002436e-03
9.578939999999999330e-03
1.021104999999999929e-02
1.084923999999999958e-02
1.148135999999999948e-02
1.214385999999999938e-02
1.292791999999999900e-02
1.371807000000000061e-02
1.472700999999999871e-02
1.585751999999999995e-02
1.678141000000000008e-02
1.771129999999999927e-02
1.879314999999999805e-02
2.002097000000000598e-02
2.130946000000000229e-02
2.293838999999999947e-02
2.444576000000000388e-02
2.561883999999999689e-02
2.682224000000000066e-02
2.811082999999999985e-02
2.937504999999999977e-02
3.072436999999999738e-02
3.214053000000000049e-02
3.373900000000000510e-02
3.519164000000001014e-02
3.671117999999999604e-02
3.818813000000000069e-02
3.969543000000000377e-02
4.132436000000000442e-02
4.314170999999999284e-02
4.476456999999999659e-02
4.650893000000000388e-02
4.818640000000001117e-02
4.990659000000000067e-02
5.161443000000000281e-02
5.335878999999999622e-02
5.489663000000000875e-02
5.713323000000000706e-02
5.971039999999999681e-02
6.209294000000000618e-02
6.405008699999999167e-02
6.589176900000000281e-02
6.780019700000000649e-02
6.973915099999999923e-02
7.170824500000000379e-02
7.361688699999999197e-02
7.592031599999998770e-02
7.841238000000000374e-02
8.071587990000000934e-02
8.290996810000000883e-02
8.509819599999998707e-02
8.723765899999999518e-02
8.932857100000000938e-02
9.156528099999999837e-02
9.352230300000000107e-02
9.550373999999998975e-02
9.774656000000001010e-02
1.002871899999999983e-01
1.025906899999999983e-01
1.051312499999999955e-01
1.077023899999999812e-01
1.106805400000000078e-01
1.134277399999999991e-01
1.163634599999999880e-01
1.193841999999999820e-01
1.223320599999999925e-01
1.252070000000000127e-01
1.277415100000000026e-01
1.304036100000000031e-01
1.331569599999999909e-01
1.358190600000000192e-01
1.386515499999999845e-01
1.416296400000000011e-01
1.446200600000000225e-01
1.477199100000000098e-01
1.508135800000000026e-01
1.541199900000000123e-01
1.573899699999999902e-01
1.600278300000000098e-01
1.635045099999999918e-01
1.666770999999999947e-01
1.698139100000000123e-01
1.731441300000000072e-01
1.765536799999999906e-01
1.799092999999999942e-01
1.836289999999999867e-01
1.874278699999999964e-01
1.912383299999999842e-01
1.950066799999999878e-01
1.988420900000000269e-01
2.027081299999999864e-01
2.065675000000000150e-01
2.107181599999999877e-01
2.143409599999999970e-01
2.181764000000000481e-01
2.216102999999999823e-01
2.248738900000000207e-01
2.282412199999999947e-01
2.317419699999999916e-01
2.349267400000000228e-01
2.385189399999999849e-01
2.419593300000000280e-01
2.453448000000000295e-01
2.489306899999999823e-01
2.524012300000000319e-01
2.559144799999999997e-01
2.593543799999999955e-01
2.628673800000000393e-01
2.664234699999999956e-01
2.696870400000000445e-01
2.731218100000000204e-01
2.764274800000000032e-01
2.796251499999999890e-01
2.830345499999999959e-01
2.863109499999999530e-01
2.898483800000000166e-01
2.932454400000000239e-01
2.975371199999999883e-01
3.013959599999999628e-01
3.050189499999999554e-01
3.085989499999999830e-01
3.123125800000000063e-01
3.162690200000000118e-01
3.205173900000000131e-01
3.246322899999999900e-01
3.288321299999999447e-01
3.330805699999999647e-01
3.371962499999999752e-01
3.411764700000000095e-01
3.448542799999999575e-01
3.488172299999999781e-01
3.530835999999999975e-01
3.572040200000000110e-01
3.615262000000000753e-01
3.654890199999999978e-01
3.693843799999999566e-01
3.732017599999999935e-01
3.771218799999999649e-01
3.811699699999999691e-01
3.850543299999999447e-01
3.888227799999999790e-01
3.921595299999999784e-01
3.954173999999999189e-01
3.986743499999999552e-01
4.019328699999999976e-01
4.052327199999999352e-01
4.087035199999999868e-01
4.123561900000000113e-01
4.159060099999999927e-01
4.194190799999999997e-01
4.230780000000000096e-01
4.268829199999999435e-01
4.308334500000000067e-01
4.347230800000000395e-01
4.385279499999999442e-01
4.422297000000000033e-01
4.458403700000000414e-01
4.496021299999999887e-01
4.533460599999999951e-01
4.573520799999999942e-01
