0.000000000000000000e+00
3.038999999999999872e-05
1.823399999999999923e-04
4.315389999999999894e-04
9.542469999999999728e-04
1.878099999999999952e-03
3.111940000000000105e-03
4.236369999999999719e-03
5.287870000000000070e-03
6.345439999999999935e-03
7.530649999999999844e-03
8.782720000000000804e-03
1.018070000000000086e-02
1.183389999999999963e-02
1.362690000000000082e-02
1.581499999999999920e-02
1.836170000000000163e-02
2.144930000000000100e-02
2.499279999999999904e-02
2.817760000000000056e-02
3.153269999999999684e-02
3.573260000000000325e-02
4.059499999999999914e-02
4.560940000000000133e-02
5.102489999999999803e-02
5.685370000000000007e-02
6.276149999999999785e-02
6.911299999999999388e-02
7.582319999999999338e-02
8.189509999999999845e-02
8.735310000000000297e-02
9.362560000000000326e-02
1.000619999999999982e-01
1.064319999999999988e-01
1.133490000000000053e-01
1.212260000000000004e-01
1.289939999999999976e-01
1.357399999999999995e-01
1.421280000000000043e-01
1.493730000000000058e-01
1.566730000000000067e-01
1.637230000000000074e-01
1.711689999999999878e-01
1.783649999999999958e-01
1.850870000000000015e-01
1.917669999999999930e-01
1.991950000000000109e-01
2.076189999999999980e-01
2.161770000000000080e-01
2.244120000000000004e-01
2.334019999999999984e-01
2.414370000000000127e-01
2.482260000000000022e-01
2.560910000000000131e-01
2.654270000000000240e-01
2.752299999999999747e-01
2.830159999999999898e-01
2.934519999999999906e-01
3.023020000000000151e-01
3.117469999999999963e-01
3.202079999999999926e-01
3.297140000000000071e-01
3.403619999999999979e-01
3.514970000000000039e-01
3.608210000000000028e-01
3.706550000000000122e-01
3.803130000000000122e-01
3.929799999999999960e-01
4.041330000000000200e-01
4.130670000000000175e-01
4.212480000000000113e-01
4.292290000000000272e-01
4.371970000000000023e-01
4.451049999999999729e-01
4.524290000000000256e-01
4.608349999999999946e-01
4.689240000000000075e-01
4.771599999999999731e-01
4.865689999999999737e-01
4.957949999999999857e-01
5.044319999999999915e-01
5.140599999999999614e-01
5.248420000000000307e-01
5.347129999999999939e-01
5.448330000000000117e-01
5.536090000000000177e-01
5.623070000000000013e-01
5.713150000000000173e-01
5.797200000000000131e-01
5.884850000000000358e-01
6.011760000000000437e-01
6.109489999999999643e-01
6.196099999999999941e-01
6.287580000000000391e-01
6.381240000000000245e-01
6.470890000000000253e-01
6.570989999999999887e-01
6.657490000000000352e-01
6.739110000000000378e-01
6.821770000000000334e-01
6.907109999999999639e-01
6.978889999999999816e-01
7.050309999999999633e-01
7.124759999999999982e-01
7.200490000000000501e-01
7.277749999999999497e-01
7.359189999999999898e-01
7.441790000000000349e-01
7.518979999999999553e-01
7.603220000000000534e-01
7.695670000000000011e-01
7.784039999999999848e-01
7.885729999999999684e-01
7.990509999999999557e-01
8.085759999999999614e-01
8.182819999999999538e-01
8.260920000000000485e-01
8.339450000000000474e-01
8.418889999999999985e-01
8.498210000000000486e-01
8.573579999999999535e-01
8.650039999999999951e-01
8.730689999999999840e-01
8.798280000000000545e-01
8.864109999999999490e-01
8.933579999999999854e-01
9.005910000000000304e-01
9.079690000000000261e-01
9.153050000000000352e-01
9.226779999999999982e-01
9.306590000000000140e-01
9.390279999999999738e-01
9.463089999999999558e-01
9.530319999999999903e-01
9.593099999999999961e-01
9.658930000000000016e-01
9.728890000000000038e-01
9.807839999999999892e-01
9.882659999999999778e-01
9.965199999999999614e-01
1.004070000000000018e+00
1.011220000000000008e+00
1.018199999999999994e+00
1.024869999999999948e+00
1.031639999999999890e+00
1.038699999999999957e+00
1.045889999999999986e+00
1.052550000000000097e+00
1.059099999999999930e+00
1.065870000000000095e+00
1.074009999999999909e+00
1.080430000000000001e+00
1.086519999999999930e+00
1.092559999999999976e+00
1.098510000000000097e+00
1.104389999999999983e+00
1.110209999999999919e+00
1.116000000000000103e+00
1.122730000000000006e+00
1.128810000000000091e+00
1.134810000000000096e+00
1.140789999999999971e+00
1.146900000000000031e+00
1.153229999999999977e+00
1.159950000000000037e+00
1.166870000000000074e+00
1.175470000000000015e+00
1.182830000000000048e+00
1.189329999999999998e+00
1.195500000000000007e+00
1.201259999999999994e+00
1.207060000000000022e+00
1.212939999999999907e+00
1.218779999999999974e+00
1.224709999999999965e+00
1.230660000000000087e+00
1.236879999999999979e+00
1.243730000000000002e+00
1.249800000000000022e+00
1.255579999999999918e+00
1.261330000000000062e+00
1.267050000000000010e+00
1.272799999999999931e+00
1.278599999999999959e+00
1.284669999999999979e+00
1.291039999999999965e+00
1.297129999999999894e+00
1.302470000000000017e+00
1.307900000000000063e+00
1.313970000000000082e+00
1.319399999999999906e+00
1.324270000000000058e+00
1.329010000000000025e+00
1.333650000000000002e+00
1.338219999999999965e+00
1.342859999999999943e+00
1.347569999999999935e+00
1.352379999999999916e+00
1.357240000000000002e+00
1.362470000000000070e+00
1.367180000000000062e+00
