0.000000000000000000e+00
-1.215600000000000017e-05
-2.431200000000000033e-05
9.117010000000000316e-05
5.044749999999999972e-04
1.397940000000000077e-03
2.771570000000000110e-03
4.151280000000000248e-03
5.324340000000000322e-03
6.722279999999999749e-03
8.411959999999999577e-03
1.046030000000000050e-02
1.286110000000000031e-02
1.557189999999999963e-02
1.839210000000000150e-02
2.103599999999999914e-02
2.294449999999999962e-02
2.431809999999999874e-02
2.568569999999999881e-02
2.719910000000000036e-02
2.883410000000000140e-02
3.016519999999999965e-02
3.134429999999999855e-02
3.245050000000000018e-02
3.348369999999999819e-02
3.453520000000000201e-02
3.572650000000000131e-02
3.701510000000000217e-02
3.843119999999999870e-02
3.991429999999999978e-02
4.149459999999999954e-02
4.322680000000000272e-02
4.506240000000000245e-02
4.700730000000000186e-02
4.892189999999999733e-02
5.114640000000000158e-02
5.284830000000000083e-02
5.400309999999999833e-02
5.517620000000000163e-02
5.642819999999999780e-02
5.774109999999999659e-02
5.923019999999999674e-02
6.071320000000000189e-02
6.229959999999999665e-02
6.406829999999999470e-02
6.590989999999999349e-02
6.745370000000000532e-02
6.884560000000000679e-02
7.017669999999999464e-02
7.163540000000000185e-02
7.310020000000000406e-02
7.462580000000000602e-02
7.631549999999999445e-02
7.823610000000000286e-02
8.028440000000000576e-02
8.245429999999999426e-02
8.480640000000000400e-02
8.716469999999999774e-02
8.961420000000000496e-02
9.227630000000000554e-02
9.482300000000000451e-02
9.747909999999999908e-02
9.972799999999999720e-02
1.016969999999999957e-01
1.036419999999999980e-01
1.054900000000000004e-01
1.071550000000000002e-01
1.088019999999999959e-01
1.104429999999999995e-01
1.121090000000000003e-01
1.135739999999999944e-01
1.149659999999999987e-01
1.163570000000000021e-01
1.177490000000000064e-01
1.191289999999999988e-01
1.204970000000000069e-01
1.218459999999999960e-01
1.231769999999999948e-01
1.245020000000000016e-01
1.258209999999999884e-01
1.271279999999999910e-01
1.284279999999999866e-01
1.297169999999999990e-01
1.310240000000000016e-01
1.323179999999999912e-01
1.336130000000000095e-01
1.349069999999999991e-01
1.362019999999999897e-01
1.375089999999999923e-01
1.388220000000000010e-01
1.401409999999999878e-01
1.414839999999999987e-01
1.428580000000000128e-01
1.442680000000000073e-01
1.457320000000000004e-01
1.472759999999999903e-01
1.486800000000000066e-01
1.501389999999999947e-01
1.517979999999999885e-01
1.530749999999999889e-01
1.540289999999999992e-01
1.551049999999999929e-01
1.563990000000000102e-01
1.578700000000000103e-01
1.594569999999999876e-01
1.611829999999999929e-01
1.630240000000000022e-01
1.649509999999999865e-01
1.668840000000000046e-01
1.686280000000000001e-01
1.697770000000000112e-01
1.709680000000000089e-01
1.722930000000000017e-01
1.737519999999999898e-01
1.753570000000000129e-01
1.770950000000000024e-01
1.789550000000000030e-01
1.805470000000000130e-01
1.821699999999999986e-01
1.835799999999999932e-01
1.850330000000000030e-01
1.865040000000000031e-01
1.879379999999999939e-01
1.893849999999999978e-01
1.909160000000000024e-01
1.925570000000000059e-01
1.943809999999999982e-01
1.960399999999999920e-01
1.976509999999999934e-01
1.993649999999999867e-01
2.012059999999999960e-01
2.026529999999999998e-01
2.039410000000000112e-01
2.053149999999999975e-01
2.068220000000000058e-01
2.083969999999999989e-01
2.100859999999999950e-01
2.119459999999999955e-01
2.140249999999999930e-01
2.164260000000000073e-01
2.193009999999999959e-01
2.226920000000000011e-01
2.266189999999999871e-01
2.294019999999999948e-01
2.316630000000000078e-01
2.337359999999999993e-01
2.358939999999999926e-01
2.381240000000000023e-01
2.405920000000000003e-01
2.433089999999999975e-01
2.463899999999999979e-01
2.487179999999999946e-01
2.508699999999999819e-01
2.531189999999999829e-01
2.556109999999999771e-01
2.583579999999999766e-01
2.614879999999999982e-01
2.649159999999999848e-01
2.679980000000000140e-01
2.714559999999999751e-01
2.743979999999999753e-01
2.775580000000000269e-01
2.804820000000000091e-01
2.834300000000000153e-01
2.863780000000000214e-01
2.893499999999999961e-01
2.922609999999999930e-01
2.954149999999999832e-01
2.984419999999999851e-01
3.013350000000000195e-01
3.041619999999999879e-01
3.069450000000000234e-01
3.097349999999999826e-01
3.124279999999999835e-01
3.151630000000000265e-01
3.179409999999999736e-01
3.206030000000000268e-01
3.234170000000000100e-01
3.263530000000000042e-01
3.293789999999999774e-01
3.324179999999999913e-01
3.357010000000000272e-01
3.392260000000000275e-01
3.430489999999999928e-01
3.461549999999999905e-01
3.495400000000000174e-01
3.528830000000000022e-01
3.553569999999999784e-01
3.579039999999999999e-01
3.606509999999999994e-01
3.635260000000000158e-01
3.664669999999999872e-01
3.694029999999999814e-01
3.722900000000000098e-01
3.751950000000000007e-01
3.782949999999999924e-01
3.811209999999999876e-01
3.839299999999999935e-01
3.868229999999999724e-01
3.898190000000000266e-01
3.930469999999999797e-01
