0.000000000000000000e+00
0.000000000000000000e+00
-6.078009999999999935e-06
-6.078009999999999935e-06
-1.215600000000000017e-05
-1.823399999999999855e-05
-3.038999999999999872e-05
-3.646799999999999711e-05
-4.254610000000000249e-05
-6.078009999999999766e-05
-7.293610000000000121e-05
-7.901410000000000638e-05
-9.724809999999999477e-05
-1.154820000000000033e-04
-1.276379999999999865e-04
-1.519500000000000072e-04
-1.701840000000000091e-04
-1.823399999999999923e-04
-2.066520000000000130e-04
-2.309640000000000065e-04
-2.491980000000000085e-04
-2.674320000000000104e-04
-2.917439999999999769e-04
-3.099779999999999788e-04
-3.342899999999999995e-04
-3.646799999999999846e-04
-3.829139999999999866e-04
-4.072270000000000230e-04
-4.315389999999999894e-04
-4.497729999999999914e-04
-4.862409999999999953e-04
-5.166310000000000346e-04
-5.591770000000000030e-04
-5.591770000000000030e-04
-5.895670000000000424e-04
-6.199569999999999734e-04
-6.503470000000000127e-04
-6.807370000000000521e-04
-7.111269999999999831e-04
-7.354389999999999495e-04
-7.597510000000000244e-04
-7.901409999999999554e-04
-8.205309999999999947e-04
-8.509210000000000341e-04
-8.813109999999999651e-04
-9.056230000000000399e-04
-9.360129999999999709e-04
-9.664030000000000103e-04
-9.967929999999999412e-04
-1.027179999999999933e-03
-1.051499999999999917e-03
-1.081890000000000065e-03
-1.112279999999999996e-03
-1.142669999999999927e-03
-1.173060000000000075e-03
-1.203450000000000006e-03
-1.233839999999999937e-03
-1.264230000000000085e-03
-1.294620000000000016e-03
-1.325009999999999947e-03
-1.355400000000000094e-03
-1.379709999999999921e-03
-1.416179999999999956e-03
-1.446570000000000104e-03
-1.428330000000000008e-03
-1.501270000000000078e-03
-1.531660000000000009e-03
-1.555970000000000053e-03
-1.592440000000000088e-03
-1.647140000000000062e-03
-1.647140000000000062e-03
-1.683610000000000098e-03
-1.714000000000000029e-03
-1.744389999999999960e-03
-1.768700000000000003e-03
-1.799089999999999934e-03
-1.823399999999999977e-03
-1.865949999999999900e-03
-1.890259999999999944e-03
-1.878099999999999952e-03
-1.951040000000000023e-03
-1.975349999999999849e-03
-2.005740000000000214e-03
-2.030049999999999823e-03
-2.054369999999999807e-03
-2.084760000000000172e-03
-2.115150000000000103e-03
-2.102989999999999894e-03
-2.169850000000000077e-03
-2.303560000000000069e-03
-2.321800000000000166e-03
-2.340029999999999888e-03
-2.352190000000000097e-03
-2.370419999999999819e-03
-2.340029999999999888e-03
-2.400810000000000183e-03
-2.419049999999999846e-03
-2.437280000000000002e-03
-2.352190000000000097e-03
-2.479830000000000142e-03
-2.504140000000000185e-03
-2.528449999999999795e-03
-2.516299999999999960e-03
-2.540610000000000004e-03
-2.613540000000000134e-03
-2.729029999999999911e-03
-2.765489999999999789e-03
-2.759419999999999842e-03
-2.771570000000000110e-03
-2.783729999999999885e-03
-2.753339999999999954e-03
-2.777649999999999997e-03
-2.820200000000000137e-03
-2.832349999999999972e-03
-2.856660000000000015e-03
-2.874900000000000112e-03
-2.899210000000000155e-03
-2.887049999999999946e-03
-2.899210000000000155e-03
-3.020769999999999879e-03
-3.032930000000000088e-03
-3.039000000000000035e-03
-3.045079999999999922e-03
-3.051159999999999810e-03
-3.093709999999999950e-03
-3.111940000000000105e-03
-3.184880000000000176e-03
-3.197030000000000011e-03
-3.245660000000000038e-03
-3.257809999999999873e-03
-3.257809999999999873e-03
-3.276049999999999969e-03
-3.282119999999999916e-03
-3.239580000000000150e-03
-3.251729999999999985e-03
-3.312509999999999847e-03
-3.440149999999999892e-03
-3.452310000000000101e-03
-3.446230000000000213e-03
-3.361139999999999874e-03
-3.470539999999999823e-03
-3.421920000000000170e-03
-3.452310000000000101e-03
-3.525239999999999797e-03
-3.507010000000000075e-03
-3.519169999999999850e-03
-3.525239999999999797e-03
-3.543479999999999894e-03
-3.616410000000000024e-03
-3.579950000000000146e-03
-3.598179999999999868e-03
-3.640730000000000008e-03
-3.610340000000000077e-03
-3.756209999999999844e-03
-3.762290000000000165e-03
-3.780519999999999887e-03
-3.731899999999999801e-03
-3.737970000000000181e-03
-3.744050000000000069e-03
-3.768360000000000112e-03
-3.780519999999999887e-03
-3.786600000000000209e-03
-3.798750000000000043e-03
-3.920319999999999708e-03
-3.883849999999999889e-03
-3.877770000000000002e-03
-3.877770000000000002e-03
-3.938549999999999864e-03
-3.914240000000000254e-03
-3.920309999999999767e-03
-3.914240000000000254e-03
-3.932470000000000410e-03
-4.005410000000000047e-03
-4.005410000000000047e-03
-3.999329999999999725e-03
-4.041880000000000299e-03
-4.047949999999999812e-03
-4.047949999999999812e-03
-4.041880000000000299e-03
-4.023640000000000203e-03
-3.926390000000000088e-03
-4.047949999999999812e-03
-4.066189999999999909e-03
-4.108729999999999674e-03
-4.102660000000000161e-03
-4.096579999999999840e-03
-4.102660000000000161e-03
-4.163440000000000023e-03
-4.120890000000000317e-03
-4.120890000000000317e-03
-4.114809999999999995e-03
-4.181670000000000179e-03
-4.163440000000000023e-03
-4.224219999999999885e-03
-4.205979999999999788e-03
-4.163440000000000023e-03
-4.145199999999999926e-03
-4.169510000000000403e-03
-4.169510000000000403e-03
-4.272839999999999971e-03
-4.163440000000000023e-03
