0.000000000000000000e+00
6.078009999999999935e-06
1.215598999999999947e-05
3.646799999999999711e-05
7.293609000000000051e-05
7.901410000000000638e-05
7.293610000000000121e-05
1.276380999999999935e-04
1.458719999999999884e-04
1.154820000000000033e-04
1.701840000000000362e-04
2.309640000000000065e-04
2.370420999999999509e-04
2.370419999999999981e-04
2.795879999999999936e-04
1.762620000000000278e-04
2.856659999999999582e-04
3.768359999999999679e-04
3.707589999999999107e-04
4.254609999999999707e-04
4.740849999999999036e-04
5.105529999999999617e-04
5.834899999999998768e-04
5.470209999999999656e-04
6.381909999999998669e-04
6.868149999999999082e-04
7.658289999999999889e-04
8.205309999999999947e-04
8.266089999999999592e-04
9.299349999999998980e-04
9.664029999999999019e-04
1.008948999999999870e-03
1.087962999999999951e-03
1.239913000000000039e-03
1.227757000000000110e-03
1.294612000000000106e-03
1.397938999999999952e-03
1.574206999999999993e-03
1.622828999999999895e-03
1.732230999999999875e-03
1.829479000000000175e-03
1.951038000000000425e-03
2.054371999999999622e-03
2.157688999999999961e-03
2.261018999999999963e-03
2.394746999999999588e-03
2.504137000000000030e-03
2.637856999999999529e-03
2.668257000000000267e-03
2.850590000000000068e-03
3.026840000000000693e-03
3.124089999999999506e-03
3.300360000000000446e-03
3.440149999999999458e-03
3.610330000000000136e-03
3.816979999999999332e-03
4.011480000000000427e-03
4.327529999999999571e-03
4.485560000000000415e-03
4.522029999999999800e-03
4.625360000000000235e-03
4.746930000000000767e-03
4.844160000000000132e-03
4.996120000000000595e-03
5.233170000000000530e-03
5.372960000000000409e-03
5.537059999999999899e-03
5.640400000000000275e-03
5.798430000000000251e-03
5.962529999999999740e-03
6.144870000000000193e-03
6.333290000000000100e-03
6.582489999999999869e-03
6.789129999999999124e-03
7.032260000000000247e-03
7.238910000000001177e-03
7.494180000000000459e-03
7.688679999999999820e-03
8.041210000000001759e-03
8.351189999999997920e-03
8.588230000000000516e-03
8.734089999999999909e-03
8.971129999999999036e-03
9.256809999999998997e-03
9.518160000000001203e-03
9.761290000000000591e-03
1.001047999999999868e-02
1.046632999999999938e-02
1.065473999999999935e-02
1.081885999999999959e-02
1.110451999999999793e-02
1.134763999999999912e-02
1.166976999999999945e-02
1.195543999999999947e-02
1.244169000000000178e-02
1.260578000000000046e-02
1.292184000000000041e-02
1.325613999999999959e-02
1.370590999999999823e-02
1.391864000000000122e-02
1.426509000000000284e-02
1.452037000000000293e-02
1.504914000000000252e-02
1.531049999999999946e-02
1.561441000000000218e-02
1.586971000000000215e-02
1.619184999999999722e-02
1.669624000000000108e-02
1.707917000000000116e-02
1.748643000000000419e-02
1.795441000000000398e-02
1.830696999999999880e-02
1.874456999999999512e-02
1.908491000000000007e-02
1.982650999999999858e-02
2.029448000000000363e-02
2.067737999999999868e-02
2.136416000000000009e-02
2.214823000000000139e-02
2.281683999999999796e-02
2.368600999999999693e-02
2.465238999999999972e-02
2.536961000000000424e-02
2.601385999999999629e-02
2.659129999999999827e-02
2.722335999999999506e-02
2.789807999999999871e-02
2.842074000000000336e-02
2.902854000000000198e-02
2.967895000000000255e-02
3.037792000000000270e-02
3.096139999999999656e-02
3.161168999999999785e-02
3.247477000000000003e-02
3.314947999999999506e-02
3.381202999999999986e-02
3.466891999999999890e-02
3.546513999999999917e-02
3.623708999999999958e-02
3.713050999999999852e-02
3.768967999999999624e-02
3.847377999999999909e-02
3.896606999999999849e-02
3.938552000000000025e-02
4.002967000000000330e-02
4.050385000000000096e-02
4.112992000000000037e-02
4.167689000000000116e-02
4.219959000000000210e-02
4.295931000000000749e-02
4.355498000000000008e-02
4.417500000000000593e-02
4.493478000000000749e-02
4.540871999999999270e-02
4.602871999999999519e-02
4.663056000000000145e-02
4.746917000000000497e-02
4.804069000000000395e-02
4.870917000000000302e-02
4.942645000000001065e-02
5.044745999999999259e-02
5.146245999999998766e-02
5.220400000000000040e-02
5.278131999999999963e-02
5.362624999999999337e-02
5.423407999999999007e-02
5.484188999999999731e-02
5.557122999999999924e-02
5.640991000000000061e-02
5.716370000000001173e-02
5.798424000000000633e-02
5.873184999999999517e-02
5.954616000000000076e-02
6.034853999999999219e-02
6.115084999999999965e-02
6.191056000000000337e-02
6.269463999999999593e-02
6.342398000000000480e-02
6.428709000000000506e-02
6.518668000000001073e-02
6.630497999999999947e-02
6.700403000000000608e-02
6.779411999999999938e-02
6.858422000000000129e-02
6.944122999999999268e-02
7.035305999999999504e-02
7.120999999999999552e-02
7.209135999999999322e-02
7.313664000000000276e-02
7.434005999999999947e-02
7.525795999999998487e-02
7.621212000000000819e-02
7.715419999999999223e-02
7.817523999999999307e-02
7.939700000000000923e-02
8.083135999999999100e-02
8.201052000000000342e-02
8.306196000000000412e-02
8.410145999999998900e-02
8.490974999999999218e-02
8.623484999999998790e-02
