0.000000000000000000e+00
6.685809999999999605e-05
5.591770000000000030e-04
2.030049999999999823e-03
4.971810000000000118e-03
9.080539999999999792e-03
1.358430000000000054e-02
1.863520000000000107e-02
2.368599999999999872e-02
2.891919999999999907e-02
3.347159999999999719e-02
3.747700000000000337e-02
4.179240000000000038e-02
4.560940000000000133e-02
4.901309999999999695e-02
5.244109999999999744e-02
5.627630000000000132e-02
6.096239999999999992e-02
6.497390000000000110e-02
6.856600000000000195e-02
7.238909999999999789e-02
7.636410000000000420e-02
8.061260000000000647e-02
8.515290000000000359e-02
8.995450000000000668e-02
9.521809999999999996e-02
1.002200000000000035e-01
1.047059999999999935e-01
1.091789999999999983e-01
1.137679999999999941e-01
1.181630000000000041e-01
1.224959999999999938e-01
1.270179999999999920e-01
1.317530000000000090e-01
1.364819999999999922e-01
1.406999999999999917e-01
1.442309999999999981e-01
1.480789999999999884e-01
1.518650000000000000e-01
1.557669999999999888e-01
1.597059999999999869e-01
1.633459999999999912e-01
1.668900000000000106e-01
1.704090000000000049e-01
1.739340000000000053e-01
1.774600000000000066e-01
1.809000000000000052e-01
1.841820000000000124e-01
1.874339999999999895e-01
1.906909999999999994e-01
1.939609999999999945e-01
1.972440000000000027e-01
2.004279999999999951e-01
2.036380000000000134e-01
2.069139999999999868e-01
2.103720000000000034e-01
2.139280000000000070e-01
2.177749999999999964e-01
2.214399999999999979e-01
2.248259999999999981e-01
2.282289999999999874e-01
2.317849999999999910e-01
2.354739999999999889e-01
2.394070000000000087e-01
2.432900000000000063e-01
2.468700000000000061e-01
2.504379999999999939e-01
2.541820000000000190e-01
2.578409999999999869e-01
2.612869999999999915e-01
2.647149999999999781e-01
2.683499999999999774e-01
2.724889999999999812e-01
2.767379999999999840e-01
2.808829999999999938e-01
2.845719999999999916e-01
2.879880000000000217e-01
2.912890000000000201e-01
2.949720000000000120e-01
2.986610000000000098e-01
3.024839999999999751e-01
3.062340000000000062e-01
3.100939999999999808e-01
3.141300000000000203e-01
3.184690000000000021e-01
3.226570000000000271e-01
3.258659999999999890e-01
3.291419999999999901e-01
3.323639999999999928e-01
3.357490000000000197e-01
3.393229999999999857e-01
3.431219999999999826e-01
3.467259999999999787e-01
3.499050000000000216e-01
3.534059999999999979e-01
3.572899999999999965e-01
3.615140000000000020e-01
3.654649999999999843e-01
3.695430000000000104e-01
3.733540000000000192e-01
3.774440000000000017e-01
3.819969999999999755e-01
3.871629999999999794e-01
3.913690000000000224e-01
3.953499999999999792e-01
3.991609999999999880e-01
4.028439999999999799e-01
4.064119999999999955e-01
4.099369999999999958e-01
4.134499999999999842e-01
4.169820000000000193e-01
4.204829999999999957e-01
4.240809999999999858e-01
4.279100000000000126e-01
4.320129999999999804e-01
4.358480000000000132e-01
4.395919999999999828e-01
4.434879999999999933e-01
4.476700000000000124e-01
4.521490000000000231e-01
4.560879999999999934e-01
4.597649999999999793e-01
4.636970000000000258e-01
4.673320000000000252e-01
4.710579999999999767e-01
4.752089999999999925e-01
4.791779999999999928e-01
4.833720000000000239e-01
4.877119999999999789e-01
4.919720000000000204e-01
4.958919999999999995e-01
4.996180000000000065e-01
5.034539999999999571e-01
5.073250000000000259e-01
5.112700000000000022e-01
5.155849999999999600e-01
5.202470000000000150e-01
5.253039999999999932e-01
5.301540000000000141e-01
5.344879999999999631e-01
5.386819999999999942e-01
5.429239999999999622e-01
5.473000000000000087e-01
5.519009999999999749e-01
5.566299999999999581e-01
5.612920000000000131e-01
5.655040000000000067e-01
5.692720000000000002e-01
5.729070000000000551e-01
5.765289999999999582e-01
5.800300000000000455e-01
5.834890000000000354e-01
5.869109999999999605e-01
5.903080000000000549e-01
5.937240000000000295e-01
5.971889999999999699e-01
6.007439999999999447e-01
6.042819999999999858e-01
6.079529999999999657e-01
6.116730000000000222e-01
6.157019999999999715e-01
6.196159999999999446e-01
6.225699999999999568e-01
6.254939999999999944e-01
6.285939999999999861e-01
6.318510000000000515e-01
6.352130000000000276e-01
6.387739999999999529e-01
6.425910000000000233e-01
6.466150000000000508e-01
6.505469999999999864e-01
6.547230000000000549e-01
6.594149999999999734e-01
6.643689999999999873e-01
6.689939999999999776e-01
6.733580000000000121e-01
6.773759999999999781e-01
6.809309999999999530e-01
6.846510000000000096e-01
6.883219999999999894e-01
6.920119999999999605e-01
6.959199999999999831e-01
7.001439999999999886e-01
7.046719999999999651e-01
7.096259999999999790e-01
7.149990000000000512e-01
7.203110000000000346e-01
7.249910000000000521e-01
7.290870000000000406e-01
7.333420000000000494e-01
7.375239999999999574e-01
7.412739999999999885e-01
7.450299999999999701e-01
7.487979999999999636e-01
7.525910000000000100e-01
7.564750000000000085e-01
7.606319999999999748e-01
7.645769999999999511e-01
7.682360000000000300e-01
7.717789999999999928e-01
7.754020000000000357e-01
