0.000000000000000000e+00
0.000000000000000000e+00
-1.215600000000000017e-05
-3.646799999999999711e-05
-6.078009999999999766e-05
-9.724809999999999477e-05
-1.337160000000000052e-04
-1.519500000000000072e-04
-1.641059999999999904e-04
-1.641059999999999904e-04
-1.337160000000000052e-04
-6.078009999999999766e-05
4.862410000000000088e-05
2.005739999999999943e-04
3.403680000000000182e-04
4.983970000000000327e-04
7.172049999999999476e-04
1.008949999999999994e-03
1.385790000000000025e-03
1.884180000000000056e-03
2.473749999999999821e-03
3.160560000000000192e-03
3.920319999999999708e-03
4.759079999999999734e-03
5.646469999999999788e-03
6.576399999999999607e-03
7.445560000000000372e-03
8.077670000000000336e-03
8.734099999999999850e-03
9.572860000000000744e-03
1.055749999999999918e-02
1.157859999999999966e-02
1.262399999999999980e-02
1.366939999999999995e-02
1.475740000000000038e-02
1.586970000000000047e-02
1.705490000000000131e-02
1.818540000000000087e-02
1.921869999999999828e-02
2.017290000000000055e-02
2.107850000000000001e-02
2.197810000000000041e-02
2.295660000000000062e-02
2.397770000000000110e-02
2.502920000000000145e-02
2.610499999999999973e-02
2.706539999999999987e-02
2.804390000000000008e-02
2.907720000000000096e-02
3.017730000000000065e-02
3.128960000000000075e-02
3.245050000000000018e-02
3.378760000000000097e-02
3.520380000000000037e-02
3.638299999999999867e-02
3.750130000000000130e-02
3.860750000000000293e-02
3.970760000000000262e-02
4.080170000000000324e-02
4.188360000000000000e-02
4.295329999999999981e-02
4.400479999999999670e-02
4.503800000000000164e-02
4.605309999999999959e-02
4.705589999999999773e-02
4.804669999999999774e-02
4.902519999999999795e-02
5.000990000000000296e-02
5.098230000000000123e-02
5.194870000000000043e-02
5.289689999999999670e-02
5.383290000000000297e-02
5.476290000000000324e-02
5.567459999999999770e-02
5.656800000000000023e-02
5.743720000000000075e-02
5.829419999999999741e-02
5.912690000000000307e-02
5.995349999999999985e-02
6.077400000000000163e-02
6.157630000000000048e-02
6.237249999999999739e-02
6.315659999999999330e-02
6.394060000000000021e-02
6.471860000000000113e-02
6.549049999999999316e-02
6.625639999999999308e-02
6.702829999999999899e-02
6.779409999999999603e-02
6.855989999999999307e-02
6.932580000000000686e-02
7.008549999999999502e-02
7.084529999999999994e-02
7.160500000000000198e-02
7.241340000000000277e-02
7.313669999999999893e-02
7.390249999999999597e-02
7.466830000000000689e-02
7.542200000000000293e-02
7.617569999999999897e-02
7.699620000000000075e-02
7.767689999999999317e-02
7.833950000000000635e-02
7.890469999999999429e-02
7.948819999999999497e-02
8.007169999999999566e-02
8.064300000000000634e-02
8.122649999999999315e-02
8.179780000000000384e-02
8.235090000000000465e-02
8.288579999999999559e-02
8.340849999999999653e-02
8.392510000000000248e-02
8.443570000000000242e-02
8.494619999999999949e-02
8.546289999999999443e-02
8.596729999999999650e-02
8.647180000000000144e-02
8.697630000000000638e-02
8.749289999999999845e-02
8.799129999999999452e-02
8.849579999999999946e-02
8.900030000000000441e-02
8.949870000000000048e-02
8.999709999999999654e-02
9.047719999999999374e-02
9.098169999999999868e-02
9.148009999999999475e-02
9.197239999999999582e-02
9.247080000000000577e-02
9.296310000000000684e-02
9.343719999999999803e-02
9.388090000000000324e-02
9.437929999999999930e-02
9.476829999999999976e-02
9.519379999999999509e-02
9.561310000000000642e-02
9.603860000000000174e-02
9.645800000000000207e-02
9.687740000000000240e-02
9.729680000000000273e-02
9.769790000000000418e-02
9.809900000000000564e-02
9.846370000000000122e-02
9.888310000000000155e-02
9.927210000000000201e-02
9.965499999999999359e-02
1.000380000000000019e-01
1.004209999999999964e-01
1.007920000000000066e-01
1.011620000000000019e-01
1.015329999999999983e-01
1.019039999999999946e-01
1.022689999999999988e-01
1.026330000000000020e-01
1.029980000000000062e-01
1.033690000000000025e-01
1.037269999999999998e-01
1.040800000000000058e-01
1.043349999999999972e-01
1.047850000000000031e-01
1.051310000000000022e-01
1.054780000000000023e-01
1.058240000000000014e-01
1.062069999999999959e-01
1.065170000000000006e-01
1.068449999999999955e-01
1.071919999999999956e-01
1.075259999999999966e-01
1.078660000000000035e-01
1.082010000000000055e-01
1.085290000000000005e-01
1.088630000000000014e-01
1.091789999999999983e-01
1.095140000000000002e-01
1.098360000000000031e-01
1.101580000000000059e-01
1.104799999999999949e-01
1.108139999999999958e-01
1.111359999999999987e-01
1.114160000000000011e-01
1.117680000000000062e-01
1.120850000000000041e-01
1.123880000000000018e-01
1.126980000000000065e-01
1.130079999999999973e-01
1.132999999999999979e-01
1.136159999999999948e-01
1.139570000000000027e-01
1.142910000000000037e-01
1.146009999999999945e-01
1.148990000000000011e-01
1.151719999999999966e-01
1.154519999999999991e-01
1.157620000000000038e-01
1.160530000000000034e-01
1.163629999999999942e-01
1.166370000000000046e-01
1.169290000000000052e-01
1.172330000000000039e-01
1.175240000000000035e-01
