0.000000000000000000e+00
0.000000000000000000e+00
-1.215600000000000017e-05
-2.431200000000000033e-05
-4.254610000000000249e-05
-7.293610000000000121e-05
-1.033260000000000065e-04
-1.337160000000000052e-04
-1.701840000000000091e-04
-2.188079999999999962e-04
-2.613539999999999917e-04
-3.039000000000000143e-04
-3.586020000000000201e-04
-4.133049999999999875e-04
-4.680069999999999933e-04
-5.287869999999999637e-04
-5.895670000000000424e-04
-6.442690000000000482e-04
-7.111269999999999831e-04
-7.719069999999999534e-04
-8.326870000000000322e-04
-8.934670000000000025e-04
-9.420910000000000438e-04
-1.015030000000000099e-03
-1.075809999999999961e-03
-1.094039999999999900e-03
-1.185209999999999909e-03
-1.239910000000000101e-03
-1.288539999999999911e-03
-1.325009999999999947e-03
-1.373630000000000033e-03
-1.416179999999999956e-03
-1.446570000000000104e-03
-1.483029999999999982e-03
-1.519500000000000017e-03
-1.549889999999999948e-03
-1.574199999999999992e-03
-1.616749999999999915e-03
-1.647140000000000062e-03
-1.671450000000000106e-03
-1.695759999999999932e-03
-1.720079999999999916e-03
-1.744389999999999960e-03
-1.762619999999999899e-03
-1.780859999999999995e-03
-1.799089999999999934e-03
-1.811249999999999926e-03
-1.823399999999999977e-03
-1.841640000000000074e-03
-1.853789999999999908e-03
-1.865949999999999900e-03
-1.872030000000000005e-03
-1.872030000000000005e-03
-1.878099999999999952e-03
-1.872030000000000005e-03
-1.878099999999999952e-03
-1.872030000000000005e-03
-1.865949999999999900e-03
-1.859870000000000013e-03
-1.853789999999999908e-03
-1.841640000000000074e-03
-1.835559999999999969e-03
-1.829480000000000082e-03
-1.823399999999999977e-03
-1.774780000000000107e-03
-1.805170000000000038e-03
-1.799089999999999934e-03
-1.793010000000000046e-03
-1.853789999999999908e-03
-1.835559999999999969e-03
-1.823399999999999977e-03
-1.805170000000000038e-03
-1.750470000000000064e-03
-1.780859999999999995e-03
-1.774780000000000107e-03
-1.780859999999999995e-03
-1.878099999999999952e-03
-1.884180000000000056e-03
-1.865949999999999900e-03
-1.829480000000000082e-03
-1.878099999999999952e-03
-1.878099999999999952e-03
-1.896340000000000048e-03
-1.902419999999999936e-03
-1.914569999999999987e-03
-1.938880000000000031e-03
-1.963200000000000014e-03
-1.951040000000000023e-03
-2.042210000000000032e-03
-2.090830000000000119e-03
-2.115150000000000103e-03
-2.127299999999999938e-03
-2.139460000000000146e-03
-2.169850000000000077e-03
-2.230629999999999939e-03
-2.254939999999999983e-03
-2.315719999999999845e-03
-2.340029999999999888e-03
-2.261019999999999870e-03
-2.394739999999999803e-03
-2.485910000000000029e-03
-2.510220000000000073e-03
-2.491979999999999976e-03
-2.510220000000000073e-03
-2.546689999999999891e-03
-2.607470000000000187e-03
-2.735099999999999858e-03
-2.729029999999999911e-03
-2.753339999999999954e-03
-2.765489999999999789e-03
-2.753339999999999954e-03
-2.777649999999999997e-03
-2.868819999999999790e-03
-2.923520000000000198e-03
-2.941759999999999861e-03
-2.953910000000000129e-03
-2.966069999999999904e-03
-2.966069999999999904e-03
-2.899210000000000155e-03
-3.020769999999999879e-03
-3.154489999999999812e-03
-3.160560000000000192e-03
-3.166640000000000080e-03
-3.166640000000000080e-03
-3.203109999999999898e-03
-3.221340000000000054e-03
-3.190950000000000123e-03
-3.269970000000000081e-03
-3.276049999999999969e-03
-3.324670000000000056e-03
-3.324670000000000056e-03
-3.355059999999999987e-03
-3.367220000000000196e-03
-3.330749999999999943e-03
-3.348980000000000099e-03
-3.367220000000000196e-03
-3.446230000000000213e-03
-3.488779999999999919e-03
-3.476620000000000144e-03
-3.397610000000000127e-03
-3.409759999999999961e-03
-3.458389999999999988e-03
-3.488779999999999919e-03
-3.513089999999999963e-03
-3.507010000000000075e-03
-3.555630000000000162e-03
-3.555630000000000162e-03
-3.561710000000000050e-03
-3.567789999999999937e-03
-3.537400000000000006e-03
-3.555630000000000162e-03
-3.561710000000000050e-03
-3.537400000000000006e-03
-3.573869999999999825e-03
-3.628569999999999799e-03
-3.628569999999999799e-03
-3.604260000000000189e-03
-3.616410000000000024e-03
-3.628569999999999799e-03
-3.622489999999999911e-03
-3.537400000000000006e-03
-3.701509999999999870e-03
-3.707579999999999817e-03
-3.707579999999999817e-03
-3.683270000000000207e-03
-3.683270000000000207e-03
-3.695429999999999982e-03
-3.731899999999999801e-03
-3.725819999999999913e-03
-3.750129999999999957e-03
-3.780519999999999887e-03
-3.810909999999999818e-03
-3.768360000000000112e-03
-3.780519999999999887e-03
-3.774440000000000000e-03
-3.780519999999999887e-03
-3.786600000000000209e-03
-3.798750000000000043e-03
-3.853459999999999958e-03
-3.816990000000000140e-03
-3.725819999999999913e-03
-3.707579999999999817e-03
-3.652879999999999842e-03
-3.847380000000000071e-03
-3.853459999999999958e-03
-3.871690000000000114e-03
-3.908159999999999933e-03
-3.889930000000000210e-03
-3.847380000000000071e-03
-3.847380000000000071e-03
-3.841300000000000183e-03
-3.847380000000000071e-03
-3.853459999999999958e-03
-3.829139999999999974e-03
-3.841300000000000183e-03
-3.841300000000000183e-03
-3.823070000000000027e-03
-3.823070000000000027e-03
-3.841300000000000183e-03
-3.853459999999999958e-03
-3.750129999999999957e-03
