0.000000000000000000e+00
0.000000000000000000e+00
0.000000000000000000e+00
6.078009999999999935e-06
1.823399999999999855e-05
1.823399999999999855e-05
2.431200000000000033e-05
4.254610000000000249e-05
4.862410000000000088e-05
5.470209999999999927e-05
6.685809999999999605e-05
8.509209999999999799e-05
9.724809999999999477e-05
1.154820000000000033e-04
1.397939999999999968e-04
1.580279999999999988e-04
1.823399999999999923e-04
2.188079999999999962e-04
2.431199999999999898e-04
2.735099999999999749e-04
3.039000000000000143e-04
3.403680000000000182e-04
3.889930000000000210e-04
4.193830000000000062e-04
4.619289999999999746e-04
4.983970000000000327e-04
5.470209999999999656e-04
5.956450000000000069e-04
6.442690000000000482e-04
7.050490000000000186e-04
7.536729999999999515e-04
8.083749999999999573e-04
8.691550000000000361e-04
9.299350000000000064e-04
9.907150000000000852e-04
1.057570000000000081e-03
1.118349999999999943e-03
1.185209999999999909e-03
1.258149999999999980e-03
1.331079999999999893e-03
1.410100000000000069e-03
1.483029999999999982e-03
1.568130000000000045e-03
1.647140000000000062e-03
1.726150000000000080e-03
1.811249999999999926e-03
1.902419999999999936e-03
1.993589999999999945e-03
2.084760000000000172e-03
2.175929999999999965e-03
2.273170000000000138e-03
2.370419999999999819e-03
2.479830000000000142e-03
2.577079999999999822e-03
2.680399999999999883e-03
2.777649999999999997e-03
2.874900000000000112e-03
2.984300000000000060e-03
3.099779999999999897e-03
3.160560000000000192e-03
3.197030000000000011e-03
3.239580000000000150e-03
3.288199999999999804e-03
3.373290000000000143e-03
3.446230000000000213e-03
3.525239999999999797e-03
3.610340000000000077e-03
3.701509999999999870e-03
3.792680000000000096e-03
3.902080000000000045e-03
4.017559999999999881e-03
4.133050000000000092e-03
4.254609999999999816e-03
4.382239999999999920e-03
4.522039999999999740e-03
4.661829999999999620e-03
4.807699999999999821e-03
4.947499999999999641e-03
5.099450000000000163e-03
5.251399999999999818e-03
5.409429999999999794e-03
5.573530000000000151e-03
5.725479999999999806e-03
5.895670000000000424e-03
6.065850000000000235e-03
6.236039999999999986e-03
6.406219999999999797e-03
6.618950000000000181e-03
6.758740000000000060e-03
6.941089999999999587e-03
7.129500000000000420e-03
7.311840000000000006e-03
7.506340000000000234e-03
7.694760000000000141e-03
7.956110000000000612e-03
8.083750000000000657e-03
8.284319999999999531e-03
8.490980000000000402e-03
8.582150000000000195e-03
8.800960000000000033e-03
9.031920000000000573e-03
9.262879999999999378e-03
9.542470000000000813e-03
9.743049999999999627e-03
9.980090000000000489e-03
1.023540000000000040e-02
1.048460000000000017e-02
1.073980000000000073e-02
1.098900000000000050e-02
1.125040000000000068e-02
1.154819999999999978e-02
1.174880000000000022e-02
1.202229999999999965e-02
1.228970000000000062e-02
1.294619999999999972e-02
1.326830000000000023e-02
1.348710000000000013e-02
1.397329999999999926e-02
1.455679999999999995e-02
1.509169999999999956e-02
1.578459999999999933e-02
1.655039999999999983e-02
1.705490000000000131e-02
1.749250000000000110e-02
1.788760000000000003e-02
1.831299999999999942e-02
1.879930000000000143e-02
1.920039999999999941e-02
1.964410000000000114e-02
2.009999999999999981e-02
2.057410000000000141e-02
2.090229999999999866e-02
2.138239999999999932e-02
2.191119999999999873e-02
2.239139999999999880e-02
2.288979999999999834e-02
2.367379999999999832e-02
2.422689999999999913e-02
2.471320000000000114e-02
2.517509999999999887e-02
2.561269999999999866e-02
2.608069999999999833e-02
2.642109999999999945e-02
2.680400000000000144e-02
2.721120000000000136e-02
2.749079999999999926e-02
2.789809999999999859e-02
2.828100000000000058e-02
2.867600000000000010e-02
2.909540000000000043e-02
2.946009999999999948e-02
2.980659999999999907e-02
3.021990000000000093e-02
3.056630000000000111e-02
3.093709999999999863e-02
3.128960000000000075e-02
3.171500000000000014e-02
3.201289999999999691e-02
3.235319999999999863e-02
3.275440000000000296e-02
3.311909999999999854e-02
3.350199999999999706e-02
3.387269999999999864e-02
3.423740000000000117e-02
3.464459999999999762e-02
3.490599999999999953e-02
3.524639999999999718e-02
3.562930000000000264e-02
3.606079999999999702e-02
3.646800000000000042e-02
3.689350000000000268e-02
3.729470000000000007e-02
3.775049999999999933e-02
3.816379999999999773e-02
3.854670000000000318e-02
3.895400000000000251e-02
3.936119999999999897e-02
3.970150000000000068e-02
4.012090000000000101e-02
4.056459999999999927e-02
4.109340000000000215e-02
4.143379999999999980e-02
4.174379999999999757e-02
4.216919999999999696e-02
4.263109999999999816e-02
4.309310000000000224e-02
4.356109999999999843e-02
4.406560000000000338e-02
4.459430000000000338e-02
4.509269999999999945e-02
4.557289999999999952e-02
4.611380000000000340e-02
4.664259999999999934e-02
4.728689999999999977e-02
4.807100000000000262e-02
4.892799999999999927e-02
4.954179999999999695e-02
5.009489999999999776e-02
5.061770000000000158e-02
5.104920000000000291e-02
5.169350000000000334e-02
