0.000000000000000000e+00
0.000000000000000000e+00
1.215600000000000017e-05
2.431200000000000033e-05
4.862410000000000088e-05
7.293610000000000121e-05
1.094039999999999981e-04
1.580279999999999988e-04
2.066520000000000130e-04
2.674320000000000104e-04
3.342899999999999995e-04
4.193830000000000062e-04
5.105529999999999617e-04
6.078010000000000444e-04
7.293609999999999850e-04
8.509210000000000341e-04
9.846370000000000122e-04
1.142669999999999927e-03
1.300689999999999963e-03
1.483029999999999982e-03
1.677529999999999993e-03
1.890259999999999944e-03
2.121220000000000050e-03
2.370419999999999819e-03
2.637860000000000118e-03
2.917439999999999877e-03
3.227419999999999942e-03
3.555630000000000162e-03
3.902080000000000045e-03
4.266759999999999650e-03
4.649679999999999785e-03
5.056899999999999590e-03
5.482360000000000358e-03
5.938210000000000190e-03
6.363670000000000090e-03
6.783059999999999611e-03
7.202440000000000057e-03
7.548889999999999940e-03
7.986500000000000543e-03
8.539599999999999622e-03
9.189950000000000549e-03
9.840289999999999801e-03
1.063650000000000012e-02
1.115919999999999933e-02
1.161509999999999973e-02
1.208919999999999960e-02
1.259970000000000014e-02
1.317710000000000062e-02
1.380319999999999984e-02
1.445349999999999933e-02
1.512819999999999963e-02
1.582710000000000020e-02
1.657470000000000124e-02
1.735269999999999868e-02
1.813680000000000153e-02
1.899380000000000165e-02
1.991160000000000152e-02
2.076860000000000164e-02
2.148579999999999934e-02
2.239750000000000074e-02
2.329699999999999827e-02
2.431809999999999874e-02
2.547900000000000165e-02
2.677360000000000156e-02
2.800750000000000114e-02
2.924130000000000132e-02
3.024419999999999886e-02
3.129570000000000268e-02
3.245050000000000018e-02
3.361750000000000155e-02
3.460819999999999869e-02
3.547730000000000328e-02
3.640120000000000161e-02
3.733109999999999901e-02
3.822459999999999747e-02
3.906939999999999719e-02
3.997509999999999952e-02
4.099619999999999653e-02
4.214489999999999903e-02
4.318419999999999898e-02
4.419320000000000193e-02
4.526290000000000174e-02
4.638740000000000224e-02
4.759080000000000255e-02
4.878819999999999685e-02
5.019830000000000125e-02
5.132880000000000081e-02
5.207640000000000186e-02
5.281179999999999902e-02
5.383899999999999797e-02
5.496949999999999753e-02
5.628840000000000232e-02
5.761340000000000211e-02
5.898710000000000064e-02
6.034250000000000030e-02
6.169789999999999996e-02
6.280410000000000159e-02
6.390419999999999434e-02
6.500430000000000097e-02
6.619559999999999333e-02
6.750839999999999619e-02
6.892460000000000253e-02
7.043800000000000061e-02
7.204259999999999831e-02
7.370799999999999574e-02
7.540380000000000693e-02
7.683210000000000039e-02
7.803549999999999376e-02
7.911740000000000439e-02
8.014459999999999640e-02
8.126300000000000190e-02
8.249679999999999513e-02
8.384610000000000674e-02
8.531089999999999507e-02
8.686080000000000190e-02
8.839249999999999885e-02
8.979650000000000132e-02
9.095129999999999881e-02
9.213040000000000118e-02
9.299350000000000671e-02
9.394779999999999798e-02
9.506610000000000060e-02
9.630600000000000271e-02
9.763099999999999556e-02
9.903510000000000091e-02
1.004940000000000000e-01
1.019710000000000061e-01
1.034169999999999950e-01
1.043840000000000046e-01
1.052469999999999933e-01
1.061949999999999977e-01
1.073069999999999996e-01
1.084380000000000066e-01
1.096349999999999963e-01
1.108689999999999953e-01
1.121639999999999998e-01
1.134819999999999995e-01
1.148379999999999956e-01
1.161930000000000046e-01
1.177310000000000023e-01
1.190800000000000053e-01
1.202229999999999965e-01
1.212870000000000059e-01
1.223199999999999982e-01
1.233650000000000024e-01
1.243380000000000041e-01
1.252739999999999965e-01
1.262280000000000069e-01
1.272069999999999868e-01
1.281670000000000031e-01
1.290239999999999998e-01
1.298749999999999905e-01
1.307319999999999871e-01
1.316009999999999958e-01
1.324940000000000007e-01
1.334120000000000028e-01
1.343300000000000050e-01
1.352599999999999913e-01
1.361900000000000055e-01
1.371380000000000099e-01
1.380679999999999963e-01
1.390099999999999947e-01
1.399579999999999991e-01
1.409189999999999887e-01
1.418850000000000111e-01
1.428639999999999910e-01
1.438599999999999879e-01
1.448689999999999978e-01
1.459330000000000072e-01
1.469660000000000133e-01
1.480539999999999912e-01
1.491790000000000060e-01
1.504669999999999896e-01
1.517499999999999960e-01
1.530080000000000051e-01
1.544119999999999937e-01
1.557910000000000128e-01
1.572139999999999926e-01
1.587510000000000032e-01
1.602349999999999886e-01
1.615169999999999939e-01
1.628120000000000123e-01
1.641430000000000111e-01
1.654980000000000062e-01
1.668840000000000046e-01
1.681910000000000072e-01
1.694430000000000103e-01
1.706340000000000079e-01
1.717650000000000010e-01
1.727190000000000114e-01
1.737279999999999935e-01
1.748220000000000052e-01
1.759519999999999973e-01
1.771129999999999927e-01
1.782559999999999978e-01
1.794290000000000052e-01
1.806260000000000088e-01
1.817870000000000041e-01
1.829540000000000055e-01
1.839999999999999969e-01
1.847709999999999908e-01
