0.000000000000000000e+00
1.823400999999999925e-05
5.470209000000001212e-05
9.724819999999998821e-05
1.762621000000000077e-04
2.491979000000000286e-04
3.464458999999999486e-04
5.652539999999999518e-04
7.475950000000000954e-04
9.420909999999999354e-04
1.252070000000000093e-03
1.598522000000000224e-03
1.957116000000000498e-03
2.358266999999999829e-03
2.862740999999999810e-03
3.355063999999999616e-03
3.981094999999999599e-03
4.667911999999999756e-03
5.293942000000000266e-03
5.998995999999999496e-03
6.825605999999999687e-03
7.755532000000000745e-03
8.886049999999999505e-03
1.005909100000000091e-02
1.141450499999999840e-02
1.287930500000000061e-02
1.446565699999999982e-02
1.653823600000000130e-02
1.837990999999999930e-02
2.045860599999999724e-02
2.267708599999999908e-02
2.516293990000000036e-02
2.782515610000000153e-02
3.085193599999999994e-02
3.367824000000000512e-02
3.647409699999999699e-02
3.932469699999999874e-02
4.236979000000000439e-02
4.561541000000000207e-02
4.910427000000001235e-02
5.304280000000000800e-02
5.664701000000000458e-02
6.043964999999999754e-02
6.446942999999999424e-02
6.869973000000001440e-02
7.282675999999999039e-02
7.719678000000000651e-02
8.120223000000000024e-02
8.508605999999999114e-02
8.915214999999999945e-02
9.290843000000000018e-02
9.673140999999998990e-02
1.006031200000000042e-01
1.043655099999999947e-01
1.080852399999999991e-01
1.119873900000000061e-01
1.159866499999999967e-01
1.198705499999999924e-01
1.236389299999999941e-01
1.277841100000000063e-01
1.319839599999999835e-01
1.363723399999999808e-01
1.405722200000000255e-01
1.447597999999999663e-01
1.492394199999999838e-01
1.537675300000000134e-01
1.582471099999999964e-01
1.629027899999999918e-01
1.676436099999999985e-01
1.726458399999999949e-01
1.777269999999999961e-01
1.825287300000000001e-01
1.874340300000000015e-01
1.922720400000000052e-01
1.972189199999999920e-01
2.019357400000000302e-01
2.062757000000000063e-01
2.105913199999999708e-01
2.153863499999999764e-01
2.201094200000000001e-01
2.247891999999999946e-01
2.296268000000000198e-01
2.343434600000000034e-01
2.390784800000000099e-01
2.438925299999999963e-01
2.490588199999999863e-01
2.539144000000000401e-01
2.584249599999999814e-01
2.625696899999999667e-01
2.672315699999999739e-01
2.717479500000000159e-01
2.764580000000000370e-01
2.812236400000000525e-01
2.861765499999999740e-01
2.912217699999999909e-01
2.961268600000000473e-01
3.006180800000000097e-01
3.051162699999999672e-01
3.098806800000000194e-01
3.144819599999999493e-01
3.190953899999999788e-01
3.237575799999999893e-01
3.287781199999999515e-01
3.336523799999999707e-01
3.383200099999999488e-01
3.430366300000000090e-01
3.474493000000000165e-01
3.518071699999999469e-01
3.561405600000000504e-01
3.605473100000000097e-01
3.651914599999999678e-01
3.696824499999999403e-01
3.742108800000000235e-01
3.790000800000000170e-01
3.839176400000000045e-01
3.888765900000000220e-01
3.938181300000000440e-01
3.985955300000000312e-01
4.035132900000000244e-01
4.078826299999999683e-01
4.122291100000000097e-01
4.167389400000000577e-01
4.213765599999999556e-01
4.260687599999999908e-01
4.306392899999999524e-01
4.351185599999999876e-01
4.397743499999999806e-01
4.442414299999999927e-01
4.482836499999999780e-01
4.521553300000000220e-01
4.561547300000000082e-01
4.603485399999999728e-01
4.645057799999999792e-01
4.689365500000000075e-01
4.731725199999999854e-01
4.772999799999999571e-01
4.814693700000000076e-01
4.858582199999999518e-01
4.904404800000000120e-01
4.954849899999999585e-01
5.001525399999999788e-01
5.045658100000000035e-01
5.087475200000001196e-01
5.128802100000000586e-01
5.168853900000000001e-01
5.207038699999999576e-01
5.245743699999999565e-01
5.285315899999999401e-01
5.325858100000000483e-01
5.367969999999999686e-01
5.407421700000000220e-01
5.448508899999999766e-01
5.490393000000000079e-01
5.531597299999999606e-01
5.570610299999999571e-01
5.610242299999999016e-01
5.651933399999999885e-01
5.692533899999999703e-01
5.732656299999999705e-01
5.773497100000000160e-01
5.815860999999998837e-01
5.853849899999999939e-01
5.892382199999999237e-01
5.931235199999999042e-01
5.971642300000000736e-01
6.011154299999998951e-01
6.051133699999999838e-01
6.092405999999999100e-01
6.134837800000000341e-01
6.177746699999999702e-01
6.221687799999999768e-01
6.265883899999999951e-01
6.309577399999999336e-01
6.353167800000000254e-01
6.400447599999998793e-01
6.450101799999999885e-01
6.498597999999999875e-01
6.545961500000000433e-01
6.590310400000000124e-01
6.632203100000000351e-01
6.673284800000000017e-01
6.714859199999999584e-01
6.758254200000001211e-01
6.798552199999999823e-01
6.842257400000000267e-01
6.885056099999999901e-01
6.926443399999998585e-01
6.968928699999999976e-01
7.008129200000000614e-01
7.047085200000000604e-01
7.087941999999999299e-01
7.130416200000000426e-01
7.173747400000001218e-01
7.218243600000000537e-01
7.262064999999999770e-01
7.312815999999999761e-01
7.360831299999999189e-01
7.407629300000000416e-01
7.453088999999999409e-01
7.497047399999999806e-01
7.541952699999998622e-01
