0.000000000000000000e+00
2.431200000000000033e-05
9.724809999999999477e-05
2.188079999999999962e-04
4.376170000000000082e-04
7.658289999999999889e-04
1.227760000000000049e-03
1.920650000000000092e-03
2.741180000000000179e-03
3.829149999999999915e-03
5.135920000000000415e-03
6.546009999999999676e-03
8.339030000000000747e-03
1.050279999999999964e-02
1.320750000000000049e-02
1.676920000000000147e-02
2.065909999999999969e-02
2.485300000000000009e-02
2.956340000000000010e-02
3.473579999999999723e-02
4.010880000000000001e-02
4.551820000000000171e-02
5.088510000000000255e-02
5.637960000000000194e-02
6.184980000000000339e-02
6.736259999999999470e-02
7.306980000000000419e-02
7.891689999999999816e-02
8.440530000000000255e-02
9.000310000000000255e-02
9.557670000000000055e-02
1.009130000000000027e-01
1.064200000000000007e-01
1.117989999999999956e-01
1.169169999999999932e-01
1.220949999999999952e-01
1.271220000000000128e-01
1.321299999999999975e-01
1.371080000000000076e-01
1.421830000000000038e-01
1.473430000000000017e-01
1.524909999999999877e-01
1.572620000000000129e-01
1.618759999999999921e-01
1.666469999999999896e-01
1.715399999999999980e-01
1.767479999999999885e-01
1.820549999999999946e-01
1.875070000000000070e-01
1.932500000000000051e-01
1.993469999999999964e-01
2.051149999999999918e-01
2.107610000000000039e-01
2.166569999999999885e-01
2.220109999999999861e-01
2.274150000000000060e-01
2.329700000000000104e-01
2.387019999999999975e-01
2.444699999999999929e-01
2.503589999999999982e-01
2.567409999999999970e-01
2.632140000000000035e-01
2.695049999999999946e-01
2.758439999999999781e-01
2.822990000000000221e-01
2.886929999999999774e-01
2.949660000000000060e-01
3.011110000000000175e-01
3.073469999999999813e-01
3.137769999999999726e-01
3.200680000000000192e-01
3.262070000000000247e-01
3.324239999999999973e-01
3.386540000000000106e-01
3.449450000000000016e-01
3.511270000000000224e-01
3.573749999999999982e-01
3.635990000000000055e-01
3.700109999999999788e-01
3.763440000000000119e-01
3.824649999999999994e-01
3.885549999999999837e-01
3.946939999999999893e-01
4.007660000000000111e-01
4.067520000000000024e-01
4.125199999999999978e-01
4.185260000000000091e-01
4.250050000000000217e-01
4.317389999999999839e-01
4.387050000000000116e-01
4.460950000000000193e-01
4.533039999999999847e-01
4.598380000000000245e-01
4.664320000000000133e-01
4.729539999999999855e-01
4.794760000000000133e-01
4.860639999999999961e-01
4.923730000000000051e-01
4.987429999999999919e-01
5.050459999999999949e-01
5.115619999999999612e-01
5.182290000000000507e-01
5.250179999999999847e-01
5.321110000000000007e-01
5.398060000000000080e-01
5.469169999999999865e-01
5.537609999999999477e-01
5.607630000000000114e-01
5.674550000000000427e-01
5.739520000000000177e-01
5.803650000000000198e-01
5.867219999999999658e-01
5.931410000000000293e-01
5.996679999999999788e-01
6.060870000000000424e-01
6.124570000000000292e-01
6.184370000000000145e-01
6.242240000000000011e-01
6.302100000000000479e-01
6.363919999999999577e-01
6.426340000000000385e-01
6.489430000000000476e-01
6.553250000000000464e-01
6.617739999999999734e-01
6.685750000000000304e-01
6.751690000000000191e-01
6.818070000000000519e-01
6.883529999999999927e-01
6.949049999999999949e-01
7.016270000000000007e-01
7.079419999999999602e-01
7.144819999999999505e-01
7.211980000000000057e-01
7.280419999999999670e-01
7.346610000000000085e-01
7.414990000000000192e-01
7.487620000000000386e-01
7.547249999999999792e-01
7.609789999999999610e-01
7.674819999999999975e-01
7.739249999999999741e-01
7.803489999999999593e-01
7.867979999999999974e-01
7.929549999999999654e-01
7.994280000000000275e-01
8.055550000000000210e-01
8.119119999999999671e-01
8.183249999999999691e-01
8.245730000000000004e-01
8.309250000000000247e-01
8.377499999999999947e-01
8.443330000000000002e-01
8.505200000000000538e-01
8.568900000000000405e-01
8.632410000000000361e-01
8.695140000000000091e-01
8.756519999999999859e-01
8.815910000000000135e-01
8.876439999999999886e-01
8.938500000000000334e-01
9.001590000000000424e-01
9.068509999999999627e-01
9.131110000000000060e-01
9.197180000000000355e-01
9.264710000000000445e-01
9.335329999999999462e-01
9.404080000000000217e-01
9.474519999999999609e-01
9.541560000000000041e-01
9.606289999999999552e-01
9.671689999999999454e-01
9.737460000000000004e-01
9.813920000000000421e-01
9.882050000000000001e-01
9.949210000000000553e-01
1.001800000000000024e+00
1.008709999999999996e+00
1.015370000000000106e+00
1.022040000000000060e+00
1.028759999999999897e+00
1.035660000000000025e+00
1.042620000000000102e+00
1.051449999999999996e+00
1.059339999999999948e+00
1.066109999999999891e+00
1.072359999999999980e+00
1.078449999999999909e+00
1.084649999999999892e+00
1.090919999999999890e+00
1.097190000000000110e+00
1.103399999999999936e+00
1.109620000000000051e+00
1.115529999999999911e+00
1.121359999999999912e+00
1.127059999999999951e+00
1.132980000000000098e+00
1.139180000000000081e+00
1.145659999999999901e+00
1.151950000000000029e+00
1.157780000000000031e+00
1.163759999999999906e+00
