0.000000000000000000e+00
6.078009999999999935e-06
2.431200000000000033e-05
5.470209999999999927e-05
1.094039999999999981e-04
1.823399999999999923e-04
2.795879999999999936e-04
4.133049999999999875e-04
5.713330000000000405e-04
7.658289999999999889e-04
1.002870000000000107e-03
1.294620000000000016e-03
1.641059999999999958e-03
2.042210000000000032e-03
2.516299999999999960e-03
3.045079999999999922e-03
3.646799999999999955e-03
4.333619999999999833e-03
5.081210000000000067e-03
5.877430000000000328e-03
6.643259999999999790e-03
7.403009999999999799e-03
8.126299999999999496e-03
9.189950000000000549e-03
1.002259999999999956e-02
1.064870000000000053e-02
1.134759999999999935e-02
1.208919999999999960e-02
1.307380000000000000e-02
1.429549999999999918e-02
1.535910000000000053e-02
1.641060000000000088e-02
1.757150000000000031e-02
1.886010000000000117e-02
2.006350000000000147e-02
2.127909999999999871e-02
2.251289999999999888e-02
2.378929999999999934e-02
2.510220000000000160e-02
2.648189999999999919e-02
2.795879999999999893e-02
2.950260000000000035e-02
3.071830000000000047e-02
3.163599999999999746e-02
3.245660000000000212e-02
3.325279999999999903e-02
3.420700000000000129e-02
3.530110000000000192e-02
3.653490000000000210e-02
3.793289999999999856e-02
3.943409999999999971e-02
4.060720000000000302e-02
4.182280000000000025e-02
4.297150000000000275e-02
4.376170000000000060e-02
4.461260000000000225e-02
4.562150000000000233e-02
4.679459999999999870e-02
4.813780000000000142e-02
4.933520000000000266e-02
5.045349999999999835e-02
5.162660000000000166e-02
5.277529999999999721e-02
5.375390000000000029e-02
5.477499999999999730e-02
5.588730000000000087e-02
5.709070000000000117e-02
5.826989999999999947e-02
5.941250000000000003e-02
6.059169999999999834e-02
6.179509999999999864e-02
6.294389999999999707e-02
6.408039999999999570e-02
6.524739999999999707e-02
6.648729999999999918e-02
6.779409999999999603e-02
6.915559999999999763e-02
7.043199999999999461e-02
7.187240000000000295e-02
7.312449999999999506e-02
7.442519999999999691e-02
7.579279999999999351e-02
7.723320000000000185e-02
7.872840000000000393e-02
8.010810000000000153e-02
8.127510000000000290e-02
8.246030000000000026e-02
8.369419999999999638e-02
8.473959999999999826e-02
8.556619999999999504e-02
8.648999999999999744e-02
8.752329999999999832e-02
8.865989999999999982e-02
8.986940000000000206e-02
9.112149999999999417e-02
9.241000000000000603e-02
9.404500000000000359e-02
9.563750000000000029e-02
9.691379999999999439e-02
9.813550000000000051e-02
9.923559999999999326e-02
1.002750000000000030e-01
1.013079999999999953e-01
1.023349999999999954e-01
1.033810000000000007e-01
1.044510000000000022e-01
1.055510000000000059e-01
1.066509999999999958e-01
1.078000000000000069e-01
1.090089999999999948e-01
1.102790000000000020e-01
1.112090000000000023e-01
1.123640000000000055e-01
1.133969999999999978e-01
1.144180000000000058e-01
1.151780000000000026e-01
1.160530000000000034e-01
1.169469999999999954e-01
1.178339999999999943e-01
1.186790000000000067e-01
1.195299999999999974e-01
1.204169999999999963e-01
1.213230000000000003e-01
1.222410000000000024e-01
1.231710000000000027e-01
1.240639999999999937e-01
1.249460000000000015e-01
1.258269999999999944e-01
1.267139999999999933e-01
1.275040000000000062e-01
1.282220000000000026e-01
1.289389999999999981e-01
1.296440000000000092e-01
1.303729999999999889e-01
1.311029999999999973e-01
1.318320000000000047e-01
1.325739999999999974e-01
1.333270000000000011e-01
1.340870000000000117e-01
1.348650000000000126e-01
1.356549999999999978e-01
1.364569999999999950e-01
1.372780000000000111e-01
1.381169999999999898e-01
1.389799999999999924e-01
1.398669999999999913e-01
1.407789999999999875e-01
1.417390000000000039e-01
1.425480000000000080e-01
1.433740000000000014e-01
1.442190000000000139e-01
1.451000000000000068e-01
1.460239999999999871e-01
1.469779999999999975e-01
1.479689999999999894e-01
1.489840000000000053e-01
1.500049999999999994e-01
1.508990000000000054e-01
1.516160000000000008e-01
1.522779999999999967e-01
1.531540000000000123e-01
1.539800000000000058e-01
1.548430000000000084e-01
1.557310000000000083e-01
1.566480000000000095e-01
1.575910000000000089e-01
1.585509999999999975e-01
1.595290000000000041e-01
1.605320000000000080e-01
1.615600000000000092e-01
1.626170000000000115e-01
1.637049999999999894e-01
1.648290000000000033e-01
1.659899999999999987e-01
1.670659999999999923e-01
1.681060000000000054e-01
1.692059999999999953e-01
1.701419999999999877e-01
1.710349999999999926e-01
1.719410000000000105e-01
1.728770000000000029e-01
1.738429999999999975e-01
1.748339999999999894e-01
1.758059999999999901e-01
1.767970000000000097e-01
1.779580000000000051e-01
1.788639999999999952e-01
1.797809999999999964e-01
1.807840000000000003e-01
1.817390000000000116e-01
1.827169999999999905e-01
1.837560000000000027e-01
1.846679999999999988e-01
1.853970000000000062e-01
1.861210000000000087e-01
1.868990000000000096e-01
1.877070000000000127e-01
1.885219999999999951e-01
1.893600000000000005e-01
1.902109999999999912e-01
1.910860000000000058e-01
