0.000000000000000000e+00
0.000000000000000000e+00
6.078009999999999935e-06
1.823399999999999855e-05
3.646799999999999711e-05
4.862410000000000088e-05
7.293610000000000121e-05
1.094039999999999981e-04
1.519500000000000072e-04
1.944960000000000027e-04
2.491980000000000085e-04
3.160559999999999975e-04
3.889930000000000210e-04
4.680069999999999933e-04
5.591770000000000030e-04
6.564249999999999773e-04
7.597510000000000244e-04
8.813109999999999651e-04
1.002870000000000107e-03
1.130509999999999935e-03
1.276379999999999919e-03
1.428330000000000008e-03
1.604589999999999923e-03
1.768700000000000003e-03
1.951040000000000023e-03
2.145540000000000034e-03
2.352190000000000097e-03
2.570999999999999935e-03
2.808039999999999928e-03
3.039000000000000035e-03
3.197030000000000011e-03
3.361139999999999874e-03
3.531320000000000119e-03
3.707579999999999817e-03
3.920309999999999767e-03
4.157359999999999702e-03
4.418710000000000172e-03
4.716530000000000028e-03
5.038670000000000301e-03
5.379039999999999863e-03
5.743719999999999902e-03
6.126630000000000097e-03
6.546009999999999676e-03
6.983630000000000219e-03
7.445560000000000372e-03
7.931799999999999268e-03
8.442349999999999507e-03
8.977219999999999298e-03
9.530320000000000111e-03
1.025359999999999987e-02
1.108020000000000012e-02
1.170019999999999914e-02
1.237480000000000004e-02
1.317100000000000042e-02
1.407060000000000081e-02
1.505519999999999949e-02
1.630119999999999833e-02
1.732840000000000075e-02
1.822189999999999921e-02
1.906669999999999893e-02
1.993589999999999945e-02
2.087800000000000072e-02
2.187479999999999980e-02
2.288979999999999834e-02
2.392909999999999829e-02
2.500490000000000004e-02
2.609289999999999873e-02
2.711399999999999921e-02
2.815329999999999916e-02
2.923519999999999938e-02
3.048729999999999843e-02
3.179409999999999875e-02
3.297930000000000306e-02
3.414620000000000155e-02
3.532539999999999986e-02
3.647410000000000235e-02
3.764109999999999678e-02
3.872910000000000241e-02
4.003580000000000333e-02
4.160400000000000209e-02
4.303230000000000249e-02
4.426009999999999667e-02
4.542100000000000304e-02
4.656969999999999860e-02
4.770630000000000009e-02
4.884890000000000065e-02
4.997950000000000309e-02
5.118290000000000339e-02
5.275099999999999928e-02
5.404559999999999920e-02
5.520649999999999863e-02
5.633099999999999913e-02
5.747970000000000163e-02
5.865279999999999799e-02
5.983190000000000036e-02
6.097459999999999686e-02
6.221449999999999897e-02
6.349090000000000289e-02
6.481589999999999574e-02
6.619559999999999333e-02
6.762390000000000068e-02
6.908870000000000289e-02
7.075410000000000033e-02
7.228569999999999440e-02
7.397539999999999671e-02
7.566509999999999903e-02
7.737299999999999733e-02
7.907490000000000352e-02
8.033300000000000163e-02
8.160939999999999861e-02
8.303770000000000595e-02
8.447820000000000329e-02
8.607069999999999999e-02
8.773599999999999455e-02
8.946220000000000561e-02
9.124909999999999966e-02
9.308470000000000633e-02
9.495670000000000499e-02
9.659170000000000256e-02
9.811730000000000451e-02
9.978270000000000195e-02
1.015329999999999983e-01
1.033629999999999965e-01
1.052710000000000035e-01
1.071550000000000002e-01
1.089060000000000028e-01
1.108569999999999972e-01
1.127959999999999935e-01
1.147040000000000004e-01
1.166490000000000027e-01
1.186610000000000026e-01
1.207339999999999941e-01
1.227700000000000041e-01
1.249210000000000043e-01
1.269270000000000120e-01
1.290910000000000113e-01
1.310479999999999978e-01
1.329440000000000066e-01
1.348040000000000072e-01
1.366149999999999864e-01
1.384140000000000092e-01
1.401949999999999863e-01
1.418850000000000111e-01
1.436050000000000104e-01
1.453190000000000037e-01
1.469660000000000133e-01
1.485889999999999989e-01
1.501629999999999909e-01
1.517249999999999988e-01
1.533239999999999881e-01
1.548430000000000084e-01
1.564180000000000015e-01
1.580400000000000138e-01
1.596210000000000129e-01
1.612010000000000109e-01
1.628239999999999965e-01
1.644589999999999941e-01
1.659779999999999867e-01
1.675649999999999917e-01
1.691749999999999921e-01
1.707799999999999874e-01
1.724030000000000007e-01
1.740440000000000043e-01
1.757090000000000041e-01
1.774290000000000034e-01
1.790579999999999949e-01
1.808629999999999960e-01
1.825829999999999953e-01
1.842370000000000119e-01
1.857739999999999947e-01
1.872149999999999925e-01
1.887649999999999884e-01
1.903569999999999984e-01
1.918640000000000068e-01
1.934510000000000118e-01
1.950129999999999919e-01
1.965379999999999905e-01
1.979849999999999943e-01
1.994070000000000009e-01
2.008840000000000070e-01
2.023129999999999928e-01
2.038689999999999947e-01
2.053520000000000068e-01
2.068349999999999911e-01
2.083780000000000077e-01
2.098069999999999935e-01
2.112469999999999903e-01
2.127060000000000062e-01
2.142010000000000025e-01
2.155870000000000009e-01
2.169359999999999900e-01
2.183519999999999905e-01
2.198050000000000004e-01
2.213910000000000045e-01
2.230930000000000135e-01
2.247949999999999948e-01
2.263270000000000004e-01
2.278040000000000065e-01
2.293350000000000111e-01
2.308850000000000069e-01
2.325510000000000077e-01
