0.000000000000000000e+00
0.000000000000000000e+00
0.000000000000000000e+00
-6.078009999999999935e-06
-6.078009999999999935e-06
-1.215600000000000017e-05
-2.431200000000000033e-05
-3.038999999999999872e-05
-4.254610000000000249e-05
-6.078009999999999766e-05
-7.293610000000000121e-05
-8.509209999999999799e-05
-1.033260000000000065e-04
-1.276379999999999865e-04
-1.458719999999999884e-04
-1.701840000000000091e-04
-1.944960000000000027e-04
-2.127300000000000046e-04
-2.491980000000000085e-04
-2.735099999999999749e-04
-3.039000000000000143e-04
-3.282119999999999808e-04
-3.586020000000000201e-04
-3.889930000000000210e-04
-4.254610000000000249e-04
-4.558510000000000101e-04
-4.923189999999999598e-04
-5.227089999999999992e-04
-5.591770000000000030e-04
-5.956450000000000069e-04
-6.260350000000000463e-04
-6.625030000000000502e-04
-6.989710000000000541e-04
-7.354389999999999495e-04
-7.719069999999999534e-04
-8.083749999999999573e-04
-8.448429999999999612e-04
-8.813109999999999651e-04
-9.238570000000000419e-04
-9.542469999999999728e-04
-9.967929999999999412e-04
-1.033260000000000038e-03
-1.069730000000000073e-03
-1.106199999999999892e-03
-1.148740000000000091e-03
-1.185209999999999909e-03
-1.227760000000000049e-03
-1.264230000000000085e-03
-1.306770000000000067e-03
-1.343240000000000102e-03
-1.379709999999999921e-03
-1.422249999999999903e-03
-1.452640000000000051e-03
-1.495189999999999974e-03
-1.531660000000000009e-03
-1.574199999999999992e-03
-1.616749999999999915e-03
-1.647140000000000062e-03
-1.689689999999999985e-03
-1.726150000000000080e-03
-1.762619999999999899e-03
-1.799089999999999934e-03
-1.841640000000000074e-03
-1.878099999999999952e-03
-1.914569999999999987e-03
-1.951040000000000023e-03
-1.993589999999999945e-03
-2.030049999999999823e-03
-2.066520000000000076e-03
-2.127299999999999938e-03
-2.139460000000000146e-03
-2.181999999999999912e-03
-2.218470000000000164e-03
-2.254939999999999983e-03
-2.285329999999999914e-03
-2.327880000000000053e-03
-2.364349999999999872e-03
-2.400810000000000183e-03
-2.437280000000000002e-03
-2.473749999999999821e-03
-2.510220000000000073e-03
-2.546689999999999891e-03
-2.595309999999999978e-03
-2.643930000000000065e-03
-2.692560000000000092e-03
-2.747260000000000067e-03
-2.795880000000000153e-03
-2.844510000000000181e-03
-2.893129999999999834e-03
-2.935679999999999974e-03
-2.984300000000000060e-03
-3.026850000000000200e-03
-3.069389999999999966e-03
-3.118019999999999993e-03
-3.160560000000000192e-03
-3.209189999999999786e-03
-3.251729999999999985e-03
-3.288199999999999804e-03
-3.330749999999999943e-03
-3.379370000000000030e-03
-3.415839999999999849e-03
-3.464459999999999935e-03
-3.500930000000000188e-03
-3.543479999999999894e-03
-3.586020000000000093e-03
-3.622489999999999911e-03
-3.689350000000000095e-03
-3.707579999999999817e-03
-3.750129999999999957e-03
-3.786600000000000209e-03
-3.823070000000000027e-03
-3.865609999999999793e-03
-3.902080000000000045e-03
-3.944630000000000185e-03
-3.987169999999999950e-03
-4.023640000000000203e-03
-4.054030000000000133e-03
-4.090500000000000386e-03
-4.133050000000000092e-03
-4.163440000000000023e-03
-4.205979999999999788e-03
-4.242450000000000040e-03
-4.272839999999999971e-03
-4.309310000000000224e-03
-4.345779999999999609e-03
-4.388320000000000241e-03
-4.412629999999999851e-03
-4.449100000000000103e-03
-4.479490000000000034e-03
-4.515960000000000286e-03
-4.552429999999999671e-03
-4.582819999999999602e-03
-4.625360000000000235e-03
-4.643600000000000332e-03
-4.673990000000000263e-03
-4.704380000000000193e-03
-4.740849999999999578e-03
-4.765160000000000055e-03
-4.795549999999999986e-03
-4.825939999999999917e-03
-4.850250000000000394e-03
-4.880640000000000325e-03
-4.917109999999999710e-03
-4.965729999999999797e-03
-4.965729999999999797e-03
-4.996119999999999728e-03
-5.020430000000000205e-03
-5.050820000000000136e-03
-5.075139999999999686e-03
-5.099450000000000163e-03
-5.129840000000000094e-03
-5.148070000000000250e-03
-5.172379999999999860e-03
-5.202769999999999791e-03
-5.227090000000000208e-03
-5.245320000000000364e-03
-5.269629999999999974e-03
-5.293939999999999584e-03
-5.312179999999999680e-03
-5.336490000000000157e-03
-5.354720000000000313e-03
-5.379039999999999863e-03
-5.403350000000000340e-03
-5.427659999999999950e-03
-5.445900000000000046e-03
-5.458049999999999881e-03
-5.488439999999999812e-03
-5.494520000000000133e-03
-5.512750000000000289e-03
-5.530990000000000385e-03
-5.549219999999999674e-03
-5.561380000000000316e-03
-5.573530000000000151e-03
-5.597849999999999701e-03
-5.603920000000000082e-03
-5.622160000000000178e-03
-5.634310000000000013e-03
-5.646469999999999788e-03
-5.658630000000000430e-03
-5.670780000000000265e-03
-5.713329999999999971e-03
-5.689020000000000361e-03
-5.695089999999999875e-03
-5.707249999999999650e-03
-5.719410000000000292e-03
-5.731560000000000127e-03
-5.737639999999999581e-03
-5.749800000000000223e-03
-5.755869999999999737e-03
-5.761950000000000058e-03
-5.768030000000000379e-03
-5.774109999999999833e-03
-5.786259999999999667e-03
-5.792339999999999989e-03
-5.798420000000000310e-03
-5.804499999999999764e-03
-5.810580000000000085e-03
-5.822729999999999920e-03
-5.822729999999999920e-03
-5.828810000000000241e-03
-5.828810000000000241e-03
