0.000000000000000000e+00
1.823401000000000264e-05
9.724820000000001532e-05
2.127301000000000116e-04
4.376157999999999784e-04
7.475949000000000613e-04
1.185210999999999817e-03
1.878101999999999983e-03
2.698640000000000413e-03
3.744058000000000629e-03
5.014363000000000847e-03
6.375838899999999865e-03
8.029045099999999879e-03
1.011380699999999896e-02
1.272126700000000311e-02
1.591826199999999900e-02
1.943745399999999984e-02
2.335780900000000368e-02
2.772786900000000221e-02
3.254768699999999182e-02
3.799365899999999213e-02
4.340914899999999410e-02
4.887934100000000670e-02
5.472032500000000715e-02
6.074353500000000128e-02
6.648123699999999858e-02
7.238904899999999698e-02
7.830302299999999938e-02
8.390086099999999325e-02
8.950477699999999370e-02
9.490806100000000189e-02
1.002566829999999853e-01
1.055810930000000009e-01
1.109844710000000012e-01
1.160656590000000155e-01
1.211712689999999981e-01
1.262584789999999790e-01
1.315220110000000220e-01
1.365607209999999960e-01
1.415386530000000143e-01
1.465589850000000027e-01
1.517375200000000146e-01
1.565694499999999989e-01
1.612008799999999908e-01
1.657776299999999814e-01
1.705367700000000042e-01
1.753505200000000097e-01
1.804317500000000019e-01
1.857074099999999894e-01
1.914390599999999942e-01
1.975110100000000146e-01
2.030419699999999883e-01
2.086398399999999931e-01
2.141954000000000080e-01
2.191972499999999824e-01
2.241266300000000211e-01
2.293110800000000005e-01
2.347631400000000368e-01
2.402757099999999757e-01
2.457096399999999792e-01
2.514774799999999755e-01
2.572271099999999810e-01
2.627760600000000335e-01
2.682469700000000290e-01
2.740635299999999441e-01
2.799954100000000001e-01
2.858184200000000175e-01
2.914888300000000321e-01
2.971838400000000324e-01
3.031649699999999781e-01
3.092184900000000125e-01
3.150899400000000128e-01
3.210522499999999835e-01
3.269054499999999863e-01
3.328129900000000307e-01
3.385207599999999761e-01
3.441852000000000245e-01
3.495160099999999881e-01
3.554417200000000165e-01
3.610577099999999762e-01
3.665641800000000727e-01
3.721560099999999816e-01
3.778701500000000157e-01
3.836745899999999820e-01
3.893570799999999665e-01
3.949491800000000108e-01
4.006740799999999880e-01
4.067890499999999854e-01
4.128493300000000144e-01
4.188902399999999693e-01
4.250949400000000322e-01
4.311010999999999593e-01
4.371546599999999727e-01
4.433050099999999993e-01
4.496630600000000588e-01
4.558330800000000016e-01
4.624514100000000072e-01
4.690937900000000660e-01
4.757741900000000412e-01
4.821441900000000280e-01
4.887329300000000654e-01
4.950481099999999857e-01
5.017513299999999399e-01
5.086626100000000150e-01
5.160110300000000372e-01
5.231891400000000525e-01
5.298692700000000588e-01
5.370292399999999633e-01
5.439827699999999489e-01
5.509470300000000043e-01
5.580636299999999217e-01
5.646282499999999427e-01
5.713510099999999925e-01
5.780362800000000689e-01
5.847771000000000496e-01
5.912501100000000509e-01
5.974128199999999556e-01
6.034428699999999646e-01
6.098008500000000609e-01
6.162735300000000693e-01
6.227594400000000530e-01
6.294251800000000285e-01
6.362819900000000750e-01
6.430648600000000714e-01
6.500792600000000476e-01
6.568926699999999563e-01
6.637318700000000016e-01
6.703379000000000421e-01
6.768345900000000137e-01
6.833073800000000197e-01
6.895805200000000301e-01
6.960898500000000100e-01
7.026000199999999918e-01
7.092425199999999874e-01
7.155209800000000842e-01
7.219029499999999322e-01
7.288388000000000089e-01
7.344969900000001273e-01
7.405684000000001266e-01
7.468835200000000230e-01
7.531436200000000136e-01
7.594584800000000469e-01
7.658172900000000949e-01
7.719556100000000143e-01
7.785805599999998661e-01
7.846583399999998987e-01
7.911376299999999251e-01
7.976284799999999731e-01
8.037261099999999381e-01
8.100406700000000182e-01
8.171156000000000530e-01
8.235393100000000244e-01
8.299035500000000454e-01
8.363944100000000326e-01
8.429227999999999721e-01
8.494378200000000101e-01
8.559056110000000661e-01
8.618913909999998957e-01
8.678363270000001295e-01
8.736464189999999519e-01
8.803029150000000191e-01
8.868910070000001200e-01
8.929872269999999945e-01
8.996235540000000475e-01
9.064615040000000290e-01
9.133727519000000017e-01
9.201378439999999825e-01
9.272064040000000951e-01
9.341040419999999678e-01
9.408215239999999646e-01
9.475976170000000032e-01
9.543936310000000756e-01
9.624275810000000320e-01
9.692470630000000753e-01
9.761347790000000080e-01
9.831243400000001520e-01
9.902600599999999975e-01
9.970183799999998708e-01
1.003763930000000082e+00
1.010517010000000049e+00
1.017416250000000133e+00
1.024465799999999982e+00
1.033560030000000074e+00
1.040912709999999963e+00
1.047763100000000058e+00
1.054570639999999893e+00
1.060898270000000032e+00
1.067188350000000119e+00
1.073771589999999998e+00
1.080153609999999986e+00
1.086504539999999741e+00
1.092953399999999853e+00
1.099085489999999998e+00
1.104762980000000061e+00
1.110476070000000037e+00
1.116456710000000019e+00
1.122619559999999961e+00
1.129185739999999827e+00
1.135335439999999974e+00
1.141170830000000080e+00
1.147369169999999938e+00
