0.000000000000000000e+00
6.078009999999999935e-06
1.823399999999999855e-05
3.646799999999999711e-05
6.078009999999999766e-05
7.901410000000000638e-05
8.509209999999999799e-05
1.215599999999999949e-04
1.397939999999999968e-04
1.337160000000000052e-04
1.884180000000000110e-04
2.370419999999999981e-04
2.552759999999999730e-04
2.613539999999999917e-04
2.917439999999999769e-04
2.066520000000000130e-04
3.221340000000000162e-04
3.829139999999999866e-04
3.950709999999999856e-04
4.436950000000000269e-04
4.923189999999999598e-04
5.105529999999999617e-04
5.591770000000000030e-04
5.166310000000000346e-04
6.017229999999999714e-04
6.503470000000000127e-04
7.050490000000000186e-04
7.354389999999999495e-04
7.232830000000000205e-04
7.901409999999999554e-04
8.083749999999999573e-04
8.326870000000000322e-04
8.934670000000000025e-04
9.846370000000000122e-04
9.360129999999999709e-04
9.664030000000000103e-04
1.039339999999999925e-03
1.173060000000000075e-03
1.185209999999999909e-03
1.227760000000000049e-03
1.270300000000000032e-03
1.343240000000000102e-03
1.379709999999999921e-03
1.422249999999999903e-03
1.470879999999999931e-03
1.531660000000000009e-03
1.574199999999999992e-03
1.628909999999999907e-03
1.592440000000000088e-03
1.695759999999999932e-03
1.774780000000000107e-03
1.793010000000000046e-03
1.859870000000000013e-03
1.920650000000000092e-03
1.993589999999999945e-03
2.121220000000000050e-03
2.230629999999999939e-03
2.431200000000000114e-03
2.485910000000000029e-03
2.461590000000000045e-03
2.528449999999999795e-03
2.601389999999999866e-03
2.662170000000000161e-03
2.729029999999999911e-03
2.838429999999999859e-03
2.935679999999999974e-03
3.020769999999999879e-03
3.014689999999999991e-03
3.087630000000000062e-03
3.178799999999999855e-03
3.184880000000000176e-03
3.263890000000000194e-03
3.379370000000000030e-03
3.446230000000000213e-03
3.519169999999999850e-03
3.579950000000000146e-03
3.671119999999999939e-03
3.725819999999999913e-03
3.902080000000000045e-03
3.999329999999999725e-03
4.102660000000000161e-03
4.054030000000000133e-03
4.139119999999999605e-03
4.236369999999999719e-03
4.309310000000000224e-03
4.376170000000000407e-03
4.443019999999999782e-03
4.631439999999999689e-03
4.698299999999999872e-03
4.759079999999999734e-03
4.825939999999999917e-03
4.850250000000000394e-03
4.929260000000000412e-03
4.996119999999999728e-03
5.093369999999999842e-03
5.172379999999999860e-03
5.245320000000000364e-03
5.318260000000000001e-03
5.530990000000000385e-03
5.591770000000000247e-03
5.658630000000000430e-03
5.658630000000000430e-03
5.792339999999999989e-03
5.859200000000000172e-03
5.938210000000000190e-03
5.986840000000000217e-03
6.059769999999999913e-03
6.150939999999999706e-03
6.223880000000000211e-03
6.321130000000000325e-03
6.394060000000000021e-03
6.491310000000000136e-03
6.576399999999999607e-03
6.625029999999999634e-03
6.697960000000000198e-03
6.776980000000000157e-03
6.892460000000000427e-03
7.007939999999999829e-03
7.141660000000000195e-03
7.281450000000000075e-03
7.366550000000000355e-03
7.445560000000000372e-03
7.524570000000000390e-03
7.597510000000000027e-03
7.670449999999999664e-03
7.749459999999999682e-03
7.877099999999999727e-03
7.889250000000000429e-03
7.980420000000000222e-03
8.065519999999999634e-03
8.168840000000000129e-03
8.302560000000000495e-03
8.351179999999999715e-03
8.484900000000000081e-03
8.539599999999999622e-03
8.618620000000000447e-03
8.673319999999999988e-03
8.758409999999999460e-03
8.879969999999999183e-03
9.068390000000000825e-03
9.129170000000000687e-03
9.220340000000000480e-03
9.317590000000000594e-03
9.372290000000000135e-03
9.475610000000000629e-03
9.578939999999999330e-03
9.676189999999999444e-03
9.730890000000000720e-03
9.773439999999999558e-03
9.919310000000000627e-03
1.000440000000000010e-02
1.013200000000000038e-02
1.025970000000000007e-02
1.035080000000000028e-02
1.040549999999999982e-02
1.046030000000000050e-02
1.061830000000000065e-02
1.067910000000000040e-02
1.076419999999999981e-02
1.086750000000000042e-02
1.099510000000000071e-02
1.108020000000000012e-02
1.115919999999999933e-02
1.123820000000000027e-02
1.139019999999999963e-02
1.148139999999999925e-02
1.150570000000000065e-02
1.163329999999999920e-02
1.174270000000000001e-02
1.180959999999999996e-02
1.191290000000000057e-02
1.196760000000000011e-02
1.209520000000000040e-02
1.218640000000000001e-02
1.227759999999999962e-02
1.236869999999999983e-02
1.242949999999999958e-02
1.250249999999999972e-02
1.261190000000000054e-02
1.272129999999999962e-02
1.291579999999999985e-02
1.301910000000000046e-02
1.317710000000000062e-02
1.324400000000000056e-02
1.329259999999999990e-02
1.338989999999999972e-02
1.343240000000000059e-02
1.352360000000000020e-02
1.365120000000000049e-02
1.377279999999999997e-02
1.382749999999999951e-02
1.393690000000000033e-02
1.405239999999999961e-02
1.419209999999999916e-02
1.427720000000000031e-02
1.444130000000000066e-02
1.459330000000000002e-02
1.469660000000000064e-02
1.473919999999999918e-02
1.481209999999999992e-02
1.500660000000000015e-02
