0.000000000000000000e+00
6.078009999999999935e-06
4.862410000000000088e-05
1.458719999999999884e-04
3.099779999999999788e-04
5.591770000000000030e-04
8.995449999999999670e-04
1.361470000000000041e-03
1.963200000000000014e-03
2.729029999999999911e-03
3.579950000000000146e-03
4.467340000000000200e-03
5.512750000000000289e-03
6.807370000000000088e-03
8.497050000000000783e-03
1.063039999999999992e-02
1.279420000000000036e-02
1.520720000000000058e-02
1.788150000000000156e-02
2.079889999999999864e-02
2.419050000000000020e-02
2.758810000000000082e-02
3.103430000000000077e-02
3.446840000000000320e-02
3.812730000000000286e-02
4.161000000000000115e-02
4.519000000000000100e-02
4.889149999999999746e-02
5.207029999999999992e-02
5.475680000000000131e-02
5.725480000000000153e-02
5.975289999999999768e-02
6.219020000000000103e-02
6.448769999999999503e-02
6.660280000000000367e-02
6.866329999999999656e-02
7.056569999999999510e-02
7.263219999999999399e-02
7.459540000000000615e-02
7.647959999999999481e-02
7.824830000000000674e-02
8.004740000000000466e-02
8.180389999999999884e-02
8.352400000000000102e-02
8.521969999999999545e-02
8.700670000000000626e-02
8.877540000000000431e-02
9.055019999999999736e-02
9.230059999999999654e-02
9.416660000000000308e-02
9.602040000000000575e-02
9.778910000000000380e-02
9.947880000000000611e-02
1.011080000000000034e-01
1.026999999999999996e-01
1.041709999999999997e-01
1.057270000000000015e-01
1.072830000000000034e-01
1.088569999999999954e-01
1.104799999999999949e-01
1.121999999999999942e-01
1.139320000000000055e-01
1.156640000000000029e-01
1.174089999999999995e-01
1.192809999999999981e-01
1.210979999999999973e-01
1.228609999999999980e-01
1.246109999999999995e-01
1.264830000000000121e-01
1.284039999999999904e-01
1.302879999999999872e-01
1.320749999999999980e-01
1.339589999999999947e-01
1.358250000000000013e-01
1.375510000000000066e-01
1.393139999999999934e-01
1.410460000000000047e-01
1.424989999999999868e-01
1.442370000000000041e-01
1.457990000000000119e-01
1.472940000000000083e-01
1.487709999999999866e-01
1.502670000000000117e-01
1.517439999999999900e-01
1.531839999999999868e-01
1.546430000000000027e-01
1.560950000000000115e-01
1.576639999999999986e-01
1.592200000000000004e-01
1.608060000000000045e-01
1.623310000000000031e-01
1.637659999999999949e-01
1.653280000000000027e-01
1.669319999999999971e-01
1.685490000000000044e-01
1.701419999999999877e-01
1.717100000000000015e-01
1.732350000000000001e-01
1.747849999999999959e-01
1.763109999999999955e-01
1.778849999999999876e-01
1.794050000000000089e-01
1.810150000000000092e-01
1.825960000000000083e-01
1.841939999999999966e-01
1.859810000000000074e-01
1.875070000000000070e-01
1.890930000000000111e-01
1.907159999999999966e-01
1.923989999999999867e-01
1.941920000000000035e-01
1.958759999999999946e-01
1.974259999999999904e-01
1.990850000000000120e-01
2.007869999999999933e-01
2.025250000000000106e-01
2.043000000000000094e-01
2.060990000000000044e-01
2.079290000000000027e-01
2.098190000000000055e-01
2.118250000000000133e-01
2.138180000000000081e-01
2.159330000000000138e-01
2.178110000000000046e-01
2.196349999999999969e-01
2.213980000000000115e-01
2.231970000000000065e-01
2.248680000000000123e-01
2.264970000000000039e-01
2.280290000000000095e-01
2.294450000000000101e-01
2.308729999999999949e-01
2.323199999999999987e-01
2.337539999999999896e-01
2.351759999999999962e-01
2.365379999999999983e-01
2.379479999999999928e-01
2.393280000000000129e-01
2.407680000000000098e-01
2.421780000000000044e-01
2.435819999999999930e-01
2.449919999999999876e-01
2.463660000000000017e-01
2.477640000000000120e-01
2.492040000000000088e-01
2.505899999999999794e-01
2.520000000000000018e-01
2.533369999999999789e-01
2.546320000000000250e-01
2.559750000000000081e-01
2.573190000000000199e-01
2.587229999999999808e-01
2.600959999999999939e-01
2.615000000000000102e-01
2.628619999999999846e-01
2.642410000000000037e-01
2.655910000000000215e-01
2.668849999999999834e-01
2.682410000000000072e-01
2.694750000000000201e-01
2.708789999999999809e-01
2.721979999999999955e-01
2.734679999999999889e-01
2.747620000000000062e-01
2.760630000000000028e-01
2.772910000000000097e-01
2.785190000000000166e-01
2.797950000000000159e-01
2.810770000000000213e-01
2.823359999999999759e-01
2.836179999999999812e-01
2.849309999999999898e-01
2.862439999999999984e-01
2.874590000000000201e-01
2.888029999999999764e-01
2.901699999999999835e-01
2.914530000000000176e-01
2.926679999999999837e-01
2.939140000000000086e-01
2.951420000000000154e-01
2.962910000000000266e-01
2.975180000000000047e-01
2.987400000000000055e-01
2.998339999999999894e-01
3.010010000000000185e-01
3.021559999999999802e-01
3.033049999999999913e-01
3.044229999999999992e-01
3.055660000000000043e-01
3.066289999999999849e-01
3.077110000000000123e-01
3.087570000000000037e-01
3.098020000000000218e-01
3.108779999999999877e-01
3.119230000000000058e-01
3.129870000000000152e-01
3.139839999999999853e-01
3.149750000000000050e-01
3.160080000000000111e-01
3.170350000000000112e-01
3.180560000000000054e-01
