0.000000000000000000e+00
6.078009999999999935e-06
2.431200000000000033e-05
4.862410000000000088e-05
7.901410000000000638e-05
1.033260000000000065e-04
1.094039999999999981e-04
1.519500000000000072e-04
1.762620000000000007e-04
1.701840000000000091e-04
2.188079999999999962e-04
2.674320000000000104e-04
2.856660000000000124e-04
2.978219999999999956e-04
3.342899999999999995e-04
2.552759999999999730e-04
3.768360000000000221e-04
4.436950000000000269e-04
4.740850000000000120e-04
5.348650000000000366e-04
5.956450000000000069e-04
6.260350000000000463e-04
6.928929999999999811e-04
6.685810000000000147e-04
7.719069999999999534e-04
8.448429999999999612e-04
9.238570000000000419e-04
9.785589999999999393e-04
9.967929999999999412e-04
1.106199999999999892e-03
1.154819999999999978e-03
1.221679999999999945e-03
1.318930000000000059e-03
1.452640000000000051e-03
1.446570000000000104e-03
1.525579999999999905e-03
1.659300000000000054e-03
1.841640000000000074e-03
1.908490000000000100e-03
2.011820000000000101e-03
2.115150000000000103e-03
2.254939999999999983e-03
2.364349999999999872e-03
2.479830000000000142e-03
2.601389999999999866e-03
2.741180000000000179e-03
2.862739999999999903e-03
2.996459999999999835e-03
3.063320000000000019e-03
3.245660000000000038e-03
3.434070000000000004e-03
3.537400000000000006e-03
3.695429999999999982e-03
3.865609999999999793e-03
4.060109999999999587e-03
4.278920000000000293e-03
4.503799999999999644e-03
4.807699999999999821e-03
4.917109999999999710e-03
5.032589999999999980e-03
5.135920000000000415e-03
5.269629999999999974e-03
5.379039999999999863e-03
5.543140000000000220e-03
5.743719999999999902e-03
5.926060000000000355e-03
6.114480000000000262e-03
6.223880000000000211e-03
6.333280000000000159e-03
6.552089999999999997e-03
6.783059999999999611e-03
6.989709999999999673e-03
7.275379999999999694e-03
7.500259999999999913e-03
7.725150000000000072e-03
7.962189999999999199e-03
8.223539999999999670e-03
8.466660000000000852e-03
8.819189999999999321e-03
9.117010000000000045e-03
9.341900000000000204e-03
9.633640000000000606e-03
9.864609999999999351e-03
1.016850000000000045e-02
1.046030000000000050e-02
1.074589999999999920e-02
1.103769999999999925e-02
1.146310000000000037e-02
1.175490000000000042e-02
1.206480000000000052e-02
1.230189999999999929e-02
1.263620000000000021e-02
1.297049999999999939e-02
1.329259999999999990e-02
1.370590000000000003e-02
1.398549999999999967e-02
1.431370000000000038e-02
1.464799999999999956e-02
1.512819999999999963e-02
1.546849999999999961e-02
1.575419999999999945e-02
1.610059999999999963e-02
1.651999999999999996e-02
1.691509999999999889e-02
1.732840000000000075e-02
1.772349999999999967e-02
1.808819999999999872e-02
1.844679999999999931e-02
1.886010000000000117e-02
1.926730000000000109e-02
1.969270000000000048e-02
2.008779999999999941e-02
2.048289999999999833e-02
2.086580000000000032e-02
2.126700000000000118e-02
2.190510000000000027e-02
2.254940000000000069e-02
2.306599999999999970e-02
2.366170000000000079e-02
2.443970000000000170e-02
2.519940000000000027e-02
2.600780000000000106e-02
2.703500000000000000e-02
2.786160000000000025e-02
2.852410000000000015e-02
2.915620000000000017e-02
2.978830000000000019e-02
3.044470000000000162e-02
3.114369999999999986e-02
3.184879999999999656e-02
3.257809999999999873e-02
3.334999999999999770e-02
3.404290000000000094e-02
3.483309999999999879e-02
3.555029999999999996e-02
3.629790000000000100e-02
3.701510000000000217e-02
3.805440000000000211e-02
3.899040000000000145e-02
3.989600000000000091e-02
4.066190000000000082e-02
4.129399999999999737e-02
4.195039999999999880e-02
4.259469999999999923e-02
4.326329999999999759e-02
4.390750000000000208e-02
4.457610000000000045e-02
4.524469999999999881e-02
4.588289999999999730e-02
4.659399999999999653e-02
4.728689999999999977e-02
4.805879999999999874e-02
4.881250000000000172e-02
4.950539999999999802e-02
5.018609999999999738e-02
5.092159999999999742e-02
5.171169999999999933e-02
5.245930000000000037e-02
5.321300000000000335e-02
5.399090000000000139e-02
5.490260000000000279e-02
5.578999999999999931e-02
5.687190000000000301e-02
5.784439999999999721e-02
5.872569999999999873e-02
5.952190000000000258e-02
6.028170000000000056e-02
6.111439999999999928e-02
6.197740000000000193e-02
6.284049999999999359e-02
6.372179999999999511e-02
6.460309999999999664e-02
6.559389999999999665e-02
6.652379999999999405e-02
6.742940000000000045e-02
6.831679999999999697e-02
6.916769999999999863e-02
7.007940000000000003e-02
7.100940000000000030e-02
7.194540000000000657e-02
7.297259999999999858e-02
7.394499999999999684e-02
7.499050000000000160e-02
7.597510000000000374e-02
7.697189999999999588e-02
7.801729999999999776e-02
7.910530000000000339e-02
8.038770000000000637e-02
8.157290000000000374e-02
8.268520000000000036e-02
8.372459999999999625e-02
8.498880000000000323e-02
8.641100000000000170e-02
8.760229999999999406e-02
8.872069999999999956e-02
8.992410000000000680e-02
9.110930000000000417e-02
9.232490000000000141e-02
9.341900000000000204e-02
9.448259999999999992e-02
9.571040000000000103e-02
