0.0
0.00020658853515
0.000543642226397
0.000914705358028
0.00134761197897
0.00194741216561
0.00251014626435
0.00305498352801
0.00380308006427
0.00450688109774
0.00530025164887
0.00610346100867
0.00683719311063
0.00759281029317
0.00847299204043
0.00937744341068
0.0101456424946
0.0112738260396
0.012064134974
0.0130735173341
0.0139263099895
0.0150771528547
0.0159229093484
0.0167706648516
0.0178131274774
0.0188207970497
0.0197004040928
0.0207660353861
0.0217891577362
0.0227975133379
0.0239082868352
0.0247977517216
0.0258974607642
0.0269197003304
0.027875879934
0.0289145468528
0.0297944828142
0.0308485988535
0.0319339818801
0.0329875275233
0.0339496116246
0.0351316740724
0.0362085834855
0.0371720823468
0.0383145508958
0.0393730610058
0.0403596538291
0.0415205922705
0.0425084969065
0.0435938570263
0.0445213908646
0.0455784449576
0.0464592403429
0.0473018381985
0.0485259430075
0.0496204619927
0.0505704696692
0.0514924272994
0.0524124170538
0.0532641941601
0.0541427732683
0.0550429453104
0.0558509155527
0.0567090389032
0.0574764383037
0.058432989707
0.0594238034902
0.0603112206572
0.0608173295648
0.0617358394657
0.0626085184512
0.0637640518055
0.0645560642871
0.0656449528231
0.0665657261945
0.0673844614742
0.0684053775997
0.0693157334464
0.0701792761729
0.07104497251
0.0719443581812
0.0729115755225
0.0738328121742
0.0748435370126
0.0755917020931
0.076693815451
0.0777144452891
0.0783365911292
0.0796011796922
0.0808261150805
0.0816713216428
0.0828096232996
0.0838180556815
0.0846465295805
0.0856684114707
0.0868349447112
0.088015520108
0.0888516257496
0.0897164284194
0.0905864155789
0.0916046110971
0.0923603460164
0.0933774358241
0.0944285390417
0.0953175071796
0.0962836092787
0.0971430058504
0.098129263305
0.0990271460728
0.100120123963
0.101135679088
0.102021846935
0.102977574808
0.104257842507
0.105323255826
0.106507596784
0.107588347512
0.108535598179
0.109376202039
0.110507769717
0.11143603465
0.112470847392
0.113421174202
0.114546282691
0.115664248384
0.11653768321
0.117664913382
0.118869724461
0.119844579565
0.120946786389
0.121991309545
0.123201361019
0.124140375459
0.125115319669
0.125975709364
0.126983715354
0.127933396809
0.128744053533
0.130037327121
0.131207264186
0.132248614476
0.133181947375
0.134341205126
0.135399405991
0.136170105691
0.137386751696
0.138548129773
0.139375256998
0.14067149651
0.141609153555
0.142549385714
0.143280995414
0.144145170303
0.145147360264
0.146277549753
0.14731201697
0.148319430903
0.149492781655
0.150957296517
0.152285408437
0.153374535033
0.154495304385
0.155745222413
0.157169739453
0.158173174294
0.159320846355
0.160374880229
0.161523216702
0.162976183234
0.164125253861
0.165285265139
0.166288277505
0.167298991218
0.168684925978
0.169877786145
0.17092138507
0.171964447566
0.173147203883
0.174106636575
0.175367222982
0.176525616651
0.177554453982
0.178811732954
0.179765505167
0.180867216462
0.182176682434
0.183389063809
0.1843461972
0.185346091872
0.186508386424
0.187737943915
0.188931246157
0.189972649279
0.190853038126
0.192174869689
0.193204633677
0.194220963432
0.195520270347
0.196757021
0.197799211169
0.197799211169
