0.0
7.89666808032e-05
0.000278200150852
0.00047831226361
0.000722651659309
0.00101988398536
0.0013294647193
0.00166269890061
0.00189291951902
0.00223808512339
0.00237757739734
0.00272445062844
0.00297329210216
0.00314997431848
0.00333518807363
0.00354494153092
0.00390266266373
0.00429751787588
0.00452981679418
0.00499814929505
0.00523669463427
0.00565058512196
0.00593444279605
0.00632225804294
0.00660113681778
0.00695241536724
0.00723755912045
0.00754854130062
0.00790951971057
0.0081849612636
0.00851909228923
0.00877428926889
0.0090675975252
0.0092176770515
0.00957632139095
0.00972111756953
0.00992685819587
0.010116161298
0.0103503915547
0.0106318154897
0.0108025886969
0.0110262442245
0.0114016216719
0.0114546616627
0.0117937707818
0.0121488022967
0.0122891109177
0.0125048558852
0.0128445479716
0.0129939461655
0.0132011597998
0.0135421353871
0.0139140431331
0.0139820717471
0.0143486391158
0.014573984493
0.0149073262337
0.0149583790242
0.0152354495302
0.0153955354201
0.0156994358854
0.0159058648024
0.0163100626935
0.0164157429271
0.0166562380388
0.0168025453993
0.0171067303882
0.017446974508
0.0175402652713
0.0177399843341
0.0180116457168
0.0181769642572
0.0183457740564
0.0187914746624
0.0191000695658
0.0192776192023
0.019501959557
0.0199364427681
0.0200627871187
0.0203103998299
0.0204530580264
0.0208013531671
0.0209006060051
0.0211657397199
0.0213160488119
0.0215830717429
0.0217979642073
0.0218438064678
0.0221623323461
0.0223104887052
0.02263349945
0.0229289280113
0.0230411658399
0.0232564500072
0.0235515657028
0.0239809693774
0.0245962248173
0.024691170763
0.024733592595
0.0250581895846
0.0253098138767
0.0255172673422
0.0257276048247
0.0260526675263
0.0263065584127
0.0266385147578
0.0268844504052
0.027139584241
0.0273920008909
0.0277638246895
0.0280490653192
0.0282149637187
0.0284765519786
0.0286617840914
0.0290549328472
0.0293784356993
0.0297303119352
0.0299008513474
0.030187457265
0.0303681962271
0.0307096060981
0.0307460447363
0.0310585754757
0.0312382511249
0.0316025501652
0.0317937880334
0.0318197395182
0.0323266650022
0.032397352571
0.032687076457
0.0329094660639
0.03316538683
0.0333434958459
0.0335562170312
0.0338152752484
0.0338895117055
0.0342109790621
0.03421250725
0.0346243814059
0.0349586964714
0.0352682824885
0.0355310407804
0.0359220165205
0.0362441253718
0.0361622792634
0.0365561670643
0.0368844565775
0.0368979854921
0.0374777448656
0.0376235201977
0.0378994751119
0.0379766098354
0.0383905154849
0.0386847432905
0.0389996775479
0.0391956972477
0.0392609179903
0.0394901382747
0.039849053312
0.0401126868751
0.040265861885
0.0405032497801
0.0408790172295
0.0412429179595
0.0417200180967
0.041836599122
0.0419778419671
0.0420594844942
0.0426678944481
0.0428484971057
0.0431207505424
0.0432833204132
0.0435385318937
0.0439770307527
0.0441796874976
0.0444791980944
0.0446709351475
0.0449298615891
0.0451114483827
0.0453156473548
0.0457434051874
0.046000542177
0.0464813678557
0.0468019559951
0.0471991617098
0.0476855488655
0.0480687745295
0.0483846074987
0.0487823637362
0.0491383054399
0.0496671068069
0.0499051136388
0.0502563476374
0.0505392138447
0.0510496430883
0.0512387429442
0.0515181989433
0.0518305611148
0.052316487529
0.0526488056903
0.0526488056903
