0.0
0.0001835595614
0.000496458511613
0.000843487882562
0.0012493482928
0.00179748178205
0.0023788188522
0.00298037404348
0.00348660819004
0.00406705170077
0.00464939050014
0.00532680099014
0.00586504362997
0.00650652703092
0.00724784361783
0.00819356163472
0.00902119230007
0.00979602350284
0.010457991233
0.01139752294
0.0121249720262
0.0130144946787
0.0136958454249
0.0144727127664
0.0153837164073
0.0162349174688
0.0171963275486
0.0182168393892
0.0191950965255
0.0200609292428
0.0210335821484
0.022000290732
0.0230399216008
0.0239941055438
0.0251410728249
0.0263263842578
0.0273892298322
0.0284446310545
0.0294564067503
0.0306858193079
0.0318390192851
0.0327130655693
0.0338473390865
0.0349452663139
0.0359218521632
0.036970058661
0.0380927236328
0.0389681877489
0.040182751012
0.0411718593955
0.0421923447671
0.0433115268
0.0446547568218
0.0457443168368
0.0470189468043
0.0482205116152
0.049390365237
0.0505578787886
0.0517757255076
0.052867067546
0.0540211390729
0.0551299632553
0.0560408021231
0.0573249849164
0.0586196364038
0.0596296221771
0.0609003965318
0.0621270701131
0.0631983378032
0.0641492214966
0.0653760553066
0.0664523635353
0.0674458886177
0.0688946994698
0.0699213003522
0.0710198679745
0.0721485937992
0.0731786027115
0.074222423539
0.0754133495858
0.0765595131208
0.0776906344017
0.0787817957431
0.07981884759
0.0808455785733
0.0820816242054
0.0830716036687
0.0841005704521
0.0853258422743
0.086413254412
0.0874985292772
0.0887110870472
0.0896884119229
0.0908674899145
0.0919226029551
0.0932130080003
0.0945572984689
0.0956565719999
0.0965921391778
0.0976107403914
0.0988403008347
0.0998291513192
0.100983771185
0.10224757609
0.103378390166
0.104587327836
0.105502706842
0.106594319451
0.107689032678
0.10889936385
0.110265467961
0.11144583271
0.112643890241
0.114003921808
0.115494516307
0.116710593416
0.117999270652
0.119373918113
0.120475592459
0.121574899631
0.122694296531
0.123793895721
0.125020577388
0.126145900647
0.127270906333
0.128477326496
0.129861840062
0.131177967941
0.132288945557
0.133536994571
0.134797283872
0.136221126542
0.137482007191
0.138784697009
0.139933439529
0.14121925584
0.142597178234
0.143707970377
0.145200006454
0.14685106097
0.148268485889
0.149518398817
0.151040960275
0.152469292602
0.153535973
0.155229653234
0.157102602044
0.158429413718
0.160052836365
0.161769235696
0.16311925334
0.164374907022
0.165926147322
0.167391981537
0.169059378983
0.170558776478
0.172077313711
0.173595933827
0.175175128224
0.176816591998
0.178309572674
0.179904365347
0.181389853727
0.182997448339
0.184441977536
0.185933675486
0.187399557425
0.188531736458
0.190348368741
0.191780994243
0.193478926851
0.194833114015
0.196259481669
0.198259078746
0.199639776993
0.201155386123
0.202731885891
0.204345476955
0.205502532249
0.207097349573
0.208931299078
0.210148425629
0.211816383099
0.2132768138
0.214756209805
0.216383653187
0.217847477194
0.219402390497
0.220963185465
0.222653324657
0.224397812093
0.226065299331
0.227782745799
0.229329096482
0.231460971694
0.23302949128
0.234586851206
0.236193749795
0.237754928832
0.239321757029
0.239321757029
