4.254670056980103254e-05
4.133108304813504219e-04
1.002886565402150154e-03
1.495212665759027004e-03
2.261053305119276047e-03
2.996503375470638275e-03
3.859593765810132027e-03
4.631512332707643509e-03
5.555383861064910889e-03
6.552192382514476776e-03
7.628015708178281784e-03
8.715995587408542633e-03
9.846522472798824310e-03
1.104998681694269180e-02
1.247834041714668274e-02
1.376081909984350204e-02
1.511015743017196655e-02
1.648988574743270874e-02
1.799725554883480072e-02
1.943776570260524750e-02
2.084180526435375214e-02
2.235525287687778473e-02
2.393555827438831329e-02
2.550370991230010986e-02
2.701107785105705261e-02
2.808690257370471954e-02
2.954564616084098816e-02
3.131437301635742188e-02
3.312564641237258911e-02
3.494299948215484619e-02
3.667525574564933777e-02
3.846829757094383240e-02
4.023094475269317627e-02
4.185380041599273682e-02
4.376840218901634216e-02
4.558575153350830078e-02
4.731801152229309082e-02
4.952436313033103943e-02
5.137818306684494019e-02
5.341434478759765625e-02
5.531679093837738037e-02
5.743196979165077209e-02
5.965047702193260193e-02
6.172310933470726013e-02
6.393554061651229858e-02
6.622090190649032593e-02
6.856097280979156494e-02
7.068830728530883789e-02
7.285211235284805298e-02
7.522256672382354736e-02
7.773890346288681030e-02
7.986015826463699341e-02
8.243727684020996094e-02
8.496576547622680664e-02
8.751856535673141479e-02
8.985255658626556396e-02
9.202851355075836182e-02
9.477581828832626343e-02
9.753527492284774780e-02
1.001853272318840027e-01
1.027624458074569702e-01
1.054854318499565125e-01
1.084576249122619629e-01
1.114115789532661438e-01
1.143594607710838318e-01
1.171979308128356934e-01
1.202612966299057007e-01
1.234279870986938477e-01
1.261935234069824219e-01
1.294027566909790039e-01
1.327882558107376099e-01
1.360035687685012817e-01
1.391702592372894287e-01
1.424342095851898193e-01
1.451571881771087646e-01
1.480929106473922729e-01
1.512474417686462402e-01
1.547058820724487305e-01
1.582311838865280151e-01
1.613370925188064575e-01
1.648380756378173828e-01
1.679986864328384399e-01
1.711836159229278564e-01
1.742348223924636841e-01
1.774440556764602661e-01
1.809632778167724609e-01
1.837288141250610352e-01
1.868347227573394775e-01
1.904147267341613770e-01
1.937759220600128174e-01
1.974288523197174072e-01
2.007778882980346680e-01
2.039081156253814697e-01
2.076826095581054688e-01
2.113173156976699829e-01
2.147939950227737427e-01
2.185563296079635620e-01
2.220633924007415771e-01
2.260445505380630493e-01
2.293084859848022461e-01
2.319463938474655151e-01
2.354412972927093506e-01
2.390334457159042358e-01
2.429355978965759277e-01
2.466979324817657471e-01
2.505818307399749756e-01
2.541739940643310547e-01
2.582280933856964111e-01
2.621363103389739990e-01
2.661721706390380859e-01
2.694361209869384766e-01
2.728459239006042480e-01
2.756296992301940918e-01
2.790395021438598633e-01
2.826499044895172119e-01
2.868376970291137695e-01
2.909951210021972656e-01
2.937606573104858398e-01
2.969395220279693604e-01
3.007687032222747803e-01
3.040508925914764404e-01
3.075458109378814697e-01
3.114114701747894287e-01
3.151920437812805176e-01
3.190334141254425049e-01
3.228990733623504639e-01
3.265763223171234131e-01
3.300773203372955322e-01
3.338092565536499023e-01
3.377357125282287598e-01
3.412549495697021484e-01
3.448896408081054688e-01
3.486884534358978271e-01
3.526574671268463135e-01
3.560490310192108154e-01
3.599329590797424316e-01
3.636405766010284424e-01
3.672570586204528809e-01
3.710133135318756104e-01
3.748911619186401367e-01
3.786474168300628662e-01
3.825556337833404541e-01
3.859472274780273438e-01
3.896548449993133545e-01
3.935691416263580322e-01
3.974955976009368896e-01
4.010087549686431885e-01
4.048014879226684570e-01
4.088251888751983643e-01
4.126483201980590820e-01
4.164288938045501709e-01
4.205072820186614990e-01
4.243121743202209473e-01
4.282507896423339844e-01
4.323656558990478516e-01
4.358484148979187012e-01
4.392886161804199219e-01
4.429962635040283203e-01
4.471597671508789062e-01
4.512381553649902344e-01
4.550856053829193115e-01
4.589877426624298096e-01
4.627318680286407471e-01
4.665914475917816162e-01
4.707002341747283936e-01
4.747725725173950195e-01
4.789482355117797852e-01
4.827288091182708740e-01
4.868132770061492920e-01
4.905634820461273193e-01
4.945932626724243164e-01
4.975897669792175293e-01
5.009144544601440430e-01
5.048166513442993164e-01
5.090895295143127441e-01
5.128640532493591309e-01
5.158727169036865234e-01
5.200787186622619629e-01
5.233001112937927246e-01
5.274696946144104004e-01
5.299070477485656738e-01
5.338820815086364746e-01
5.380273461341857910e-01
5.420632362365722656e-01
5.462024211883544922e-01
5.500012040138244629e-01
5.541282296180725098e-01
5.580242872238159180e-01
5.619689822196960449e-01
5.656037330627441406e-01
5.693295598030090332e-01
5.728731155395507812e-01
5.764834880828857422e-01
5.802397727966308594e-01
5.841175913810729980e-01
5.871566534042358398e-01
5.909372568130493164e-01
5.942923426628112793e-01
5.982491970062255859e-01
6.022728681564331055e-01
6.057373881340026855e-01
