2.431240136502310634e-05
2.978269185405224562e-04
4.680137208197265863e-04
8.205435588024556637e-04
6.321224500425159931e-04
7.536844350397586823e-04
1.094058039598166943e-03
6.078100414015352726e-04
4.011546261608600616e-04
5.044823046773672104e-04
7.719187415204942226e-04
1.246010535396635532e-03
1.720102387480437756e-03
2.254975261166691780e-03
2.814160427078604698e-03
3.099831286817789078e-03
3.731953678652644157e-03
4.230357706546783447e-03
4.819933790713548660e-03
5.676945671439170837e-03
6.059865932911634445e-03
6.412395741790533066e-03
7.105299271643161774e-03
7.658406626433134079e-03
8.144654333591461182e-03
7.840749807655811310e-03
8.898339234292507172e-03
9.524383582174777985e-03
9.755350649356842041e-03
1.048472337424755096e-02
1.120801735669374466e-02
1.166387461125850677e-02
1.222306024283170700e-02
1.292811986058950424e-02
1.390061527490615845e-02
1.272754184901714325e-02
1.329888310283422470e-02
1.332319620996713638e-02
1.414373982697725296e-02
1.495212689042091370e-02
1.568149961531162262e-02
1.643518358469009399e-02
1.687888428568840027e-02
1.722533628344535828e-02
1.807019300758838654e-02
1.874486170709133148e-02
1.963226497173309326e-02
2.041633985936641693e-02
2.142530307173728943e-02
2.190547436475753784e-02
2.259229868650436401e-02
2.360734157264232635e-02
2.434886991977691650e-02
2.523627318441867828e-02
2.609936334192752838e-02
2.733929455280303955e-02
2.684089168906211853e-02
2.747301384806632996e-02
2.829355746507644653e-02
2.905331924557685852e-02
3.006836213171482086e-02
3.110164031386375427e-02
3.205589950084686279e-02
3.265155479311943054e-02
3.358758240938186646e-02
3.431087732315063477e-02
3.483359143137931824e-02
3.573923185467720032e-02
3.654154017567634583e-02
3.728914633393287659e-02
3.765990957617759705e-02
3.874788805842399597e-02
3.998174518346786499e-02
4.066856950521469116e-02
4.187203198671340942e-02
4.291746765375137329e-02
4.387780651450157166e-02
4.511165991425514221e-02
4.621179774403572083e-02
4.734840244054794312e-02
4.843030497431755066e-02
4.937848821282386780e-02
5.056371539831161499e-02
5.160307139158248901e-02
5.236283317208290100e-02
5.308612808585166931e-02
5.418626591563224792e-02
5.541403964161872864e-02
5.664181709289550781e-02
5.776018649339675903e-02
5.893326178193092346e-02
6.005163118243217468e-02
6.101197004318237305e-02
6.216681003570556641e-02
6.326086819171905518e-02
6.444609910249710083e-02
6.561309099197387695e-02
6.657951325178146362e-02
6.778905540704727173e-02
6.876762956380844116e-02
6.984952837228775024e-02
7.108946144580841064e-02
7.232331484556198120e-02
7.359971851110458374e-02
7.446888834238052368e-02
7.554470747709274292e-02
7.689404487609863281e-02
7.874178886413574219e-02
8.012759685516357422e-02
8.126420527696609497e-02
8.251021057367324829e-02
8.370760083198547363e-02
8.509340137243270874e-02
8.621177822351455688e-02
8.746386319398880005e-02
8.869771659374237061e-02
8.998627215623855591e-02
9.119581431150436401e-02
9.268495440483093262e-02
9.378508478403091431e-02
9.480012953281402588e-02
9.614946693181991577e-02
9.745018184185028076e-02
9.872658550739288330e-02
9.993004798889160156e-02
1.011517494916915894e-01
1.024099141359329224e-01
1.033945679664611816e-01
1.046892032027244568e-01
1.058987453579902649e-01
1.074608117341995239e-01
1.088526993989944458e-01
1.094605103135108948e-01
1.083603724837303162e-01
1.090532764792442322e-01
1.102020367980003357e-01
1.114602014422416687e-01
1.127730756998062134e-01
1.140130087733268738e-01
1.154292002320289612e-01
1.166569814085960388e-01
1.178422123193740845e-01
1.188147068023681641e-01
1.201579645276069641e-01
1.214951500296592712e-01
1.228262484073638916e-01
1.241208836436271667e-01
1.255735456943511963e-01
1.267891675233840942e-01
1.280291080474853516e-01
1.292386502027511597e-01
1.305636763572692871e-01
1.322169154882431030e-01
1.335905641317367554e-01
1.349581331014633179e-01
1.362953186035156250e-01
1.376628875732421875e-01
1.390851736068725586e-01
1.403676420450210571e-01
1.416562050580978394e-01
1.431939601898193359e-01
1.445676237344741821e-01
1.453942358493804932e-01
1.466463208198547363e-01
1.479531228542327881e-01
1.493814736604690552e-01
1.505606174468994141e-01
1.517580151557922363e-01
1.527183502912521362e-01
1.541345417499542236e-01
1.553744822740554810e-01
1.568210721015930176e-01
1.584256887435913086e-01
1.600059866905212402e-01
1.610027998685836792e-01
1.623946875333786011e-01
1.634948253631591797e-01
1.647833734750747681e-01
1.662725061178207397e-01
1.677434146404266357e-01
1.692994087934494019e-01
1.707156002521514893e-01
1.720588654279708862e-01
1.735176146030426025e-01
1.750006675720214844e-01
1.764898002147674561e-01
1.779606938362121582e-01
1.795531660318374634e-01
1.810422986745834351e-01
1.823065429925918579e-01
1.837956756353378296e-01
1.854914724826812744e-01
1.867253184318542480e-01
1.882934719324111938e-01
1.897400617599487305e-01
1.904755085706710815e-01
1.919707208871841431e-01
1.935206353664398193e-01
1.949429064989089966e-01
1.965840011835098267e-01
1.980548948049545288e-01
