6.685910193482413888e-05
-2.352224895730614662e-03
-3.209237009286880493e-03
-3.051206469535827637e-03
-1.859898678958415985e-03
-7.719187415204942226e-04
-4.072327283211052418e-04
-7.901530480012297630e-04
2.795926120597869158e-04
4.254670056980103254e-05
8.205435588024556637e-04
1.944992109201848507e-03
3.002581652253866196e-03
4.242514260113239288e-03
5.512836854904890060e-03
5.962616298347711563e-03
7.214704994112253189e-03
8.636980317533016205e-03
1.007749047130346298e-02
1.161524932831525803e-02
1.328672748059034348e-02
1.469684671610593796e-02
1.537151541560888290e-02
1.438686344772577286e-02
1.554170250892639160e-02
1.693358831107616425e-02
1.788177154958248138e-02
1.636832393705844879e-02
1.754139736294746399e-02
1.894543878734111786e-02
2.037987112998962402e-02
2.178391069173812866e-02
2.293875068426132202e-02
2.456160262227058411e-02
2.635464258491992950e-02
2.758242003619670868e-02
2.817807346582412720e-02
2.977053634822368622e-02
3.132045269012451172e-02
3.284605592489242554e-02
3.425617516040802002e-02
3.592157363891601562e-02
3.780578449368476868e-02
3.956843167543411255e-02
4.095423966646194458e-02
4.285060614347457886e-02
4.475913196802139282e-02
4.604161158204078674e-02
4.799875989556312561e-02
4.968239367008209229e-02
5.015648528933525085e-02
5.196775868535041809e-02
5.381549894809722900e-02
5.541403964161872864e-02
5.687278509140014648e-02
5.897580832242965698e-02
6.067159771919250488e-02
6.131587550044059753e-02
6.330949068069458008e-02
6.498096883296966553e-02
6.650049239397048950e-02
6.825706362724304199e-02
7.007441669702529907e-02
7.091927528381347656e-02
7.318640500307083130e-02
7.539276033639907837e-02
7.550823688507080078e-02
7.738029211759567261e-02
7.954409718513488770e-02
8.150124549865722656e-02
8.358603715896606445e-02
8.586532622575759888e-02
8.825401961803436279e-02
9.018077701330184937e-02
9.180362522602081299e-02
9.408291429281234741e-02
9.613123536109924316e-02
9.841052442789077759e-02
9.990573674440383911e-02
1.018264144659042358e-01
1.039476692676544189e-01
1.061297133564949036e-01
1.087311357259750366e-01
1.111988425254821777e-01
1.132957935333251953e-01
1.141528040170669556e-01
1.167177632451057434e-01
1.182676777243614197e-01
1.202612966299057007e-01
1.215863227844238281e-01
1.233550459146499634e-01
1.248928084969520569e-01
1.272328794002532959e-01
1.298039108514785767e-01
1.316941976547241211e-01
1.339248567819595337e-01
1.359427869319915771e-01
1.381309032440185547e-01
1.386900991201400757e-01
1.410787850618362427e-01
1.425922363996505737e-01
1.449809223413467407e-01
1.472176611423492432e-01
1.482448726892471313e-01
1.503843516111373901e-01
1.528034359216690063e-01
1.545782536268234253e-01
1.573073118925094604e-01
1.590517312288284302e-01
1.610149592161178589e-01
1.630815118551254272e-01
1.654580533504486084e-01
1.672571599483489990e-01
1.693601906299591064e-01
1.716090887784957886e-01
1.732866466045379639e-01
1.756692528724670410e-01
1.777783632278442383e-01
1.800576448440551758e-01
1.822214424610137939e-01
1.834188401699066162e-01
1.851328611373901367e-01
1.868955045938491821e-01
1.891808658838272095e-01
1.912170350551605225e-01
1.928216516971588135e-01
1.950401663780212402e-01
1.971067190170288086e-01
1.994528621435165405e-01
2.010088562965393066e-01
2.028322815895080566e-01
2.051905840635299683e-01
2.076582908630371094e-01
2.099193483591079712e-01
2.121925652027130127e-01
2.137971818447113037e-01
2.159184366464614868e-01
2.181734144687652588e-01
2.196443080902099609e-01
2.217655628919601440e-01
2.243669927120208740e-01
2.256920188665390015e-01
2.282995283603668213e-01
2.304268628358840942e-01
2.306335121393203735e-01
2.325602769851684570e-01
2.342803776264190674e-01
2.358849942684173584e-01
2.380001693964004517e-01
2.404618114233016968e-01
2.424554228782653809e-01
2.446253001689910889e-01
2.450811564922332764e-01
2.472267299890518188e-01
2.493905425071716309e-01
2.517974674701690674e-01
2.542408704757690430e-01
2.565201520919799805e-01
2.589209973812103271e-01
2.599968314170837402e-01
2.622578740119934082e-01
2.609997093677520752e-01
2.630358636379241943e-01
2.653030157089233398e-01
2.676126658916473389e-01
2.700257003307342529e-01
2.723535895347595215e-01
2.739460468292236328e-01
2.752893269062042236e-01
2.766447365283966064e-01
2.779332995414733887e-01
2.791732251644134521e-01
2.810209691524505615e-01
2.833245694637298584e-01
2.855856120586395264e-01
2.859807014465332031e-01
2.880898118019104004e-01
2.903873324394226074e-01
2.927152216434478760e-01
2.944839596748352051e-01
2.964411079883575439e-01
2.985927462577819824e-01
3.009510636329650879e-01
3.032607436180114746e-01
3.055765032768249512e-01
3.078314661979675293e-01
3.092294335365295410e-01
3.112412989139556885e-01
3.131011724472045898e-01
3.152649998664855957e-01
3.166872560977935791e-01
3.186991214752197266e-01
3.196594417095184326e-01
3.213309347629547119e-01
3.234947323799133301e-01
3.245097696781158447e-01
3.268012106418609619e-01
3.287219107151031494e-01
3.308735489845275879e-01
3.313962519168853760e-01
3.325085639953613281e-01
