-0.000000000000000000e+00
5.470290489029139280e-05
9.724960546009242535e-05
8.509340113960206509e-05
1.215620068251155317e-04
9.117150329984724522e-05
1.033277076203376055e-04
1.033277076203376055e-04
7.901530625531449914e-05
1.215620068251155317e-04
1.641087146708741784e-04
1.701868022792041302e-04
2.066554152406752110e-04
2.127335174009203911e-04
3.039050207007676363e-04
2.795926120597869158e-04
3.221393271815031767e-04
3.039050207007676363e-04
2.856707142200320959e-04
2.431240136502310634e-04
2.735145098995417356e-04
4.193889326415956020e-04
4.801699251402169466e-04
5.470290197990834713e-04
5.713414284400641918e-04
3.889984218403697014e-04
4.437013121787458658e-04
4.801699251402169466e-04
6.138881435617804527e-04
6.260443478822708130e-04
6.503567565232515335e-04
6.746691651642322540e-04
7.415282307192683220e-04
7.536844350397586823e-04
7.840749458409845829e-04
8.023092523217201233e-04
7.354501285590231419e-04
8.448559674434363842e-04
8.752464782446622849e-04
9.846522007137537003e-04
1.021120813675224781e-03
1.063667587004601955e-03
1.094058039598166943e-03
1.166995265521109104e-03
1.458744052797555923e-03
1.531681278720498085e-03
1.622852752916514874e-03
1.671477570198476315e-03
1.701868139207363129e-03
1.744414796121418476e-03
1.835586270317435265e-03
1.841664430685341358e-03
1.890289247967302799e-03
1.951070153154432774e-03
1.999695086851716042e-03
2.066554035991430283e-03
2.017929218709468842e-03
2.133413217961788177e-03
2.224584808573126793e-03
2.297522034496068954e-03
2.382615348324179649e-03
2.437318209558725357e-03
2.461630618199706078e-03
2.504177391529083252e-03
2.595348749309778214e-03
2.625739434733986855e-03
2.710832748562097549e-03
2.771613653749227524e-03
2.710832748562097549e-03
2.844550879672169685e-03
2.917488105595111847e-03
2.966112922877073288e-03
3.014737740159034729e-03
3.087674966081976891e-03
3.081596922129392624e-03
3.227471373975276947e-03
3.300408599898219109e-03
3.349033184349536896e-03
3.458439139649271965e-03
3.464517183601856232e-03
3.604313591495156288e-03
3.689406905323266983e-03
3.719797357916831970e-03
3.817046992480754852e-03
3.883906174451112747e-03
3.968999721109867096e-03
4.029780626296997070e-03
4.090561531484127045e-03
4.187811166048049927e-03
4.230357706546783447e-03
4.376232158392667770e-03
4.388388246297836304e-03
4.485637880861759186e-03
4.625434521585702896e-03
4.637590609490871429e-03
4.765230696648359299e-03
4.886792507022619247e-03
4.856402054429054260e-03
4.941495601087808609e-03
5.081291776150465012e-03
5.202854052186012268e-03
5.324415862560272217e-03
5.421665497124195099e-03
5.549305584281682968e-03
5.658711306750774384e-03
5.689101759344339371e-03
5.804585758596658707e-03
5.920069757848978043e-03
6.078100297600030899e-03
6.205740384757518768e-03
6.309068296104669571e-03
6.406317930668592453e-03
6.552192382514476776e-03
6.637285463511943817e-03
6.771003827452659607e-03
6.941190455108880997e-03
7.062752731144428253e-03
7.184314541518688202e-03
7.299798540771007538e-03
7.397048175334930420e-03
7.536844350397586823e-03
7.761734072118997574e-03
7.883296348154544830e-03
8.010935969650745392e-03
8.266216143965721130e-03
8.393856696784496307e-03
8.503261953592300415e-03
8.685605600476264954e-03
8.849713951349258423e-03
8.971275761723518372e-03
9.117150679230690002e-03
9.293415583670139313e-03
9.408899582922458649e-03
9.548695757985115051e-03
9.724960662424564362e-03
9.864756837487220764e-03
1.004102174192667007e-02
1.013827137649059296e-02
1.032061409205198288e-02
1.040570810437202454e-02
1.056981645524501801e-02
1.077647227793931961e-02
1.098920498043298721e-02
1.109861116856336594e-02
1.125664170831441879e-02
1.146329753100872040e-02
1.159701589494943619e-02
1.184013951569795609e-02
1.199209224432706833e-02
1.216835714876651764e-02
1.226560678333044052e-02
1.249657385051250458e-02
1.269107311964035034e-02
1.280655711889266968e-02
1.292811986058950424e-02
1.317732129245996475e-02
1.340221147984266281e-02
1.358455419540405273e-02
1.380336564034223557e-02
1.397963054478168488e-02
1.418020855635404587e-02
1.438686344772577286e-02
1.453273836523294449e-02
1.473939325660467148e-02
1.491565816104412079e-02
1.515270397067070007e-02
1.542014069855213165e-02
1.554778032004833221e-02
1.585168577730655670e-02
1.607049815356731415e-02
1.628323085606098175e-02
1.650204323232173920e-02
1.676947809755802155e-02
1.694574393332004547e-02
1.715239882469177246e-02
1.732866466045379639e-02
1.753531955182552338e-02
1.777236536145210266e-02
1.803372427821159363e-02
1.821606606245040894e-02
1.849565841257572174e-02
1.871447078883647919e-02
1.896975189447402954e-02
1.925542205572128296e-02
1.951070129871368408e-02
1.969912275671958923e-02
1.991793513298034668e-02
2.019752748310565948e-02
2.042241767048835754e-02
2.061691693961620331e-02
2.101199328899383545e-02
2.126727253198623657e-02
2.141314744949340820e-02
2.175959944725036621e-02
2.202703617513179779e-02
2.226408198475837708e-02
2.258014306426048279e-02
2.281111106276512146e-02
2.303599938750267029e-02
2.351617068052291870e-02
2.355871722102165222e-02
