5.470290197990834713e-04
-5.123838782310485840e-03
4.619356186594814062e-04
8.509340696036815643e-03
1.777844317257404327e-02
2.995895594358444214e-02
3.987841680645942688e-02
4.952436313033103943e-02
6.031906604766845703e-02
7.059105485677719116e-02
8.343408256769180298e-02
9.489738196134567261e-02
1.076674684882164001e-01
1.199756190180778503e-01
1.310377717018127441e-01
1.424402743577957153e-01
1.551556736230850220e-01
1.671842336654663086e-01
1.803129315376281738e-01
1.934780925512313843e-01
2.046800255775451660e-01
2.134750336408615112e-01
2.241178005933761597e-01
2.362618446350097656e-01
2.481384426355361938e-01
2.612732350826263428e-01
2.732592225074768066e-01
2.866979241371154785e-01
2.968057990074157715e-01
3.108158111572265625e-01
3.244550824165344238e-01
3.367814719676971436e-01
3.480685055255889893e-01
3.602368533611297607e-01
3.726787269115447998e-01
3.851266801357269287e-01
3.978481292724609375e-01
4.093904495239257812e-01
4.207261204719543457e-01
4.334779679775238037e-01
4.458590447902679443e-01
4.571460783481597900e-01
4.698979258537292480e-01
4.814098477363586426e-01
4.944230616092681885e-01
5.062388777732849121e-01
5.203704833984375000e-01
5.336997509002685547e-01
5.477219223976135254e-01
5.550217032432556152e-01
5.683327913284301758e-01
5.782704949378967285e-01
5.915511250495910645e-01
6.046919822692871094e-01
6.147755384445190430e-01
6.278191208839416504e-01
6.375805735588073730e-01
6.507579088211059570e-01
6.625919342041015625e-01
6.755808591842651367e-01
6.891593337059020996e-01
7.029079794883728027e-01
7.163223624229431152e-01
7.299008369445800781e-01
7.439108490943908691e-01
7.567538619041442871e-01
7.679619193077087402e-01
7.814309597015380859e-01
7.940005064010620117e-01
8.057251572608947754e-01
8.184283375740051270e-01
8.313260674476623535e-01
8.451963067054748535e-01
8.590179085731506348e-01
8.715692162513732910e-01
8.842724561691284180e-01
8.950489163398742676e-01
9.076427221298217773e-01
9.219505786895751953e-01
9.367750883102416992e-01
9.516724944114685059e-01
9.643696546554565430e-01
9.794129133224487305e-01
9.894539713859558105e-01
1.003044605255126953e+00
1.015662670135498047e+00
1.030438542366027832e+00
1.044959187507629395e+00
1.058440446853637695e+00
1.071556925773620605e+00
1.081555366516113281e+00
1.096349477767944336e+00
1.108378052711486816e+00
1.120892882347106934e+00
1.134921073913574219e+00
1.150505423545837402e+00
1.165493965148925781e+00
1.179753184318542480e+00
1.194462180137634277e+00
1.208824753761291504e+00
1.223874092102050781e+00
1.238005757331848145e+00
1.251055359840393066e+00
1.263576269149780273e+00
1.279044985771179199e+00
1.294216036796569824e+00
1.308061838150024414e+00
1.323032259941101074e+00
1.339564681053161621e+00
1.351113080978393555e+00
1.367347717285156250e+00
1.384165763854980469e+00
1.397093892097473145e+00
1.412119030952453613e+00
1.427241325378417969e+00
1.443688631057739258e+00
1.459497809410095215e+00
1.475385904312133789e+00
1.491973042488098145e+00
1.505466461181640625e+00
1.523074746131896973e+00
1.540524959564208984e+00
1.558479666709899902e+00
1.571225404739379883e+00
1.588657379150390625e+00
1.605627417564392090e+00
1.622244954109191895e+00
1.639178514480590820e+00
1.657412886619567871e+00
1.674528837203979492e+00
1.690581083297729492e+00
1.709167838096618652e+00
1.727201581001281738e+00
1.743727922439575195e+00
1.761451721191406250e+00
1.775011897087097168e+00
1.790073513984680176e+00
1.806204795837402344e+00
1.823557734489440918e+00
1.840752720832824707e+00
1.856434226036071777e+00
1.873282670974731445e+00
1.891656756401062012e+00
1.908699750900268555e+00
1.925207853317260742e+00
1.942542672157287598e+00
1.956206202507019043e+00
1.967225790023803711e+00
1.978822827339172363e+00
1.994862914085388184e+00
2.012264490127563477e+00
2.026541948318481445e+00
2.043123006820678711e+00
2.059953212738037109e+00
2.077440023422241211e+00
2.090659856796264648e+00
2.106712102890014648e+00
2.125432729721069336e+00
2.135978221893310547e+00
2.153434514999389648e+00
2.170173645019531250e+00
2.185976743698120117e+00
2.200333118438720703e+00
2.212884426116943359e+00
2.227362394332885742e+00
2.244143962860107422e+00
2.260615587234497070e+00
2.274637937545776367e+00
2.287371397018432617e+00
2.302518129348754883e+00
2.315798759460449219e+00
2.331285715103149414e+00
2.344529867172241211e+00
2.358868122100830078e+00
2.373947858810424805e+00
2.385046482086181641e+00
2.396637439727783203e+00
2.410270690917968750e+00
2.424329280853271484e+00
2.435513019561767578e+00
2.449115753173828125e+00
2.462329626083374023e+00
2.475804805755615234e+00
2.489091396331787109e+00
2.503715515136718750e+00
2.514321804046630859e+00
2.526708841323852539e+00
2.542153358459472656e+00
2.553075551986694336e+00
2.568361997604370117e+00
2.579375505447387695e+00
2.593142509460449219e+00
2.606441497802734375e+00
2.620232582092285156e+00
2.631276607513427734e+00
2.643517732620239258e+00
2.656056880950927734e+00
2.668729782104492188e+00
2.681998252868652344e+00
2.696682929992675781e+00
2.711276531219482422e+00
