1.337182038696482778e-04
-3.312564687803387642e-03
-2.674364252015948296e-03
-1.647165161557495594e-03
-1.914601656608283520e-03
-1.525603234767913818e-03
5.348728154785931110e-04
2.722988836467266083e-03
4.984042141586542130e-03
4.789542872458696365e-03
7.032362278550863266e-03
8.320919238030910492e-03
7.834671065211296082e-03
9.579085744917392731e-03
1.118370424956083298e-02
1.196777913719415665e-02
1.444764435291290283e-02
1.680594682693481445e-02
1.916425116360187531e-02
2.164411544799804688e-02
2.355263940989971161e-02
2.563742734491825104e-02
2.805651165544986725e-02
3.088282793760299683e-02
3.273057192564010620e-02
3.511926531791687012e-02
3.748364374041557312e-02
3.986018151044845581e-02
4.185380041599273682e-02
4.425464943051338196e-02
4.703234136104583740e-02
4.870381951332092285e-02
5.161522701382637024e-02
5.408293753862380981e-02
5.671475455164909363e-02
5.945597589015960693e-02
6.055611371994018555e-02
6.076884642243385315e-02
6.295696645975112915e-02
6.598385423421859741e-02
6.916878372430801392e-02
7.232331484556198120e-02
7.527727633714675903e-02
7.696698606014251709e-02
7.930097728967666626e-02
8.247981965541839600e-02
8.473479747772216797e-02
8.773738145828247070e-02
9.108033031225204468e-02
9.440505504608154297e-02
9.654454886913299561e-02
9.958359599113464355e-02
1.026408821344375610e-01
1.053213253617286682e-01
1.073574870824813843e-01
1.104694753885269165e-01
1.130587458610534668e-01
1.158546730875968933e-01
1.170946061611175537e-01
1.185411885380744934e-01
1.211790889501571655e-01
1.242971494793891907e-01
1.262725293636322021e-01
1.294209957122802734e-01
1.320041865110397339e-01
1.357604563236236572e-01
1.387448012828826904e-01
1.419054120779037476e-01
1.448958367109298706e-01
1.479288041591644287e-01
1.474729478359222412e-01
1.499406546354293823e-01
1.525785475969314575e-01
1.557573974132537842e-01
1.581521779298782349e-01
1.612763106822967529e-01
1.634826660156250000e-01
1.667283773422241211e-01
1.696033179759979248e-01
1.724296212196350098e-01
1.757786571979522705e-01
1.785563528537750244e-01
1.781612783670425415e-01
1.810544580221176147e-01
1.838625371456146240e-01
1.868043392896652222e-01
1.899345517158508301e-01
1.931377202272415161e-01
1.954777836799621582e-01
1.980427503585815430e-01
2.007718086242675781e-01
2.037439942359924316e-01
2.058956474065780640e-01
2.089954763650894165e-01
2.117731720209121704e-01
2.148730009794235229e-01
2.168058454990386963e-01
2.189514040946960449e-01
2.207566052675247192e-01
2.238746732473373413e-01
2.269258797168731689e-01
2.300013899803161621e-01
2.328702509403228760e-01
2.359761744737625122e-01
2.373741269111633301e-01
2.405408173799514771e-01
2.421940714120864868e-01
2.460171878337860107e-01
2.480594366788864136e-01
2.515725791454315186e-01
2.551708221435546875e-01
2.560217380523681641e-01
2.593039274215698242e-01
2.627866566181182861e-01
2.654792666435241699e-01
2.674850523471832275e-01
2.703842818737030029e-01
2.737637162208557129e-01
2.759943902492523193e-01
2.774409651756286621e-01
2.785836458206176758e-01
2.815436720848083496e-01
2.844490110874176025e-01
2.827228307723999023e-01
2.858044207096099854e-01
2.890501320362091064e-01
2.902840077877044678e-01
2.927030920982360840e-01
2.948729693889617920e-01
2.977479100227355957e-01
3.008234202861785889e-01
3.037287592887878418e-01
3.061842918395996094e-01
3.081961572170257568e-01
3.113871514797210693e-01
3.117214441299438477e-01
3.145295381546020508e-01
3.172525167465209961e-01
3.197870850563049316e-01
3.220177590847015381e-01
3.246434926986694336e-01
3.268863260746002197e-01
3.298098742961883545e-01
3.326058089733123779e-01
3.350066542625427246e-01
3.378876745700836182e-01
3.396564126014709473e-01
3.413643538951873779e-01
3.439779281616210938e-01
3.462390005588531494e-01
3.491382300853729248e-01
3.517031967639923096e-01
3.546936213970184326e-01
3.575503230094909668e-01
3.603219389915466309e-01
3.633184432983398438e-01
3.652816712856292725e-01
3.680228888988494873e-01
3.709343075752258301e-01
3.738578855991363525e-01
3.767510354518890381e-01
3.797050118446350098e-01
3.827197551727294922e-01
3.852968513965606689e-01
3.874788880348205566e-01
3.903477489948272705e-01
3.931072056293487549e-01
3.959578573703765869e-01
3.979696929454803467e-01
4.003036916255950928e-01
4.026437699794769287e-01
4.056524038314819336e-01
4.085091352462768555e-01
4.103811681270599365e-01
4.128488898277282715e-01
4.155961871147155762e-01
4.184103608131408691e-01
4.204404354095458984e-01
4.233336150646209717e-01
4.258013069629669189e-01
4.287735223770141602e-01
4.313445389270782471e-01
4.338244199752807617e-01
4.364015161991119385e-01
4.395621418952941895e-01
4.419812262058258057e-01
4.449655711650848389e-01
4.472509324550628662e-01
4.501319527626037598e-01
4.533533453941345215e-01
4.563376903533935547e-01
4.592551887035369873e-01
4.613521397113800049e-01
4.644033312797546387e-01
4.648713469505310059e-01
4.678800106048583984e-01
4.703841805458068848e-01
4.735265672206878662e-01
4.762860238552093506e-01
4.794405400753021240e-01
4.814098477363586426e-01
