-0.000000000000000000e+00
1.215620068251155317e-05
6.078100341255776584e-06
6.078100341255776584e-06
4.254670056980103254e-05
7.293720409506931901e-05
9.724960546009242535e-05
1.337182038696482778e-04
1.762649044394493103e-04
1.762649044394493103e-04
2.613583055790513754e-04
3.099831228610128164e-04
3.099831228610128164e-04
3.889984218403697014e-04
4.254670348018407822e-04
4.801699251402169466e-04
4.984042025171220303e-04
5.287947133183479309e-04
5.834976327605545521e-04
6.382005522027611732e-04
6.685910630039870739e-04
7.111377199180424213e-04
7.719187415204942226e-04
8.570121717639267445e-04
9.481836459599435329e-04
1.008964609354734421e-03
1.051511382684111595e-03
1.094058039598166943e-03
1.142682856880128384e-03
1.221698126755654812e-03
1.264244900085031986e-03
1.318947761319577694e-03
1.391884987242519855e-03
1.483056461438536644e-03
1.562071731314063072e-03
1.604618504643440247e-03
1.683633774518966675e-03
1.738336752168834209e-03
1.793039613403379917e-03
1.884211087599396706e-03
1.957148313522338867e-03
2.096944721415638924e-03
2.133413217961788177e-03
2.206350443884730339e-03
2.273209625855088234e-03
2.370459027588367462e-03
2.498099347576498985e-03
2.577114617452025414e-03
2.686520339921116829e-03
2.802004339173436165e-03
2.917488105595111847e-03
2.978269243612885475e-03
3.118065418675541878e-03
3.239627461880445480e-03
3.300408599898219109e-03
3.446282818913459778e-03
3.500985912978649139e-03
3.634704044088721275e-03
3.695484949275851250e-03
3.835281357169151306e-03
3.950765356421470642e-03
4.096639808267354965e-03
4.175655078142881393e-03
4.199967253953218460e-03
4.321529529988765717e-03
4.437013063579797745e-03
4.570731427520513535e-03
4.655824974179267883e-03
4.753074608743190765e-03
4.844245966523885727e-03
4.977964330464601517e-03
5.093447864055633545e-03
5.233244504779577255e-03
5.330494139343500137e-03
5.391275044530630112e-03
5.604008678346872330e-03
5.713414400815963745e-03
5.810664035379886627e-03
5.956538487225770950e-03
6.053788121789693832e-03
6.236130837351083755e-03
6.321224384009838104e-03
6.436708383262157440e-03
6.631207652390003204e-03
6.746691185981035233e-03
6.983737461268901825e-03
7.093143183737993240e-03
7.190392818301916122e-03
7.305876817554235458e-03
7.415282540023326874e-03
7.524688262492418289e-03
7.628015708178281784e-03
7.761734072118997574e-03
7.944077253341674805e-03
8.010935969650745392e-03
8.162888698279857635e-03
8.320919238030910492e-03
8.418168872594833374e-03
8.545809425413608551e-03
8.655214682221412659e-03
8.831479586660861969e-03
9.001666679978370667e-03
9.117150679230690002e-03
9.232634678483009338e-03
9.348118677735328674e-03
9.512227028608322144e-03
9.506149217486381531e-03
9.621633216738700867e-03
9.803975932300090790e-03
9.962006472051143646e-03
1.009572483599185944e-02
1.021728664636611938e-02
1.034492719918489456e-02
1.047256682068109512e-02
1.065490953624248505e-02
1.080686226487159729e-02
1.096489280462265015e-02
1.109861116856336594e-02
1.126879826188087463e-02
1.135996915400028229e-02
1.162132807075977325e-02
1.183406170457601547e-02
1.190699823200702667e-02
1.201032660901546478e-02
1.225952804088592529e-02
1.235069986432790756e-02
1.247226167470216751e-02
1.274577621370553970e-02
1.290988549590110779e-02
1.294635329395532608e-02
1.311654038727283478e-02
1.326241530478000641e-02
1.340221147984266281e-02
1.354200765490531921e-02
1.377905346453189850e-02
1.390669401735067368e-02
1.405256800353527069e-02
1.421667635440826416e-02
1.437470689415931702e-02
1.453881617635488510e-02
1.470292452722787857e-02
1.482448633760213852e-02
1.503721997141838074e-02
1.518309488892555237e-02
1.539582852274179459e-02
1.559640560299158096e-02
1.575443521142005920e-02
1.595501415431499481e-02
1.614343374967575073e-02
1.631969958543777466e-02
1.645949482917785645e-02
1.667830720543861389e-02
1.687280647456645966e-02
1.706730574369430542e-02
1.727396063506603241e-02
1.745022647082805634e-02
1.769335009157657623e-02
1.784530282020568848e-02
1.800941117107868195e-02
1.819175481796264648e-02
1.830723881721496582e-02
1.851997151970863342e-02
1.866584643721580505e-02
1.884819008409976959e-02
1.900014095008373260e-02
1.920071989297866821e-02
1.937698386609554291e-02
1.951678097248077393e-02
1.975990459322929382e-02
1.986931078135967255e-02
2.005773037672042847e-02
2.020360529422760010e-02
2.042849548161029816e-02
2.055005729198455811e-02
2.072024345397949219e-02
2.085396274924278259e-02
2.104238420724868774e-02
2.127335034310817719e-02
2.138883434236049652e-02
2.150431834161281586e-02
2.172920852899551392e-02
2.183253690600395203e-02
2.207566052675247192e-02
2.225800417363643646e-02
2.245858125388622284e-02
2.268346957862377167e-02
2.284757979214191437e-02
2.311501652002334595e-02
2.331559360027313232e-02
2.347970195114612579e-02
2.369851246476173401e-02
2.385046519339084625e-02
2.401457354426383972e-02
2.425162121653556824e-02
2.451297827064990997e-02
2.464061789214611053e-02
2.482296153903007507e-02
2.498099207878112793e-02
2.521803788840770721e-02
2.541861496865749359e-02
2.555841207504272461e-02
