-6.078100341255776584e-06
-6.078100341255776584e-06
-6.078100341255776584e-05
-7.901530625531449914e-05
-3.039050170627888292e-05
-6.078100341255776584e-06
-0.000000000000000000e+00
3.039050170627888292e-05
7.901530625531449914e-05
6.078100341255776584e-05
8.509340113960206509e-05
1.519525103503838181e-04
2.005773130804300308e-04
2.248897071694955230e-04
2.613583055790513754e-04
3.160612250212579966e-04
3.464517067186534405e-04
3.889984218403697014e-04
4.558575164992362261e-04
4.497794143389910460e-04
5.105604068376123905e-04
4.923261003568768501e-04
5.348728154785931110e-04
5.713414284400641918e-04
5.713414284400641918e-04
4.680137208197265863e-04
5.409509176388382912e-04
5.774195306003093719e-04
6.078100414015352726e-04
6.685910630039870739e-04
6.989815155975520611e-04
7.354501285590231419e-04
7.962311501614749432e-04
8.448559674434363842e-04
1.015042769722640514e-03
1.094058039598166943e-03
1.142682856880128384e-03
1.246010535396635532e-03
1.264244900085031986e-03
1.312869717366993427e-03
1.325025921687483788e-03
1.385806826874613762e-03
1.404041191563010216e-03
1.452666008844971657e-03
1.531681278720498085e-03
1.574227935634553432e-03
1.635008957237005234e-03
1.695789978839457035e-03
1.756571000441908836e-03
1.811273861676454544e-03
1.872054883278906345e-03
1.926757860928773880e-03
1.987538766115903854e-03
2.030085539445281029e-03
2.127335174009203911e-03
2.175959991291165352e-03
2.224584808573126793e-03
2.303600078448653221e-03
2.425162121653556824e-03
2.485943026840686798e-03
2.540645888075232506e-03
2.601427026093006134e-03
2.686520339921116829e-03
2.698676660656929016e-03
2.789848018437623978e-03
2.862785244360566139e-03
2.923566149547696114e-03
3.002581652253866196e-03
3.093753010034561157e-03
3.154534148052334785e-03
3.160612192004919052e-03
3.209237009286880493e-03
3.288252279162406921e-03
3.440204774960875511e-03
3.531376365572214127e-03
3.598235314711928368e-03
3.652938408777117729e-03
3.719797357916831970e-03
3.786656539887189865e-03
3.835281357169151306e-03
3.908218350261449814e-03
3.975077532231807709e-03
4.029780626296997070e-03
4.096639808267354965e-03
4.145264625549316406e-03
4.187811166048049927e-03
4.260748159140348434e-03
4.333685617893934250e-03
4.382310435175895691e-03
4.376232158392667770e-03
4.418779164552688599e-03
4.455247428268194199e-03
4.509950522333383560e-03
4.588965792208909988e-03
4.613277968019247055e-03
4.674059338867664337e-03
4.716605879366397858e-03
4.728761967271566391e-03
4.789542872458696365e-03
4.917182959616184235e-03
4.929339513182640076e-03
4.990120418369770050e-03
5.026589147746562958e-03
5.075213965028524399e-03
5.111682228744029999e-03
5.172463599592447281e-03
5.215010140091180801e-03
5.263634957373142242e-03
5.330494139343500137e-03
5.379118956625461578e-03
5.415587220340967178e-03
5.470290314406156540e-03
5.518915131688117981e-03
5.567539948970079422e-03
5.616164766252040863e-03
5.640476942062377930e-03
5.683023948222398758e-03
5.737726576626300812e-03
5.731648765504360199e-03
5.780273582786321640e-03
5.841054487973451614e-03
5.889679305255413055e-03
5.938304122537374496e-03
6.005163304507732391e-03
6.102412939071655273e-03
6.151037756353616714e-03
6.187506020069122314e-03
6.242209114134311676e-03
6.284755654633045197e-03
6.327302660793066025e-03
6.351614836603403091e-03
6.363770924508571625e-03
6.406317930668592453e-03
6.406317930668592453e-03
6.442786194384098053e-03
6.497489288449287415e-03
6.540035828948020935e-03
6.606895010918378830e-03
6.612973287701606750e-03
6.661598104983568192e-03
6.704144645482301712e-03
6.758847739547491074e-03
6.801394280046224594e-03
6.837863009423017502e-03
6.886487826704978943e-03
6.935112643986940384e-03
6.983737461268901825e-03
7.038440089672803879e-03
7.093143183737993240e-03
7.141768001019954681e-03
7.184314541518688202e-03
7.232939358800649643e-03
7.281564176082611084e-03
7.318032905459403992e-03
7.360579445958137512e-03
7.415282540023326874e-03
7.457829080522060394e-03
7.500375621020793915e-03
7.451750803738832474e-03
7.494297809898853302e-03
7.530766539275646210e-03
7.585469167679548264e-03
7.628015708178281784e-03
7.646250072866678238e-03
7.664484437555074692e-03
7.700953166931867599e-03
7.713109254837036133e-03
7.786046713590621948e-03
7.810358889400959015e-03
7.846827618777751923e-03
7.822515442967414856e-03
7.852905429899692535e-03
7.925842888653278351e-03
7.974467240273952484e-03
7.998780347406864166e-03
8.035249076783657074e-03
8.029170334339141846e-03
8.083873428404331207e-03
8.120342157781124115e-03
8.168966509401798248e-03
8.217591792345046997e-03
8.266216143965721130e-03
8.308763615787029266e-03
8.357387967407703400e-03
8.406012319028377533e-03
8.448559790849685669e-03
8.509340696036815643e-03
8.551887236535549164e-03
8.612668141722679138e-03
8.667371235787868500e-03
8.715995587408542633e-03
8.764620870351791382e-03
8.819323964416980743e-03
8.874026127159595490e-03
8.728152140974998474e-03
8.782855235040187836e-03
8.831479586660861969e-03
8.880104869604110718e-03
8.953041397035121918e-03
9.117150679230690002e-03
9.171853773295879364e-03
