3.646860204753465950e-05
3.829203196801245213e-04
1.002886565402150154e-03
1.507368870079517365e-03
2.248896984383463860e-03
2.990425331518054008e-03
3.853515721857547760e-03
4.619356244802474976e-03
5.543227307498455048e-03
6.521801929920911789e-03
7.621937897056341171e-03
8.715995587408542633e-03
9.858679026365280151e-03
1.106822118163108826e-02
1.248441915959119797e-02
1.377297565340995789e-02
1.515270397067070007e-02
1.650204323232173920e-02
1.808842644095420837e-02
1.951677910983562469e-02
2.094513177871704102e-02
2.245250158011913300e-02
2.401457354426383972e-02
2.561311423778533936e-02
2.706578001379966736e-02
2.804435603320598602e-02
2.942408435046672821e-02
3.116242028772830963e-02
3.299192711710929871e-02
3.480320051312446594e-02
3.666310012340545654e-02
3.835889324545860291e-02
4.013369977474212646e-02
4.177478328347206116e-02
4.366507381200790405e-02
4.547634720802307129e-02
4.721468687057495117e-02
4.942103102803230286e-02
5.126270279288291931e-02
5.330494046211242676e-02
5.518915131688117981e-02
5.732864141464233398e-02
5.955322831869125366e-02
6.170487776398658752e-02
6.391730159521102905e-02
6.617835909128189087e-02
6.856096535921096802e-02
7.074908912181854248e-02
7.285819202661514282e-02
7.528943568468093872e-02
7.767812162637710571e-02
7.976290583610534668e-02
8.231571316719055176e-02
8.477734029293060303e-02
8.733014762401580811e-02
8.960335701704025269e-02
9.177931398153305054e-02
9.464817494153976440e-02
9.737724065780639648e-02
9.998475760221481323e-02
1.025861799716949463e-01
1.053820997476577759e-01
1.083968430757522583e-01
1.112535521388053894e-01
1.143229901790618896e-01
1.170824542641639709e-01
1.201944351196289062e-01
1.233854368329048157e-01
1.260719597339630127e-01
1.293541342020034790e-01
1.327639520168304443e-01
1.360278874635696411e-01
1.390304714441299438e-01
1.422944068908691406e-01
1.448289752006530762e-01
1.479348987340927124e-01
1.510529518127441406e-01
1.544931679964065552e-01
1.579941511154174805e-01
1.611365377902984619e-01
1.647955179214477539e-01
1.678224205970764160e-01
1.710863709449768066e-01
1.741861999034881592e-01
1.773954480886459351e-01
1.809632927179336548e-01
1.836984306573867798e-01
1.867557168006896973e-01
1.903965026140213013e-01
1.937941610813140869e-01
1.973802298307418823e-01
2.006381005048751831e-01
2.037865370512008667e-01
2.076947689056396484e-01
2.112504541873931885e-01
2.147757411003112793e-01
2.185867279767990112e-01
2.220390886068344116e-01
2.260263264179229736e-01
2.293267250061035156e-01
2.320253998041152954e-01
2.355689406394958496e-01
2.391124516725540161e-01
2.429051995277404785e-01
2.466067671775817871e-01
2.503812909126281738e-01
2.540099024772644043e-01
2.580640017986297607e-01
2.619782686233520508e-01
2.661904394626617432e-01
2.693327665328979492e-01
2.726635932922363281e-01
2.754898965358734131e-01
2.788450121879577637e-01
2.825708985328674316e-01
2.868680953979492188e-01
2.909221649169921875e-01
2.937059402465820312e-01
2.968422472476959229e-01
3.006653785705566406e-01
3.039840161800384521e-01
3.075883388519287109e-01
3.112959861755371094e-01
3.150644004344940186e-01
3.191063404083251953e-01
3.229477107524871826e-01
3.265581130981445312e-01
3.300712406635284424e-01
3.339368999004364014e-01
3.377174735069274902e-01
3.412549197673797607e-01
3.449321985244750977e-01
3.487674891948699951e-01
3.526695966720581055e-01
3.561341464519500732e-01
3.599207997322082520e-01
3.637196123600006104e-01
3.673482239246368408e-01
3.711956441402435303e-01
3.750370144844055176e-01
3.786838948726654053e-01
3.825981914997100830e-01
3.861842751502990723e-01
3.897399604320526123e-01
3.937697410583496094e-01
3.976353704929351807e-01
4.011485576629638672e-01
4.048440456390380859e-01
4.088677465915679932e-01
4.126422405242919922e-01
4.165200591087341309e-01
4.205012321472167969e-01
4.244094491004943848e-01
4.284513890743255615e-01
4.324446916580200195e-01
4.359578490257263184e-01
4.394648671150207520e-01
4.431299567222595215e-01
4.474028646945953369e-01
4.515359699726104736e-01
4.552436470985412598e-01
4.591883420944213867e-01
4.628594815731048584e-01
4.667737782001495361e-01
4.707549512386322021e-01
4.749062955379486084e-01
4.791305661201477051e-01
4.827470481395721436e-01
4.869956374168395996e-01
4.906546473503112793e-01
4.946479499340057373e-01
4.977295696735382080e-01
5.011515021324157715e-01
5.049442648887634277e-01
5.092597603797912598e-01
5.128822326660156250e-01
5.159395337104797363e-01
5.202489495277404785e-01
5.234156250953674316e-01
5.276216268539428711e-01
5.301744937896728516e-01
5.338517427444458008e-01
5.382401347160339355e-01
5.422759652137756348e-01
5.464881062507629395e-01
5.501531958580017090e-01
5.542619824409484863e-01
5.581762790679931641e-01
5.622729063034057617e-01
5.657009482383728027e-01
5.697732567787170410e-01
5.730676054954528809e-01
5.766780376434326172e-01
5.803006291389465332e-01
5.844336748123168945e-01
5.873997807502746582e-01
5.910223126411437988e-01
5.946387648582458496e-01
5.986624956130981445e-01
6.027469038963317871e-01
6.061263680458068848e-01
