1.215620068251155317e-05
-1.762649044394493103e-04
3.039050170627888292e-05
-1.337182038696482778e-04
2.431240136502310634e-04
2.674364077392965555e-04
3.160612250212579966e-04
4.984042025171220303e-04
6.321224500425159931e-04
4.923261003568768501e-04
9.360274416394531727e-04
1.239932491444051266e-03
1.422275439836084843e-03
1.647165161557495594e-03
1.981460722163319588e-03
2.230662852525711060e-03
2.710832748562097549e-03
2.923566149547696114e-03
3.136299783363938332e-03
3.397658001631498337e-03
3.938608802855014801e-03
4.327607341110706329e-03
4.704449791461229324e-03
4.990120418369770050e-03
5.379118956625461578e-03
5.792429670691490173e-03
6.278677843511104584e-03
6.521801464259624481e-03
6.904722191393375397e-03
7.384892087429761887e-03
7.822515442967414856e-03
8.272294886410236359e-03
8.722074329853057861e-03
9.159697219729423523e-03
9.724960662424564362e-03
1.020513009279966354e-02
1.059412863105535507e-02
1.108645461499691010e-02
1.152407843619585037e-02
1.211973186582326889e-02
1.250873040407896042e-02
1.298282202333211899e-02
1.355416420847177505e-02
1.420452073216438293e-02
1.478801853954792023e-02
1.525603141635656357e-02
1.575443521142005920e-02
1.613735593855381012e-02
1.661752723157405853e-02
1.716455444693565369e-02
1.746845990419387817e-02
1.805803552269935608e-02
1.861114241182804108e-02
1.909739151597023010e-02
1.968696713447570801e-02
2.024007402360439301e-02
2.081749401986598969e-02
2.154078707098960876e-02
2.205134741961956024e-02
2.265308052301406860e-02
2.333382703363895416e-02
2.400849573314189911e-02
2.453121356666088104e-02
2.501138299703598022e-02
2.582584880292415619e-02
2.647012658417224884e-02
2.659776620566844940e-02
2.721165493130683899e-02
2.793494984507560730e-02
2.861569635570049286e-02
2.906547673046588898e-02
2.955172397196292877e-02
3.020208142697811127e-02
3.091929666697978973e-02
3.164258971810340881e-02
3.225040063261985779e-02
3.291291370987892151e-02
3.363620862364768982e-02
3.398266062140464783e-02
3.461478278040885925e-02
3.530768305063247681e-02
3.606136888265609741e-02
3.686975687742233276e-02
3.760520741343498230e-02
3.835888952016830444e-02
3.889376297593116760e-02
3.961097821593284607e-02
4.035250842571258545e-02
4.126422479748725891e-02
4.203614220023155212e-02
4.266218468546867371e-02
4.328823089599609375e-02
4.407838359475135803e-02
4.481383413076400757e-02
4.560398682951927185e-02
4.640629515051841736e-02
4.708096385002136230e-02
4.790150746703147888e-02
4.853362962603569031e-02
4.928123578429222107e-02
5.008354783058166504e-02
5.083115398883819580e-02
5.159091576933860779e-02
5.204677209258079529e-02
5.243577063083648682e-02
5.328670516610145569e-02
5.402823537588119507e-02
5.473937094211578369e-02
5.545658618211746216e-02
5.602793022990226746e-02
5.684847384691238403e-02
5.755353346467018127e-02
5.837407708168029785e-02
5.894541740417480469e-02
5.968694388866424561e-02
6.041631847620010376e-02
6.130979955196380615e-02
6.194192171096801758e-02
6.240385770797729492e-02
6.310891360044479370e-02
6.389907002449035645e-02
6.463451683521270752e-02
6.536389142274856567e-02
6.611757725477218628e-02
6.690165400505065918e-02
6.769788265228271484e-02
6.846980005502700806e-02
6.910800188779830933e-02
6.985560804605484009e-02
7.060321420431137085e-02
7.131434977054595947e-02
7.215920835733413696e-02
7.285211235284805298e-02
7.355108857154846191e-02
7.430477440357208252e-02
7.491258531808853149e-02
7.566627115011215210e-02
7.641387730836868286e-02
7.715540379285812378e-02
7.798203080892562866e-02
7.892413437366485596e-02
7.955017685890197754e-02
8.032209426164627075e-02
8.110009133815765381e-02
8.184161782264709473e-02
8.258315175771713257e-02
8.320311456918716431e-02
8.380484580993652344e-02
8.455245196819305420e-02
8.522104471921920776e-02
8.596865087747573853e-02
8.643058687448501587e-02
8.717211335897445679e-02
8.784070611000061035e-02
8.847890794277191162e-02
8.932983875274658203e-02
9.007744491100311279e-02
9.078858792781829834e-02
9.144502133131027222e-02
9.207106381654739380e-02
9.290984272956848145e-02
9.352373331785202026e-02
9.428349137306213379e-02
9.496423602104187012e-02
9.565106779336929321e-02
9.636220335960388184e-02
9.707333892583847046e-02
9.770546108484268188e-02
9.847737848758697510e-02
9.898186475038528442e-02
9.975378215312957764e-02
1.002886593341827393e-01
1.009329333901405334e-01
1.015589758753776550e-01
1.021910980343818665e-01
1.028840020298957825e-01
1.034188792109489441e-01
1.039659082889556885e-01
1.046466529369354248e-01
1.050113365054130554e-01
1.056616976857185364e-01
1.062208786606788635e-01
1.069198623299598694e-01
1.073270961642265320e-01
1.079288274049758911e-01
1.085731089115142822e-01
1.091930717229843140e-01
1.097279489040374756e-01
1.103418320417404175e-01
1.108341589570045471e-01
1.114662811160087585e-01
1.121652647852897644e-01
1.125846505165100098e-01
1.133991181850433350e-01
1.140433996915817261e-01
1.147119849920272827e-01
1.152954846620559692e-01
1.159215271472930908e-01
1.162375882267951965e-01
1.167906969785690308e-01
1.173620373010635376e-01
