6.078100341255776584e-06
9.724960546009242535e-05
1.641087146708741784e-04
2.370459114899858832e-04
3.464517067186534405e-04
3.221393271815031767e-04
4.193889326415956020e-04
5.166385089978575706e-04
5.531071219593286514e-04
6.260443478822708130e-04
7.658406393602490425e-04
8.752464782446622849e-04
9.907303610816597939e-04
1.087979995645582676e-03
1.276401104405522346e-03
1.367572578601539135e-03
1.483056461438536644e-03
1.604618504643440247e-03
1.701868139207363129e-03
1.841664430685341358e-03
1.975382678210735321e-03
2.072632312774658203e-03
2.248897217214107513e-03
2.315756166353821754e-03
2.467708662152290344e-03
2.273209625855088234e-03
2.388693392276763916e-03
2.662207931280136108e-03
2.905332017689943314e-03
3.069440601393580437e-03
3.276096191257238388e-03
3.245705505833029747e-03
3.464517183601856232e-03
3.622547723352909088e-03
3.780578495934605598e-03
3.902140306308865547e-03
4.060171078890562057e-03
4.230357706546783447e-03
4.376232158392667770e-03
4.619356244802474976e-03
4.856402054429054260e-03
5.087370052933692932e-03
5.300103686749935150e-03
5.415587220340967178e-03
5.689101759344339371e-03
5.853210575878620148e-03
6.053788121789693832e-03
6.278677843511104584e-03
6.473176646977663040e-03
6.728457286953926086e-03
6.929034367203712463e-03
7.196470629423856735e-03
7.518609985709190369e-03
7.816436700522899628e-03
8.150732144713401794e-03
8.339153602719306946e-03
8.527575060725212097e-03
8.892260491847991943e-03
9.232634678483009338e-03
9.579085744917392731e-03
9.931615553796291351e-03
1.022944319993257523e-02
1.053334772586822510e-02
1.083117444068193436e-02
1.125056389719247818e-02
1.159701589494943619e-02
1.197993569076061249e-02
1.242971513420343399e-02
1.261813659220933914e-02
1.301929075270891190e-02
1.345083583146333694e-02
1.380336564034223557e-02
1.421667635440826416e-02
1.464214362204074860e-02
1.509800087660551071e-02
1.558424904942512512e-02
1.592462323606014252e-02
1.615559123456478119e-02
1.666007377207279205e-02
1.709769666194915771e-02
1.762041263282299042e-02
1.807019300758838654e-02
1.853212714195251465e-02
1.901837624609470367e-02
1.948031224310398102e-02
2.009419910609722137e-02
2.059868164360523224e-02
2.112139947712421417e-02
2.151039801537990570e-02
2.196017652750015259e-02
2.245250344276428223e-02
2.278679795563220978e-02
2.327912487089633942e-02
2.385654300451278687e-02
2.436102554202079773e-02
2.499314770102500916e-02
2.534567750990390778e-02
2.579545788466930389e-02
2.622092515230178833e-02
2.670717239379882812e-02
2.729674801230430603e-02
2.792279236018657684e-02
2.851844765245914459e-02
2.910194359719753265e-02
2.956387959420681000e-02
3.017776831984519958e-02
3.061539120972156525e-02
3.114418685436248779e-02
3.147848322987556458e-02
3.205589950084686279e-02
3.257861733436584473e-02
3.313172608613967896e-02
3.365444019436836243e-02
3.429264202713966370e-02
3.491868823766708374e-02
3.527121618390083313e-02
3.574530780315399170e-02
3.628018125891685486e-02
3.684544563293457031e-02
3.741678595542907715e-02
3.804282844066619873e-02
3.856554627418518066e-02
3.899709135293960571e-02
3.950157389044761658e-02
4.018232226371765137e-02
4.075974225997924805e-02
4.126422479748725891e-02
4.191457852721214294e-02
4.255886003375053406e-02
4.300256073474884033e-02
4.323352873325347900e-02
4.370154067873954773e-02
4.426680505275726318e-02
4.478952288627624512e-02
4.539125412702560425e-02
4.594435915350914001e-02
4.653393477201461792e-02
4.705665260553359985e-02
4.757937043905258179e-02
4.805953800678253174e-02
4.867950454354286194e-02
4.902595654129981995e-02
4.960337653756141663e-02
5.014432966709136963e-02
5.066704377532005310e-02
5.123838409781455994e-02
5.168816447257995605e-02
5.218049138784408569e-02
5.239322409033775330e-02
5.287339538335800171e-02
5.339611321687698364e-02
5.387628078460693359e-02
5.438076332211494446e-02
5.492171645164489746e-02
5.551129207015037537e-02
5.609478801488876343e-02
5.667220801115036011e-02
5.692141130566596985e-02
5.744412541389465332e-02
5.799723416566848755e-02
5.850171670317649841e-02
5.902443081140518188e-02
5.955322831869125366e-02
6.006986647844314575e-02
6.042239442467689514e-02
6.094511225819587708e-02
6.135234609246253967e-02
6.185074895620346069e-02
6.235523149371147156e-02
6.283540278673171997e-02
6.333380192518234253e-02
6.385044753551483154e-02
6.445217877626419067e-02
6.489587575197219849e-02
6.544898450374603271e-02
6.592915207147598267e-02
6.640324741601943970e-02
6.682871282100677490e-02
6.740005314350128174e-02
6.791061162948608398e-02
6.851235032081604004e-02
6.894389539957046509e-02
6.955777853727340698e-02
7.008657604455947876e-02
7.068222761154174805e-02
7.110769301652908325e-02
7.168511301279067993e-02
7.219567894935607910e-02
7.278525084257125854e-02
7.330796867609024048e-02
7.405557483434677124e-02
7.443849742412567139e-02
7.500375807285308838e-02
7.562372088432312012e-02
7.627408206462860107e-02
7.676640897989273071e-02
7.731343805789947510e-02
7.783007621765136719e-02
7.838318496942520142e-02
7.915510237216949463e-02
7.967174053192138672e-02
