1.823430102376732975e-05
1.701868168311193585e-04
3.829203196801245213e-04
5.287947133183479309e-04
8.448559092357754707e-04
1.233854447491466999e-03
1.671477570198476315e-03
2.078710356727242470e-03
2.431240165606141090e-03
2.923566149547696114e-03
3.555688541382551193e-03
4.163498524576425552e-03
4.692293703556060791e-03
5.281869322061538696e-03
5.968694575130939484e-03
6.600817199796438217e-03
7.281564176082611084e-03
8.004858158528804779e-03
8.855791762471199036e-03
9.603398852050304413e-03
1.035100501030683517e-02
1.100136153399944305e-02
1.183406077325344086e-02
1.263029314577579498e-02
1.350553892552852631e-02
1.389453746378421783e-02
1.458744145929813385e-02
1.565110869705677032e-02
1.654458977282047272e-02
1.750492863357067108e-02
1.853820681571960449e-02
1.918856240808963776e-02
2.019752562046051025e-02
2.124903909862041473e-02
2.232486195862293243e-02
2.329735830426216125e-02
2.428201027214527130e-02
2.531528845429420471e-02
2.629386447370052338e-02
2.746085636317729950e-02
2.847589924931526184e-02
2.967936545610427856e-02
3.071871958673000336e-02
3.171552717685699463e-02
3.273057192564010620e-02
3.385502099990844727e-02
3.496123105287551880e-02
3.609175980091094971e-02
3.728914633393287659e-02
3.857770562171936035e-02
3.975077718496322632e-02
4.096031934022903442e-02
4.224279522895812988e-02
4.344625771045684814e-02
4.480167478322982788e-02
4.593828320503234863e-02
4.710527881979942322e-02
4.860048741102218628e-02
5.003492161631584167e-02
5.156660079956054688e-02
5.291594192385673523e-02
5.436252802610397339e-02
5.560246109962463379e-02
5.692140385508537292e-02
5.856249481439590454e-02
6.003339961171150208e-02
6.161978095769882202e-02
6.323047727346420288e-02
6.461628526449203491e-02
6.616012006998062134e-02
6.794708222150802612e-02
6.937544047832489014e-02
7.087065279483795166e-02
7.263937592506408691e-02
7.434123754501342773e-02
7.632269710302352905e-02
7.801850140094757080e-02
7.934352755546569824e-02
8.119126409292221069e-02
8.270470798015594482e-02
8.469832688570022583e-02
8.648529648780822754e-02
8.822970092296600342e-02
9.011999517679214478e-02
9.188264608383178711e-02
9.407684206962585449e-02
9.602791070938110352e-02
9.805191308259963989e-02
9.993612021207809448e-02
1.019236594438552856e-01
1.038625836372375488e-01
1.053821071982383728e-01
1.073271036148071289e-01
1.091930642724037170e-01
1.110651344060897827e-01
1.132897064089775085e-01
1.151860803365707397e-01
1.170338243246078491e-01
1.190213635563850403e-01
1.211122274398803711e-01
1.233003363013267517e-01
1.253790557384490967e-01
1.277495175600051880e-01
1.299862414598464966e-01
1.321075111627578735e-01
1.341558396816253662e-01
1.363986581563949585e-01
1.387569457292556763e-01
1.405560821294784546e-01
1.426894813776016235e-01
1.449322998523712158e-01
1.472237557172775269e-01
1.494057923555374146e-01
1.514844894409179688e-01
1.537941694259643555e-01
1.560491472482681274e-01
1.584256887435913086e-01
1.610514223575592041e-01
1.637014746665954590e-01
1.660658568143844604e-01
1.685031801462173462e-01
1.705879569053649902e-01
1.726666837930679321e-01
1.749702841043472290e-01
1.777297258377075195e-01
1.803676337003707886e-01
1.827927976846694946e-01
1.851936429738998413e-01
1.878983825445175171e-01
1.902323961257934570e-01
1.924448162317276001e-01
1.948638856410980225e-01
1.972829699516296387e-01
2.001518458127975464e-01
2.030754089355468750e-01
2.064305245876312256e-01
2.093480080366134644e-01
2.116941511631011963e-01
2.140403240919113159e-01
2.166964411735534668e-01
2.194558978080749512e-01
2.219418287277221680e-01
2.246283590793609619e-01
2.272784113883972168e-01
2.301533520221710205e-01
2.330708354711532593e-01
2.345903515815734863e-01
2.374288290739059448e-01
2.398843765258789062e-01
2.425283491611480713e-01
2.448866665363311768e-01
2.471112459897994995e-01
2.497065961360931396e-01
2.524964511394500732e-01
2.544049620628356934e-01
2.568301260471343994e-01
2.596685886383056641e-01
2.620998322963714600e-01
2.648046016693115234e-01
2.676734626293182373e-01
2.705484032630920410e-01
2.729553282260894775e-01
2.756479084491729736e-01
2.784073948860168457e-01
2.805772423744201660e-01
2.832029759883880615e-01
2.858773767948150635e-01
2.887401580810546875e-01
2.911714017391204834e-01
2.935600876808166504e-01
2.963073849678039551e-01
2.991640865802764893e-01
3.018931448459625244e-01
3.045492768287658691e-01
3.074789345264434814e-01
3.101715445518493652e-01
3.129856884479522705e-01
3.157208561897277832e-01
3.181399405002593994e-01
3.211060464382171631e-01
3.233610391616821289e-01
3.257254064083099365e-01
3.287158012390136719e-01
3.315542936325073242e-01
3.345629572868347168e-01
3.372191190719604492e-01
3.401669561862945557e-01
3.428291976451873779e-01
3.457709848880767822e-01
3.486033678054809570e-01
3.518794476985931396e-01
3.539824783802032471e-01
3.570154607295989990e-01
3.596533536911010742e-01
3.627167344093322754e-01
3.653120696544647217e-01
3.680776059627532959e-01
3.705270588397979736e-01
3.734263181686401367e-01
3.763255774974822998e-01
3.790971636772155762e-01
