-0.000000000000000000e+00
6.078100341255776584e-06
1.215620068251155317e-05
3.039050170627888292e-05
3.039050170627888292e-05
1.823430102376732975e-05
3.646860204753465950e-05
6.685910193482413888e-05
5.470290489029139280e-05
7.293720409506931901e-05
3.039050170627888292e-05
4.862480273004621267e-05
1.823430102376732975e-05
1.215620068251155317e-05
6.078100341255776584e-06
-6.078100341255776584e-06
6.078100341255776584e-06
4.254670056980103254e-05
4.862480273004621267e-05
1.397963060298934579e-04
1.580306125106289983e-04
1.884211087599396706e-04
2.127335174009203911e-04
2.309678093297407031e-04
2.309678093297407031e-04
2.431240136502310634e-04
2.613583055790513754e-04
3.160612250212579966e-04
3.160612250212579966e-04
3.403736045584082603e-04
3.768422175198793411e-04
3.889984218403697014e-04
4.133108304813504219e-04
4.254670348018407822e-04
4.619356186594814062e-04
4.862480273004621267e-04
5.044823046773672104e-04
5.105604068376123905e-04
5.227166111581027508e-04
5.409509176388382912e-04
5.287947133183479309e-04
5.409509176388382912e-04
5.531071219593286514e-04
6.138881435617804527e-04
6.321224500425159931e-04
6.685910630039870739e-04
6.685910630039870739e-04
6.868253112770617008e-04
6.929034134373068810e-04
7.111377199180424213e-04
7.415282307192683220e-04
7.415282307192683220e-04
7.597625372000038624e-04
7.415282307192683220e-04
7.597625372000038624e-04
7.293720263987779617e-04
7.415282307192683220e-04
7.597625372000038624e-04
7.476063328795135021e-04
7.779968436807394028e-04
7.840749458409845829e-04
8.083873544819653034e-04
8.205435588024556637e-04
8.570121717639267445e-04
8.934807265177369118e-04
9.056369308382272720e-04
9.299493394792079926e-04
9.542617481201887131e-04
9.846522007137537003e-04
1.002886565402150154e-03
1.015042769722640514e-03
1.039355178363621235e-03
1.051511382684111595e-03
1.051511382684111595e-03
1.075823791325092316e-03
1.094058039598166943e-03
1.124448608607053757e-03
1.136604812927544117e-03
1.179151469841599464e-03
1.203463878482580185e-03
1.221698126755654812e-03
1.246010535396635532e-03
1.264244900085031986e-03
1.300713513046503067e-03
1.312869717366993427e-03
1.312869717366993427e-03
1.337182126007974148e-03
1.361494418233633041e-03
1.379728782922029495e-03
1.397963031195104122e-03
1.416197395883500576e-03
1.422275439836084843e-03
1.434431644156575203e-03
1.452666008844971657e-03
1.470900257118046284e-03
1.476978417485952377e-03
1.495212665759027004e-03
1.513447030447423458e-03
1.537759439088404179e-03
1.543837483040988445e-03
1.555993687361478806e-03
1.580306096002459526e-03
1.610696548596024513e-03
1.616774708963930607e-03
1.635008957237005234e-03
1.641087117604911327e-03
1.659321365877985954e-03
1.683633774518966675e-03
1.695789978839457035e-03
1.695789978839457035e-03
1.714024343527853489e-03
1.738336752168834209e-03
1.762649044394493103e-03
1.780883409082889557e-03
1.805195817723870277e-03
1.817352022044360638e-03
1.841664430685341358e-03
1.859898678958415985e-03
1.878133043646812439e-03
1.890289247967302799e-03
1.914601656608283520e-03
1.932835904881358147e-03
1.957148313522338867e-03
1.975382678210735321e-03
1.993616810068488121e-03
2.011851174756884575e-03
2.030085539445281029e-03
2.054397948086261749e-03
2.072632312774658203e-03
2.084788400679826736e-03
2.096944721415638924e-03
2.121257130056619644e-03
2.139491261914372444e-03
2.169881714507937431e-03
2.188116079196333885e-03
2.212428487837314606e-03
2.242818940430879593e-03
2.267131349071860313e-03
2.285365713760256767e-03
2.309678122401237488e-03
2.333990531042218208e-03
2.352224895730614662e-03
2.376537304371595383e-03
2.388693392276763916e-03
2.413005800917744637e-03
2.406927756965160370e-03
2.406927756965160370e-03
2.431240165606141090e-03
2.455552574247121811e-03
2.473786938935518265e-03
2.498099347576498985e-03
2.516333479434251785e-03
2.540645888075232506e-03
2.564958296716213226e-03
2.583192661404609680e-03
2.607505070045590401e-03
2.631817478686571121e-03
2.631817478686571121e-03
2.656129887327551842e-03
2.686520339921116829e-03
2.704754704609513283e-03
2.698676660656929016e-03
2.704754704609513283e-03
2.741223201155662537e-03
2.765535609796643257e-03
2.783769974485039711e-03
2.814160427078604698e-03
2.832394791767001152e-03
2.850629156455397606e-03
2.881019609048962593e-03
2.905332017689943314e-03
2.929644426330924034e-03
2.941800514236092567e-03
2.953956834971904755e-03
2.978269243612885475e-03
3.002581652253866196e-03
3.026894060894846916e-03
3.057284513488411903e-03
3.081596922129392624e-03
3.105909330770373344e-03
3.075518878176808357e-03
3.099831286817789078e-03
3.124143462628126144e-03
3.148455871269106865e-03
3.172768279910087585e-03
3.209237009286880493e-03
3.239627461880445480e-03
3.257861826568841934e-03
3.288252279162406921e-03
3.312564687803387642e-03
3.336877096444368362e-03
3.306486643850803375e-03
3.336877096444368362e-03
3.367267549037933350e-03
3.385501913726329803e-03
3.403736278414726257e-03
3.434126731008291245e-03
3.446282818913459778e-03
3.470595227554440498e-03
3.500985912978649139e-03
3.525298088788986206e-03
