3.646860131993889809e-04
-4.127030260860919952e-03
-2.224584808573126793e-03
1.227776054292917252e-03
4.740918055176734924e-03
8.795010857284069061e-03
1.474547106772661209e-02
2.006988786160945892e-02
2.569212950766086578e-02
3.006836026906967163e-02
3.743501752614974976e-02
4.275943338871002197e-02
4.702626168727874756e-02
5.456918478012084961e-02
6.174134463071823120e-02
6.736359000205993652e-02
7.539275288581848145e-02
8.179299533367156982e-02
8.963982760906219482e-02
9.777232259511947632e-02
1.049748733639717102e-01
1.124509274959564209e-01
1.204801127314567566e-01
1.292568892240524292e-01
1.369031369686126709e-01
1.442333310842514038e-01
1.519038826227188110e-01
1.608873158693313599e-01
1.686855256557464600e-01
1.774926781654357910e-01
1.860020309686660767e-01
1.939643472433090210e-01
2.025648504495620728e-01
2.104603052139282227e-01
2.191884517669677734e-01
2.280685603618621826e-01
2.353197336196899414e-01
2.418658435344696045e-01
2.492628991603851318e-01
2.584469318389892578e-01
2.648653984069824219e-01
2.739764750003814697e-01
2.824189364910125732e-01
2.900287210941314697e-01
2.982523739337921143e-01
3.069926798343658447e-01
3.142195641994476318e-01
3.232941627502441406e-01
3.322593569755554199e-01
3.405620455741882324e-01
3.485365211963653564e-01
3.580426871776580811e-01
3.671051263809204102e-01
3.765504658222198486e-01
3.850172758102416992e-01
3.938852250576019287e-01
4.019873142242431641e-01
4.101015925407409668e-01
4.169029891490936279e-01
4.240751266479492188e-01
4.331133067607879639e-01
4.415374994277954102e-01
4.495970904827117920e-01
4.583556354045867920e-01
4.670533835887908936e-01
4.774287045001983643e-01
4.859502017498016357e-01
4.951585233211517334e-01
5.050111413002014160e-01
5.142741203308105469e-01
5.187597870826721191e-01
5.276459455490112305e-01
5.354015827178955078e-01
5.447983741760253906e-01
5.542801618576049805e-01
5.637863874435424805e-01
5.727940797805786133e-01
5.826163291931152344e-01
5.914781689643859863e-01
6.014888286590576172e-01
6.110982894897460938e-01
6.205376386642456055e-01
6.270471811294555664e-01
6.369059085845947266e-01
6.466004848480224609e-01
6.541616320610046387e-01
6.632665991783142090e-01
6.722986698150634766e-01
6.816224455833435059e-01
6.893295049667358398e-01
6.989207267761230469e-01
7.079345583915710449e-01
7.163953185081481934e-01
7.264241576194763184e-01
7.347207665443420410e-01
7.435097098350524902e-01
7.515450119972229004e-01
7.595315575599670410e-01
7.670562267303466797e-01
7.767691016197204590e-01
7.869377136230468750e-01
7.968389391899108887e-01
8.060351014137268066e-01
8.154987096786499023e-01
8.232543468475341797e-01
8.325477838516235352e-01
8.408200740814208984e-01
8.516998291015625000e-01
8.586593270301818848e-01
8.684025406837463379e-01
8.781152963638305664e-01
8.847343325614929199e-01
8.950549960136413574e-01
9.049015045166015625e-01
9.139639735221862793e-01
9.225705862045288086e-01
9.321557283401489258e-01
9.421298503875732422e-01
9.507911801338195801e-01
9.580665826797485352e-01
9.663389325141906738e-01
9.757174253463745117e-01
9.849439859390258789e-01
9.899888038635253906e-01
1.000048160552978516e+00
1.009991884231567383e+00
1.018574118614196777e+00
1.026986241340637207e+00
1.035908937454223633e+00
1.045901298522949219e+00
1.056118607521057129e+00
1.066013813018798828e+00
1.075811624526977539e+00
1.083846807479858398e+00
1.094149231910705566e+00
1.100920200347900391e+00
1.110991597175598145e+00
1.121245384216308594e+00
1.131335139274597168e+00
1.140756130218505859e+00
1.150310873985290527e+00
1.158498167991638184e+00
1.167274832725524902e+00
1.177619695663452148e+00
1.187776327133178711e+00
1.196036458015441895e+00
1.205542564392089844e+00
1.214927196502685547e+00
1.225314736366271973e+00
1.231246948242187500e+00
1.242053747177124023e+00
1.252690434455871582e+00
1.263473033905029297e+00
1.272741913795471191e+00
1.283378720283508301e+00
1.294301152229309082e+00
1.304159760475158691e+00
1.314200758934020996e+00
1.325232625007629395e+00
1.336495280265808105e+00
1.347836971282958984e+00
1.359087586402893066e+00
1.369031310081481934e+00
1.379467368125915527e+00
1.389830589294433594e+00
1.400053858757019043e+00
1.409207582473754883e+00
1.419996261596679688e+00
1.429514527320861816e+00
1.438868641853332520e+00
1.448277711868286133e+00
1.458579897880554199e+00
1.468687891960144043e+00
1.478668093681335449e+00
1.489638924598693848e+00
1.499431014060974121e+00
1.510644912719726562e+00
1.520059943199157715e+00
1.530666351318359375e+00
1.541813492774963379e+00
1.553604960441589355e+00
1.564679265022277832e+00
1.575528740882873535e+00
1.587216854095458984e+00
1.599081277847290039e+00
1.609438419342041016e+00
1.622202396392822266e+00
1.633380174636840820e+00
1.645767331123352051e+00
1.656999588012695312e+00
1.669824361801147461e+00
1.682606577873229980e+00
1.695327997207641602e+00
1.707684874534606934e+00
1.717318534851074219e+00
1.728818416595458984e+00
1.741959333419799805e+00
1.755665421485900879e+00
1.768101215362548828e+00
1.781685709953308105e+00
1.794000029563903809e+00
