5.470290489029139280e-05
-7.354501285590231419e-04
-1.294635352678596973e-03
-1.993616810068488121e-03
-1.191307674162089825e-03
-7.962311501614749432e-04
-1.294635352678596973e-03
-1.027198974043130875e-03
-4.011546261608600616e-04
-4.011546261608600616e-04
3.586079110391438007e-04
1.239932491444051266e-03
2.078710356727242470e-03
2.947878558188676834e-03
3.634704044088721275e-03
3.051206469535827637e-03
3.762344131246209145e-03
4.509950522333383560e-03
5.306181497871875763e-03
5.980850663036108017e-03
6.880409549921751022e-03
7.469985168427228928e-03
7.858984172344207764e-03
8.460715413093566895e-03
9.414977394044399261e-03
1.005317829549312592e-02
1.097704935818910599e-02
1.158485934138298035e-02
1.241148076951503754e-02
1.328064966946840286e-02
1.298282202333211899e-02
1.403433363884687424e-02
1.435039471834897995e-02
1.531681325286626816e-02
1.624676212668418884e-02
1.697613485157489777e-02
1.798509806394577026e-02
1.902445405721664429e-02
1.960187405347824097e-02
2.057437039911746979e-02
2.167450636625289917e-02
2.261661179363727570e-02
2.365596592426300049e-02
2.479865029454231262e-02
2.584408223628997803e-02
2.688343822956085205e-02
2.790455892682075500e-02
2.810513600707054138e-02
2.890744432806968689e-02
2.984955161809921265e-02
3.093753010034561157e-02
3.185532242059707642e-02
3.303447365760803223e-02
3.428656235337257385e-02
3.539277985692024231e-02
3.631057217717170715e-02
3.748364374041557312e-02
3.851692005991935730e-02
3.939216956496238708e-02
4.054092988371849060e-02
4.133716225624084473e-02
4.193889349699020386e-02
4.302079603075981140e-02
4.356174543499946594e-02
4.455855488777160645e-02
4.562222212553024292e-02
4.658864066004753113e-02
4.733016714453697205e-02
4.843030497431755066e-02
4.943319037556648254e-02
5.041784048080444336e-02
5.131740123033523560e-02
5.091016739606857300e-02
5.201030522584915161e-02
5.313475430011749268e-02
5.428959056735038757e-02
5.528640002012252808e-02
5.480015277862548828e-02
5.568147823214530945e-02
5.671475455164909363e-02
5.777234211564064026e-02
5.890894681215286255e-02
6.002731993794441223e-02
6.095119193196296692e-02
6.215465441346168518e-02
6.329733878374099731e-02
6.405102461576461792e-02
6.508430093526840210e-02
6.613580882549285889e-02
6.620267033576965332e-02
6.733927130699157715e-02
6.836647540330886841e-02
6.925995647907257080e-02
7.018382102251052856e-02
7.104083895683288574e-02
7.204372435808181763e-02
7.288250327110290527e-02
7.332620024681091309e-02
7.432908564805984497e-02
7.518610358238220215e-02
7.618290930986404419e-02
7.731951773166656494e-02
7.812182605266571045e-02
7.874786853790283203e-02
7.980545610189437866e-02
8.091775327920913696e-02
8.190847933292388916e-02
8.290528506040573120e-02
8.399327099323272705e-02
8.459500223398208618e-02
8.536083996295928955e-02
8.640627562999725342e-02
8.734229952096939087e-02
8.847282826900482178e-02
8.957296609878540039e-02
9.013822674751281738e-02
9.119581431150436401e-02
9.224732965230941772e-02
9.333530813455581665e-02
9.433819353580474854e-02
9.516482055187225342e-02
9.619809687137603760e-02
9.727391600608825684e-02
9.836797416210174561e-02
9.943164139986038208e-02
1.004466861486434937e-01
1.015285849571228027e-01
1.025618687272071838e-01
1.035586744546890259e-01
1.046588122844696045e-01
1.055887565016746521e-01
1.066038012504577637e-01
1.075945347547531128e-01
1.086582019925117493e-01
1.097279489040374756e-01
1.107186749577522278e-01
1.115331426262855530e-01
1.125907301902770996e-01
1.136543974280357361e-01
1.144202426075935364e-01
1.154413595795631409e-01
1.165171861648559570e-01
1.172465533018112183e-01
1.164320930838584900e-01
1.173741966485977173e-01
1.184257045388221741e-01
1.193495765328407288e-01
1.203585416078567505e-01
1.213796660304069519e-01
1.223764717578887939e-01
1.234340593218803406e-01
1.243761703372001648e-01
1.252453327178955078e-01
1.252392530441284180e-01
1.262603849172592163e-01
1.268438696861267090e-01
1.272875815629959106e-01
1.283026188611984253e-01
1.291596293449401855e-01
1.302172243595123291e-01
1.311410963535308838e-01
1.319737881422042847e-01
1.325390487909317017e-01
1.334446966648101807e-01
1.343442499637603760e-01
1.341679841279983521e-01
1.351951807737350464e-01
1.361919939517974854e-01
1.371037065982818604e-01
1.379911154508590698e-01
1.387387216091156006e-01
1.397659182548522949e-01
1.407931149005889893e-01
1.417534500360488892e-01
1.425922363996505737e-01
1.436315923929214478e-01
1.446831077337265015e-01
1.457346081733703613e-01
1.465612351894378662e-01
1.476248949766159058e-01
1.486642509698867798e-01
1.497461646795272827e-01
1.508037447929382324e-01
1.518552601337432861e-01
1.528581380844116211e-01
1.528824567794799805e-01
1.538184881210327148e-01
1.546572595834732056e-01
1.557087749242782593e-01
1.565901041030883789e-01
1.576112210750579834e-01
1.586384177207946777e-01
1.594954282045364380e-01
1.604861617088317871e-01
1.612398475408554077e-01
1.615862995386123657e-01
1.625891774892807007e-01
1.636771708726882935e-01
1.644369214773178101e-01
1.654033511877059937e-01
1.666858196258544922e-01
