3.160612250212579966e-04
2.449474297463893890e-03
5.075214430689811707e-03
7.846827618777751923e-03
1.079470664262771606e-02
1.396139711141586304e-02
1.737121120095252991e-02
2.077494747936725616e-02
2.436102554202079773e-02
2.810513600707054138e-02
3.212276101112365723e-02
3.614646196365356445e-02
3.978724777698516846e-02
4.392643645405769348e-02
4.802306741476058960e-02
5.185227468609809875e-02
5.605831742286682129e-02
5.998477339744567871e-02
6.378358602523803711e-02
6.769180297851562500e-02
7.203765213489532471e-02
7.571489363908767700e-02
8.013367652893066406e-02
8.446128666400909424e-02
8.920220285654067993e-02
9.211968630552291870e-02
9.629534184932708740e-02
1.013401597738265991e-01
1.052787750959396362e-01
1.096124574542045593e-01
1.150280535221099854e-01
1.199756264686584473e-01
1.257011890411376953e-01
1.310742348432540894e-01
1.362770944833755493e-01
1.416562050580978394e-01
1.471447348594665527e-01
1.522503495216369629e-01
1.578057259321212769e-01
1.625770181417465210e-01
1.678953617811203003e-01
1.736330986022949219e-01
1.795774698257446289e-01
1.854367703199386597e-01
1.912291944026947021e-01
1.954838782548904419e-01
2.018354833126068115e-01
2.078041583299636841e-01
2.130860388278961182e-01
2.169395536184310913e-01
2.230905890464782715e-01
2.287189066410064697e-01
2.340676337480545044e-01
2.399330139160156250e-01
2.451419383287429810e-01
2.507033944129943848e-01
2.564654648303985596e-01
2.623915970325469971e-01
2.681475579738616943e-01
2.737819254398345947e-01
2.778542935848236084e-01
2.828261554241180420e-01
2.886064350605010986e-01
2.942468822002410889e-01
2.985562682151794434e-01
3.046648204326629639e-01
3.104997873306274414e-01
3.154351711273193359e-01
3.211485743522644043e-01
3.277494013309478760e-01
3.335904479026794434e-01
3.387811481952667236e-01
3.445371091365814209e-01
3.499526977539062500e-01
3.549428284168243408e-01
3.612397611141204834e-01
3.665641546249389648e-01
3.710133433341979980e-01
3.771218359470367432e-01
3.826893270015716553e-01
3.892597854137420654e-01
3.949853479862213135e-01
4.009905159473419189e-01
4.070199728012084961e-01
4.127759635448455811e-01
4.189634323120117188e-01
4.247559010982513428e-01
4.295940399169921875e-01
4.348029792308807373e-01
4.407899081707000732e-01
4.466856718063354492e-01
4.525084793567657471e-01
4.581733047962188721e-01
4.640325903892517090e-01
4.699404835700988770e-01
4.760854542255401611e-01
4.817320108413696289e-01
4.869834780693054199e-01
4.926786422729492188e-01
4.985014796257019043e-01
5.040690302848815918e-01
5.093752145767211914e-01
5.148515105247497559e-01
5.200726985931396484e-01
5.250688791275024414e-01
5.307275652885437012e-01
5.364652872085571289e-01
5.419781208038330078e-01
5.472113490104675293e-01
5.528579354286193848e-01
5.584315657615661621e-01
5.639808177947998047e-01
5.698522925376892090e-01
5.757055282592773438e-01
5.816985368728637695e-01
5.879528522491455078e-01
5.938060283660888672e-01
5.999753475189208984e-01
6.053969860076904297e-01
6.104783415794372559e-01
6.160275936126708984e-01
6.221664547920227051e-01
6.281594634056091309e-01
6.338850855827331543e-01
6.394464969635009766e-01
6.452267765998840332e-01
6.508733630180358887e-01
6.565259695053100586e-01
6.621239781379699707e-01
6.673146486282348633e-01
6.727910637855529785e-01
6.763466596603393555e-01
6.818109154701232910e-01
6.872872710227966309e-01
6.927818655967712402e-01
6.981245279312133789e-01
7.038500905036926270e-01
7.095331549644470215e-01
7.146569490432739258e-01
7.201454639434814453e-01
7.257738113403320312e-01
7.312076687812805176e-01
7.368055582046508789e-01
7.407806515693664551e-01
7.462144494056701660e-01
7.508521080017089844e-01
7.556902170181274414e-01
7.606135606765747070e-01
7.661932110786437988e-01
7.711164355278015137e-01
7.765016555786132812e-01
7.816862463951110840e-01
7.870775461196899414e-01
7.929124832153320312e-01
7.974285483360290527e-01
8.022180795669555664e-01
8.078767061233520508e-01
8.122531175613403320e-01
8.177536725997924805e-01
8.235157132148742676e-01
8.288887739181518555e-01
8.342314362525939941e-01
8.390999436378479004e-01
8.449410796165466309e-01
8.500101566314697266e-01
8.555108308792114258e-01
8.609690070152282715e-01
8.627985119819641113e-01
8.678190708160400391e-01
8.734412789344787598e-01
8.788933157920837402e-01
8.842602968215942383e-01
8.897184133529663086e-01
8.952555060386657715e-01
9.008473753929138184e-01
9.063906669616699219e-01
9.121952056884765625e-01
9.181517958641052246e-01
9.235795736312866211e-01
9.291834831237792969e-01
9.347510337829589844e-01
9.400389790534973145e-01
9.456309080123901367e-01
9.514901638031005859e-01
9.571123719215393066e-01
9.617378115653991699e-01
9.672506451606750488e-01
9.725447297096252441e-01
9.785984754562377930e-01
9.837344884872436523e-01
9.900131225585937500e-01
9.952707290649414062e-01
1.000418901443481445e+00
1.005463719367980957e+00
1.010988712310791016e+00
1.016768932342529297e+00
1.021746993064880371e+00
1.027557492256164551e+00
1.033234596252441406e+00
1.039270043373107910e+00
1.044752478599548340e+00
