2.431240136502310634e-05
-1.094058097805827856e-04
-2.735145098995417356e-04
-7.293720409506931901e-05
2.370459114899858832e-04
4.254670348018407822e-04
9.481836459599435329e-04
1.416197395883500576e-03
1.951070153154432774e-03
2.103022765368223190e-03
2.461630618199706078e-03
2.729067113250494003e-03
3.409814322367310524e-03
4.212123341858386993e-03
4.832089878618717194e-03
5.494602490216493607e-03
6.388083565980195999e-03
7.239017635583877563e-03
7.834671065211296082e-03
8.582277223467826843e-03
9.184009395539760590e-03
9.992397390305995941e-03
1.070353481918573380e-02
1.144506316632032394e-02
1.220482587814331055e-02
1.292811986058950424e-02
1.385199092328548431e-02
1.472723670303821564e-02
1.543229632079601288e-02
1.636832393705844879e-02
1.707338355481624603e-02
1.803980208933353424e-02
1.890289224684238434e-02
1.979029551148414612e-02
2.073847874999046326e-02
2.161980234086513519e-02
2.206350490450859070e-02
2.307854779064655304e-02
2.400241792201995850e-02
2.493236772716045380e-02
2.573467604815959930e-02
2.676187641918659210e-02
2.774652838706970215e-02
2.852452546358108521e-02
2.965505234897136688e-02
3.063970431685447693e-02
3.183709084987640381e-02
3.288860246539115906e-02
3.395226970314979553e-02
3.511318564414978027e-02
3.622547909617424011e-02
3.724659979343414307e-02
3.814008086919784546e-02
3.905787318944931030e-02
4.001821205019950867e-02
4.104541242122650146e-02
4.206045344471931458e-02
4.294785857200622559e-02
4.379878938198089600e-02
4.482598975300788879e-02
4.601729661226272583e-02
4.661902785301208496e-02
4.759760200977325439e-02
4.850931838154792786e-02
4.953651875257492065e-02
5.055155977606773376e-02
5.132348090410232544e-02
5.223519355058670044e-02
5.330494046211242676e-02
5.425920337438583374e-02
5.542619526386260986e-02
5.645339563488960266e-02
5.749275162816047668e-02
5.836191773414611816e-02
5.900619924068450928e-02
5.978419631719589233e-02
6.068375334143638611e-02
6.174742057919502258e-02
6.256188452243804932e-02
6.365594267845153809e-02
6.457981467247009277e-02
6.559485942125320435e-02
6.670714914798736572e-02
6.778297573328018188e-02
6.886487454175949097e-02
6.980090588331222534e-02
7.093750685453414917e-02
7.203156501054763794e-02
7.312562316656112671e-02
7.398871332406997681e-02
7.487611472606658936e-02
7.582430541515350342e-02
7.691228389739990234e-02
7.773890346288681030e-02
7.862022519111633301e-02
7.972036302089691162e-02
8.044365793466567993e-02
8.147085458040237427e-02
8.245550841093063354e-02
8.350702375173568726e-02
8.452206104993820190e-02
8.557357639074325562e-02
8.656430244445800781e-02
8.751856535673141479e-02
8.846674859523773193e-02
8.946963399648666382e-02
9.051506966352462769e-02
9.142678231000900269e-02
9.246613830327987671e-02
9.331707656383514404e-02
9.401605278253555298e-02
9.485483169555664062e-02
9.579694271087646484e-02
9.680590778589248657e-02
9.758997708559036255e-02
9.856247156858444214e-02
9.932223707437515259e-02
1.003615930676460266e-01
1.012976169586181641e-01
1.023126617074012756e-01
1.032122224569320679e-01
1.042211875319480896e-01
1.051329001784324646e-01
1.059777587652206421e-01
1.070292666554450989e-01
1.080564707517623901e-01
1.090350449085235596e-01
1.098981350660324097e-01
1.107976883649826050e-01
1.116972491145133972e-01
1.126940548419952393e-01
1.136179268360137939e-01
1.145600378513336182e-01
1.154048889875411987e-01
1.163956224918365479e-01
1.170155853033065796e-01
1.179151460528373718e-01
1.189119517803192139e-01
1.198601350188255310e-01
1.206077486276626587e-01
1.215923950076103210e-01
1.223339289426803589e-01
1.232334822416305542e-01
1.238109022378921509e-01
1.245828196406364441e-01
1.254276782274246216e-01
1.262117475271224976e-01
1.271781772375106812e-01
1.281567513942718506e-01
1.289286613464355469e-01
1.298160701990127563e-01
1.307703256607055664e-01
1.314997076988220215e-01
1.323931813240051270e-01
1.333170533180236816e-01
1.341862231492996216e-01
1.350675523281097412e-01
1.360278874635696411e-01
1.368180364370346069e-01
1.376385837793350220e-01
1.386718600988388062e-01
1.396078914403915405e-01
1.405621469020843506e-01
1.414860188961029053e-01
1.423673480749130249e-01
1.433033645153045654e-01
1.441178321838378906e-01
1.449991613626480103e-01
1.458136290311813354e-01
1.467496603727340698e-01
1.476127505302429199e-01
1.484697610139846802e-01
1.492477506399154663e-01
1.501108407974243164e-01
1.510347127914428711e-01
1.518552601337432861e-01
1.527183502912521362e-01
1.535875201225280762e-01
1.545174717903137207e-01
1.552529186010360718e-01
1.561889499425888062e-01
1.570459604263305664e-01
1.579394340515136719e-01
1.588146835565567017e-01
1.597020924091339111e-01
1.606016457080841064e-01
1.614525765180587769e-01
1.623703688383102417e-01
1.631665974855422974e-01
1.637926548719406128e-01
1.645888835191726685e-01
1.655066758394241333e-01
1.662725061178207397e-01
1.672510802745819092e-01
1.681506484746932983e-01
1.689164936542510986e-01
1.698829084634780884e-01
1.707399189472198486e-01
1.716030091047286987e-01
1.725937426090240479e-01
1.735297590494155884e-01
