4.862480273004621267e-05
-5.044823046773672104e-04
-5.227166111581027508e-04
2.856707142200320959e-04
1.203463878482580185e-03
2.054397948086261749e-03
3.032972104847431183e-03
3.859593765810132027e-03
4.838167689740657806e-03
5.652633495628833771e-03
6.929034367203712463e-03
7.871139794588088989e-03
9.184009395539760590e-03
1.045433245599269867e-02
1.180367078632116318e-02
1.279440149664878845e-02
1.430177036672830582e-02
1.586991921067237854e-02
1.717671193182468414e-02
1.858075335621833801e-02
1.955324970185756683e-02
2.086611837148666382e-02
2.231270633637905121e-02
2.380791865289211273e-02
2.516333572566509247e-02
2.645189315080642700e-02
2.788632363080978394e-02
2.953956834971904755e-02
3.099223412573337555e-02
3.235980495810508728e-02
3.369091078639030457e-02
3.527729585766792297e-02
3.659624233841896057e-02
3.827379643917083740e-02
3.991488367319107056e-02
4.127638041973114014e-02
4.275943711400032043e-02
4.421210289001464844e-02
4.541556537151336670e-02
4.688646644353866577e-02
4.830266162753105164e-02
4.952436313033103943e-02
5.097094923257827759e-02
5.234460160136222839e-02
5.352982878684997559e-02
5.496426299214363098e-02
5.576657131314277649e-02
5.727393925189971924e-02
5.864759162068367004e-02
6.010025739669799805e-02
6.169271841645240784e-02
6.323047727346420288e-02
6.467098742723464966e-02
6.612972915172576904e-02
6.756416708230972290e-02
6.853058189153671265e-02
6.974012404680252075e-02
7.102867960929870605e-02
7.252997159957885742e-02
7.377598434686660767e-02
7.524688541889190674e-02
7.672385871410369873e-02
7.800634205341339111e-02
7.942861318588256836e-02
8.077187836170196533e-02
8.222454041242599487e-02
8.377445489168167114e-02
8.531829714775085449e-02
8.681350946426391602e-02
8.846674859523773193e-02
8.993156999349594116e-02
9.097092598676681519e-02
9.239928424358367920e-02
9.356627613306045532e-02
9.515266120433807373e-02
9.670865535736083984e-02
9.844698756933212280e-02
1.002704203128814697e-01
1.020269915461540222e-01
1.036741584539413452e-01
1.054307296872138977e-01
1.072176918387413025e-01
1.091018989682197571e-01
1.109739542007446289e-01
1.128034666180610657e-01
1.142318174242973328e-01
1.160309389233589172e-01
1.175990849733352661e-01
1.193738877773284912e-01
1.210149750113487244e-01
1.226560622453689575e-01
1.243944019079208374e-01
1.262725293636322021e-01
1.279136240482330322e-01
1.297127455472946167e-01
1.311775594949722290e-01
1.329888403415679932e-01
1.348183453083038330e-01
1.365870684385299683e-01
1.382828652858734131e-01
1.399725675582885742e-01
1.417048275470733643e-01
1.434614062309265137e-01
1.450721025466918945e-01
1.467557400465011597e-01
1.485001444816589355e-01
1.503722071647644043e-01
1.521348506212234497e-01
1.539400517940521240e-01
1.553380042314529419e-01
1.569000780582427979e-01
1.584378480911254883e-01
1.602977365255355835e-01
1.620543152093887329e-01
1.637926548719406128e-01
1.656100004911422729e-01
1.674395054578781128e-01
1.693176478147506714e-01
1.711653769016265869e-01
1.728672534227371216e-01
1.748426407575607300e-01
1.767329275608062744e-01
1.785685122013092041e-01
1.805742830038070679e-01
1.825131922960281372e-01
1.846344470977783203e-01
1.867374777793884277e-01
1.884089559316635132e-01
1.904390454292297363e-01
1.927304863929748535e-01
1.950097680091857910e-01
1.974470913410186768e-01
1.996838301420211792e-01
2.019691914319992065e-01
2.043700516223907471e-01
2.064548283815383911e-01
2.088739126920700073e-01
2.114084810018539429e-01
2.139430493116378784e-01
2.163682132959365845e-01
2.189453244209289551e-01
2.215224504470825195e-01
2.240448594093322754e-01
2.264821678400039673e-01
2.289255708456039429e-01
2.316364049911499023e-01
2.342135161161422729e-01
2.369972914457321167e-01
2.398357540369033813e-01
2.424554228782653809e-01
2.453850656747817993e-01
2.485031336545944214e-01
2.516941428184509277e-01
2.537971436977386475e-01
2.568179666996002197e-01
2.597415447235107422e-01
2.628231346607208252e-01
2.657041549682617188e-01
2.688343822956085205e-01
2.719646096229553223e-01
2.753318548202514648e-01
2.786566019058227539e-01
2.815497517585754395e-01
2.848501801490783691e-01
2.880715727806091309e-01
2.913537323474884033e-01
2.935540080070495605e-01
2.968908846378326416e-01
3.001852333545684814e-01
3.032850623130798340e-01
3.058986365795135498e-01
3.091504275798797607e-01
3.125723898410797119e-01
3.158181011676788330e-01
3.190577328205108643e-01
3.225769400596618652e-01
3.259624540805816650e-01
3.293540179729461670e-01
3.329218626022338867e-01
3.365261852741241455e-01
3.404100835323333740e-01
3.441906571388244629e-01
3.475153744220733643e-01
3.514539897441864014e-01
3.554655313491821289e-01
3.593555390834808350e-01
3.638715445995330811e-01
3.683450222015380859e-01
3.728671371936798096e-01
3.771704435348510742e-01
3.819660544395446777e-01
3.868650197982788086e-01
3.923292160034179688e-01
3.971795439720153809e-01
4.020663499832153320e-01
4.058590829372406006e-01
4.117426872253417969e-01
4.169212281703948975e-01
4.215831160545349121e-01
4.273329973220825195e-01
4.327546656131744385e-01
