1.094058097805827856e-04
1.008964609354734421e-03
2.273209625855088234e-03
3.446282818913459778e-03
4.953651688992977142e-03
6.546114105731248856e-03
8.302684873342514038e-03
9.962006472051143646e-03
1.163348369300365448e-02
1.365141291171312332e-02
1.568149961531162262e-02
1.768119446933269501e-02
1.979029551148414612e-02
2.213036268949508667e-02
2.457376010715961456e-02
2.689559385180473328e-02
2.944839559495449066e-02
3.189786896109580994e-02
3.456615656614303589e-02
3.716758266091346741e-02
3.992703929543495178e-02
4.262571781873703003e-02
4.513597488403320312e-02
4.798052459955215454e-02
5.071566998958587646e-02
5.321376770734786987e-02
5.588205531239509583e-02
5.859896540641784668e-02
6.135842204093933105e-02
6.422121077775955200e-02
6.770396232604980469e-02
7.014127820730209351e-02
7.363010942935943604e-02
7.707639038562774658e-02
8.030994236469268799e-02
8.379876613616943359e-02
8.705662935972213745e-02
9.067917615175247192e-02
9.435035288333892822e-02
9.789995849132537842e-02
1.011760607361793518e-01
1.046345010399818420e-01
1.087676063179969788e-01
1.127426847815513611e-01
1.166812926530838013e-01
1.210271343588829041e-01
1.252574920654296875e-01
1.292204111814498901e-01
1.334993988275527954e-01
1.376872062683105469e-01
1.422944068908691406e-01
1.463241875171661377e-01
1.503053456544876099e-01
1.548335254192352295e-01
1.593981832265853882e-01
1.633246392011642456e-01
1.671538352966308594e-01
1.719677001237869263e-01
1.765201836824417114e-01
1.806958466768264771e-01
1.854428350925445557e-01
1.892416477203369141e-01
1.938610076904296875e-01
1.983466446399688721e-01
2.032212913036346436e-01
2.077373117208480835e-01
2.121986448764801025e-01
2.169760316610336304e-01
2.224463224411010742e-01
2.273209542036056519e-01
2.323293089866638184e-01
2.368878871202468872e-01
2.406623810529708862e-01
2.451784163713455200e-01
2.499861866235733032e-01
2.550249397754669189e-01
2.592856884002685547e-01
2.643669843673706055e-01
2.684696912765502930e-01
2.733321785926818848e-01
2.781338691711425781e-01
2.830753624439239502e-01
2.880472540855407715e-01
2.916150987148284912e-01
2.964958250522613525e-01
3.005924522876739502e-01
3.054488599300384521e-01
3.101411461830139160e-01
3.149246275424957275e-01
3.197019994258880615e-01
3.238715827465057373e-01
3.285334706306457520e-01
3.333047926425933838e-01
3.387933075428009033e-01
3.436253964900970459e-01
3.489376604557037354e-01
3.532774150371551514e-01
3.582797050476074219e-01
3.631361126899719238e-01
3.683146536350250244e-01
3.732500672340393066e-01
3.786960542201995850e-01
3.838867247104644775e-01
3.885972797870635986e-01
3.932591676712036133e-01
3.982188999652862549e-01
4.031603932380676270e-01
4.077371954917907715e-01
4.128610491752624512e-01
4.182219207286834717e-01
4.228655993938446045e-01
4.275700449943542480e-01
4.323231279850006104e-01
4.369485676288604736e-01
4.415922164916992188e-01
4.468984007835388184e-01
4.518642127513885498e-01
4.562769234180450439e-01
4.608294069766998291e-01
4.658803045749664307e-01
4.706516265869140625e-01
4.752345085144042969e-01
4.801395237445831299e-01
4.849047660827636719e-01
4.898341000080108643e-01
4.946297407150268555e-01
4.995773136615753174e-01
5.043850541114807129e-01
5.093508958816528320e-01
5.143105983734130859e-01
5.187476277351379395e-01
5.237681269645690918e-01
5.284665226936340332e-01
5.332621335983276367e-01
5.379847884178161621e-01
5.428655147552490234e-01
5.478435158729553223e-01
5.531921982765197754e-01
5.580911636352539062e-01
5.627470016479492188e-01
5.675243735313415527e-01
5.721862912178039551e-01
5.773040652275085449e-01
5.825129747390747070e-01
5.876976251602172852e-01
5.908825397491455078e-01
5.962069630622863770e-01
6.014888286590576172e-01
6.043211817741394043e-01
6.082658767700195312e-01
6.132377982139587402e-01
6.180212497711181641e-01
6.223792433738708496e-01
6.266035437583923340e-01
6.309676170349121094e-01
6.355687379837036133e-01
6.405892372131347656e-01
6.454638838768005371e-01
6.498826742172241211e-01
6.547026038169860840e-01
6.589937210083007812e-01
6.631633043289184570e-01
6.676610708236694336e-01
6.723108291625976562e-01
6.771368384361267090e-01
6.819750070571899414e-01
6.868374943733215332e-01
6.911894083023071289e-01
6.954258680343627930e-01
7.002640366554260254e-01
7.051326036453247070e-01
7.094298005104064941e-01
7.145840525627136230e-01
7.194039821624755859e-01
7.244670391082763672e-01
7.274513840675354004e-01
7.313535213470458984e-01
7.357358336448669434e-01
7.404098510742187500e-01
7.453452944755554199e-01
7.493872046470642090e-01
7.540734410285949707e-01
7.588508129119873047e-01
7.638591527938842773e-01
7.680773735046386719e-01
7.724232077598571777e-01
7.774437069892883301e-01
7.821238636970520020e-01
7.870167493820190430e-01
7.918062806129455566e-01
7.967599630355834961e-01
8.005161881446838379e-01
8.048924207687377930e-01
8.094449639320373535e-01
8.139427304267883301e-01
8.188781738281250000e-01
8.239047527313232422e-01
8.287611603736877441e-01
8.334047794342041016e-01
8.382490277290344238e-01
8.427346944808959961e-01
