6.078100341255776584e-06
6.078100705053657293e-05
1.823430065996944904e-04
1.641087001189589500e-04
3.464517067186534405e-04
5.652633262798190117e-04
7.719187997281551361e-04
9.299493976868689060e-04
1.106214243918657303e-03
1.325025921687483788e-03
1.592462300322949886e-03
1.817352022044360638e-03
2.103022532537579536e-03
2.406927756965160370e-03
2.820238471031188965e-03
3.154533915221691132e-03
3.494907869026064873e-03
3.853515489026904106e-03
4.351919982582330704e-03
4.582887515425682068e-03
4.826012067496776581e-03
5.166385322809219360e-03
5.531071219593286514e-03
5.980850197374820709e-03
6.363770924508571625e-03
6.345537025481462479e-03
6.862175185233354568e-03
7.488219998776912689e-03
7.901530712842941284e-03
8.375622332096099854e-03
8.886182680726051331e-03
9.354196488857269287e-03
9.840443730354309082e-03
1.025983318686485291e-02
1.072784792631864548e-02
1.125664077699184418e-02
1.173681300133466721e-02
1.234462205320596695e-02
1.290988456457853317e-02
1.349946111440658569e-02
1.397355273365974426e-02
1.462391018867492676e-02
1.521348487585783005e-02
1.580306142568588257e-02
1.637440174818038940e-02
1.695182174444198608e-02
1.759610138833522797e-02
1.810666173696517944e-02
1.865976862609386444e-02
1.927973330020904541e-02
1.986930891871452332e-02
2.037379145622253418e-02
2.093905396759510040e-02
2.161980234086513519e-02
2.225800417363643646e-02
2.295090816915035248e-02
2.341284416615962982e-02
2.423946373164653778e-02
2.491413429379463196e-02
2.563742734491825104e-02
2.633640915155410767e-02
2.712656185030937195e-02
2.778299525380134583e-02
2.847590111196041107e-02
2.932683378458023071e-02
2.983131632208824158e-02
3.065793775022029877e-02
3.147240355610847473e-02
3.200727701187133789e-02
3.279742971062660217e-02
3.347209841012954712e-02
3.432303294539451599e-02
3.508279472589492798e-02
3.591549396514892578e-02
3.667525947093963623e-02
3.764167428016662598e-02
3.838320448994636536e-02
3.907002881169319153e-02
4.020055383443832397e-02
4.104541242122650146e-02
4.204830154776573181e-02
4.294785857200622559e-02
4.378055781126022339e-02
4.458894208073616028e-02
4.534870758652687073e-02
4.635158926248550415e-02
4.736055806279182434e-02
4.819325730204582214e-02
4.900164157152175903e-02
4.991943761706352234e-02
5.083115026354789734e-02
5.164562165737152100e-02
5.259380117058753967e-02
5.361492186784744263e-02
5.439899861812591553e-02
5.534718185663223267e-02
5.628320947289466858e-02
5.720100179314613342e-02
5.819781124591827393e-02
5.931618064641952515e-02
6.032514572143554688e-02
6.147390604019165039e-02
6.244640052318572998e-02
6.327302008867263794e-02
6.431846320629119873e-02
6.536389142274856567e-02
6.648834049701690674e-02
6.733319908380508423e-02
6.845156103372573853e-02
6.954562664031982422e-02
7.056067138910293579e-02
7.159394025802612305e-02
7.276702672243118286e-02
7.380637526512145996e-02
7.494297623634338379e-02
7.609173655509948730e-02
7.729520648717880249e-02
7.854729145765304565e-02
7.961096614599227905e-02
8.089951425790786743e-02
8.205436170101165771e-02
8.339153230190277100e-02
8.443696796894073486e-02
8.553710579872131348e-02
8.689860254526138306e-02
8.807775378227233887e-02
8.917181193828582764e-02
9.049683809280395508e-02
9.175500273704528809e-02
9.293416142463684082e-02
9.410114586353302002e-02
9.552949666976928711e-02
9.690922498703002930e-02
9.795466810464859009e-02
9.934654831886291504e-02
1.006533429026603699e-01
1.019358187913894653e-01
1.031332090497016907e-01
1.044521480798721313e-01
1.057103276252746582e-01
1.070961281657218933e-01
1.085731014609336853e-01
1.099224463105201721e-01
1.110955178737640381e-01
1.124266237020492554e-01
1.138002723455429077e-01
1.149915754795074463e-01
1.163956224918365479e-01
1.176720187067985535e-01
1.190942972898483276e-01
1.204679459333419800e-01
1.220725700259208679e-01
1.235070005059242249e-01
1.249657422304153442e-01
1.264123171567916870e-01
1.278771460056304932e-01
1.292021721601486206e-01
1.306730806827545166e-01
1.321865320205688477e-01
1.336756646633148193e-01
1.349459886550903320e-01
1.363925635814666748e-01
1.378817111253738403e-01
1.394073069095611572e-01
1.408660411834716797e-01
1.424463540315628052e-01
1.440023630857467651e-01
1.454610973596572876e-01
1.471264958381652832e-01
1.484758257865905762e-01
1.502445638179779053e-01
1.519160419702529907e-01
1.535328179597854614e-01
1.550584286451339722e-01
1.568393111228942871e-01
1.584135293960571289e-01
1.602126508951187134e-01
1.616470813751220703e-01
1.632334589958190918e-01
1.648866981267929077e-01
1.665277928113937378e-01
1.681931912899017334e-01
1.698221117258071899e-01
1.713051795959472656e-01
1.731225401163101196e-01
1.747818440198898315e-01
1.764837205410003662e-01
1.780275553464889526e-01
1.799178570508956909e-01
1.814556121826171875e-01
1.834127604961395264e-01
1.846526861190795898e-01
1.863363087177276611e-01
1.880260407924652100e-01
1.898373216390609741e-01
1.916607320308685303e-01
1.931681036949157715e-01
1.949064433574676514e-01
1.961463838815689087e-01
1.981703937053680420e-01
1.997750103473663330e-01
