1.094058025046251714e-04
9.724959963932633400e-04
2.261053305119276047e-03
3.452360862866044044e-03
4.971886053681373596e-03
6.521801464259624481e-03
8.314841426908969879e-03
9.955927729606628418e-03
1.163348369300365448e-02
1.362710166722536087e-02
1.566934213042259216e-02
1.763864606618881226e-02
1.975382491946220398e-02
2.209997363388538361e-02
2.454336918890476227e-02
2.684088982641696930e-02
2.939369343221187592e-02
3.183101117610931396e-02
3.457831218838691711e-02
3.719189763069152832e-02
3.997566178441047668e-02
4.265610873699188232e-02
4.520890861749649048e-02
4.806561768054962158e-02
5.073998123407363892e-02
5.315906554460525513e-02
5.578480660915374756e-02
5.851994827389717102e-02
6.130979582667350769e-02
6.417866051197052002e-02
6.767356395721435547e-02
7.002579420804977417e-02
7.352677732706069946e-02
7.697306573390960693e-02
8.017622679471969604e-02
8.365289866924285889e-02
8.689859509468078613e-02
9.060016274452209473e-02
9.421055763959884644e-02
9.771153330802917480e-02
1.011031270027160645e-01
1.046648919582366943e-01
1.087919175624847412e-01
1.127001419663429260e-01
1.167299151420593262e-01
1.209845840930938721e-01
1.251723915338516235e-01
1.290623843669891357e-01
1.332562714815139771e-01
1.374683976173400879e-01
1.420330405235290527e-01
1.460385024547576904e-01
1.499406546354293823e-01
1.543655097484588623e-01
1.589058488607406616e-01
1.629113256931304932e-01
1.667648404836654663e-01
1.717306375503540039e-01
1.762466728687286377e-01
1.804344952106475830e-01
1.851814687252044678e-01
1.890106797218322754e-01
1.934902518987655640e-01
1.979819536209106445e-01
2.028444409370422363e-01
2.073847800493240356e-01
2.117914110422134399e-01
2.166295647621154785e-01
2.219296842813491821e-01
2.269319593906402588e-01
2.318673729896545410e-01
2.365292757749557495e-01
2.404070943593978882e-01
2.448319494724273682e-01
2.495303303003311157e-01
2.546724081039428711e-01
2.590547204017639160e-01
2.640691697597503662e-01
2.681475579738616943e-01
2.729978859424591064e-01
2.778846621513366699e-01
2.826377451419830322e-01
2.876704335212707520e-01
2.913537323474884033e-01
2.962648570537567139e-01
3.003310859203338623e-01
3.051692545413970947e-01
3.098250627517700195e-01
3.146449923515319824e-01
3.195257484912872314e-01
3.236102163791656494e-01
3.280715346336364746e-01
3.328732550144195557e-01
3.384346961975097656e-01
3.432485759258270264e-01
3.486033976078033447e-01
3.529309928417205811e-01
3.580122888088226318e-01
3.629355430603027344e-01
3.680532872676849365e-01
3.729887306690216064e-01
3.785380125045776367e-01
3.836618363857269287e-01
3.882872760295867920e-01
3.928458392620086670e-01
3.978481292724609375e-01
4.027652740478515625e-01
4.074636995792388916e-01
4.127030074596405029e-01
4.180395603179931641e-01
4.226832687854766846e-01
4.271931946277618408e-01
4.320070743560791016e-01
4.366689622402191162e-01
4.414220452308654785e-01
4.467585980892181396e-01
4.515846371650695801e-01
4.560763239860534668e-01
4.605801999568939209e-01
4.656979441642761230e-01
4.703233838081359863e-01
4.751068949699401855e-01
4.799450635910034180e-01
4.846494793891906738e-01
4.895970821380615234e-01
4.944838583469390869e-01
4.994131922721862793e-01
5.043303966522216797e-01
5.093812942504882812e-01
5.142620205879211426e-01
5.187294483184814453e-01
5.239261388778686523e-01
5.284300446510314941e-01
5.331588387489318848e-01
5.379362106323242188e-01
5.428594946861267090e-01
5.478373765945434570e-01
5.530402660369873047e-01
5.579330921173095703e-01
5.626010894775390625e-01
5.673055648803710938e-01
5.719795823097229004e-01
5.771824717521667480e-01
5.822697877883911133e-01
5.874970555305480957e-01
5.907183885574340820e-01
5.960124731063842773e-01
6.011909842491149902e-01
6.040719747543334961e-01
6.079498529434204102e-01
6.130007505416870117e-01
6.177963018417358398e-01
6.221725940704345703e-01
6.265731453895568848e-01
6.308399438858032227e-01
6.356416940689086914e-01
6.406500339508056641e-01
6.455064415931701660e-01
6.499373316764831543e-01
6.548788547515869141e-01
6.590119600296020508e-01
6.632544994354248047e-01
6.676793098449707031e-01
6.724081039428710938e-01
6.770821213722229004e-01
6.819567680358886719e-01
6.870138049125671387e-01
6.911833286285400391e-01
6.954318881034851074e-01
7.001789212226867676e-01
7.050110101699829102e-01
7.094844579696655273e-01
7.146691083908081055e-01
7.193127274513244629e-01
7.244548797607421875e-01
7.273418903350830078e-01
7.312926650047302246e-01
7.357662320137023926e-01
7.403551340103149414e-01
7.454425096511840820e-01
7.493933439254760742e-01
7.539518475532531738e-01
7.588265538215637207e-01
7.640172243118286133e-01
7.682961821556091309e-01
7.724596858024597168e-01
7.774497866630554199e-01
7.820448279380798340e-01
7.872477173805236816e-01
7.920007705688476562e-01
7.971915602684020996e-01
8.006681203842163086e-01
8.050990700721740723e-01
8.094571232795715332e-01
8.142648935317993164e-01
8.190909028053283691e-01
8.241114020347595215e-01
8.290650248527526855e-01
8.336662054061889648e-01
8.387535214424133301e-01
8.431115150451660156e-01
