-0.000000000000000000e+00
5.470290489029139280e-05
6.685910193482413888e-05
4.862480273004621267e-05
1.944992109201848507e-04
2.674364077392965555e-04
3.829203196801245213e-04
4.193889326415956020e-04
4.984042025171220303e-04
5.713414284400641918e-04
7.719187415204942226e-04
9.056369308382272720e-04
9.907303610816597939e-04
1.154839061200618744e-03
1.379728782922029495e-03
1.476978417485952377e-03
1.622852752916514874e-03
1.750492956489324570e-03
1.920679700560867786e-03
2.042241627350449562e-03
2.218506531789898872e-03
2.485943026840686798e-03
2.741223201155662537e-03
3.008659696206450462e-03
3.172768279910087585e-03
3.026894060894846916e-03
3.209237009286880493e-03
3.458439139649271965e-03
3.738031722605228424e-03
3.902140306308865547e-03
4.139186348766088486e-03
4.339763429015874863e-03
4.631512332707643509e-03
4.819933790713548660e-03
5.105604417622089386e-03
5.330494139343500137e-03
5.452055949717760086e-03
5.950460210442543030e-03
6.126725114881992340e-03
6.491411011666059494e-03
6.685910280793905258e-03
7.001971825957298279e-03
7.184314541518688202e-03
7.500375621020793915e-03
8.035249076783657074e-03
8.381700143218040466e-03
8.764620870351791382e-03
8.983432315289974213e-03
9.256946854293346405e-03
9.597320109605789185e-03
1.000455301254987717e-02
1.024159882217645645e-02
1.057589426636695862e-02
1.091018971055746078e-02
1.119586080312728882e-02
1.151192188262939453e-02
1.165779680013656616e-02
1.202856097370386124e-02
1.235069986432790756e-02
1.272754184901714325e-02
1.310438476502895355e-02
1.346907019615173340e-02
1.383375655859708786e-02
1.410727109760046005e-02
1.451450400054454803e-02
1.483056508004665375e-02
1.523779798299074173e-02
1.554778032004833221e-02
1.586991921067237854e-02
1.624068431556224823e-02
1.671477593481540680e-02
1.707338355481624603e-02
1.746845990419387817e-02
1.784530282020568848e-02
1.821606606245040894e-02
1.872662641108036041e-02
1.907915621995925903e-02
1.951070129871368408e-02
1.993009075522422791e-02
2.027654275298118591e-02
2.071416564285755157e-02
2.114571072161197662e-02
2.154686488211154938e-02
2.203311398625373840e-02
2.244034595787525177e-02
2.293267287313938141e-02
2.330951392650604248e-02
2.368635684251785278e-02
2.411790192127227783e-02
2.444612048566341400e-02
2.485943026840686798e-02
2.522411569952964783e-02
2.563134953379631042e-02
2.612975426018238068e-02
2.657345496118068695e-02
2.709617093205451965e-02
2.747909165918827057e-02
2.773437276482582092e-02
2.819630689918994904e-02
2.868863381445407867e-02
2.922958508133888245e-02
2.967936359345912933e-02
3.006228432059288025e-02
3.049990721046924591e-02
3.091929666697978973e-02
3.136907517910003662e-02
3.175199776887893677e-02
3.227471187710762024e-02
3.282782062888145447e-02
3.332014754414558411e-02
3.379423916339874268e-02
3.407382965087890625e-02
3.465124964714050293e-02
3.502809256315231323e-02
3.555688634514808655e-02
3.612215071916580200e-02
3.669349104166030884e-02
3.724052011966705322e-02
3.776931390166282654e-02
3.826164081692695618e-02
3.879043459892272949e-02
3.942863643169403076e-02
3.994527459144592285e-02
4.056524112820625305e-02
4.123383387923240662e-02
4.176262766122817993e-02
4.227926582098007202e-02
4.289315268397331238e-02
4.347665235400199890e-02
4.390819743275642395e-02
4.444914683699607849e-02
4.510558396577835083e-02
4.554320499300956726e-02
4.611454904079437256e-02
4.675882682204246521e-02
4.726938530802726746e-02
4.790150746703147888e-02
4.838775843381881714e-02
4.886185005307197571e-02
4.930555075407028198e-02
4.991336166858673096e-02
5.047254636883735657e-02
5.109251290559768677e-02
5.168208852410316467e-02
5.228989571332931519e-02
5.308612808585166931e-02
5.367570370435714722e-02
5.442938953638076782e-02
5.507974699139595032e-02
5.565716326236724854e-02
5.633791163563728333e-02
5.697611346840858459e-02
5.770548433065414429e-02
5.826466903090476990e-02
5.893933773040771484e-02
5.960185080766677856e-02
6.045278534293174744e-02
6.105451658368110657e-02
6.158939003944396973e-02
6.237346678972244263e-02
6.290833652019500732e-02
6.357084959745407104e-02
6.425767391920089722e-02
6.504175066947937012e-02
6.566779315471649170e-02
6.636677682399749756e-02
6.714477390050888062e-02
6.784983724355697632e-02
6.855489313602447510e-02
6.915662437677383423e-02
6.998324394226074219e-02
7.064575701951980591e-02
7.133258879184722900e-02
7.204980403184890747e-02
7.285819202661514282e-02
7.350246608257293701e-02
7.429262250661849976e-02
7.508885115385055542e-02
7.580606639385223389e-02
7.649289071559906006e-02
7.717364281415939331e-02
7.792124897241592407e-02
7.873570919036865234e-02
7.965958118438720703e-02
8.040110766887664795e-02
8.116087317466735840e-02
8.204219490289688110e-02
8.285058289766311646e-02
8.378053456544876099e-02
8.441873639822006226e-02
8.533044904470443726e-02
8.610844612121582031e-02
8.681350946426391602e-02
8.766444027423858643e-02
8.850929886102676392e-02
8.934199810028076172e-02
9.016253799200057983e-02
9.094053506851196289e-02
9.177931398153305054e-02
9.277004748582839966e-02
9.348118305206298828e-02
