6.078100341255776584e-06
-1.823430102376732975e-05
1.215620068251155317e-05
1.458744081901386380e-04
1.397963060298934579e-04
1.701868022792041302e-04
9.724960546009242535e-05
7.901530625531449914e-05
1.701868022792041302e-04
-2.978269185405224562e-04
-2.613583055790513754e-04
-1.944992109201848507e-04
2.431240136502310634e-05
1.215620068251155317e-04
2.005773130804300308e-04
2.370459114899858832e-04
2.917488163802772760e-04
3.646860131993889809e-04
6.321224500425159931e-04
8.813245221972465515e-04
9.907303610816597939e-04
1.063667587004601955e-03
1.100136199966073036e-03
1.355416374281048775e-03
1.543837483040988445e-03
1.598540344275534153e-03
1.750492956489324570e-03
1.902445452287793159e-03
2.011851174756884575e-03
2.218506531789898872e-03
2.182038035243749619e-03
2.400849713012576103e-03
2.552802208811044693e-03
2.741223201155662537e-03
2.947878558188676834e-03
3.032972104847431183e-03
3.081596922129392624e-03
3.197080688551068306e-03
3.373345592990517616e-03
3.519220044836401939e-03
3.458439139649271965e-03
3.665094496682286263e-03
3.774500219151377678e-03
3.744109766557812691e-03
3.926452714949846268e-03
3.944687079638242722e-03
4.114873707294464111e-03
4.157420713454484940e-03
4.242514260113239288e-03
4.321529529988765717e-03
4.370154347270727158e-03
4.516028333455324173e-03
4.576809704303741455e-03
4.704449791461229324e-03
4.704449791461229324e-03
4.856402054429054260e-03
4.965807776898145676e-03
5.208931863307952881e-03
5.196775775402784348e-03
5.239322315901517868e-03
5.439899861812591553e-03
5.725570488721132278e-03
5.956538487225770950e-03
5.901835393160581589e-03
6.065944209694862366e-03
6.205740384757518768e-03
6.345536559820175171e-03
6.570426281541585922e-03
6.740613374859094620e-03
6.862175185233354568e-03
7.032362278550863266e-03
7.093143183737993240e-03
7.147845812141895294e-03
7.257252000272274017e-03
7.390969898551702499e-03
7.506453897804021835e-03
7.567234802991151810e-03
7.737421896308660507e-03
7.883296348154544830e-03
8.004858158528804779e-03
8.126419968903064728e-03
8.314841426908969879e-03
8.630902506411075592e-03
8.801089599728584290e-03
8.928729221224784851e-03
8.989510126411914825e-03
9.123228490352630615e-03
9.439289569854736328e-03
9.755350649356842041e-03
9.901225566864013672e-03
1.005925610661506653e-02
1.021728664636611938e-02
1.041786372661590576e-02
1.052726991474628448e-02
1.061236299574375153e-02
1.077647227793931961e-02
1.090411189943552017e-02
1.106214243918657303e-02
1.122017297893762589e-02
1.135389134287834167e-02
1.160309370607137680e-02
1.177935861051082611e-02
1.196170132607221603e-02
1.219266932457685471e-02
1.238716859370470047e-02
1.264852657914161682e-02
1.284302584826946259e-02
1.294635329395532608e-02
1.314693130552768707e-02
1.316516567021608353e-02
1.331103965640068054e-02
1.346907019615173340e-02
1.371219474822282791e-02
1.391884963959455490e-02
1.410727109760046005e-02
1.428353600203990936e-02
1.459959708154201508e-02
1.479409635066986084e-02
1.494604907929897308e-02
1.513446960598230362e-02
1.537151541560888290e-02
1.571188867092132568e-02
1.593677885830402374e-02
1.616774685680866241e-02
1.624068431556224823e-02
1.648380793631076813e-02
1.672085374593734741e-02
1.678771339356899261e-02
1.700652390718460083e-02
1.718886755406856537e-02
1.739552244544029236e-02
1.779667846858501434e-02
1.800333335995674133e-02
1.819783262908458710e-02
1.850781589746475220e-02
1.868407987058162689e-02
1.890289224684238434e-02
1.913386024534702301e-02
1.934659294784069061e-02
1.960795186460018158e-02
1.980852894484996796e-02
1.982068456709384918e-02
1.993616856634616852e-02
2.016105875372886658e-02
2.029477618634700775e-02
2.055613510310649872e-02
2.062299475073814392e-02
2.112747728824615479e-02
2.134628780186176300e-02
2.164411544799804688e-02
2.187508344650268555e-02
2.202095836400985718e-02
2.251936122775077820e-02
2.274425141513347626e-02
2.292659506201744080e-02
2.306639030575752258e-02
2.328520268201828003e-02
2.352832630276679993e-02
2.374105900526046753e-02
2.390516921877861023e-02
2.413005754351615906e-02
2.439141646027565002e-02
2.464061789214611053e-02
2.488374337553977966e-02
2.513294480741024017e-02
2.533352188766002655e-02
2.558272518217563629e-02
2.581977099180221558e-02
2.555841207504272461e-02
2.577722445130348206e-02
2.606289461255073547e-02
2.623915858566761017e-02
2.643365785479545593e-02
2.668893896043300629e-02
2.691990695893764496e-02
2.712048403918743134e-02
2.736968547105789185e-02
2.755202911794185638e-02
2.780730836093425751e-02
2.808690257370471954e-02
2.840904146432876587e-02
2.869471162557601929e-02
2.892567962408065796e-02
2.919919416308403015e-02
2.946055307984352112e-02
2.980092540383338928e-02
3.001973778009414673e-02
3.031148575246334076e-02
3.072479739785194397e-02
3.080989047884941101e-02
3.105909191071987152e-02
3.150887042284011841e-02
3.178238496184349060e-02
3.207413479685783386e-02
3.228079155087471008e-02
3.256646171212196350e-02
3.271841257810592651e-02
3.285213187336921692e-02
3.303447365760803223e-02
3.334445878863334656e-02
3.350248932838439941e-02
