1.215620068251155317e-05
4.254670056980103254e-05
1.884211087599396706e-04
3.221393271815031767e-04
5.287947133183479309e-04
7.658406393602490425e-04
1.008964609354734421e-03
1.209541922435164452e-03
1.495212665759027004e-03
1.750492956489324570e-03
2.103022765368223190e-03
2.394771436229348183e-03
2.716910792514681816e-03
3.087674966081976891e-03
3.494907636195421219e-03
3.829203313216567039e-03
4.224279895424842834e-03
4.643668886274099350e-03
5.081291776150465012e-03
5.524993408471345901e-03
5.895757116377353668e-03
6.333380471915006638e-03
6.795316003262996674e-03
7.287642452865839005e-03
7.731343619525432587e-03
8.241903968155384064e-03
8.728152140974998474e-03
9.299493394792079926e-03
9.828288108110427856e-03
1.040570810437202454e-02
1.094665843993425369e-02
1.149368751794099808e-02
1.190699823200702667e-02
1.235677767544984818e-02
1.300713513046503067e-02
1.366964727640151978e-02
1.413158327341079712e-02
1.483664289116859436e-02
1.543229632079601288e-02
1.597324758768081665e-02
1.660536974668502808e-02
1.733474247157573700e-02
1.810666173696517944e-02
1.882995478808879852e-02
1.962618529796600342e-02
2.044065110385417938e-02
2.126119472086429596e-02
2.202703617513179779e-02
2.286581322550773621e-02
2.374713867902755737e-02
2.447650954127311707e-02
2.526058442890644073e-02
2.611759677529335022e-02
2.696245349943637848e-02
2.788632363080978394e-02
2.868255600333213806e-02
2.935114689171314240e-02
3.044520504772663116e-02
3.134476393461227417e-02
3.231118246912956238e-02
3.333230316638946533e-02
3.433518856763839722e-02
3.547179326415061951e-02
3.659016266465187073e-02
3.758697211742401123e-02
3.864456340670585632e-02
3.993919864296913147e-02
4.120344296097755432e-02
4.215770214796066284e-02
4.352527484297752380e-02
4.491716250777244568e-02
4.626649990677833557e-02
4.758544638752937317e-02
4.884969070553779602e-02
4.968239367008209229e-02
5.061234161257743835e-02
5.191305652260780334e-02
5.333533138036727905e-02
5.492779240012168884e-02
5.614341422915458679e-02
5.765078216791152954e-02
5.870836973190307617e-02
6.009417772293090820e-02
6.109706312417984009e-02
6.234915181994438171e-02
6.378966569900512695e-02
6.499920785427093506e-02
6.620267033576965332e-02
6.769788265228271484e-02
6.946053355932235718e-02
7.116239517927169800e-02
7.294328510761260986e-02
7.399479299783706665e-02
7.562980055809020996e-02
7.715540379285812378e-02
7.876002788543701172e-02
8.049228042364120483e-02
8.208474516868591309e-02
8.416953682899475098e-02
8.531829714775085449e-02
8.622393012046813965e-02
8.765836060047149658e-02
8.919612318277359009e-02
9.106209874153137207e-02
9.270926564931869507e-02
9.452053904533386230e-02
9.607653319835662842e-02
9.801544249057769775e-02
9.996651858091354370e-02
1.018264144659042358e-01
1.032061427831649780e-01
1.044764667749404907e-01
1.051511391997337341e-01
1.068894714117050171e-01
1.085974201560020447e-01
1.106092706322669983e-01
1.124752461910247803e-01
1.133808866143226624e-01
1.143776923418045044e-01
1.160917133092880249e-01
1.172708645462989807e-01
1.189727336168289185e-01
1.206138208508491516e-01
1.223764717578887939e-01
1.240540295839309692e-01
1.258531510829925537e-01
1.273665875196456909e-01
1.287159323692321777e-01
1.302901655435562134e-01
1.320953518152236938e-01
1.335237026214599609e-01
1.350432336330413818e-01
1.367025524377822876e-01
1.385199129581451416e-01
1.398084610700607300e-01
1.414373964071273804e-01
1.430176943540573120e-01
1.447134912014007568e-01
1.462330222129821777e-01
1.479227244853973389e-01
1.495698988437652588e-01
1.511988192796707153e-01
1.525420844554901123e-01
1.542621850967407227e-01
1.559944450855255127e-01
1.574957370758056641e-01
1.592219173908233643e-01
1.608082950115203857e-01
1.626499593257904053e-01
1.641573309898376465e-01
1.657984256744384766e-01
1.675914674997329712e-01
1.694088131189346313e-01
1.711167544126510620e-01
1.729158759117126465e-01
1.747393012046813965e-01
1.759488433599472046e-01
1.776385605335235596e-01
1.794680655002593994e-01
1.811334639787673950e-01
1.826772987842559814e-01
1.842879951000213623e-01
1.857710629701614380e-01
1.875641047954559326e-01
1.893206685781478882e-01
1.912231147289276123e-01
1.929614543914794922e-01
1.943411827087402344e-01
1.963287144899368286e-01
1.979637295007705688e-01
1.998357772827148438e-01
2.005469202995300293e-01
2.018172442913055420e-01
2.033002972602844238e-01
2.051784396171569824e-01
2.068499177694320679e-01
2.083511948585510254e-01
2.102354168891906738e-01
2.111592888832092285e-01
2.129644751548767090e-01
2.131529003381729126e-01
2.146967351436614990e-01
2.165566384792327881e-01
2.181673347949981689e-01
2.199360579252243042e-01
2.215649932622909546e-01
2.232425510883331299e-01
2.247377634048461914e-01
2.263484597206115723e-01
2.279226779937744141e-01
2.293753474950790405e-01
2.309556603431701660e-01
2.325238138437271118e-01
2.340250909328460693e-01
2.355628609657287598e-01
2.364320307970046997e-01
2.380488067865371704e-01
2.397506684064865112e-01
2.413492053747177124e-01
2.430267632007598877e-01
2.441208213567733765e-01
