9.117150329984724522e-05
7.597625372000038624e-04
1.537759439088404179e-03
2.315756166353821754e-03
3.130221739411354065e-03
3.950765356421470642e-03
4.838167689740657806e-03
5.719492211937904358e-03
6.667675916105508804e-03
7.676640525460243225e-03
8.697761222720146179e-03
9.694569744169712067e-03
1.046041026711463928e-02
1.134781353175640106e-02
1.232030894607305527e-02
1.311654038727283478e-02
1.415589544922113419e-02
1.501290779560804367e-02
1.601579412817955017e-02
1.695182174444198608e-02
1.796078681945800781e-02
1.884211041033267975e-02
1.982068456709384918e-02
2.084180526435375214e-02
2.196625433862209320e-02
2.289012633264064789e-02
2.394771575927734375e-02
2.495060116052627563e-02
2.616622112691402435e-02
2.716910839080810547e-02
2.836649492383003235e-02
2.961858361959457397e-02
3.091929666697978973e-02
3.199512138962745667e-02
3.327152132987976074e-02
3.449321910738945007e-02
3.579393401741981506e-02
3.699739649891853333e-02
3.807929903268814087e-02
3.944079205393791199e-02
4.055916517972946167e-02
4.183556511998176575e-02
4.320313781499862671e-02
4.458894580602645874e-02
4.593828320503234863e-02
4.696547985076904297e-02
4.835736751556396484e-02
4.964592307806015015e-02
5.110466852784156799e-02
5.216225609183311462e-02
5.372432991862297058e-02
5.499465018510818481e-02
5.650202184915542603e-02
5.791214108467102051e-02
5.935265123844146729e-02
6.084178388118743896e-02
6.244032457470893860e-02
6.379573792219161987e-02
6.535173207521438599e-02
6.687733530998229980e-02
6.829353421926498413e-02
6.966111063957214355e-02
7.122317701578140259e-02
7.275485992431640625e-02
7.445064932107925415e-02
7.615251839160919189e-02
7.793340086936950684e-02
7.951370626688003540e-02
8.114872127771377563e-02
8.287490159273147583e-02
8.463754504919052124e-02
8.630902320146560669e-02
8.797442167997360229e-02
8.967629075050354004e-02
9.139031916856765747e-02
9.327452629804611206e-02
9.475150704383850098e-02
9.646552801132202148e-02
9.818563610315322876e-02
9.985103458166122437e-02
1.016987785696983337e-01
1.035404428839683533e-01
1.054246500134468079e-01
1.071143597364425659e-01
1.090228855609893799e-01
1.110651269555091858e-01
1.128338575363159180e-01
1.147059127688407898e-01
1.164867952466011047e-01
1.183770820498466492e-01
1.201640442013740540e-01
1.217504292726516724e-01
1.234522983431816101e-01
1.251420080661773682e-01
1.270079910755157471e-01
1.287888735532760620e-01
1.305758357048034668e-01
1.322533786296844482e-01
1.340525001287460327e-01
1.358394622802734375e-01
1.375291794538497925e-01
1.389028280973434448e-01
1.406593918800354004e-01
1.421728432178497314e-01
1.438747197389602661e-01
1.455157995223999023e-01
1.469988524913787842e-01
1.487189531326293945e-01
1.503600478172302246e-01
1.519038826227188110e-01
1.535996794700622559e-01
1.551556736230850220e-01
1.567724347114562988e-01
1.585350930690765381e-01
1.601700931787490845e-01
1.618537306785583496e-01
1.635859906673431396e-01
1.651541441679000854e-01
1.666797399520874023e-01
1.682296544313430786e-01
1.697735041379928589e-01
1.715847700834274292e-01
1.732137054204940796e-01
1.747696995735168457e-01
1.763013750314712524e-01
1.780275553464889526e-01
1.796808093786239624e-01
1.812611073255538940e-01
1.829569041728973389e-01
1.845068186521530151e-01
1.860324144363403320e-01
1.875519454479217529e-01
1.890471577644348145e-01
1.905849128961563110e-01
1.920011043548583984e-01
1.935692578554153442e-01
1.952285766601562500e-01
1.968028098344802856e-01
1.983405649662017822e-01
1.999877393245697021e-01
2.015376538038253784e-01
2.028018981218338013e-01
2.044125944375991821e-01
2.060293704271316528e-01
2.075428068637847900e-01
2.090744972229003906e-01
2.104542255401611328e-01
2.118461132049560547e-01
2.133230865001678467e-01
2.149033993482589722e-01
2.165080159902572632e-01
2.179971486330032349e-01
2.197111696004867554e-01
2.212914824485778809e-01
2.227137535810470581e-01
2.244216948747634888e-01
2.260506302118301392e-01
2.275154590606689453e-01
2.291139960289001465e-01
2.307064533233642578e-01
2.323596924543380737e-01
2.338792234659194946e-01
2.354352176189422607e-01
2.370337545871734619e-01
2.385532855987548828e-01
2.401822060346603394e-01
2.414707690477371216e-01
2.429477423429489136e-01
2.442423850297927856e-01
2.457862198352813721e-01
2.472388893365859985e-01
2.485152930021286011e-01
2.500104904174804688e-01
2.515361011028289795e-01
2.531042397022247314e-01
2.546845674514770508e-01
2.563135027885437012e-01
2.579363584518432617e-01
2.594680190086364746e-01
2.611455917358398438e-01
2.624341249465942383e-01
2.639718949794769287e-01
2.655400335788726807e-01
2.671386003494262695e-01
2.686155736446380615e-01
2.701654732227325439e-01
2.715209126472473145e-01
2.729735672473907471e-01
2.744870185852050781e-01
2.758910655975341797e-01
2.775382101535797119e-01
2.789300978183746338e-01
2.804496288299560547e-01
2.819448411464691162e-01
2.832212448120117188e-01
2.847286164760589600e-01
2.863028347492218018e-01
2.878345251083374023e-01
2.893297374248504639e-01
2.907519936561584473e-01
2.919554710388183594e-01
