3.039050170627888292e-05
-3.586079110391438007e-04
-5.652633262798190117e-04
-8.326997631229460239e-04
-8.874026243574917316e-04
-5.713414284400641918e-04
-5.348728154785931110e-04
-4.801699251402169466e-04
-1.136604812927544117e-03
-7.293720263987779617e-04
-3.039050207007676363e-04
2.248897071694955230e-04
1.458744081901386380e-04
6.868253112770617008e-04
1.106214243918657303e-03
1.543837483040988445e-03
1.853820635005831718e-03
1.325025921687483788e-03
1.829508226364850998e-03
2.267131349071860313e-03
2.558880252763628960e-03
3.093753010034561157e-03
3.525298088788986206e-03
3.829203313216567039e-03
4.388388246297836304e-03
4.783465061336755753e-03
5.196775775402784348e-03
5.676945671439170837e-03
6.011241115629673004e-03
6.600817199796438217e-03
7.287642452865839005e-03
7.931920699775218964e-03
8.345231413841247559e-03
8.831479586660861969e-03
9.481836110353469849e-03
9.980240836739540100e-03
9.056369774043560028e-03
9.645945392549037933e-03
1.032669283449649811e-02
1.075823791325092316e-02
1.142075099050998688e-02
1.211365405470132828e-02
1.202248223125934601e-02
1.251480821520090103e-02
1.286733802407979965e-02
1.357239764183759689e-02
1.383983436971902847e-02
1.428961381316184998e-02
1.486095506697893143e-02
1.554778032004833221e-02
1.620421558618545532e-02
1.697613485157489777e-02
1.662968285381793976e-02
1.743806898593902588e-02
1.810666173696517944e-02
1.874486170709133148e-02
1.943776570260524750e-02
1.991793513298034668e-02
2.067769691348075867e-02
2.128550782799720764e-02
2.200272306799888611e-02
2.265915833413600922e-02
2.337029576301574707e-02
2.409966848790645599e-02
2.429416775703430176e-02
2.507824264466762543e-02
2.582584880292415619e-02
2.664031460881233215e-02
2.733929455280303955e-02
2.806258946657180786e-02
2.870686724781990051e-02
2.944839559495449066e-02
3.025070577859878540e-02
3.064578212797641754e-02
3.122927993535995483e-02
3.203766793012619019e-02
3.290075808763504028e-02
3.366051986813545227e-02
3.448714315891265869e-02
3.522258996963500977e-02
3.598843142390251160e-02
3.672388195991516113e-02
3.738031536340713501e-02
3.818870335817337036e-02
3.882690519094467163e-02
3.888768702745437622e-02
3.968999534845352173e-02
4.052877426147460938e-02
4.116089642047882080e-02
4.192673787474632263e-02
4.279590398073196411e-02
4.350704327225685120e-02
4.416347667574882507e-02
4.488677158951759338e-02
4.539125412702560425e-02
4.626042023301124573e-02
4.706880822777748108e-02
4.791366681456565857e-02
4.845461621880531311e-02
4.911712929606437683e-02
4.995590820908546448e-02
5.051509290933609009e-02
5.132955685257911682e-02
5.193128809332847595e-02
5.277614668011665344e-02
5.348728224635124207e-02
5.432606115937232971e-02
5.514660477638244629e-02
5.576657131314277649e-02
5.640476942062377930e-02
5.683023855090141296e-02
5.762039124965667725e-02
5.843485519289970398e-02
5.918854102492332458e-02
6.002124026417732239e-02
6.079316139221191406e-02
6.159546971321105957e-02
6.224582716822624207e-02
6.271991878747940063e-02
6.352222710847854614e-02
6.427591294050216675e-02
6.505391001701354980e-02
6.575288623571395874e-02
6.564956158399581909e-02
6.503567099571228027e-02
6.582582741975784302e-02
6.662813574075698853e-02
6.719947606325149536e-02
6.797747313976287842e-02
6.876762956380844116e-02
6.912015378475189209e-02
6.991638988256454468e-02
7.043910771608352661e-02
7.123533636331558228e-02
7.198294252157211304e-02
7.235370576381683350e-02
7.307092100381851196e-02
7.387322932481765747e-02
7.456005364656448364e-02
7.516179233789443970e-02
7.595802098512649536e-02
7.677248865365982056e-02
7.741068303585052490e-02
7.822515070438385010e-02
7.888158410787582397e-02
7.969605177640914917e-02
8.030386269092559814e-02
8.110009133815765381e-02
8.193279057741165161e-02
8.272902667522430420e-02
8.322742581367492676e-02
8.397503197193145752e-02
8.382308483123779297e-02
8.455853164196014404e-02
8.537907898426055908e-02
8.610844612121582031e-02
8.692291378974914551e-02
8.771306276321411133e-02
8.849105983972549438e-02
8.899554610252380371e-02
8.990117907524108887e-02
9.067310392856597900e-02
9.098308533430099487e-02
9.180362522602081299e-02
9.255123138427734375e-02
9.329276531934738159e-02
9.408291429281234741e-02
9.490346163511276245e-02
9.545656293630599976e-02
9.628926217555999756e-02
9.705510735511779785e-02
9.755958616733551025e-02
9.826464951038360596e-02
9.898794442415237427e-02
9.958359599113464355e-02
1.001731753349304199e-01
1.006594225764274597e-01
1.014556512236595154e-01
1.019905209541320801e-01
1.027928292751312256e-01
1.035647541284561157e-01
1.042211875319480896e-01
1.050052642822265625e-01
1.057771816849708557e-01
1.064214557409286499e-01
1.070171147584915161e-01
1.076978594064712524e-01
1.084819361567497253e-01
1.092356219887733459e-01
1.098130419850349426e-01
1.104937866330146790e-01
1.112596243619918823e-01
1.120072305202484131e-01
1.127244457602500916e-01
1.134781315922737122e-01
1.142439767718315125e-01
1.149672642350196838e-01
1.157452613115310669e-01
1.165171861648559570e-01
1.172404810786247253e-01
1.181582733988761902e-01
