7.293720409506931901e-05
5.105604068376123905e-04
1.209541922435164452e-03
1.896367291919887066e-03
2.704754704609513283e-03
3.604313591495156288e-03
4.613277968019247055e-03
5.555383861064910889e-03
6.600817199796438217e-03
7.767812348902225494e-03
9.019901044666767120e-03
1.027806755155324936e-02
1.154839061200618744e-02
1.300105638802051544e-02
1.433216035366058350e-02
1.576051488518714905e-02
1.715239882469177246e-02
1.869015768170356750e-02
1.989362202584743500e-02
2.143138088285923004e-02
2.304207906126976013e-02
2.448866702616214752e-02
2.620876953005790710e-02
2.805651165544986725e-02
3.009875304996967316e-02
3.184316679835319519e-02
3.331406787037849426e-02
3.542924672365188599e-02
3.660839796066284180e-02
3.858378157019615173e-02
4.114874079823493958e-02
4.326999559998512268e-02
4.577417299151420593e-02
4.860656708478927612e-02
5.077037215232849121e-02
5.342042446136474609e-02
5.615556985139846802e-02
5.865974724292755127e-02
6.141312420368194580e-02
6.343105435371398926e-02
6.578935682773590088e-02
6.854274123907089233e-02
7.141768187284469604e-02
7.420752942562103271e-02
7.671170681715011597e-02
7.852298021316528320e-02
8.176868408918380737e-02
8.446127921342849731e-02
8.684997260570526123e-02
8.835126459598541260e-02
9.128698706626892090e-02
9.419839829206466675e-02
9.627103060483932495e-02
9.900009632110595703e-02
1.012489944696426392e-01
1.037227809429168701e-01
1.062695086002349854e-01
1.089864149689674377e-01
1.115756854414939880e-01
1.142925992608070374e-01
1.152833327651023865e-01
1.170520558953285217e-01
1.199938580393791199e-01
1.223764717578887939e-01
1.232456415891647339e-01
1.259686350822448730e-01
1.285579055547714233e-01
1.306548416614532471e-01
1.332198083400726318e-01
1.361555308103561401e-01
1.385624557733535767e-01
1.402400135993957520e-01
1.428232043981552124e-01
1.452848315238952637e-01
1.471386551856994629e-01
1.495638191699981689e-01
1.516486108303070068e-01
1.529553979635238647e-01
1.555872112512588501e-01
1.577874869108200073e-01
1.603949964046478271e-01
1.628140807151794434e-01
1.652027666568756104e-01
1.677920371294021606e-01
1.699315309524536133e-01
1.724357008934020996e-01
1.746906787157058716e-01
1.763013750314712524e-01
1.780883371829986572e-01
1.806289851665496826e-01
1.830055266618728638e-01
1.856494992971420288e-01
1.880199611186981201e-01
1.905423700809478760e-01
1.931316405534744263e-01
1.957087516784667969e-01
1.979576498270034790e-01
1.999147981405258179e-01
2.022244781255722046e-01
2.048137485980987549e-01
2.070201039314270020e-01
2.094209492206573486e-01
2.116333693265914917e-01
2.137728631496429443e-01
2.157907932996749878e-01
2.183253616094589233e-01
2.208113074302673340e-01
2.229204028844833374e-01
2.247195243835449219e-01
2.271872311830520630e-01
2.294847518205642700e-01
2.320010960102081299e-01
2.345538884401321411e-01
2.373376637697219849e-01
2.400484979152679443e-01
2.428322583436965942e-01
2.453607618808746338e-01
2.482600063085556030e-01
2.506304681301116943e-01
2.526727020740509033e-01
2.554017901420593262e-01
2.580396831035614014e-01
2.608659863471984863e-01
2.635950446128845215e-01
2.660445272922515869e-01
2.682752013206481934e-01
2.707125246524810791e-01
2.731498181819915771e-01
2.752710878849029541e-01
2.776719331741333008e-01
2.801396548748016357e-01
2.803888320922851562e-01
2.827836275100708008e-01
2.851844727993011475e-01
2.877251207828521729e-01
2.901138067245483398e-01
2.923262417316436768e-01
2.947392463684082031e-01
2.968908846378326416e-01
2.990790009498596191e-01
3.014737665653228760e-01
3.038320839405059814e-01
3.060931265354156494e-01
3.072722852230072021e-01
3.093753159046173096e-01
3.106030821800231934e-01
3.125115931034088135e-01
3.144444525241851807e-01
3.168088197708129883e-01
3.186930418014526367e-01
3.210938870906829834e-01
3.234764933586120605e-01
3.255977630615234375e-01
3.280046880245208740e-01
3.295363783836364746e-01
3.309161067008972168e-01
3.331467509269714355e-01
3.342469036579132080e-01
3.366234302520751953e-01
3.389513492584228516e-01
3.410725891590118408e-01
3.431209325790405273e-01
3.448592424392700195e-01
3.472661972045898438e-01
3.491321504116058350e-01
3.514296710491180420e-01
3.536785840988159180e-01
3.525480628013610840e-01
3.542985618114471436e-01
3.565535247325897217e-01
3.587112426757812500e-01
3.609419167041778564e-01
3.631664812564849854e-01
3.653424680233001709e-01
3.674941062927246094e-01
3.697187006473541260e-01
3.720283508300781250e-01
3.743015825748443604e-01
3.765140175819396973e-01
3.786960542201995850e-01
3.809023797512054443e-01
3.830054104328155518e-01
3.850172758102416992e-01
3.871081471443176270e-01
3.891443014144897461e-01
3.903599083423614502e-01
3.925358653068542480e-01
3.944200873374938965e-01
3.966750502586364746e-01
3.988267183303833008e-01
4.010816812515258789e-01
4.030145108699798584e-01
4.047650098800659180e-01
4.066066741943359375e-01
4.084908962249755859e-01
4.106303751468658447e-01
4.123018682003021240e-01
4.143987894058227539e-01
4.164532124996185303e-01
4.185440540313720703e-01
4.205923974514007568e-01
