6.078100341255776584e-06
-6.078100341255776584e-06
4.862480273004621267e-05
9.117150329984724522e-05
1.884211087599396706e-04
3.889984218403697014e-04
5.166385089978575706e-04
6.138881435617804527e-04
8.023092523217201233e-04
9.177931351587176323e-04
1.075823791325092316e-03
1.276401104405522346e-03
1.489134621806442738e-03
1.677555730566382408e-03
1.914601656608283520e-03
2.169881714507937431e-03
2.388693392276763916e-03
2.607505070045590401e-03
2.990425331518054008e-03
3.233549417927861214e-03
3.525298088788986206e-03
3.780578495934605598e-03
3.999390173703432083e-03
4.291138611733913422e-03
4.516028333455324173e-03
4.643668886274099350e-03
4.850324243307113647e-03
5.117760505527257919e-03
5.403431132435798645e-03
5.695180036127567291e-03
5.974772851914167404e-03
6.211818661540746689e-03
6.515723653137683868e-03
6.807472556829452515e-03
7.117455359548330307e-03
7.433516904711723328e-03
7.670562714338302612e-03
7.992701604962348938e-03
8.333075791597366333e-03
8.661293424665927887e-03
8.855791762471199036e-03
9.092838503420352936e-03
9.451446123421192169e-03
9.773585014045238495e-03
1.002886518836021423e-02
1.030845846980810165e-02
1.060020737349987030e-02
1.090411189943552017e-02
1.124448608607053757e-02
1.154839061200618744e-02
1.185837388038635254e-02
1.207110751420259476e-02
1.242971513420343399e-02
1.272146403789520264e-02
1.307399384677410126e-02
1.336574275046586990e-02
1.371219474822282791e-02
1.407688017934560776e-02
1.444156654179096222e-02
1.482448633760213852e-02
1.517093833535909653e-02
1.553562469780445099e-02
1.590031012892723083e-02
1.622852869331836700e-02
1.661144755780696869e-02
1.692750863730907440e-02
1.725572720170021057e-02
1.752316392958164215e-02
1.785745844244956970e-02
1.822822354733943939e-02
1.859290897846221924e-02
1.896975189447402954e-02
1.930404640734195709e-02
1.976598240435123444e-02
2.008812129497528076e-02
2.041633985936641693e-02
2.079925872385501862e-02
2.118217945098876953e-02
2.157117798924446106e-02
2.183253690600395203e-02
2.221545763313770294e-02
2.260445430874824524e-02
2.297521941363811493e-02
2.324873395264148712e-02
2.360734157264232635e-02
2.395379357039928436e-02
2.433671429753303528e-02
2.468316629528999329e-02
2.504785172641277313e-02
2.534567750990390778e-02
2.569820731878280640e-02
2.594741061329841614e-02
2.633033134043216705e-02
2.673756331205368042e-02
2.705970220267772675e-02
2.733929455280303955e-02
2.764927782118320465e-02
2.800788730382919312e-02
2.839080616831779480e-02
2.883450873196125031e-02
2.911410108208656311e-02
2.949702180922031403e-02
2.987386286258697510e-02
3.020208142697811127e-02
3.055461123585700989e-02
3.093753010034561157e-02
3.127790614962577820e-02
3.162435442209243774e-02
3.195865079760551453e-02
3.231725841760635376e-02
3.270018100738525391e-02
3.310133516788482666e-02
3.349033370614051819e-02
3.388540819287300110e-02
3.426225110888481140e-02
3.463909402489662170e-02
3.503416851162910461e-02
3.542924672365188599e-02
3.581216558814048767e-02
3.612822666764259338e-02
3.652938455343246460e-02
3.688799217343330383e-02
3.728306666016578674e-02
3.766598924994468689e-02
3.807321935892105103e-02
3.846221789717674255e-02
3.883298486471176147e-02
3.923413902521133423e-02
3.962921351194381714e-02
3.998782113194465637e-02
4.038289934396743774e-02
4.077189788222312927e-02
4.116697236895561218e-02
4.152557998895645142e-02
4.192065820097923279e-02
4.232789203524589539e-02
4.271081089973449707e-02
4.303295165300369263e-02
4.344626143574714661e-02
4.384133592247962952e-02
4.421210289001464844e-02
4.456463083624839783e-02
4.495970904827117920e-02
4.525145888328552246e-02
4.563437774777412415e-02
4.602945223450660706e-02
4.644884169101715088e-02
4.682568460702896118e-02
4.723899438977241516e-02
4.766446352005004883e-02
4.799875989556312561e-02
4.840599000453948975e-02
4.884361475706100464e-02
4.928123578429222107e-02
4.970670491456985474e-02
5.013217031955718994e-02
5.055763944983482361e-02
5.098918452858924866e-02
5.141464993357658386e-02
5.182188376784324646e-02
5.224127322435379028e-02
5.266066268086433411e-02
5.308005213737487793e-02
5.349336192011833191e-02
5.393098294734954834e-02
5.432606115937232971e-02
5.474545061588287354e-02
5.523169785737991333e-02
5.565108731389045715e-02
5.610694363713264465e-02
5.636830255389213562e-02
5.683631449937820435e-02
5.724962800741195679e-02
5.764470249414443970e-02
5.810663849115371704e-02
5.851994827389717102e-02
5.889679118990898132e-02
5.935265123844146729e-02
5.976596102118492126e-02
6.026436388492584229e-02
6.069590896368026733e-02
6.103020533919334412e-02
6.148606166243553162e-02
6.195407733321189880e-02
6.244640424847602844e-02
6.279893219470977783e-02
6.326086819171905518e-02
6.363771110773086548e-02
6.410572677850723267e-02
6.457981467247009277e-02
6.510861217975616455e-02
6.544898450374603271e-02
6.600817292928695679e-02
6.637893617153167725e-02
6.682871282100677490e-02
6.725417822599411011e-02
6.760063022375106812e-02
6.807472556829452515e-02
6.853058189153671265e-02
6.906545162200927734e-02
6.951523572206497192e-02
