1.823430102376732975e-05
1.823430065996944904e-04
3.829203196801245213e-04
5.287947133183479309e-04
8.387778652831912041e-04
1.227776287123560905e-03
1.683633774518966675e-03
2.084788400679826736e-03
2.431240165606141090e-03
2.929644426330924034e-03
3.543532453477382660e-03
4.151342436671257019e-03
4.686215426772832870e-03
5.287947133183479309e-03
5.956538487225770950e-03
6.606895010918378830e-03
7.293720263987779617e-03
8.010935969650745392e-03
8.788933046162128448e-03
9.518304839730262756e-03
1.025983318686485291e-02
1.101959589868783951e-02
1.184621732681989670e-02
1.269107311964035034e-02
1.358455419540405273e-02
1.411334890872240067e-02
1.480625197291374207e-02
1.573620177805423737e-02
1.653243228793144226e-02
1.746845990419387817e-02
1.851997151970863342e-02
1.918248459696769714e-02
2.017321437597274780e-02
2.119433507323265076e-02
2.228839322924613953e-02
2.330951392650604248e-02
2.425769902765750885e-02
2.532744407653808594e-02
2.629386261105537415e-02
2.747909165918827057e-02
2.850629016757011414e-02
2.964897267520427704e-02
3.068832866847515106e-02
3.166690096259117126e-02
3.270018100738525391e-02
3.382463008165359497e-02
3.500985726714134216e-02
3.612822666764259338e-02
3.727699071168899536e-02
3.853515535593032837e-02
3.975077718496322632e-02
4.094208404421806335e-02
4.224279895424842834e-02
4.344018176198005676e-02
4.474697634577751160e-02
4.591396823525428772e-02
4.710527881979942322e-02
4.861264675855636597e-02
5.005315691232681274e-02
5.156660452485084534e-02
5.289163067936897278e-02
5.431390553712844849e-02
5.561461672186851501e-02
5.698826909065246582e-02
5.853210762143135071e-02
6.002731993794441223e-02
6.160154566168785095e-02
6.323655694723129272e-02
6.454334408044815063e-02
6.609326601028442383e-02
6.782551854848861694e-02
6.932073086500167847e-02
7.082810252904891968e-02
7.256644219160079956e-02
7.432301342487335205e-02
7.623761147260665894e-02
7.788477838039398193e-02
7.925842702388763428e-02
8.105146884918212891e-02
8.260138332843780518e-02
8.449774980545043945e-02
8.638196438550949097e-02
8.816892653703689575e-02
9.004098176956176758e-02
9.180970489978790283e-02
9.405860304832458496e-02
9.608261287212371826e-02
9.810661524534225464e-02
9.997867047786712646e-02
1.019540578126907349e-01
1.039780601859092712e-01
1.055948361754417419e-01
1.075398325920104980e-01
1.093207150697708130e-01
1.112657040357589722e-01
1.134720519185066223e-01
1.153684258460998535e-01
1.172283217310905457e-01
1.191976293921470642e-01
1.212884932756423950e-01
1.234705299139022827e-01
1.254763007164001465e-01
1.278589218854904175e-01
1.300774216651916504e-01
1.323020160198211670e-01
1.345630586147308350e-01
1.367511749267578125e-01
1.391824185848236084e-01
1.409146785736083984e-01
1.430602520704269409e-01
1.452362090349197388e-01
1.475823521614074707e-01
1.497400850057601929e-01
1.517336964607238770e-01
1.541710197925567627e-01
1.563408970832824707e-01
1.587660610675811768e-01
1.613553315401077271e-01
1.639567613601684570e-01
1.664670109748840332e-01
1.687280684709548950e-01
1.708371639251708984e-01
1.729644984006881714e-01
1.753349602222442627e-01
1.779363900423049927e-01
1.804952621459960938e-01
1.829751282930374146e-01
1.853273510932922363e-01
1.880321055650711060e-01
1.904147267341613770e-01
1.926332414150238037e-01
1.950766295194625854e-01
1.975321769714355469e-01
2.004314363002777100e-01
2.033428400754928589e-01
2.065946310758590698e-01
2.095303535461425781e-01
2.119615972042083740e-01
2.143381237983703613e-01
2.169821113348007202e-01
2.196625471115112305e-01
2.222457379102706909e-01
2.247924655675888062e-01
2.275580018758773804e-01
2.303782403469085693e-01
2.332835644483566284e-01
2.349368184804916382e-01
2.376476526260375977e-01
2.401092797517776489e-01
2.428140342235565186e-01
2.451723366975784302e-01
2.473908364772796631e-01
2.499861866235733032e-01
2.527334988117218018e-01
2.546906471252441406e-01
2.570124864578247070e-01
2.598083913326263428e-01
2.622457146644592285e-01
2.650112509727478027e-01
2.678315043449401855e-01
2.707185745239257812e-01
2.731498181819915771e-01
2.758789062500000000e-01
2.787112891674041748e-01
2.809054851531982422e-01
2.834218144416809082e-01
2.861873507499694824e-01
2.890136837959289551e-01
2.913719713687896729e-01
2.938579320907592773e-01
2.966234385967254639e-01
2.993768453598022461e-01
3.021241426467895508e-01
3.047377169132232666e-01
3.076430559158325195e-01
3.103174269199371338e-01
3.132044970989227295e-01
3.158181011676788330e-01
3.183405101299285889e-01
3.211850523948669434e-01
3.234582543373107910e-01
3.259989023208618164e-01
3.288738429546356201e-01
3.317731022834777832e-01
3.347452878952026367e-01
3.374925851821899414e-01
3.403796851634979248e-01
3.429750502109527588e-01
3.458985984325408936e-01
3.487370908260345459e-01
3.519159257411956787e-01
3.542073667049407959e-01
3.572099506855010986e-01
3.598904013633728027e-01
3.628565073013305664e-01
3.655734360218048096e-01
3.684058189392089844e-01
3.707762658596038818e-01
3.736755251884460449e-01
3.763620555400848389e-01
3.792065978050231934e-01
