6.078100341255776584e-06
3.646860204753465950e-05
1.701868022792041302e-04
2.370459114899858832e-04
3.221393271815031767e-04
5.287947133183479309e-04
6.564348586834967136e-04
8.144654566422104836e-04
9.056369308382272720e-04
9.664179524406790733e-04
1.039355178363621235e-03
1.173073309473693371e-03
1.282479148358106613e-03
1.306791556999087334e-03
1.434431644156575203e-03
1.659321365877985954e-03
1.750492956489324570e-03
1.750492956489324570e-03
1.890289247967302799e-03
1.999695086851716042e-03
2.157725626602768898e-03
2.115178853273391724e-03
2.291443757712841034e-03
2.455552574247121811e-03
2.571036340668797493e-03
2.643973566591739655e-03
3.026894060894846916e-03
3.312564687803387642e-03
3.513142000883817673e-03
3.835281357169151306e-03
4.078405443578958511e-03
4.272904712706804276e-03
4.272904712706804276e-03
4.430935252457857132e-03
4.716605879366397858e-03
4.959729965776205063e-03
4.990120418369770050e-03
5.196775775402784348e-03
5.427743773907423019e-03
5.604008678346872330e-03
5.913991481065750122e-03
6.078100297600030899e-03
6.278677843511104584e-03
6.406317930668592453e-03
6.649441551417112350e-03
6.819628644734621048e-03
6.995893549174070358e-03
7.135689724236726761e-03
7.488219533115625381e-03
7.688797079026699066e-03
7.858984172344207764e-03
8.132498711347579956e-03
8.393856696784496307e-03
8.630902506411075592e-03
8.916573598980903625e-03
9.384586475789546967e-03
9.585164487361907959e-03
9.797898121178150177e-03
9.962006472051143646e-03
1.019297447055578232e-02
1.050295773893594742e-02
1.073392480611801147e-02
1.097097154706716537e-02
1.106822118163108826e-02
1.133565697818994522e-02
1.161524932831525803e-02
1.186445169150829315e-02
1.205287314951419830e-02
1.219874713569879532e-02
1.244794949889183044e-02
1.266068313270807266e-02
1.296458765864372253e-02
1.325025875121355057e-02
1.347514800727367401e-02
1.382160000503063202e-02
1.411942671984434128e-02
1.429569162428379059e-02
1.453881617635488510e-02
1.480017416179180145e-02
1.509192306548357010e-02
1.534112542867660522e-02
1.542621850967407227e-02
1.554778032004833221e-02
1.582129485905170441e-02
1.595501415431499481e-02
1.616166904568672180e-02
1.645341701805591583e-02
1.673300936818122864e-02
1.688496209681034088e-02
1.715847663581371307e-02
1.743199117481708527e-02
1.763864792883396149e-02
1.791216246783733368e-02
1.819175481796264648e-02
1.851997151970863342e-02
1.872054859995841980e-02
1.903660967946052551e-02
1.916425116360187531e-02
1.950462348759174347e-02
1.984499767422676086e-02
2.020360529422760010e-02
2.048319764435291290e-02
2.081141620874404907e-02
2.106669545173645020e-02
2.136452309787273407e-02
2.155294455587863922e-02
2.189331687986850739e-02
2.219722233712673187e-02
2.253759652376174927e-02
2.285973541438579559e-02
2.309678122401237488e-02
2.343107759952545166e-02
2.374105900526046753e-02
2.399634011089801788e-02
2.426985464990139008e-02
2.457983791828155518e-02
2.483511716127395630e-02
2.515725791454315186e-02
2.570428699254989624e-02
2.587447315454483032e-02
2.619053423404693604e-02
2.651267312467098236e-02
2.678618766367435455e-02
2.703539095818996429e-02
2.733929455280303955e-02
2.763712219893932343e-02
2.793494984507560730e-02
2.822062000632286072e-02
2.850629016757011414e-02
2.891352400183677673e-02
2.944839559495449066e-02
2.984347194433212280e-02
3.009875304996967316e-02
3.040873631834983826e-02
3.070656210184097290e-02
3.101654537022113800e-02
3.133868426084518433e-02
3.152710571885108948e-02
3.181885555386543274e-02
3.208629041910171509e-02
3.226255625486373901e-02
3.252391517162322998e-02
3.262116387486457825e-02
3.294330462813377380e-02
3.330798819661140442e-02
3.359366208314895630e-02
3.391579911112785339e-02
3.420146927237510681e-02
3.446282818913459778e-02
3.454792127013206482e-02
3.468772023916244507e-02
3.499162197113037109e-02
3.530160710215568542e-02
3.559335693717002869e-02
3.592157363891601562e-02
3.623763471841812134e-02
3.650506958365440369e-02
3.679681941866874695e-02
3.708856925368309021e-02
3.742894157767295837e-02
3.774500265717506409e-02
3.801851719617843628e-02
3.812184557318687439e-02
3.844398632645606995e-02
3.872357681393623352e-02
3.902140259742736816e-02
3.933746367692947388e-02
3.934962302446365356e-02
3.966568410396575928e-02
3.999390080571174622e-02
4.015800729393959045e-02
4.047406837344169617e-02
4.086306691169738770e-02
4.117912799119949341e-02
4.151950404047966003e-02
4.182340949773788452e-02
4.213947057723999023e-02
4.232789203524589539e-02
4.263179749250411987e-02
4.294177889823913574e-02
4.324568435549736023e-02
4.347057268023490906e-02
4.377447813749313354e-02
4.409661889076232910e-02
4.438836500048637390e-02
4.473481699824333191e-02
4.502656683325767517e-02
4.532439261674880981e-02
4.564653337001800537e-02
4.585926607251167297e-02
4.616925120353698730e-02
4.640021920204162598e-02
4.671020060777664185e-02
4.695332422852516174e-02
4.724507406353950500e-02
4.768877476453781128e-02
4.802307114005088806e-02
4.831482097506523132e-02
4.864303767681121826e-02
4.894694313406944275e-02
4.907458275556564331e-02
