1.215620068251155317e-05
9.117150329984724522e-05
1.641087146708741784e-04
4.133108304813504219e-04
5.774195306003093719e-04
8.934807265177369118e-04
1.173073309473693371e-03
1.464822213165462017e-03
1.762649044394493103e-03
1.878133043646812439e-03
2.103022765368223190e-03
2.455552574247121811e-03
2.443396253511309624e-03
2.747301245108246803e-03
3.282174235209822655e-03
3.555688774213194847e-03
3.908218350261449814e-03
4.035858437418937683e-03
4.333685617893934250e-03
4.704449791461229324e-03
4.868558142334222794e-03
5.002276506274938583e-03
5.318337585777044296e-03
5.628320854157209396e-03
5.707336124032735825e-03
6.047709845006465912e-03
6.436708383262157440e-03
6.831784732639789581e-03
7.093143183737993240e-03
7.591547444462776184e-03
8.041326887905597687e-03
8.393856696784496307e-03
8.667371235787868500e-03
8.946963585913181305e-03
9.402820840477943420e-03
9.986318647861480713e-03
1.029630191624164581e-02
1.072176918387413025e-02
1.122625172138214111e-02
1.178543642163276672e-02
1.232030894607305527e-02
1.270930748432874680e-02
1.321379002183675766e-02
1.367572601884603500e-02
1.416805200278759003e-02
1.462998706847429276e-02
1.503721997141838074e-02
1.542014069855213165e-02
1.581521704792976379e-02
1.631969958543777466e-02
1.671477593481540680e-02
1.712808758020401001e-02
1.762041263282299042e-02
1.808842644095420837e-02
1.858683116734027863e-02
1.937698386609554291e-02
1.969912275671958923e-02
2.021576091647148132e-02
2.064122818410396576e-02
2.115786820650100708e-02
2.165019325911998749e-02
2.194802090525627136e-02
2.242819033563137054e-02
2.286581322550773621e-02
2.329128049314022064e-02
2.378968521952629089e-02
2.429416775703430176e-02
2.472571283578872681e-02
2.523627318441867828e-02
2.567389607429504395e-02
2.619661204516887665e-02
2.673148550093173981e-02
2.727851457893848419e-02
2.775260619819164276e-02
2.837865054607391357e-02
2.893783524632453918e-02
2.826316654682159424e-02
2.878588251769542694e-02
2.932683378458023071e-02
2.990425378084182739e-02
3.034187667071819305e-02
3.092537447810173035e-02
3.136299923062324524e-02
3.192825987935066223e-02
3.227471187710762024e-02
3.275488317012786865e-02
3.330191224813461304e-02
3.389148786664009094e-02
3.440204635262489319e-02
3.497339040040969849e-02
3.552649542689323425e-02
3.601882234215736389e-02
3.643213212490081787e-02
3.672996163368225098e-02
3.725875541567802429e-02
3.772069141268730164e-02
3.817047178745269775e-02
3.873573243618011475e-02
3.929491713643074036e-02
3.992703929543495178e-02
4.054700583219528198e-02
4.114266112446784973e-02
4.170792549848556519e-02
4.225495457649230957e-02
4.276551306247711182e-02
4.293569922447204590e-02
4.357998073101043701e-02
4.408446326851844788e-02
4.469227045774459839e-02
4.515420645475387573e-02
4.567084461450576782e-02
4.616317152976989746e-02
4.669804498553276062e-02
4.728762060403823853e-02
4.788935184478759766e-02
4.852147400379180908e-02
4.905027151107788086e-02
4.964592307806015015e-02
5.024765431880950928e-02
5.085546523332595825e-02
5.135386809706687927e-02
5.204069614410400391e-02
5.253302305936813354e-02
5.301927030086517334e-02
5.356021970510482788e-02
5.414371937513351440e-02
5.471505969762802124e-02
5.519523099064826965e-02
5.579696223139762878e-02
5.652633309364318848e-02
5.727393925189971924e-02
5.785135924816131592e-02
5.850779265165328979e-02
5.878130719065666199e-02
5.938911810517311096e-02
5.997869372367858887e-02
6.056219339370727539e-02
6.103628501296043396e-02
6.155292317271232605e-02
6.155899912118911743e-02
6.199054419994354248e-02
6.243424490094184875e-02
6.293264776468276978e-02
6.354653835296630859e-02
6.415434926748275757e-02
6.475608050823211670e-02
6.535781174898147583e-02
6.584405899047851562e-02
6.636069715023040771e-02
6.684694439172744751e-02
6.722986698150634766e-02
6.784983724355697632e-02
6.835431605577468872e-02
6.896212697029113770e-02
6.925387680530548096e-02
6.970973312854766846e-02
7.029930502176284790e-02
7.071869820356369019e-02
7.119278609752655029e-02
7.173981517553329468e-02
7.233547419309616089e-02
7.294328510761260986e-02
7.347207516431808472e-02
7.405557483434677124e-02
7.460260391235351562e-02
7.521041482686996460e-02
7.562980055809020996e-02
7.592155039310455322e-02
7.652328163385391235e-02
7.711894065141677856e-02
7.756871730089187622e-02
7.812789827585220337e-02
7.876610010862350464e-02
7.939215004444122314e-02
7.995133101940155029e-02
8.052875101566314697e-02
8.110009133815765381e-02
8.162888884544372559e-02
8.223669975996017456e-02
8.279588073492050171e-02
8.339761197566986084e-02
8.395680040121078491e-02
8.457069098949432373e-02
8.506909012794494629e-02
8.565866947174072266e-02
8.627863228321075439e-02
8.677703887224197388e-02
8.737877011299133301e-02
8.796226978302001953e-02
8.860047161579132080e-02
8.915357291698455811e-02
8.977354317903518677e-02
9.039350599050521851e-02
9.073387831449508667e-02
9.126875549554824829e-02
9.177323430776596069e-02
9.238712489604949951e-02
9.291592240333557129e-02
9.344471246004104614e-02
9.395527839660644531e-02
9.439897537231445312e-02
