6.078100341255776584e-06
1.458744081901386380e-04
2.795926120597869158e-04
4.437013121787458658e-04
6.199662457220256329e-04
6.929034134373068810e-04
8.813245221972465515e-04
1.069745630957186222e-03
1.197385718114674091e-03
1.391884987242519855e-03
1.610696548596024513e-03
1.811273861676454544e-03
2.030085539445281029e-03
2.236740896478295326e-03
2.558880252763628960e-03
2.771613653749227524e-03
3.026894060894846916e-03
3.263939870521426201e-03
3.488829592242836952e-03
3.750187810510396957e-03
4.023702349513769150e-03
4.285060800611972809e-03
4.625434521585702896e-03
4.886792507022619247e-03
5.111682228744029999e-03
4.959729965776205063e-03
5.129916593432426453e-03
5.488524679094552994e-03
5.926148034632205963e-03
6.223974749445915222e-03
6.612973287701606750e-03
6.935112643986940384e-03
7.348423358052968979e-03
7.664484437555074692e-03
7.998780347406864166e-03
8.272294886410236359e-03
8.667371235787868500e-03
9.129306301474571228e-03
9.433211758732795715e-03
1.002886518836021423e-02
1.048472337424755096e-02
1.094665843993425369e-02
1.138428226113319397e-02
1.180974859744310379e-02
1.233246549963951111e-02
1.283694803714752197e-02
1.333535183221101761e-02
1.371827255934476852e-02
1.397355273365974426e-02
1.444764435291290283e-02
1.505545433610677719e-02
1.555993687361478806e-02
1.616166904568672180e-02
1.674516685307025909e-02
1.731042936444282532e-02
1.783922500908374786e-02
1.832547225058078766e-02
1.889681443572044373e-02
1.964442059397697449e-02
2.020360529422760010e-02
2.072632126510143280e-02
2.135236561298370361e-02
2.206958271563053131e-02
2.277464233338832855e-02
2.351009286940097809e-02
2.420907281339168549e-02
2.484727464616298676e-02
2.561311423778533936e-02
2.621484734117984772e-02
2.691382914781570435e-02
2.758849784731864929e-02
2.829963527619838715e-02
2.882235124707221985e-02
2.966113016009330750e-02
3.031756542623043060e-02
3.107732720673084259e-02
3.167906031012535095e-02
3.240843117237091064e-02
3.308309987187385559e-02
3.379423916339874268e-02
3.451753035187721252e-02
3.522866964340209961e-02
3.566629439592361450e-02
3.648075833916664124e-02
3.717973828315734863e-02
3.789695724844932556e-02
3.824340552091598511e-02
3.882690519094467163e-02
3.959882259368896484e-02
4.006683826446533203e-02
4.079620912671089172e-02
4.130677133798599243e-02
4.194496944546699524e-02
4.268041998147964478e-02
4.339763522148132324e-02
4.403583705425262451e-02
4.477128759026527405e-02
4.531831666827201843e-02
4.592612758278846741e-02
4.648531228303909302e-02
4.713566973805427551e-02
4.783464968204498291e-02
4.849716275930404663e-02
4.912928491830825806e-02
4.968846961855888367e-02
5.026588961482048035e-02
5.091624706983566284e-02
5.161522701382637024e-02
5.222911760210990906e-02
5.304358154535293579e-02
5.352982878684997559e-02
5.418018624186515808e-02
5.481230840086936951e-02
5.509797856211662292e-02
5.563285201787948608e-02
5.636222288012504578e-02
5.706728249788284302e-02
5.743196979165077209e-02
5.813095346093177795e-02
5.884208902716636658e-02
5.941950902342796326e-02
5.972949042916297913e-02
6.038592755794525146e-02
6.099373847246170044e-02
6.174134463071823120e-02
6.230052933096885681e-02
6.298735737800598145e-02
6.368025392293930054e-02
6.436100602149963379e-02
6.500528007745742798e-02
6.564956158399581909e-02
6.627560406923294067e-02
6.696850806474685669e-02
6.759455054998397827e-02
6.834215670824050903e-02
6.901682913303375244e-02
6.958816945552825928e-02
7.026284188032150269e-02
7.102259993553161621e-02
7.169727236032485962e-02
7.229900360107421875e-02
7.302229851484298706e-02
7.363010942935943604e-02
7.426831126213073730e-02
7.497944682836532593e-02
7.571489363908767700e-02
7.608565688133239746e-02
7.668131589889526367e-02
7.733774930238723755e-02
7.795163989067077637e-02
7.863846421241760254e-02
7.930097728967666626e-02
7.995133101940155029e-02
8.054698258638381958e-02
8.120949566364288330e-02
8.150732517242431641e-02
8.226709067821502686e-02
8.277764916419982910e-02
8.349486440420150757e-02
8.421815931797027588e-02
8.489890396595001221e-02
8.562219887971878052e-02
8.630294352769851685e-02
8.694722503423690796e-02
8.761581778526306152e-02
8.821754902601242065e-02
8.896515518426895142e-02
8.961550891399383545e-02
9.029018133878707886e-02
9.077034890651702881e-02
9.146325290203094482e-02
9.208929538726806641e-02
9.256947040557861328e-02
9.325629472732543945e-02
9.399782121181488037e-02
9.464817494153976440e-02
9.469072520732879639e-02
9.536539763212203979e-02
9.601575136184692383e-02
9.680590778589248657e-02
9.744410216808319092e-02
9.811877459287643433e-02
9.885422140359878540e-02
9.951066225767135620e-02
1.002643406391143799e-01
1.008782312273979187e-01
1.015589758753776550e-01
1.022944301366806030e-01
1.030298769474029541e-01
1.034735813736915588e-01
1.042941212654113770e-01
1.046770438551902771e-01
1.050113365054130554e-01
1.056495383381843567e-01
1.063606813549995422e-01
1.069928035140037537e-01
1.076674684882164001e-01
1.077464818954467773e-01
1.084454655647277832e-01
1.093328669667243958e-01
1.099953800439834595e-01
