2.431240136502310634e-05
2.248897071694955230e-04
5.044823046773672104e-04
8.023092523217201233e-04
1.033277017995715141e-03
1.300713513046503067e-03
1.592462300322949886e-03
1.872054883278906345e-03
2.157725626602768898e-03
2.376537304371595383e-03
2.601427026093006134e-03
2.856707200407981873e-03
3.057284513488411903e-03
3.300408599898219109e-03
3.519220044836401939e-03
3.707641270011663437e-03
3.950765356421470642e-03
4.151342436671257019e-03
4.303295165300369263e-03
4.491716157644987106e-03
4.661902785301208496e-03
4.813855513930320740e-03
5.008354783058166504e-03
5.050901323556900024e-03
5.129916593432426453e-03
5.287947133183479309e-03
5.458134226500988007e-03
5.597930401563644409e-03
5.792429670691490173e-03
5.901835393160581589e-03
6.114569026976823807e-03
6.211818661540746689e-03
6.369849201291799545e-03
6.473176646977663040e-03
6.600817199796438217e-03
6.758847739547491074e-03
6.874331273138523102e-03
7.044518366456031799e-03
7.196470629423856735e-03
7.305876817554235458e-03
7.463907357305288315e-03
7.585469167679548264e-03
7.737421896308660507e-03
7.907608523964881897e-03
8.059561252593994141e-03
8.199357427656650543e-03
8.302684873342514038e-03
8.466794155538082123e-03
8.570121601223945618e-03
8.624824695289134979e-03
8.758542127907276154e-03
8.867948316037654877e-03
9.025978855788707733e-03
9.171853773295879364e-03
9.256946854293346405e-03
9.360274299979209900e-03
9.487914852797985077e-03
9.694569744169712067e-03
9.761429391801357269e-03
9.864756837487220764e-03
1.002886518836021423e-02
1.014434918761253357e-02
1.025375537574291229e-02
1.042394246906042099e-02
1.063667517155408859e-02
1.074000354856252670e-02
1.087372191250324249e-02
1.100136153399944305e-02
1.106214243918657303e-02
1.125664170831441879e-02
1.129311043769121170e-02
1.151799969375133514e-02
1.166387461125850677e-02
1.169426459819078445e-02
1.180367078632116318e-02
1.200424786657094955e-02
1.215012278407812119e-02
1.225345022976398468e-02
1.236285641789436340e-02
1.252088695764541626e-02
1.266068313270807266e-02
1.277616713196039200e-02
1.289772894233465195e-02
1.308007165789604187e-02
1.319555565714836121e-02
1.330496184527873993e-02
1.345083583146333694e-02
1.357239764183759689e-02
1.371219474822282791e-02
1.382160000503063202e-02
1.399786490947008133e-02
1.410727109760046005e-02
1.423491071909666061e-02
1.439294125884771347e-02
1.447195652872323990e-02
1.459351927042007446e-02
1.475762762129306793e-02
1.492173597216606140e-02
1.502506434917449951e-02
1.516486052423715591e-02
1.536543760448694229e-02
1.547484379261732101e-02
1.559640560299158096e-02
1.569365523755550385e-02
1.576659269630908966e-02
1.587599888443946838e-02
1.605834066867828369e-02
1.618598029017448425e-02
1.626499742269515991e-02
1.641694828867912292e-02
1.653243228793144226e-02
1.659321412444114685e-02
1.678771339356899261e-02
1.689711958169937134e-02
1.706730574369430542e-02
1.724357157945632935e-02
1.740160211920738220e-02
1.751100644469261169e-02
1.762041263282299042e-02
1.779667846858501434e-02
1.790000498294830322e-02
1.808234862983226776e-02
1.812489517033100128e-02
1.825861260294914246e-02
1.844095624983310699e-02
1.861114241182804108e-02
1.871447078883647919e-02
1.879956386983394623e-02
1.904268749058246613e-02
1.907915621995925903e-02
1.921895332634449005e-02
1.923110894858837128e-02
1.938913948833942413e-02
1.949854567646980286e-02
1.966265402734279633e-02
1.979029551148414612e-02
1.992401294410228729e-02
2.005773037672042847e-02
2.008812129497528076e-02
2.019144967198371887e-02
2.036163583397865295e-02
2.049535512924194336e-02
2.068377472460269928e-02
2.073847874999046326e-02
2.086611837148666382e-02
2.106669545173645020e-02
2.115178853273391724e-02
2.129766345024108887e-02
2.139491401612758636e-02
2.151039801537990570e-02
2.166842855513095856e-02
2.181430160999298096e-02
2.197840996086597443e-02
2.213036268949508667e-02
2.223369106650352478e-02
2.232486195862293243e-02
2.245858125388622284e-02
2.262876741588115692e-02
2.272601798176765442e-02
2.287189103662967682e-02
2.292051725089550018e-02
2.307854779064655304e-02
2.319403178989887238e-02
2.335814014077186584e-02
2.344931103289127350e-02
2.351617068052291870e-02
2.367420122027397156e-02
2.378360740840435028e-02
2.396594919264316559e-02
2.408751100301742554e-02
2.419691719114780426e-02
2.436102554202079773e-02
2.447650954127311707e-02
2.454336918890476227e-02
2.471963316202163696e-02
2.479865029454231262e-02
2.495060116052627563e-02
2.507216483354568481e-02
2.516941353678703308e-02
2.529097534716129303e-02
2.544292807579040527e-02
2.554625645279884338e-02
2.567389607429504395e-02
2.583192661404609680e-02
2.594133280217647552e-02
2.605073899030685425e-02
2.623308077454566956e-02
2.633033134043216705e-02
2.647620439529418945e-02
2.657345496118068695e-02
2.676187641918659210e-02
2.678618766367435455e-02
2.691382914781570435e-02
2.691990695893764496e-02
2.710832841694355011e-02
2.729067020118236542e-02
2.737576328217983246e-02
2.754595130681991577e-02
2.761888876557350159e-02
2.783162146806716919e-02
2.794710546731948853e-02
