-0.000000000000000000e+00
7.293720409506931901e-05
1.094058097805827856e-04
1.154839046648703516e-04
1.762649044394493103e-04
1.701868022792041302e-04
2.188116195611655712e-04
2.492021012585610151e-04
2.431240136502310634e-04
2.856707142200320959e-04
3.586079110391438007e-04
4.011546261608600616e-04
4.740918229799717665e-04
5.227166111581027508e-04
6.564348586834967136e-04
6.868253112770617008e-04
7.354501285590231419e-04
7.840749458409845829e-04
8.326997631229460239e-04
8.874026243574917316e-04
8.509340696036815643e-04
8.509340696036815643e-04
8.813245221972465515e-04
9.421055437996983528e-04
1.021120813675224781e-03
7.536844350397586823e-04
9.603398502804338932e-04
1.179151469841599464e-03
1.306791556999087334e-03
1.361494418233633041e-03
1.440509804524481297e-03
1.507368870079517365e-03
1.628930913284420967e-03
1.665399526245892048e-03
1.677555730566382408e-03
1.756571000441908836e-03
1.829508226364850998e-03
1.969304401427507401e-03
2.048319904133677483e-03
2.206350443884730339e-03
2.297522034496068954e-03
2.394771436229348183e-03
2.510255435481667519e-03
2.558880252763628960e-03
2.686520339921116829e-03
2.789848018437623978e-03
2.893175696954131126e-03
2.984347287565469742e-03
3.075518878176808357e-03
3.203158965334296227e-03
3.300408599898219109e-03
3.434126731008291245e-03
3.482751548290252686e-03
3.598235314711928368e-03
3.731953678652644157e-03
3.865671809762716293e-03
3.859593765810132027e-03
4.041936714202165604e-03
4.187811166048049927e-03
4.309372976422309875e-03
4.443091340363025665e-03
4.582887515425682068e-03
4.686215426772832870e-03
4.795621149241924286e-03
4.996198695152997971e-03
5.063057411462068558e-03
5.287947133183479309e-03
5.458134226500988007e-03
5.531071219593286514e-03
5.701258312910795212e-03
5.743804853409528732e-03
5.993006750941276550e-03
6.157115567475557327e-03
6.363770924508571625e-03
6.558270193636417389e-03
6.764925550669431686e-03
6.947268731892108917e-03
7.056674454361200333e-03
7.251173723489046097e-03
7.433516904711723328e-03
7.694874890148639679e-03
7.944077253341674805e-03
8.102107793092727661e-03
8.314841426908969879e-03
8.503261953592300415e-03
8.722074329853057861e-03
8.977354504168033600e-03
9.184009395539760590e-03
9.384586475789546967e-03
9.548695757985115051e-03
9.810053743422031403e-03
9.943772107362747192e-03
1.019905228167772293e-02
1.044825464487075806e-02
1.056981645524501801e-02
1.074608135968446732e-02
1.101959589868783951e-02
1.116546988487243652e-02
1.141467224806547165e-02
1.165779680013656616e-02
1.189484260976314545e-02
1.220482587814331055e-02
1.251480821520090103e-02
1.272754184901714325e-02
1.303752511739730835e-02
1.325633656233549118e-02
1.351161673665046692e-02
1.364533510059118271e-02
1.390061527490615845e-02
1.426530163735151291e-02
1.450842525810003281e-02
1.482448633760213852e-02
1.512231398373842239e-02
1.542014069855213165e-02
1.574835740029811859e-02
1.611304469406604767e-02
1.636224612593650818e-02
1.670262031257152557e-02
1.693358831107616425e-02
1.727396063506603241e-02
1.759610138833522797e-02
1.798509806394577026e-02
1.831939443945884705e-02
1.861114241182804108e-02
1.904268749058246613e-02
1.938306167721748352e-02
1.966265402734279633e-02
1.994832605123519897e-02
2.038594894111156464e-02
2.072024345397949219e-02
2.107885107398033142e-02
2.149216271936893463e-02
2.189939469099044800e-02
2.223976887762546539e-02
2.267131395637989044e-02
2.303599938750267029e-02
2.344931103289127350e-02
2.380791865289211273e-02
2.418476156890392303e-02
2.456768229603767395e-02
2.495668083429336548e-02
2.540645934641361237e-02
2.577114477753639221e-02
2.613583207130432129e-02
2.655521966516971588e-02
2.691990695893764496e-02
2.719949930906295776e-02
2.761888876557350159e-02
2.804435417056083679e-02
2.839080616831779480e-02
2.868255600333213806e-02
2.915664762258529663e-02
2.960642613470554352e-02
3.001973778009414673e-02
3.041481412947177887e-02
3.070656210184097290e-02
3.116849809885025024e-02
3.159396722912788391e-02
3.206805884838104248e-02
3.248136863112449646e-02
3.281566500663757324e-02
3.328367695212364197e-02
3.366659954190254211e-02
3.400697186589241028e-02
3.443851694464683533e-02
3.482751548290252686e-02
3.527729585766792297e-02
3.554473072290420532e-02
3.603097796440124512e-02
3.650506958365440369e-02
3.696092963218688965e-02
3.739247471094131470e-02
3.790303319692611694e-02
3.826772049069404602e-02
3.866279497742652893e-02
3.908826410770416260e-02
3.953196480870246887e-02
3.978116810321807861e-02
4.016408696770668030e-02
4.043152183294296265e-02
4.088738188147544861e-02
4.124598950147628784e-02
4.156812652945518494e-02
4.184164106845855713e-02
4.232181236147880554e-02
4.268649965524673462e-02
4.304510727524757385e-02
4.345841705799102783e-02
4.389604181051254272e-02
4.430935159325599670e-02
4.488677158951759338e-02
4.524537920951843262e-02
4.560398682951927185e-02
4.607807844877243042e-02
4.643061012029647827e-02
4.686215519905090332e-02
4.728154093027114868e-02
4.767661914229393005e-02
4.783464968204498291e-02
4.834521189332008362e-02
4.877675697207450867e-02
