1.215620068251155317e-05
1.337182038696482778e-04
3.342955315019935369e-04
4.376232391223311424e-04
4.923261003568768501e-04
2.613583055790513754e-04
5.105604068376123905e-04
8.023092523217201233e-04
1.063667587004601955e-03
1.227776287123560905e-03
1.507368870079517365e-03
1.410119235515594482e-03
1.647165161557495594e-03
2.072632312774658203e-03
2.291443757712841034e-03
2.333990531042218208e-03
2.558880252763628960e-03
2.789848018437623978e-03
3.014737740159034729e-03
3.032972104847431183e-03
3.239627461880445480e-03
3.476673504337668419e-03
3.731953678652644157e-03
3.920374903827905655e-03
4.120951984077692032e-03
4.345841705799102783e-03
4.674059338867664337e-03
4.704449791461229324e-03
4.984042141586542130e-03
5.044823512434959412e-03
5.287947133183479309e-03
5.488524679094552994e-03
5.768117029219865799e-03
5.956538487225770950e-03
6.151037756353616714e-03
6.369849201291799545e-03
6.558270193636417389e-03
6.819628644734621048e-03
7.014127913862466812e-03
7.415282540023326874e-03
7.549000438302755356e-03
7.822515442967414856e-03
8.120342157781124115e-03
8.333075791597366333e-03
8.582277223467826843e-03
8.819323964416980743e-03
9.086759760975837708e-03
9.329884313046932220e-03
9.621633216738700867e-03
9.919459931552410126e-03
1.018081791698932648e-02
1.044825464487075806e-02
1.072176918387413025e-02
1.100136153399944305e-02
1.120801735669374466e-02
1.150584407150745392e-02
1.145114097744226456e-02
1.178543642163276672e-02
1.209541969001293182e-02
1.239324640482664108e-02
1.266068313270807266e-02
1.258774567395448685e-02
1.277616713196039200e-02
1.301321294158697128e-02
1.324418094009160995e-02
1.348730456084012985e-02
1.377905346453189850e-02
1.400394365191459656e-02
1.430784817785024643e-02
1.462390925735235214e-02
1.481840852648019791e-02
1.510407961905002594e-02
1.538974978029727936e-02
1.568149961531162262e-02
1.594893448054790497e-02
1.624068431556224823e-02
1.653851009905338287e-02
1.681202463805675507e-02
1.712200790643692017e-02
1.730435155332088470e-02
1.755355298519134521e-02
1.774197444319725037e-02
1.800941117107868195e-02
1.829508133232593536e-02
1.853820681571960449e-02
1.867800205945968628e-02
1.893936097621917725e-02
1.911562494933605194e-02
1.943168602883815765e-02
1.972343586385250092e-02
1.995440386235713959e-02
2.022184059023857117e-02
2.050143294036388397e-02
2.078102529048919678e-02
2.099375799298286438e-02
2.127335034310817719e-02
2.154078707098960876e-02
2.179606817662715912e-02
2.206350490450859070e-02
2.234917506575584412e-02
2.264092303812503815e-02
2.291443757712841034e-02
2.321834303438663483e-02
2.319403178989887238e-02
2.348577976226806641e-02
2.376537211239337921e-02
2.402673102915287018e-02
2.430632337927818298e-02
2.456160262227058411e-02
2.491413243114948273e-02
2.518764697015285492e-02
2.543685026466846466e-02
2.571644261479377747e-02
2.600211277604103088e-02
2.610544115304946899e-02
2.639718912541866302e-02
2.682265639305114746e-02
2.710224874317646027e-02
2.741830982267856598e-02
2.769182436168193817e-02
2.789240330457687378e-02
2.817807346582412720e-02
2.834825962781906128e-02
2.862785197794437408e-02
2.888921089470386505e-02
2.916880324482917786e-02
2.944839559495449066e-02
2.969759888947010040e-02
2.988601848483085632e-02
3.015953302383422852e-02
3.040265850722789764e-02
3.063362650573253632e-02
3.089498355984687805e-02
3.111379593610763550e-02
3.137515485286712646e-02
3.164866939187049866e-02
3.187355771660804749e-02
3.214099630713462830e-02
3.240235149860382080e-02
3.263939917087554932e-02
3.288252279162406921e-02
3.314995765686035156e-02
3.340524062514305115e-02
3.367267549037933350e-02
3.390972316265106201e-02
3.415284678339958191e-02
3.426225110888481140e-02
3.452968969941139221e-02
3.474849835038185120e-02
3.497339040040969849e-02
3.522258996963500977e-02
3.548394888639450073e-02
3.573923185467720032e-02
3.592764958739280701e-02
3.620116412639617920e-02
3.643821179866790771e-02
3.671172633767127991e-02
3.696092963218688965e-02
3.721620887517929077e-02
3.740463033318519592e-02
3.765990957617759705e-02
3.793950378894805908e-02
3.819478303194046021e-02
3.844398632645606995e-02
3.865063935518264771e-02
3.889376297593116760e-02
3.914296627044677734e-02
3.944079205393791199e-02
3.969607502222061157e-02
3.994527459144592285e-02
4.018232226371765137e-02
4.030996188521385193e-02
4.057739675045013428e-02
4.082660004496574402e-02
4.105148836970329285e-02
4.130677133798599243e-02
4.154989495873451233e-02
4.179909452795982361e-02
4.198751598596572876e-02
4.224887490272521973e-02
4.252238944172859192e-02
4.277159273624420166e-02
4.300863668322563171e-02
4.317882657051086426e-02
4.342802613973617554e-02
4.369546473026275635e-02
4.399937018752098083e-02
4.426072537899017334e-02
4.449169337749481201e-02
4.475913196802139282e-02
4.503264650702476501e-02
4.531223699450492859e-02
4.557967558503150940e-02
4.584711045026779175e-02
4.610846936702728271e-02
4.636982828378677368e-02
4.662510752677917480e-02
4.686823114752769470e-02
4.709312319755554199e-02
4.736055806279182434e-02
4.762799292802810669e-02
