1.823430102376732975e-05
1.033277076203376055e-04
2.552802034188061953e-04
3.829203196801245213e-04
5.166385089978575706e-04
6.442786543630063534e-04
8.023092523217201233e-04
9.299493394792079926e-04
1.045433222316205502e-03
1.209541922435164452e-03
1.306791556999087334e-03
1.452666008844971657e-03
1.586384139955043793e-03
1.732258591800928116e-03
1.878133043646812439e-03
1.987538766115903854e-03
2.182038035243749619e-03
2.315756166353821754e-03
2.443396253511309624e-03
2.589270705357193947e-03
2.771613653749227524e-03
2.935722470283508301e-03
3.136299783363938332e-03
3.306486643850803375e-03
3.355111461132764816e-03
3.519220044836401939e-03
3.628626000136137009e-03
3.786656539887189865e-03
3.932530991733074188e-03
4.078405443578958511e-03
4.254670348018407822e-03
4.351919982582330704e-03
4.479560069739818573e-03
4.631512332707643509e-03
4.698371514678001404e-03
4.838167689740657806e-03
4.941495601087808609e-03
5.123838782310485840e-03
5.190697498619556427e-03
5.257556680589914322e-03
5.366962403059005737e-03
5.567539948970079422e-03
5.634399130940437317e-03
5.798507947474718094e-03
5.944381933659315109e-03
5.999085027724504471e-03
6.084178574383258820e-03
6.248286925256252289e-03
6.290833931416273117e-03
6.430630106478929520e-03
6.558270193636417389e-03
6.649441551417112350e-03
6.783159915357828140e-03
6.783159915357828140e-03
6.892565637826919556e-03
6.971580907702445984e-03
7.093143183737993240e-03
7.196470629423856735e-03
7.269408088177442551e-03
7.397048175334930420e-03
7.476063445210456848e-03
7.634093984961509705e-03
7.682718802243471146e-03
7.858984172344207764e-03
8.029170334339141846e-03
8.108185604214668274e-03
8.175045251846313477e-03
8.314841426908969879e-03
8.357387967407703400e-03
8.539730682969093323e-03
8.624824695289134979e-03
8.813245221972465515e-03
8.953041397035121918e-03
9.013823233544826508e-03
9.056369774043560028e-03
9.263024665415287018e-03
9.354196488857269287e-03
9.481836110353469849e-03
9.585164487361907959e-03
9.706726297736167908e-03
9.889069013297557831e-03
9.919459931552410126e-03
1.004102174192667007e-02
1.020513009279966354e-02
1.036316063255071640e-02
1.044825464487075806e-02
1.056373864412307739e-02
1.064883172512054443e-02
1.077039353549480438e-02
1.094665843993425369e-02
1.097097154706716537e-02
1.104998681694269180e-02
1.116546988487243652e-02
1.126879826188087463e-02
1.140859443694353104e-02
1.156054716557264328e-02
1.165171805769205093e-02
1.177935861051082611e-02
1.190699823200702667e-02
1.199209224432706833e-02
1.211365405470132828e-02
1.235069986432790756e-02
1.242363732308149338e-02
1.250873040407896042e-02
1.261813659220933914e-02
1.278224494308233261e-02
1.285518240183591843e-02
1.304968167096376419e-02
1.320163439959287643e-02
1.332319620996713638e-02
1.340828929096460342e-02
1.346907019615173340e-02
1.362102292478084564e-02
1.379121001809835434e-02
1.397355273365974426e-02
1.403433363884687424e-02
1.405864581465721130e-02
1.424706727266311646e-02
1.438078563660383224e-02
1.445980090647935867e-02
1.452665962278842926e-02
1.475154981017112732e-02
1.478801853954792023e-02
1.488526817411184311e-02
1.500075124204158783e-02
1.517093833535909653e-02
1.523171924054622650e-02
1.537151541560888290e-02
1.549307815730571747e-02
1.559640560299158096e-02
1.567541994154453278e-02
1.584560796618461609e-02
1.585776358842849731e-02
1.594285666942596436e-02
1.605834066867828369e-02
1.619205996394157410e-02
1.624068431556224823e-02
1.635009050369262695e-02
1.646557450294494629e-02
1.656282320618629456e-02
1.661752723157405853e-02
1.677555777132511139e-02
1.687888428568840027e-02
1.695182174444198608e-02
1.706730574369430542e-02
1.720710285007953644e-02
1.733474247157573700e-02
1.737121120095252991e-02
1.749885082244873047e-02
1.757178828120231628e-02
1.772374100983142853e-02
1.784530282020568848e-02
1.797902025282382965e-02
1.810666173696517944e-02
1.817351952195167542e-02
1.833155006170272827e-02
1.842880062758922577e-02
1.851997151970863342e-02
1.856859587132930756e-02
1.869015768170356750e-02
1.869015768170356750e-02
1.888465695083141327e-02
1.892720535397529602e-02
1.910954713821411133e-02
1.909131370484828949e-02
1.926757767796516418e-02
1.941345259547233582e-02
1.941953040659427643e-02
1.952285878360271454e-02
1.958971656858921051e-02
1.971735805273056030e-02
1.991793513298034668e-02
2.005165256559848785e-02
2.003341913223266602e-02
2.020968310534954071e-02
2.025222964584827423e-02
2.041026018559932709e-02
2.056221291422843933e-02
2.061691693961620331e-02
2.074455656111240387e-02
2.081141620874404907e-02
2.089650928974151611e-02
2.102414891123771667e-02
2.119433507323265076e-02
2.131589874625205994e-02
2.132197655737400055e-02
2.144353836774826050e-02
2.149824053049087524e-02
2.172313071787357330e-02
2.177175506949424744e-02
2.194802090525627136e-02
2.186900563538074493e-02
2.194802090525627136e-02
2.194802090525627136e-02
2.220330014824867249e-02
2.227623760700225830e-02
2.237348817288875580e-02
2.248289249837398529e-02
2.260445430874824524e-02
2.272601798176765442e-02
2.276856452226638794e-02
