4.254670056980103254e-05
9.968084050342440605e-04
2.467708662152290344e-03
3.975077532231807709e-03
5.676945671439170837e-03
7.646250072866678238e-03
8.934807963669300079e-03
1.118978299200534821e-02
1.204679533839225769e-02
1.420452073216438293e-02
1.640479266643524170e-02
1.844703406095504761e-02
2.053790166974067688e-02
2.291443757712841034e-02
2.539430372416973114e-02
2.758849784731864929e-02
2.989209815859794617e-02
3.220785409212112427e-02
3.504024818539619446e-02
3.753834590315818787e-02
4.031603783369064331e-02
4.246768727898597717e-02
4.503264650702476501e-02
4.793797805905342102e-02
5.036313831806182861e-02
5.210755392909049988e-02
5.481230840086936951e-02
5.786351487040519714e-02
6.013672426342964172e-02
6.327302753925323486e-02
6.632423400878906250e-02
6.925387680530548096e-02
7.249350100755691528e-02
7.525903731584548950e-02
7.807927578687667847e-02
8.085697144269943237e-02
8.364073932170867920e-02
8.661293238401412964e-02
8.937238901853561401e-02
9.252084046602249146e-02
9.397958964109420776e-02
9.697609394788742065e-02
9.996043890714645386e-02
1.029934138059616089e-01
1.057589426636695862e-01
1.090715080499649048e-01
1.115392223000526428e-01
1.145357191562652588e-01
1.176477074623107910e-01
1.203707009553909302e-01
1.230025142431259155e-01
1.259625554084777832e-01
1.286065280437469482e-01
1.320649683475494385e-01
1.352316588163375854e-01
1.386353969573974609e-01
1.410119235515594482e-01
1.431331783533096313e-01
1.454124748706817627e-01
1.481840908527374268e-01
1.514419466257095337e-01
1.532410681247711182e-01
1.563591361045837402e-01
1.590881943702697754e-01
1.621941030025482178e-01
1.656160801649093628e-01
1.688617765903472900e-01
1.721621900796890259e-01
1.756874918937683105e-01
1.788116395473480225e-01
1.807080060243606567e-01
1.844642609357833862e-01
1.868347227573394775e-01
1.904025673866271973e-01
1.940372735261917114e-01
1.971553415060043335e-01
2.003767341375350952e-01
2.033732384443283081e-01
2.064973860979080200e-01
2.101685553789138794e-01
2.130252569913864136e-01
2.161737233400344849e-01
2.195713818073272705e-01
2.231817692518234253e-01
2.265064865350723267e-01
2.302019745111465454e-01
2.328216284513473511e-01
2.355324625968933105e-01
2.389787435531616211e-01
2.408568859100341797e-01
2.444125711917877197e-01
2.469653785228729248e-01
2.496518939733505249e-01
2.531650364398956299e-01
2.564350664615631104e-01
2.595044970512390137e-01
2.625921666622161865e-01
2.651875317096710205e-01
2.687067389488220215e-01
2.719646096229553223e-01
2.755628228187561035e-01
2.789240181446075439e-01
2.821393311023712158e-01
2.855066061019897461e-01
2.887766361236572266e-01
2.921135127544403076e-01
2.952801883220672607e-01
2.987994253635406494e-01
3.011151552200317383e-01
3.045432269573211670e-01
3.075214922428131104e-01
3.105605244636535645e-01
3.139034807682037354e-01
3.170458674430847168e-01
3.200241327285766602e-01
3.230388760566711426e-01
3.260414600372314453e-01
3.290440440177917480e-01
3.317731022834777832e-01
3.340584635734558105e-01
3.374014198780059814e-01
3.403614759445190430e-01
3.433397412300109863e-01
3.462268412113189697e-01
3.493691980838775635e-01
3.520922064781188965e-01
3.554108440876007080e-01
3.583161830902099609e-01
3.612579703330993652e-01
3.643334805965423584e-01
3.672996163368225098e-01
3.699314296245574951e-01
3.732804656028747559e-01
3.754077851772308350e-01
3.786230981349945068e-01
3.814737200736999512e-01
3.845371007919311523e-01
3.876369297504425049e-01
3.908644020557403564e-01
3.939885497093200684e-01
3.964987993240356445e-01
3.978298902511596680e-01
4.009236693382263184e-01
4.041511118412017822e-01
4.073785841464996338e-01
4.086793065071105957e-01
4.118946194648742676e-01
4.146966338157653809e-01
4.179301857948303223e-01
4.207625687122344971e-01
4.238198697566986084e-01
4.267859756946563721e-01
4.292415380477905273e-01
4.315876662731170654e-01
4.346692562103271484e-01
4.377873241901397705e-01
4.407959878444671631e-01
4.438532888889312744e-01
4.469531178474426270e-01
4.500954747200012207e-01
4.532439410686492920e-01
4.561067223548889160e-01
4.586534500122070312e-01
4.621118903160095215e-01
4.651813209056854248e-01
4.672175049781799316e-01
4.702261686325073242e-01
4.729248285293579102e-01
4.749123752117156982e-01
4.778845608234405518e-01
4.805771708488464355e-01
4.830509424209594727e-01
4.855490326881408691e-01
4.883449673652648926e-01
4.914022684097290039e-01
4.932500123977661133e-01
4.961310327053070068e-01
4.989512562751770020e-01
5.010725259780883789e-01
5.040568709373474121e-01
5.068406462669372559e-01
5.095210671424865723e-01
5.123960375785827637e-01
5.153621435165405273e-01
5.181094408035278320e-01
5.210390686988830566e-01
5.240963697433471680e-01
5.263999700546264648e-01
5.294086337089538574e-01
5.318580865859985352e-01
5.348485112190246582e-01
5.375593304634094238e-01
5.405679941177368164e-01
5.435158610343933105e-01
5.456979274749755859e-01
5.486944317817687988e-01
5.516119003295898438e-01
5.546509623527526855e-01
5.573861002922058105e-01
5.603278875350952148e-01
5.633487105369567871e-01
