-0.000000000000000000e+00
-4.254670056980103254e-05
-7.293720409506931901e-05
-9.117150329984724522e-05
-4.254670056980103254e-05
9.724960546009242535e-05
1.094058097805827856e-04
1.823430065996944904e-04
2.674364077392965555e-04
3.342955315019935369e-04
4.072327283211052418e-04
5.227166111581027508e-04
6.321224500425159931e-04
7.111377199180424213e-04
8.448559674434363842e-04
9.785741567611694336e-04
1.094058039598166943e-03
1.239932491444051266e-03
1.489134621806442738e-03
1.622852752916514874e-03
1.786961453035473824e-03
1.853820635005831718e-03
1.999695086851716042e-03
2.145569305866956711e-03
2.267131349071860313e-03
2.254975261166691780e-03
2.419083844870328903e-03
2.577114617452025414e-03
2.704754704609513283e-03
2.881019609048962593e-03
3.014737740159034729e-03
3.184924600645899773e-03
3.349033184349536896e-03
3.537454409524798393e-03
3.756266087293624878e-03
3.950765356421470642e-03
4.108795896172523499e-03
4.309372976422309875e-03
4.479560069739818573e-03
4.661902785301208496e-03
4.795621149241924286e-03
4.977964330464601517e-03
5.184619687497615814e-03
5.366962403059005737e-03
5.464212037622928619e-03
5.634399130940437317e-03
5.834976211190223694e-03
5.974772851914167404e-03
6.132803391665220261e-03
6.321224384009838104e-03
6.418474018573760986e-03
6.619051098823547363e-03
6.825706455856561661e-03
7.001971825957298279e-03
7.232939358800649643e-03
7.427438627928495407e-03
7.591547444462776184e-03
7.767812348902225494e-03
8.010935969650745392e-03
8.223669603466987610e-03
8.363465778529644012e-03
8.570121601223945618e-03
8.715995587408542633e-03
8.855791762471199036e-03
9.086759760975837708e-03
9.287337772548198700e-03
9.506149217486381531e-03
9.737116284668445587e-03
9.919459931552410126e-03
1.012003701180219650e-02
1.035100501030683517e-02
1.054550427943468094e-02
1.075215917080640793e-02
1.104998681694269180e-02
1.127487607300281525e-02
1.147545315325260162e-02
1.167603116482496262e-02
1.190092042088508606e-02
1.211973186582326889e-02
1.232030894607305527e-02
1.253912132233381271e-02
1.275185495615005493e-02
1.295850984752178192e-02
1.317732129245996475e-02
1.337789930403232574e-02
1.348730456084012985e-02
1.371827255934476852e-02
1.393708400428295135e-02
1.414981763809919357e-02
1.435039471834897995e-02
1.456312835216522217e-02
1.470900326967239380e-02
1.492173597216606140e-02
1.517093833535909653e-02
1.531073451042175293e-02
1.553562469780445099e-02
1.571796834468841553e-02
1.593070104718208313e-02
1.614951342344284058e-02
1.642910577356815338e-02
1.664791628718376160e-02
1.684241555631160736e-02
1.707338355481624603e-02
1.729827374219894409e-02
1.751100644469261169e-02
1.762649044394493103e-02
1.782098971307277679e-02
1.804587990045547485e-02
1.811881735920906067e-02
1.834978535771369934e-02
1.856251806020736694e-02
1.879348605871200562e-02
1.901837624609470367e-02
1.924326643347740173e-02
1.945599913597106934e-02
1.968088932335376740e-02
1.989969983696937561e-02
2.012459002435207367e-02
2.034340240061283112e-02
2.055005729198455811e-02
2.079318091273307800e-02
2.098160237073898315e-02
2.120649255812168121e-02
2.142530307173728943e-02
2.168666198849678040e-02
2.185077033936977386e-02
2.206350490450859070e-02
2.228839322924613953e-02
2.247681468725204468e-02
2.270170487463474274e-02
2.289012633264064789e-02
2.311501652002334595e-02
2.333382703363895416e-02
2.354656159877777100e-02
2.375929430127143860e-02
2.399026229977607727e-02
2.420907281339168549e-02
2.442180737853050232e-02
2.465277537703514099e-02
2.485335245728492737e-02
2.505392953753471375e-02
2.523019537329673767e-02
2.544292807579040527e-02
2.565566077828407288e-02
2.586839534342288971e-02
2.608720585703849792e-02
2.631209604442119598e-02
2.653090842068195343e-02
2.674364112317562103e-02
2.694421820342540741e-02
2.715087495744228363e-02
2.737576328217983246e-02
2.754595130681991577e-02
2.777691930532455444e-02
2.800788730382919312e-02
2.824493311345577240e-02
2.846982143819332123e-02
2.870078943669795990e-02
2.891960181295871735e-02
2.915056981146335602e-02
2.937545813620090485e-02
2.963073924183845520e-02
2.983131632208824158e-02
2.998326905071735382e-02
3.021423704922199249e-02
3.037226758897304535e-02
3.051814250648021698e-02
3.077342174947261810e-02
3.098007664084434509e-02
3.117457590997219086e-02
3.124143555760383606e-02
3.146632388234138489e-02
3.169729188084602356e-02
3.194041550159454346e-02
3.217138350009918213e-02
3.236588463187217712e-02
3.263331949710845947e-02
3.287036716938018799e-02
3.309525549411773682e-02
3.335661441087722778e-02
3.361797332763671875e-02
3.376992419362068176e-02
3.400697186589241028e-02
3.424401581287384033e-02
3.451145440340042114e-02
3.472418710589408875e-02
3.497946634888648987e-02
3.515573218464851379e-02
3.541709110140800476e-02
3.567845001816749573e-02
3.601274266839027405e-02
3.618900850415229797e-02
3.648683801293373108e-02
3.667525574564933777e-02
3.690014779567718506e-02
3.699739649891853333e-02
3.721620887517929077e-02
3.744109719991683960e-02
3.765382990241050720e-02
3.800636157393455505e-02
3.824948519468307495e-02
