1.823430102376732975e-05
-4.862480273004621267e-05
4.680137208197265863e-04
9.664179524406790733e-04
1.391884987242519855e-03
1.799117657355964184e-03
2.297522034496068954e-03
2.765535609796643257e-03
3.294330323114991188e-03
3.817046992480754852e-03
4.297216888517141342e-03
4.832089878618717194e-03
5.257556680589914322e-03
5.895757116377353668e-03
6.260443478822708130e-03
6.953347008675336838e-03
7.378813810646533966e-03
8.241903968155384064e-03
8.965197950601577759e-03
9.597320109605789185e-03
1.024159882217645645e-02
1.061844173818826675e-02
1.139036007225513458e-02
1.218051277101039886e-02
1.280047930777072906e-02
1.362102292478084564e-02
1.434431690722703934e-02
1.512839179486036301e-02
1.598540320992469788e-02
1.699436828494071960e-02
1.789392717182636261e-02
1.861722208559513092e-02
1.944992132484912872e-02
1.904876716434955597e-02
1.996655948460102081e-02
2.081749401986598969e-02
2.162588015198707581e-02
2.245250344276428223e-02
2.341284230351448059e-02
2.424554154276847839e-02
2.529097534716129303e-02
2.592309750616550446e-02
2.679226547479629517e-02
2.767966873943805695e-02
2.857922762632369995e-02
2.960034832358360291e-02
3.057892248034477234e-02
3.148455917835235596e-02
3.245705738663673401e-02
3.345386311411857605e-02
3.433518856763839722e-02
3.519220277667045593e-02
3.617685288190841675e-02
3.720405325293540955e-02
3.786656633019447327e-02
3.894238919019699097e-02
3.965960443019866943e-02
4.067464917898178101e-02
4.165322333574295044e-02
4.267434403300285339e-02
4.380486905574798584e-02
4.475913196802139282e-02
4.565868899226188660e-02
4.649746790528297424e-02
4.749427735805511475e-02
4.855186492204666138e-02
4.965200275182723999e-02
5.046039074659347534e-02
5.144504085183143616e-02
5.221088230609893799e-02
5.308005213737487793e-02
5.408901348710060120e-02
5.520130693912506104e-02
5.619811639189720154e-02
5.723139271140098572e-02
5.821604654192924500e-02
5.934657156467437744e-02
6.020966172218322754e-02
6.056219339370727539e-02
6.163193657994270325e-02
6.253757327795028687e-02
6.319400668144226074e-02
6.405102461576461792e-02
6.514508277177810669e-02
6.597170233726501465e-02
6.700497865676879883e-02
6.801394373178482056e-02
6.909584254026412964e-02
7.012304663658142090e-02
7.118063420057296753e-02
7.220783084630966187e-02
7.271838933229446411e-02
7.382460683584213257e-02
7.492474466562271118e-02
7.596410065889358521e-02
7.656583189964294434e-02
7.762949913740158081e-02
7.877825945615768433e-02
7.993309944868087769e-02
8.105146884918212891e-02
8.219414949417114258e-02
8.334290981292724609e-02
8.449774980545043945e-02
8.550671488046646118e-02
8.660685271024703979e-02
8.764012902975082397e-02
8.871595561504364014e-02
8.993764966726303101e-02
9.108640998601913452e-02
9.219870716333389282e-02
9.325021505355834961e-02
9.414369612932205200e-02
9.532284736633300781e-02
9.604614228010177612e-02
9.718882292509078979e-02
9.817347675561904907e-02
9.915813058614730835e-02
1.002704203128814697e-01
1.014313399791717529e-01
1.025193184614181519e-01
1.035647541284561157e-01
1.047499775886535645e-01
1.059108972549438477e-01
1.068043783307075500e-01
1.079835295677185059e-01
1.089377924799919128e-01
1.101412549614906311e-01
1.113751083612442017e-01
1.123840734362602234e-01
1.137273386120796204e-01
1.149611920118331909e-01
1.160005480051040649e-01
1.171553805470466614e-01
1.181278824806213379e-01
1.192340925335884094e-01
1.202916875481605530e-01
1.215620040893554688e-01
1.223217695951461792e-01
1.231909394264221191e-01
1.242242157459259033e-01
1.253608167171478271e-01
1.265885978937149048e-01
1.264366358518600464e-01
1.276401132345199585e-01
1.289043575525283813e-01
1.299133151769638062e-01
1.311228573322296143e-01
1.323445588350296021e-01
1.335905641317367554e-01
1.347150206565856934e-01
1.357847601175308228e-01
1.369943022727966309e-01
1.381916850805282593e-01
1.394316256046295166e-01
1.407080292701721191e-01
1.416501253843307495e-01
1.427624225616455078e-01
1.437956988811492920e-01
1.448228955268859863e-01
1.461175382137298584e-01
1.472055166959762573e-01
1.482083946466445923e-01
1.492112874984741211e-01
1.503296494483947754e-01
1.515088081359863281e-01
1.524205207824707031e-01
1.532532274723052979e-01
1.539157330989837646e-01
1.550644934177398682e-01
1.563408970832824707e-01
1.574349552392959595e-01
1.586019545793533325e-01
1.598175764083862305e-01
1.610453426837921143e-01
1.623339056968688965e-01
1.636528521776199341e-01
1.646496653556823730e-01
1.658652871847152710e-01
1.671416759490966797e-01
1.684302389621734619e-01
1.697005629539489746e-01
1.709648072719573975e-01
1.721500307321548462e-01
1.732137054204940796e-01
1.744840294122695923e-01
1.748183220624923706e-01
1.760764867067337036e-01
1.773407310247421265e-01
1.778391450643539429e-01
1.791459321975708008e-01
1.801305860280990601e-01
1.812064051628112793e-01
1.823977082967758179e-01
1.834917664527893066e-01
1.848046481609344482e-01
1.861175149679183960e-01
1.874546855688095093e-01
1.887918710708618164e-01
1.900257319211959839e-01
1.913629174232482910e-01
1.925542205572128296e-01
