1.944992109201848507e-04
-2.729067113250494003e-03
-3.306486643850803375e-03
-2.826316747814416885e-03
4.801700124517083168e-04
2.881019376218318939e-03
4.382310900837182999e-03
6.193584296852350235e-03
9.633788838982582092e-03
1.074000354856252670e-02
1.373650692403316498e-02
1.700652390718460083e-02
2.072632312774658203e-02
2.536391094326972961e-02
2.942408621311187744e-02
3.141162171959877014e-02
3.463909402489662170e-02
3.896062076091766357e-02
4.342802613973617554e-02
4.784680530428886414e-02
5.247224122285842896e-02
5.684239417314529419e-02
6.036769598722457886e-02
6.244032457470893860e-02
6.677401065826416016e-02
7.094359397888183594e-02
7.544139027595520020e-02
7.701560854911804199e-02
8.144047111272811890e-02
8.607806265354156494e-02
8.974923193454742432e-02
9.489738196134567261e-02
9.918852150440216064e-02
1.041239425539970398e-01
1.095759868621826172e-01
1.143716201186180115e-01
1.181704252958297729e-01
1.237562075257301331e-01
1.287098526954650879e-01
1.341862231492996216e-01
1.392188966274261475e-01
1.448897570371627808e-01
1.508462876081466675e-01
1.564138382673263550e-01
1.619753092527389526e-01
1.672510951757431030e-01
1.734811365604400635e-01
1.778452247381210327e-01
1.836376488208770752e-01
1.896306574344635010e-01
1.939461082220077515e-01
1.998296976089477539e-01
2.056099772453308105e-01
2.115421891212463379e-01
2.171218991279602051e-01
2.234613597393035889e-01
2.287979274988174438e-01
2.330829948186874390e-01
2.388997375965118408e-01
2.446496188640594482e-01
2.502961456775665283e-01
2.551769018173217773e-01
2.610301077365875244e-01
2.651510536670684814e-01
2.713871896266937256e-01
2.779089808464050293e-01
2.820116877555847168e-01
2.875913977622985840e-01
2.941071391105651855e-01
3.002277612686157227e-01
3.055582344532012939e-01
3.118004798889160156e-01
3.171674311161041260e-01
3.231908380985260010e-01
3.289893269538879395e-01
3.351282179355621338e-01
3.410239815711975098e-01
3.460870385169982910e-01
3.515451550483703613e-01
3.578481674194335938e-01
3.642179965972900391e-01
3.706425428390502930e-01
3.775594830513000488e-01
3.843668997287750244e-01
3.904997110366821289e-01
3.949002623558044434e-01
4.015192985534667969e-01
4.073725342750549316e-01
4.136937558650970459e-01
4.179788231849670410e-01
4.239535629749298096e-01
4.296183288097381592e-01
4.362982213497161865e-01
4.429901838302612305e-01
4.486306905746459961e-01
4.547999203205108643e-01
4.606349170207977295e-01
4.660383462905883789e-01
4.708886742591857910e-01
4.773496985435485840e-01
4.831968247890472412e-01
4.896943271160125732e-01
4.958635866641998291e-01
5.002337098121643066e-01
5.061599016189575195e-01
5.129066109657287598e-01
5.188449025154113770e-01
5.255611538887023926e-01
5.317000746726989746e-01
5.364167094230651855e-01
5.416499376296997070e-01
5.479772090911865234e-01
5.540856719017028809e-01
5.606500506401062012e-01
5.667707324028015137e-01
5.719006061553955078e-01
5.783859491348266602e-01
5.851022005081176758e-01
5.910952687263488770e-01
5.975927114486694336e-01
6.029232144355773926e-01
6.082476973533630371e-01
6.142528653144836426e-01
6.204403042793273926e-01
6.269317269325256348e-01
6.327849030494689941e-01
6.394768953323364258e-01
6.457434892654418945e-01
6.516270637512207031e-01
6.575653553009033203e-01
6.638014912605285645e-01
6.705663800239562988e-01
6.776109933853149414e-01
6.842907667160034180e-01
6.911711692810058594e-01
6.969088912010192871e-01
7.029688358306884766e-01
7.095817327499389648e-01
7.152161002159118652e-01
7.211726903915405273e-01
7.280652523040771484e-01
7.337118387222290039e-01
7.402092814445495605e-01
7.442755699157714844e-01
7.473145723342895508e-01
7.534474134445190430e-01
7.590817809104919434e-01
7.650991678237915039e-01
7.712440490722656250e-01
7.778449058532714844e-01
7.840141654014587402e-01
7.901895046234130859e-01
7.947359681129455566e-01
8.000907301902770996e-01
8.067584633827209473e-01
8.131099939346313477e-01
8.194312453269958496e-01
8.253817558288574219e-01
8.317819833755493164e-01
8.372522592544555664e-01
8.439198732376098633e-01
8.470014929771423340e-01
8.529641628265380859e-01
8.588538169860839844e-01
8.654242753982543945e-01
8.711559176445007324e-01
8.774102330207824707e-01
8.821694254875183105e-01
8.875485658645629883e-01
8.930796384811401367e-01
8.984283208847045898e-01
9.037588238716125488e-01
9.099584817886352539e-01
9.163222908973693848e-01
9.229413270950317383e-01
9.277734160423278809e-01
9.344533085823059082e-01
9.409567713737487793e-01
9.472841024398803711e-01
9.532041549682617188e-01
9.597076773643493652e-01
9.656703472137451172e-01
9.725446701049804688e-01
9.790360927581787109e-01
9.858253002166748047e-01
9.915143847465515137e-01
9.964680671691894531e-01
1.002582669258117676e+00
1.008496642112731934e+00
1.014781475067138672e+00
1.020525217056274414e+00
1.026986241340637207e+00
1.031952023506164551e+00
1.038267135620117188e+00
1.044655323028564453e+00
1.049274563789367676e+00
1.056082129478454590e+00
1.062561273574829102e+00
1.068937301635742188e+00
1.074000239372253418e+00
1.079810976982116699e+00
