1.215620068251155317e-05
3.342955315019935369e-04
7.354501285590231419e-04
1.002886565402150154e-03
1.416197395883500576e-03
1.853820635005831718e-03
2.364380983635783195e-03
2.826316747814416885e-03
3.203158965334296227e-03
3.823125036433339119e-03
4.449169617146253586e-03
4.929339513182640076e-03
5.464212037622928619e-03
6.132803391665220261e-03
6.764925550669431686e-03
7.372735533863306046e-03
8.083873428404331207e-03
8.709917776286602020e-03
9.433211758732795715e-03
1.007141266018152237e-02
1.079470664262771606e-02
1.156054716557264328e-02
1.233854331076145172e-02
1.307399384677410126e-02
1.384591218084096909e-02
1.457528490573167801e-02
1.539582852274179459e-02
1.599148288369178772e-02
1.675124466419219971e-02
1.746238209307193756e-02
1.830116100609302521e-02
1.907307840883731842e-02
1.985107548534870148e-02
2.061691693961620331e-02
2.149824053049087524e-02
2.231270633637905121e-02
2.319403178989887238e-02
2.412397973239421844e-02
2.510255388915538788e-02
2.595956623554229736e-02
2.675579860806465149e-02
2.774045057594776154e-02
2.872510254383087158e-02
2.974622324109077454e-02
3.073695302009582520e-02
3.178846463561058044e-02
3.276703879237174988e-02
3.379423916339874268e-02
3.493691980838775635e-02
3.580000996589660645e-02
3.674819320440292358e-02
3.788479790091514587e-02
3.904571756720542908e-02
4.004860296845436096e-02
4.097247496247291565e-02
4.210907965898513794e-02
4.320313781499862671e-02
4.446130245923995972e-02
4.568907991051673889e-02
4.680137336254119873e-02
4.790758714079856873e-02
4.891655221581459045e-02
4.991943761706352234e-02
5.101957544684410095e-02
5.228989571332931519e-02
5.320769175887107849e-02
5.434429645538330078e-02
5.554167926311492920e-02
5.675730109214782715e-02
5.788782611489295959e-02
5.904266610741615295e-02
6.025828793644905090e-02
6.155292317271232605e-02
6.275030970573425293e-02
6.399024277925491333e-02
6.521193683147430420e-02
6.637285649776458740e-02
6.763710081577301025e-02
6.894389539957046509e-02
7.029323279857635498e-02
7.157570868730545044e-02
7.267584651708602905e-02
7.409204542636871338e-02
7.535021007061004639e-02
7.662661373615264893e-02
7.808535546064376831e-02
7.936783134937286377e-02
8.077795058488845825e-02
8.208474516868591309e-02
8.349486440420150757e-02
8.484420180320739746e-02
8.587139844894409180e-02
8.728759735822677612e-02
8.875241875648498535e-02
9.016861766576766968e-02
9.161520749330520630e-02
9.287945181131362915e-02
9.437466412782669067e-02
9.585164487361907959e-02
9.721921384334564209e-02
9.865972399711608887e-02
1.001063138246536255e-01
1.015164330601692200e-01
1.029994860291481018e-01
1.043184325098991394e-01
1.058318838477134705e-01
1.072906255722045898e-01
1.088587790727615356e-01
1.102932095527648926e-01
1.118066534399986267e-01
1.133869588375091553e-01
1.146815940737724304e-01
1.161099523305892944e-01
1.175139918923377991e-01
1.189788132905960083e-01
1.206016689538955688e-01
1.220300197601318359e-01
1.235252320766448975e-01
1.250204443931579590e-01
1.266433000564575195e-01
1.278406828641891479e-01
1.291474699974060059e-01
1.307156234979629517e-01
1.322047561407089233e-01
1.336635053157806396e-01
1.350979357957839966e-01
1.364533454179763794e-01
1.380397379398345947e-01
1.394863277673721313e-01
1.409815400838851929e-01
1.422397047281265259e-01
1.437896192073822021e-01
1.451632678508758545e-01
1.466402560472488403e-01
1.482630968093872070e-01
1.499041914939880371e-01
1.514358669519424438e-01
1.529857814311981201e-01
1.544809937477111816e-01
1.560187637805938721e-01
1.573437899351119995e-01
1.588207632303237915e-01
1.603645980358123779e-01
1.618294268846511841e-01
1.633307188749313354e-01
1.648927778005599976e-01
1.664244681596755981e-01
1.680716276168823242e-01
1.692690104246139526e-01
1.709161847829818726e-01
1.725025624036788940e-01
1.740463972091674805e-01
1.754139810800552368e-01
1.767693907022476196e-01
1.779546290636062622e-01
1.792674958705902100e-01
1.807383894920349121e-01
1.820391118526458740e-01
1.836315691471099854e-01
1.852118670940399170e-01
1.865368932485580444e-01
1.880442649126052856e-01
1.894543915987014771e-01
1.909435242414474487e-01
1.923110932111740112e-01
1.937090605497360229e-01
1.952468156814575195e-01
1.966569423675537109e-01
1.979090273380279541e-01
1.994103193283081055e-01
2.009480744600296021e-01
2.025344669818878174e-01
2.040783017873764038e-01
2.055917382240295410e-01
2.071295082569122314e-01
2.084545344114303589e-01
2.099315077066421509e-01
2.114510387182235718e-01
2.128489911556243896e-01
2.143624424934387207e-01
2.156813889741897583e-01
2.169942557811737061e-01
2.185259461402893066e-01
2.201123237609863281e-01
2.211273759603500366e-01
2.224949449300765991e-01
2.238807529211044312e-01
2.254063487052917480e-01
2.270048856735229492e-01
2.284332513809204102e-01
2.299223840236663818e-01
2.312899529933929443e-01
2.324812561273574829e-01
2.339825481176376343e-01
2.353379726409912109e-01
2.367177009582519531e-01
2.382250577211380005e-01
2.396595031023025513e-01
2.409176677465438843e-01
2.424068003892898560e-01
2.435798645019531250e-01
