3.646860204753465950e-05
3.342955315019935369e-04
1.136604812927544117e-03
1.853820635005831718e-03
2.802004339173436165e-03
3.762344131246209145e-03
4.625434521585702896e-03
5.792429670691490173e-03
6.740613374859094620e-03
7.767812348902225494e-03
8.588355965912342072e-03
9.682414121925830841e-03
1.058805081993341446e-02
1.188876386731863022e-02
1.315300911664962769e-02
1.456920616328716278e-02
1.471508108079433441e-02
1.578482612967491150e-02
1.719494536519050598e-02
1.863545551896095276e-02
1.988146640360355377e-02
2.120649255812168121e-02
2.270170487463474274e-02
2.422730810940265656e-02
2.549155242741107941e-02
2.668286114931106567e-02
2.805651165544986725e-02
2.963073924183845520e-02
3.107124939560890198e-02
3.243882209062576294e-02
3.402520716190338135e-02
3.555081039667129517e-02
3.722836449742317200e-02
3.849868848919868469e-02
4.008507356047630310e-02
4.182340949773788452e-02
4.338547959923744202e-02
4.506303742527961731e-02
4.677098244428634644e-02
4.841814562678337097e-02
5.000453069806098938e-02
5.176718160510063171e-02
5.351767316460609436e-02
5.518915131688117981e-02
5.693964287638664246e-02
5.805801600217819214e-02
5.989360064268112183e-02
6.147998571395874023e-02
6.315754354000091553e-02
6.506606191396713257e-02
6.644579023122787476e-02
6.831177324056625366e-02
6.989815086126327515e-02
7.178236544132232666e-02
7.363010942935943604e-02
7.562372088432312012e-02
7.713109254837036133e-02
7.851690053939819336e-02
8.030386269092559814e-02
8.190847933292388916e-02
8.378053456544876099e-02
8.577415347099304199e-02
8.756111562252044678e-02
8.914750069379806519e-02
9.086152166128158569e-02
9.285514056682586670e-02
9.481228888034820557e-02
9.664179384708404541e-02
9.851992875337600708e-02
1.004102155566215515e-01
1.013097763061523438e-01
1.030602678656578064e-01
1.051207482814788818e-01
1.069563329219818115e-01
1.090958267450332642e-01
1.107308343052864075e-01
1.123840734362602234e-01
1.143169105052947998e-01
1.162740588188171387e-01
1.183466911315917969e-01
1.203646212816238403e-01
1.222670674324035645e-01
1.240844205021858215e-01
1.261388212442398071e-01
1.276461780071258545e-01
1.289712041616439819e-01
1.308736503124237061e-01
1.328733563423156738e-01
1.347393244504928589e-01
1.364776641130447388e-01
1.384287327527999878e-01
1.403129398822784424e-01
1.423916518688201904e-01
1.444825232028961182e-01
1.462816447019577026e-01
1.478376388549804688e-01
1.498251706361770630e-01
1.513143032789230347e-01
1.533504724502563477e-01
1.552285999059677124e-01
1.572586894035339355e-01
1.589058488607406616e-01
1.607414484024047852e-01
1.625284105539321899e-01
1.640175431966781616e-01
1.659503728151321411e-01
1.678163558244705200e-01
1.696154624223709106e-01
1.716273128986358643e-01
1.725755035877227783e-01
1.740038543939590454e-01
1.758212149143218994e-01
1.779728531837463379e-01
1.800090223550796509e-01
1.818932294845581055e-01
1.835160851478576660e-01
1.853759884834289551e-01
1.876127272844314575e-01
1.889863759279251099e-01
1.910286098718643188e-01
1.932349652051925659e-01
1.945174485445022583e-01
1.966022402048110962e-01
1.982858628034591675e-01
2.003645747900009155e-01
2.022913396358489990e-01
2.044247537851333618e-01
2.064791470766067505e-01
2.079318165779113770e-01
2.100409120321273804e-01
2.122837305068969727e-01
2.145204693078994751e-01
2.169030904769897461e-01
2.191945314407348633e-01
2.214798927307128906e-01
2.237287908792495728e-01
2.257284969091415405e-01
2.277646511793136597e-01
2.296549379825592041e-01
2.317397296428680420e-01
2.337819784879684448e-01
2.360187172889709473e-01
2.380244880914688110e-01
2.399330139160156250e-01
2.408143281936645508e-01
2.428808957338333130e-01
2.449778318405151367e-01
2.471477091312408447e-01
2.489589899778366089e-01
2.511045634746551514e-01
2.530860304832458496e-01
2.549337744712829590e-01
2.571704983711242676e-01
2.593039274215698242e-01
2.615892887115478516e-01
2.638442516326904297e-01
2.661235332489013672e-01
2.675701379776000977e-01
2.696670889854431152e-01
2.719949781894683838e-01
2.741891741752624512e-01
2.764806151390075684e-01
2.786322832107543945e-01
2.801761031150817871e-01
2.824493348598480225e-01
2.847650647163391113e-01
2.866006791591644287e-01
2.875913977622985840e-01
2.896457910537719727e-01
2.917488217353820801e-01
2.939612567424774170e-01
2.960399687290191650e-01
2.983192503452301025e-01
3.003067672252655029e-01
3.026772439479827881e-01
3.049990832805633545e-01
3.074120879173278809e-01
3.094482421875000000e-01
3.115026354789733887e-01
3.135935068130493164e-01
3.158910274505615234e-01
3.175138831138610840e-01
3.198418021202087402e-01
3.219265937805175781e-01
3.242605626583099365e-01
3.265033960342407227e-01
3.279682099819183350e-01
3.300530016422271729e-01
3.320283889770507812e-01
3.343745470046997070e-01
3.366051912307739258e-01
3.388297855854034424e-01
3.409449458122253418e-01
3.433519005775451660e-01
3.456615805625915527e-01
3.478922247886657715e-01
3.501836657524108887e-01
3.525541424751281738e-01
3.549306690692901611e-01
3.572464287281036377e-01
3.594588637351989746e-01
