2.431240136502310634e-05
3.099831228610128164e-04
4.437013121787458658e-04
6.868253112770617008e-04
1.087979995645582676e-03
1.233854331076145172e-03
1.391884987242519855e-03
1.865976839326322079e-03
2.151647582650184631e-03
2.473786938935518265e-03
2.917488105595111847e-03
3.191002644598484039e-03
3.482751548290252686e-03
4.084483254700899124e-03
4.412700887769460678e-03
4.801699426025152206e-03
5.287947133183479309e-03
5.628320854157209396e-03
5.907913669943809509e-03
6.315146107226610184e-03
6.600817199796438217e-03
7.008049637079238892e-03
7.178236730396747589e-03
7.658406626433134079e-03
8.077795617282390594e-03
8.466794155538082123e-03
8.977354504168033600e-03
9.360274299979209900e-03
9.803975932300090790e-03
1.012003701180219650e-02
1.041178591549396515e-02
1.071569044142961502e-02
1.055765990167856216e-02
1.084333099424839020e-02
1.122625172138214111e-02
1.156054716557264328e-02
1.179151423275470734e-02
1.214404404163360596e-02
1.241148076951503754e-02
1.294635329395532608e-02
1.323810219764709473e-02
1.347514800727367401e-02
1.383375655859708786e-02
1.419844198971986771e-02
1.458136271685361862e-02
1.484879944473505020e-02
1.523779798299074173e-02
1.533504761755466461e-02
1.566934213042259216e-02
1.594285666942596436e-02
1.625891774892807007e-02
1.662360504269599915e-02
1.700652390718460083e-02
1.738336682319641113e-02
1.771158352494239807e-02
1.805803552269935608e-02
1.839233189821243286e-02
1.883603259921073914e-02
1.920071989297866821e-02
1.956540532410144806e-02
1.988754421472549438e-02
2.033732458949089050e-02
2.053790166974067688e-02
2.082357183098793030e-02
2.108493074774742126e-02
2.136452309787273407e-02
2.168666198849678040e-02
2.199056744575500488e-02
2.230055071413516998e-02
2.256798744201660156e-02
2.289012633264064789e-02
2.318187430500984192e-02
2.343107759952545166e-02
2.375321649014949799e-02
2.408143319189548492e-02
2.440965175628662109e-02
2.478649280965328217e-02
2.514510042965412140e-02
2.548547461628913879e-02
2.578938007354736328e-02
2.609936334192752838e-02
2.636072039604187012e-02
2.668286114931106567e-02
2.696245349943637848e-02
2.723596803843975067e-02
2.743046730756759644e-02
2.764927782118320465e-02
2.797749638557434082e-02
2.833610400557518005e-02
2.863392978906631470e-02
2.893175743520259857e-02
2.925389632582664490e-02
2.954564616084098816e-02
2.983131632208824158e-02
3.013522177934646606e-02
3.040873631834983826e-02
3.070656210184097290e-02
3.090714104473590851e-02
3.121712245047092438e-02
3.150279447436332703e-02
3.183709084987640381e-02
3.216530755162239075e-02
3.251175954937934875e-02
3.271233662962913513e-02
3.304055333137512207e-02
3.336877003312110901e-02
3.370306640863418579e-02
3.403128311038017273e-02
3.434126824140548706e-02
3.474849835038185120e-02
3.506455942988395691e-02
3.539277985692024231e-02
3.573315218091011047e-02
3.597019612789154053e-02
3.615254163742065430e-02
3.649291396141052246e-02
3.695484995841979980e-02
3.727091103792190552e-02
3.760520741343498230e-02
3.789695724844932556e-02
3.820693865418434143e-02
3.851692005991935730e-02
3.871750086545944214e-02
3.903356194496154785e-02
3.935569897294044495e-02
3.962921351194381714e-02
3.992703929543495178e-02
4.022486880421638489e-02
4.054700583219528198e-02
4.077797383069992065e-02
4.109403491020202637e-02
4.136754944920539856e-02
4.168969020247459412e-02
4.194496944546699524e-02
4.226711019873619080e-02
4.258317127823829651e-02
4.281413927674293518e-02
4.312412068247795105e-02
4.344018176198005676e-02
4.374408721923828125e-02
4.406014829874038696e-02
4.433974251151084900e-02
4.463149234652519226e-02
4.494755342602729797e-02
4.523322358727455139e-02
4.555536061525344849e-02
4.566476866602897644e-02
4.595651850104331970e-02
4.623610898852348328e-02
4.657040536403656006e-02
4.690470173954963684e-02
4.717213660478591919e-02
4.752466827630996704e-02
4.781641438603401184e-02
4.816286638379096985e-02
4.850324243307113647e-02
4.883145913481712341e-02
4.913536459207534790e-02
4.946358129382133484e-02
4.970062524080276489e-02
5.001668632030487061e-02
5.036313831806182861e-02
5.067312344908714294e-02
5.098918452858924866e-02
5.124446377158164978e-02
5.157268047332763672e-02
5.188266560435295105e-02
5.221695825457572937e-02
5.253302305936813354e-02
5.282476916909217834e-02
5.294025316834449768e-02
5.326239392161369324e-02
5.357845500111579895e-02
5.388236045837402344e-02
5.417410656809806824e-02
5.439291894435882568e-02
5.469682440161705017e-02
5.475760623812675476e-02
5.500680953264236450e-02
5.531679093837738037e-02
5.561461672186851501e-02
5.587597563862800598e-02
5.617380514740943909e-02
5.649594217538833618e-02
5.682415887713432312e-02
5.713414400815963745e-02
5.745628103613853455e-02
5.772979557514190674e-02
5.805193632841110229e-02
5.824035778641700745e-02
5.855033919215202332e-02
5.887247994542121887e-02
5.917638540267944336e-02
5.949244648218154907e-02
5.975988134741783142e-02
6.005771085619926453e-02
6.036161631345748901e-02
6.065336242318153381e-02
6.090864166617393494e-02
6.116392463445663452e-02
6.142528355121612549e-02
