1.094058097805827856e-04
2.145569305866956711e-03
5.044823512434959412e-03
7.719187531620264053e-03
1.019905228167772293e-02
1.413158327341079712e-02
1.755355298519134521e-02
2.177783288061618805e-02
2.541861496865749359e-02
2.903508581221103668e-02
3.297369554638862610e-02
3.705209866166114807e-02
4.082660004496574402e-02
4.491108283400535583e-02
4.752466827630996704e-02
5.192521214485168457e-02
5.621635168790817261e-02
6.006986647844314575e-02
6.446433067321777344e-02
6.848803162574768066e-02
7.270015776157379150e-02
7.531981915235519409e-02
7.885727286338806152e-02
8.314233273267745972e-02
8.705662935972213745e-02
9.136600792407989502e-02
9.599751979112625122e-02
1.001914069056510925e-01
1.034371107816696167e-01
1.076492369174957275e-01
1.122078076004981995e-01
1.165414974093437195e-01
1.195319220423698425e-01
1.235070005059242249e-01
1.279440075159072876e-01
1.321135908365249634e-01
1.356996744871139526e-01
1.398753225803375244e-01
1.433276832103729248e-01
1.473392248153686523e-01
1.521834731101989746e-01
1.566265672445297241e-01
1.607110500335693359e-01
1.655917614698410034e-01
1.703509241342544556e-01
1.738397479057312012e-01
1.788784861564636230e-01
1.832486540079116821e-01
1.880989670753479004e-01
1.903539448976516724e-01
1.952772140502929688e-01
1.996291279792785645e-01
2.040722221136093140e-01
2.087098062038421631e-01
2.127335071563720703e-01
2.170124948024749756e-01
2.201305627822875977e-01
2.246101200580596924e-01
2.289012521505355835e-01
2.334355264902114868e-01
2.384438812732696533e-01
2.426803112030029297e-01
2.473604530096054077e-01
2.521621584892272949e-01
2.567268013954162598e-01
2.611273527145385742e-01
2.656859159469604492e-01
2.703478336334228516e-01
2.743958532810211182e-01
2.777388095855712891e-01
2.823946177959442139e-01
2.868620157241821289e-01
2.907823920249938965e-01
2.952376604080200195e-01
3.000940382480621338e-01
3.031270205974578857e-01
3.079530298709869385e-01
3.123110234737396240e-01
3.169364631175994873e-01
3.219448328018188477e-01
3.265337944030761719e-01
3.314084112644195557e-01
3.361554145812988281e-01
3.393464088439941406e-01
3.432850241661071777e-01
3.482751548290252686e-01
3.527790307998657227e-01
3.576171994209289551e-01
3.620177209377288818e-01
3.648258149623870850e-01
3.688799142837524414e-01
3.733777105808258057e-01
3.770124018192291260e-01
3.797596991062164307e-01
3.841845691204071045e-01
3.886276483535766602e-01
3.930585980415344238e-01
3.974591493606567383e-01
4.020237922668457031e-01
4.066066741943359375e-01
4.107458591461181641e-01
4.146479964256286621e-01
4.181611537933349609e-01
4.217168390750885010e-01
4.263483583927154541e-01
4.303902983665466309e-01
4.346692562103271484e-01
4.387537539005279541e-01
4.429476261138916016e-01
4.469895660877227783e-01
4.514083564281463623e-01
4.558575153350830078e-01
4.596016407012939453e-01
4.641176760196685791e-01
4.688707292079925537e-01
4.731193184852600098e-01
4.769120514392852783e-01
4.813673198223114014e-01
4.856402277946472168e-01
4.903021156787872314e-01
4.947026669979095459e-01
4.986412823200225830e-01
5.030418038368225098e-01
5.074727535247802734e-01
5.121529102325439453e-01
5.164318680763244629e-01
5.206257700920104980e-01
5.252876877784729004e-01
5.293295979499816895e-01
5.339611172676086426e-01
5.387384891510009766e-01
5.433456897735595703e-01
5.468831658363342285e-01
5.500923991203308105e-01
5.543956756591796875e-01
5.589967966079711914e-01
5.626072287559509277e-01
5.667949914932250977e-01
5.708065629005432129e-01
5.746722221374511719e-01
5.770974159240722656e-01
5.808110833168029785e-01
5.851265788078308105e-01
5.887673497200012207e-01
5.933806300163269043e-01
5.977933406829833984e-01
6.018960475921630859e-01
6.063938140869140625e-01
6.101014614105224609e-01
6.135295033454895020e-01
6.175714731216430664e-01
6.213702559471130371e-01
6.256735920906066895e-01
6.298431754112243652e-01
6.343531012535095215e-01
6.376474499702453613e-01
6.414158344268798828e-01
6.457191705703735352e-01
6.496273875236511230e-01
6.536632180213928223e-01
6.577416062355041504e-01
6.613641977310180664e-01
6.649502515792846680e-01
6.698796153068542480e-01
6.735143065452575684e-01
6.777750253677368164e-01
6.821512579917907715e-01
6.861871480941772461e-01
6.884177923202514648e-01
6.911225318908691406e-01
6.949152946472167969e-01
6.990970373153686523e-01
7.010298371315002441e-01
7.052784562110900879e-01
7.086639404296875000e-01
7.128274440765380859e-01
7.168329358100891113e-01
7.210025191307067871e-01
7.246615290641784668e-01
7.269590497016906738e-01
7.311711311340332031e-01
7.349213361740112305e-01
7.390666007995605469e-01
7.428472042083740234e-01
7.464514970779418945e-01
7.505238056182861328e-01
7.546448111534118652e-01
7.586624026298522949e-01
7.627955079078674316e-01
7.668738961219787598e-01
7.710130810737609863e-01
7.749638557434082031e-01
7.789267897605895996e-01
7.827802896499633789e-01
7.828714847564697266e-01
7.869316339492797852e-01
7.906939983367919922e-01
7.948696613311767578e-01
7.975014448165893555e-01
8.015373349189758301e-01
8.051355481147766113e-01
