4.862480273004621267e-05
6.078100414015352726e-04
1.944992109201848507e-04
1.823430102376732975e-05
1.944992109201848507e-04
7.172158220782876015e-04
1.033277017995715141e-03
1.446587848477065563e-03
2.540645888075232506e-03
2.473786938935518265e-03
7.111377199180424213e-04
1.197385718114674091e-03
1.732258591800928116e-03
2.929644426330924034e-03
4.120951984077692032e-03
4.990120418369770050e-03
6.351614836603403091e-03
7.153924088925123215e-03
8.102107793092727661e-03
9.263024665415287018e-03
1.063667517155408859e-02
1.159093715250492096e-02
1.270322967320680618e-02
1.337789930403232574e-02
1.452665962278842926e-02
1.453881617635488510e-02
1.566326431930065155e-02
1.722533628344535828e-02
1.682418212294578552e-02
1.822822354733943939e-02
1.965049840509891510e-02
2.120041474699974060e-02
2.247681468725204468e-02
2.394163794815540314e-02
2.527274191379547119e-02
2.680442295968532562e-02
2.803219854831695557e-02
2.914449200034141541e-02
3.063970431685447693e-02
3.237804025411605835e-02
3.388540819287300110e-02
3.545355796813964844e-02
3.676642850041389465e-02
3.848045319318771362e-02
3.968999534845352173e-02
4.104541242122650146e-02
4.280198365449905396e-02
4.452208429574966431e-02
4.596259444952011108e-02
4.774955660104751587e-02
4.945750162005424500e-02
5.132955685257911682e-02
5.318945646286010742e-02
5.417410656809806824e-02
5.573010072112083435e-02
5.693964287638664246e-02
5.855033919215202332e-02
6.019142642617225647e-02
6.185682862997055054e-02
6.355261802673339844e-02
6.537605077028274536e-02
6.719947606325149536e-02
6.889526546001434326e-02
7.062144577503204346e-02
7.195255160331726074e-02
7.381852716207504272e-02
7.570274174213409424e-02
7.742284238338470459e-02
7.824338227510452271e-02
7.925234735012054443e-02
8.130066841840744019e-02
8.314841240644454956e-02
8.524535596370697021e-02
8.689860254526138306e-02
8.908671885728836060e-02
8.784678578376770020e-02
8.866732567548751831e-02
9.084936231374740601e-02
9.292199462652206421e-02
9.499462693929672241e-02
9.705510735511779785e-02
9.921283274888992310e-02
1.013827100396156311e-01
1.036316081881523132e-01
1.051268205046653748e-01
1.058075726032257080e-01
1.078923568129539490e-01
1.099406778812408447e-01
1.117701902985572815e-01
1.139339879155158997e-01
1.163895428180694580e-01
1.185411885380744934e-01
1.197628900408744812e-01
1.217078790068626404e-01
1.237258091568946838e-01
1.260841190814971924e-01
1.281628310680389404e-01
1.303995698690414429e-01
1.328551173210144043e-01
1.343320906162261963e-01
1.368301957845687866e-01
1.392006576061248779e-01
1.413826942443847656e-01
1.434127837419509888e-01
1.455583423376083374e-01
1.471690386533737183e-01
1.494240164756774902e-01
1.523718982934951782e-01
1.548821479082107544e-01
1.569851785898208618e-01
1.588997840881347656e-01
1.607414484024047852e-01
1.632273793220520020e-01
1.656890213489532471e-01
1.679500639438629150e-01
1.703509241342544556e-01
1.727456897497177124e-01
1.752802580595016479e-01
1.774136722087860107e-01
1.799482405185699463e-01
1.824220269918441772e-01
1.849383562803268433e-01
1.873331367969512939e-01
1.894969344139099121e-01
1.918430775403976440e-01
1.942743211984634399e-01
1.969243735074996948e-01
1.993130594491958618e-01
2.018537074327468872e-01
2.037075310945510864e-01
2.064366042613983154e-01
2.091960608959197998e-01
2.118886560201644897e-01
2.140220701694488525e-01
2.167632877826690674e-01
2.191823720932006836e-01
2.203736901283264160e-01
2.228049188852310181e-01
2.254185080528259277e-01
2.274242788553237915e-01
2.299345284700393677e-01
2.318734526634216309e-01
2.341405749320983887e-01
2.366447597742080688e-01
2.392218708992004395e-01
2.418233007192611694e-01
2.442059218883514404e-01
2.469714581966400146e-01
2.493783831596374512e-01
2.514449357986450195e-01
2.537789344787597656e-01
2.560460567474365234e-01
2.560338973999023438e-01
2.585198283195495605e-01
2.608720660209655762e-01
2.633519172668457031e-01
2.661843299865722656e-01
2.687006592750549316e-01
2.713385522365570068e-01
2.739825248718261719e-01
2.764866948127746582e-01
2.792218625545501709e-01
2.815133035182952881e-01
2.839567065238952637e-01
2.866857647895812988e-01
2.894573807716369629e-01
2.922836840152740479e-01
2.945386767387390137e-01
2.972555756568908691e-01
2.994984090328216553e-01
3.021119832992553711e-01
3.050173223018646240e-01
3.080624341964721680e-01
3.106881678104400635e-01
3.134658634662628174e-01
3.161037564277648926e-01
3.189483284950256348e-01
3.216895461082458496e-01
3.246495723724365234e-01
3.276217579841613770e-01
3.306061029434204102e-01
3.334992825984954834e-01
3.365322649478912354e-01
3.393281996250152588e-01
3.416074812412261963e-01
3.444094657897949219e-01
3.473148047924041748e-01
3.504328727722167969e-01
3.522076904773712158e-01
3.548273444175720215e-01
3.560915887355804443e-01
3.588996827602386475e-01
3.605042994022369385e-01
3.633123636245727539e-01
3.662298619747161865e-01
3.682842552661895752e-01
3.706668615341186523e-01
3.732865452766418457e-01
3.761310875415802002e-01
3.785926997661590576e-01
3.804100751876831055e-01
