2.431240136502310634e-05
2.613583055790513754e-04
5.166385089978575706e-04
7.962311501614749432e-04
1.112292404286563396e-03
1.361494418233633041e-03
1.665399526245892048e-03
2.011851174756884575e-03
2.321834443137049675e-03
2.692598383873701096e-03
3.105909330770373344e-03
3.507063956931233406e-03
3.956843167543411255e-03
4.412700887769460678e-03
4.947573877871036530e-03
5.373040679842233658e-03
5.847132299095392227e-03
6.333380471915006638e-03
6.850019097328186035e-03
7.342345081269741058e-03
7.871139794588088989e-03
8.229747414588928223e-03
8.734229952096939087e-03
9.293415583670139313e-03
9.882991202175617218e-03
1.015042793005704880e-02
1.061236299574375153e-02
1.111684553325176239e-02
1.175504643470048904e-02
1.230207551270723343e-02
1.311654038727283478e-02
1.340828929096460342e-02
1.419844198971986771e-02
1.502506434917449951e-02
1.532896887511014938e-02
1.616166904568672180e-02
1.680594682693481445e-02
1.766295917332172394e-02
1.845919154584407806e-02
1.944992132484912872e-02
2.040418237447738647e-02
2.094513364136219025e-02
2.191155217587947845e-02
2.278072014451026917e-02
2.346146665513515472e-02
2.424554154276847839e-02
2.514510042965412140e-02
2.558272518217563629e-02
2.628170512616634369e-02
2.718734368681907654e-02
2.813552692532539368e-02
2.891352400183677673e-02
2.966720797121524811e-02
3.056068904697895050e-02
3.143593668937683105e-02
3.220177441835403442e-02
3.290075808763504028e-02
3.380031511187553406e-02
3.459654748439788818e-02
3.534415364265441895e-02
3.623155504465103149e-02
3.685152158141136169e-02
3.767206519842147827e-02
3.858985751867294312e-02
3.919159248471260071e-02
3.989665210247039795e-02
4.059563204646110535e-02
4.125206544995307922e-02
4.214554652571678162e-02
4.300256073474884033e-02
4.378055781126022339e-02
4.450992867350578308e-02
4.510558396577835083e-02
4.609023407101631165e-02
4.688646644353866577e-02
4.768877476453781128e-02
4.843638092279434204e-02
4.907458275556564331e-02
4.978571832180023193e-02
5.038137361407279968e-02
5.109251290559768677e-02
5.184011906385421753e-02
5.269712954759597778e-02
5.339611321687698364e-02
5.408293753862380981e-02
5.490348115563392639e-02
5.568147823214530945e-02
5.647770687937736511e-02
5.733472108840942383e-02
5.819173157215118408e-02
5.893326178193092346e-02
5.977811664342880249e-02
6.033730134367942810e-02
6.129156425595283508e-02
6.187506020069122314e-02
6.272599846124649048e-02
6.337635219097137451e-02
6.414218991994857788e-02
6.498704850673675537e-02
6.572857499122619629e-02
6.650657206773757935e-02
6.746083498001098633e-02
6.837254762649536133e-02
6.919917464256286621e-02
6.974012404680252075e-02
7.059713453054428101e-02
7.146630436182022095e-02
7.217136025428771973e-02
7.308916002511978149e-02
7.404341548681259155e-02
7.484573125839233398e-02
7.544138282537460327e-02
7.617074996232986450e-02
7.699129730463027954e-02
7.784222811460494995e-02
7.876610010862350464e-02
7.964742928743362427e-02
8.036464452743530273e-02
8.076579868793487549e-02
8.152555674314498901e-02
8.237649500370025635e-02
8.303900808095932007e-02
8.385347574949264526e-02
8.468617498874664307e-02
8.539731055498123169e-02
8.618745952844619751e-02
8.704447746276855469e-02
8.787109702825546265e-02
8.860654383897781372e-02
8.943317085504531860e-02
8.998627215623855591e-02
9.080681949853897095e-02
9.166990965604782104e-02
9.231419116258621216e-02
9.297670423984527588e-02
9.379116445779800415e-02
9.453269094228744507e-02
9.535931795835494995e-02
9.625887870788574219e-02
9.706118702888488770e-02
9.777840226888656616e-02
9.847737848758697510e-02
9.934046864509582520e-02
1.001914069056510925e-01
1.009754836559295654e-01
1.014799624681472778e-01
1.023187413811683655e-01
1.031453609466552734e-01
1.037045493721961975e-01
1.043488234281539917e-01
1.050417274236679077e-01
1.058561950922012329e-01
1.066645830869674683e-01
1.071508303284645081e-01
1.078011840581893921e-01
1.086278110742568970e-01
1.095091328024864197e-01
1.103661432862281799e-01
1.111076772212982178e-01
1.119403764605522156e-01
1.123536825180053711e-01
1.132593229413032532e-01
1.137759611010551453e-01
1.146633625030517578e-01
1.154595911502838135e-01
1.161889657378196716e-01
1.170338243246078491e-01
1.178543642163276672e-01
1.187053024768829346e-01
1.195076107978820801e-01
1.202430576086044312e-01
1.209541931748390198e-01
1.218841448426246643e-01
1.225892081856727600e-01
1.234462186694145203e-01
1.242120563983917236e-01
1.247408539056777954e-01
1.255553215742111206e-01
1.264062523841857910e-01
1.272632628679275513e-01
1.281992942094802856e-01
1.290259212255477905e-01
1.299923360347747803e-01
1.309101283550262451e-01
1.314997076988220215e-01
1.323445588350296021e-01
1.332623511552810669e-01
1.339674144983291626e-01
1.349155902862548828e-01
1.357665210962295532e-01
1.367815732955932617e-01
1.370429247617721558e-01
1.375595629215240479e-01
1.384652107954025269e-01
1.391155570745468140e-01
1.400455087423324585e-01
1.409693807363510132e-01
1.418993324041366577e-01
1.428110450506210327e-01
1.438321620225906372e-01
1.447195708751678467e-01
