4.254670056980103254e-05
5.774195306003093719e-04
1.033277017995715141e-03
1.586384139955043793e-03
2.169881714507937431e-03
2.722988836467266083e-03
3.349033184349536896e-03
4.048014990985393524e-03
4.692293237894773483e-03
5.433821585029363632e-03
6.290833931416273117e-03
7.123533636331558228e-03
7.937999442219734192e-03
8.819323964416980743e-03
9.761429391801357269e-03
1.057589426636695862e-02
1.146329753100872040e-02
1.218659151345491409e-02
1.290988549590110779e-02
1.359671074897050858e-02
1.453881617635488510e-02
1.525603141635656357e-02
1.612520031630992889e-02
1.701260358095169067e-02
1.791824027895927429e-02
1.775413192808628082e-02
1.869623735547065735e-02
1.988146640360355377e-02
2.062299475073814392e-02
2.134628780186176300e-02
2.220330014824867249e-02
2.312717214226722717e-02
2.422123029828071594e-02
2.499314770102500916e-02
2.599603496491909027e-02
2.668286114931106567e-02
2.740615420043468475e-02
2.802612073719501495e-02
2.906547673046588898e-02
2.983739413321018219e-02
3.088890574872493744e-02
3.178846463561058044e-02
3.271233662962913513e-02
3.355719149112701416e-02
3.470595180988311768e-02
3.541709110140800476e-02
3.640782088041305542e-02
3.753834590315818787e-02
3.823124989867210388e-02
3.884514048695564270e-02
3.992703929543495178e-02
4.070503637194633484e-02
4.173223674297332764e-02
4.265002906322479248e-02
4.348272830247879028e-02
4.436405375599861145e-02
4.520283266901969910e-02
4.611454904079437256e-02
4.703234136104583740e-02
4.783464968204498291e-02
4.879498854279518127e-02
4.981610924005508423e-02
5.046039074659347534e-02
5.143896490335464478e-02
5.238106846809387207e-02
5.339611321687698364e-02
5.405862629413604736e-02
5.462996661663055420e-02
5.548697710037231445e-02
5.664181709289550781e-02
5.768117308616638184e-02
5.859896540641784668e-02
5.946813523769378662e-02
6.008810177445411682e-02
6.093903258442878723e-02
6.205132603645324707e-02
6.302382051944732666e-02
6.381397694349288940e-02
6.495665758848190308e-02
6.591092050075531006e-02
6.716908514499664307e-02
6.800178438425064087e-02
6.901074945926666260e-02
7.003795355558395386e-02
7.105907052755355835e-02
7.198902219533920288e-02
7.301621884107589722e-02
7.369696348905563354e-02
7.468769699335098267e-02
7.557509839534759521e-02
7.651720196008682251e-02
7.744107395410537720e-02
7.829809188842773438e-02
7.916118204593658447e-02
8.014582842588424683e-02
8.114264160394668579e-02
8.202396333217620850e-02
8.288097381591796875e-02
8.379876613616943359e-02
8.440050482749938965e-02
8.538515120744705200e-02
8.609021455049514771e-02
8.700800687074661255e-02
8.788932859897613525e-02
8.881928026676177979e-02
8.963374793529510498e-02
9.061232209205627441e-02
9.157873690128326416e-02
9.261201322078704834e-02
9.354196488857269287e-02
9.443544596433639526e-02
9.533500671386718750e-02
9.633181244134902954e-02
9.690923243761062622e-02
9.782702475786209106e-02
9.887853264808654785e-02
9.978417307138442993e-02
1.007505878806114197e-01
1.017230898141860962e-01
1.024646162986755371e-01
1.031757518649101257e-01
1.040935441851615906e-01
1.050599664449691772e-01
1.057467907667160034e-01
1.066524237394332886e-01
1.076613888144493103e-01
1.085731089115142822e-01
1.095820739865303040e-01
1.104330047965049744e-01
1.111866906285285950e-01
1.121895760297775269e-01
1.133140251040458679e-01
1.143229901790618896e-01
1.151982322335243225e-01
1.160977929830551147e-01
1.167846173048019409e-01
1.179212257266044617e-01
1.189180314540863037e-01
1.197872012853622437e-01
1.208022460341453552e-01
1.218355223536491394e-01
1.229660511016845703e-01
1.240540295839309692e-01
1.246861517429351807e-01
1.257923692464828491e-01
1.269472092390060425e-01
1.279804855585098267e-01
1.289286613464355469e-01
1.300105601549148560e-01
1.308797299861907959e-01
1.315665543079376221e-01
1.322412341833114624e-01
1.330557018518447876e-01
1.341619044542312622e-01
1.351526379585266113e-01
1.362588554620742798e-01
1.373772174119949341e-01
1.384591311216354370e-01
1.395167112350463867e-01
1.406107693910598755e-01
1.416683644056320190e-01
1.427563428878784180e-01
1.438260823488235474e-01
1.448775976896286011e-01
1.459838151931762695e-01
1.469076871871948242e-01
1.481658518314361572e-01
1.490897238254547119e-01
1.503053456544876099e-01
1.515148878097534180e-01
1.527973711490631104e-01
1.539461314678192139e-01
1.551009714603424072e-01
1.564259976148605347e-01
1.575565189123153687e-01
1.587356626987457275e-01
1.598905026912689209e-01
1.613310128450393677e-01
1.623825281858444214e-01
1.634887456893920898e-01
1.648806333541870117e-01
1.659564524888992310e-01
1.673057973384857178e-01
1.687280684709548950e-01
1.701746582984924316e-01
1.715300679206848145e-01
1.729158759117126465e-01
1.742226630449295044e-01
1.758576780557632446e-01
1.768240928649902344e-01
1.783557832241058350e-01
1.798449158668518066e-01
1.810787618160247803e-01
1.822092980146408081e-01
1.838139146566390991e-01
1.853152066469192505e-01
1.865065097808837891e-01
1.880564242601394653e-01
1.896914392709732056e-01
1.913142800331115723e-01
1.929128319025039673e-01
