3.525298088788986206e-04
-4.133108071982860565e-03
-2.267131349071860313e-03
1.209541922435164452e-03
4.522106610238552094e-03
8.746386505663394928e-03
1.456312835216522217e-02
1.998479478061199188e-02
2.552194334566593170e-02
3.001973778009414673e-02
3.739247471094131470e-02
4.284453019499778748e-02
4.711743444204330444e-02
5.441115424036979675e-02
6.163801625370979309e-02
6.734535098075866699e-02
7.536844164133071899e-02
8.176260441541671753e-02
8.951826393604278564e-02
9.766291826963424683e-02
1.049687936902046204e-01
1.124327033758163452e-01
1.207353845238685608e-01
1.295060813426971436e-01
1.371766477823257446e-01
1.446405500173568726e-01
1.521956324577331543e-01
1.611973047256469727e-01
1.689772605895996094e-01
1.778391450643539429e-01
1.859047710895538330e-01
1.939096301794052124e-01
2.024068236351013184e-01
2.104177623987197876e-01
2.191641479730606079e-01
2.281718850135803223e-01
2.354291379451751709e-01
2.419570237398147583e-01
2.495303303003311157e-01
2.584833800792694092e-01
2.649990916252136230e-01
2.735570669174194336e-01
2.824250161647796631e-01
2.899740040302276611e-01
2.980882823467254639e-01
3.068103492259979248e-01
3.144687414169311523e-01
3.235251307487487793e-01
3.325268030166625977e-01
3.405012488365173340e-01
3.484514057636260986e-01
3.579210937023162842e-01
3.671050965785980225e-01
3.762283325195312500e-01
3.847255110740661621e-01
3.935873806476593018e-01
4.017198979854583740e-01
4.096578955650329590e-01
4.167023897171020508e-01
4.239049553871154785e-01
4.329673945903778076e-01
4.412944018840789795e-01
4.494937658309936523e-01
4.581915140151977539e-01
4.671081006526947021e-01
4.775624275207519531e-01
4.860231280326843262e-01
4.952314496040344238e-01
5.049260258674621582e-01
5.143835544586181641e-01
5.190758705139160156e-01
5.278769135475158691e-01
5.355596542358398438e-01
5.450050234794616699e-01
5.545111894607543945e-01
5.640355348587036133e-01
5.730007290840148926e-01
5.828047394752502441e-01
5.916361808776855469e-01
6.016103625297546387e-01
6.112380623817443848e-01
6.198568344116210938e-01
6.268466711044311523e-01
6.368694305419921875e-01
6.465700864791870117e-01
6.541555523872375488e-01
6.633517146110534668e-01
6.722075343132019043e-01
6.813307404518127441e-01
6.890074014663696289e-01
6.985864639282226562e-01
7.079771161079406738e-01
7.164560556411743164e-01
7.264606356620788574e-01
7.347390055656433105e-01
7.435461878776550293e-01
7.512045502662658691e-01
7.594950795173645020e-01
7.671170234680175781e-01
7.767690420150756836e-01
7.869924306869506836e-01
7.968328595161437988e-01
8.059378862380981445e-01
8.155716657638549805e-01
8.238986730575561523e-01
8.325842618942260742e-01
8.407532572746276855e-01
8.517242074012756348e-01
8.586471676826477051e-01
8.686942458152770996e-01
8.784070611000061035e-01
8.849532008171081543e-01
8.952312469482421875e-01
9.052783250808715820e-01
9.138606190681457520e-01
9.226860404014587402e-01
9.320949316024780273e-01
9.423425793647766113e-01
9.509613513946533203e-01
9.581942558288574219e-01
9.664666056632995605e-01
9.758268594741821289e-01
9.851567149162292480e-01
9.901651144027709961e-01
1.000200033187866211e+00
1.010155916213989258e+00
1.018726110458374023e+00
1.027107834815979004e+00
1.036066889762878418e+00
1.046047091484069824e+00
1.056258320808410645e+00
1.066177845001220703e+00
1.075744748115539551e+00
1.083786129951477051e+00
1.094112753868103027e+00
1.100859403610229492e+00
1.110949158668518066e+00
1.121196746826171875e+00
1.131243824958801270e+00
1.140671014785766602e+00
1.150237917900085449e+00
1.158406853675842285e+00
1.167110800743103027e+00
1.177534699440002441e+00
1.187679052352905273e+00
1.195939183235168457e+00
1.205585122108459473e+00
1.214951515197753906e+00
1.225375413894653320e+00
1.231301546096801758e+00
1.242084145545959473e+00
1.252781629562377930e+00
1.263558030128479004e+00
1.272705554962158203e+00
1.283354401588439941e+00
1.294112682342529297e+00
1.304123282432556152e+00
1.314164280891418457e+00
1.325031995773315430e+00
1.336282491683959961e+00
1.347533106803894043e+00
1.358753204345703125e+00
1.369019150733947754e+00
1.378993272781372070e+00
1.389338254928588867e+00
1.399513006210327148e+00
1.408435702323913574e+00
1.419212102890014648e+00
1.428390026092529297e+00
1.437762498855590820e+00
1.446709394454956055e+00
1.456963181495666504e+00
1.467040657997131348e+00
1.477051377296447754e+00
1.487894654273986816e+00
1.497789740562438965e+00
1.509009957313537598e+00
1.518424987792968750e+00
1.529116272926330566e+00
1.540263533592224121e+00
1.551982164382934570e+00
1.563050389289855957e+00
1.573881506919860840e+00
1.584749221801757812e+00
1.596577167510986328e+00
1.607706189155578613e+00
1.620342493057250977e+00
1.631672143936157227e+00
1.644004583358764648e+00
1.655601620674133301e+00
1.668274402618408203e+00
1.681020259857177734e+00
1.693784236907958984e+00
1.706031560897827148e+00
1.715586423873901367e+00
1.726988911628723145e+00
1.740427613258361816e+00
1.754103302955627441e+00
1.766599893569946289e+00
1.780129671096801758e+00
1.792243361473083496e+00
