6.078100341255776584e-06
7.901530625531449914e-05
1.276401017094030976e-04
1.823430065996944904e-04
2.309678093297407031e-04
3.646860131993889809e-04
5.105604068376123905e-04
6.625129608437418938e-04
7.779968436807394028e-04
9.603398502804338932e-04
1.166995265521109104e-03
1.379728782922029495e-03
1.537759439088404179e-03
1.714024343527853489e-03
1.902445452287793159e-03
2.115178853273391724e-03
2.327912487089633942e-03
2.528489800170063972e-03
2.753379521891474724e-03
2.929644426330924034e-03
3.142377827316522598e-03
3.391579957678914070e-03
3.616469679400324821e-03
3.902140306308865547e-03
4.193889442831277847e-03
4.467403981834650040e-03
4.698371514678001404e-03
4.947573877871036530e-03
5.184619687497615814e-03
5.476368591189384460e-03
5.768117029219865799e-03
6.005163304507732391e-03
6.302990019321441650e-03
6.625129375606775284e-03
6.904722191393375397e-03
7.220783270895481110e-03
7.524688262492418289e-03
7.852905429899692535e-03
8.132498711347579956e-03
8.454637601971626282e-03
8.746386505663394928e-03
9.153619408607482910e-03
9.445368312299251556e-03
9.731038473546504974e-03
1.004709955304861069e-02
1.038139499723911285e-02
1.070961263030767441e-02
1.109861116856336594e-02
1.146937534213066101e-02
1.185229606926441193e-02
1.222913805395364761e-02
1.255735568702220917e-02
1.297066640108823776e-02
1.329888310283422470e-02
1.365141291171312332e-02
1.395531836897134781e-02
1.427137944847345352e-02
1.467861235141754150e-02
1.503721997141838074e-02
1.545660942792892456e-02
1.579698361456394196e-02
1.619813777506351471e-02
1.653851009905338287e-02
1.694574393332004547e-02
1.729827374219894409e-02
1.769335009157657623e-02
1.814312860369682312e-02
1.851389370858669281e-02
1.892720535397529602e-02
1.923718675971031189e-02
1.968696713447570801e-02
2.006381005048751831e-02
2.042241767048835754e-02
2.079925872385501862e-02
2.117002382874488831e-02
2.171097509562969208e-02
2.213036268949508667e-02
2.254367433488368988e-02
2.299345284700393677e-02
2.333382703363895416e-02
2.384438738226890564e-02
2.424554154276847839e-02
2.467708662152290344e-02
2.519372664391994476e-02
2.566781826317310333e-02
2.628778479993343353e-02
2.667070366442203522e-02
2.710832841694355011e-02
2.761280909180641174e-02
2.802612073719501495e-02
2.843943238258361816e-02
2.886489778757095337e-02
2.938761562108993530e-02
2.991640940308570862e-02
3.035403229296207428e-02
3.089498355984687805e-02
3.140554577112197876e-02
3.184924647212028503e-02
3.231118246912956238e-02
3.285213187336921692e-02
3.339916095137596130e-02
3.397658094763755798e-02
3.450537472963333130e-02
3.497946634888648987e-02
3.546571731567382812e-02
3.590941801667213440e-02
3.649291396141052246e-02
3.704602271318435669e-02
3.757481649518013000e-02
3.808537498116493225e-02
3.860809281468391418e-02
3.914296627044677734e-02
3.975077718496322632e-02
4.029172658920288086e-02
4.089953750371932983e-02
4.150126874446868896e-02
4.195712506771087646e-02
4.261356219649314880e-02
4.322744905948638916e-02
4.371369630098342896e-02
4.437620937824249268e-02
4.476520791649818420e-02
4.535478353500366211e-02
4.592612758278846741e-02
4.650354385375976562e-02
4.717821627855300903e-02
4.771308600902557373e-02
4.831482097506523132e-02
4.898341000080108643e-02
4.952436313033103943e-02
5.007139220833778381e-02
5.067312344908714294e-02
5.121407285332679749e-02
5.183403939008712769e-02
5.246008560061454773e-02
5.302534624934196472e-02
5.371217429637908936e-02
5.436860769987106323e-02
5.496426299214363098e-02
5.555383861064910889e-02
5.621027201414108276e-02
5.686670541763305664e-02
5.752921849489212036e-02
5.810056254267692566e-02
5.873876065015792847e-02
5.942558869719505310e-02
6.006986647844314575e-02
6.079923734068870544e-02
6.132195517420768738e-02
6.189937517046928406e-02
6.244032457470893860e-02
6.310284137725830078e-02
6.369241327047348022e-02
6.430630385875701904e-02
6.497488915920257568e-02
6.566779315471649170e-02
6.643363833427429199e-02
6.703536957502365112e-02
6.763710081577301025e-02
6.822667270898818970e-02
6.899859756231307983e-02
6.960640847682952881e-02
7.024460285902023315e-02
7.098613679409027100e-02
7.161825895309448242e-02
7.223822176456451416e-02
7.299798727035522461e-02
7.371520251035690308e-02
7.432301342487335205e-02
7.490650564432144165e-02
7.552039623260498047e-02
7.632270455360412598e-02
7.699129730463027954e-02
7.766596972942352295e-02
7.836494594812393188e-02
7.905177026987075806e-02
7.973252236843109131e-02
8.041934669017791748e-02
8.113048225641250610e-02
8.192063868045806885e-02
8.258315175771713257e-02
8.325781673192977905e-02
8.403581380844116211e-02
8.471048623323440552e-02
8.545809239149093628e-02
8.618138730525970459e-02
8.692291378974914551e-02
8.764012902975082397e-02
8.839989453554153442e-02
8.914750069379806519e-02
8.988294750452041626e-02
9.050291776657104492e-02
9.124444425106048584e-02
9.197989106178283691e-02
9.277612715959548950e-02
9.352373331785202026e-02
9.424094855785369873e-02
9.492777287960052490e-02
9.570576995611190796e-02
9.642298519611358643e-02
9.712196886539459229e-02
