6.078100705053657293e-05
6.078099831938743591e-04
2.005773276323452592e-04
3.039049624931067228e-05
2.005773712880909443e-04
7.172158220782876015e-04
1.021120697259902954e-03
1.434431760571897030e-03
2.534567844122648239e-03
2.431240165606141090e-03
7.172158220782876015e-04
1.258166856132447720e-03
1.707945833913981915e-03
2.923566149547696114e-03
4.102717619389295578e-03
4.905026871711015701e-03
6.333380471915006638e-03
7.117454893887042999e-03
8.029170334339141846e-03
9.250868111848831177e-03
1.061236299574375153e-02
1.157270278781652451e-02
1.268499437719583511e-02
1.357239764183759689e-02
1.461175363510847092e-02
1.461783051490783691e-02
1.582129485905170441e-02
1.736513152718544006e-02
1.698829047381877899e-02
1.855644024908542633e-02
1.997263729572296143e-02
2.137667872011661530e-02
2.250720560550689697e-02
2.398418262600898743e-02
2.535783313214778900e-02
2.671325206756591797e-02
2.794710546731948853e-02
2.912017703056335449e-02
3.053637593984603882e-02
3.241450712084770203e-02
3.382463008165359497e-02
3.539277613162994385e-02
3.680897876620292664e-02
3.826164454221725464e-02
3.973253816366195679e-02
4.108795523643493652e-02
4.285060614347457886e-02
4.460110142827033997e-02
4.593220725655555725e-02
4.772524163126945496e-02
4.943318665027618408e-02
5.127485468983650208e-02
5.314690619707107544e-02
5.394921451807022095e-02
5.546874552965164185e-02
5.658711493015289307e-02
5.827074870467185974e-02
5.991183593869209290e-02
6.157115474343299866e-02
6.322440505027770996e-02
6.504175066947937012e-02
6.696850806474685669e-02
6.853665411472320557e-02
7.037832587957382202e-02
7.175805419683456421e-02
7.363010942935943604e-02
7.558725774288177490e-02
7.730127871036529541e-02
7.811575382947921753e-02
7.911863178014755249e-02
8.117911219596862793e-02
8.303292840719223022e-02
8.512379974126815796e-02
8.671625703573226929e-02
8.891653269529342651e-02
8.857615292072296143e-02
8.844244480133056641e-02
9.062447398900985718e-02
9.271533787250518799e-02
9.475758671760559082e-02
9.678159654140472412e-02
9.893932193517684937e-02
1.011213585734367371e-01
1.033763289451599121e-01
1.048654690384864807e-01
1.054246500134468079e-01
1.075094342231750488e-01
1.095577627420425415e-01
1.114237383008003235e-01
1.135693043470382690e-01
1.161464229226112366e-01
1.182919889688491821e-01
1.194589883089065552e-01
1.214161366224288940e-01
1.232213377952575684e-01
1.255127787590026855e-01
1.275732517242431641e-01
1.298039108514785767e-01
1.322533786296844482e-01
1.338458359241485596e-01
1.363317817449569702e-01
1.386961638927459717e-01
1.408660560846328735e-01
1.429204642772674561e-01
1.450781673192977905e-01
1.470535546541213989e-01
1.489438563585281372e-01
1.519282013177871704e-01
1.544323712587356567e-01
1.563955992460250854e-01
1.583223491907119751e-01
1.601518690586090088e-01
1.626134961843490601e-01
1.652270853519439697e-01
1.674820333719253540e-01
1.698950380086898804e-01
1.724843233823776245e-01
1.750189065933227539e-01
1.772373914718627930e-01
1.797415912151336670e-01
1.822275221347808838e-01
1.847499459981918335e-01
1.871325671672821045e-01
1.893145740032196045e-01
1.915574073791503906e-01
1.940676569938659668e-01
1.967177242040634155e-01
1.989727020263671875e-01
2.015680521726608276e-01
2.034279406070709229e-01
2.061691582202911377e-01
2.087523639202117920e-01
2.116698324680328369e-01
2.135418951511383057e-01
2.162648886442184448e-01
2.186110317707061768e-01
2.197598069906234741e-01
2.222639918327331543e-01
2.248897254467010498e-01
2.268711775541305542e-01
2.293814271688461304e-01
2.314905226230621338e-01
2.337151020765304565e-01
2.362192869186401367e-01
2.387964129447937012e-01
2.415193915367126465e-01
2.437318265438079834e-01
2.465885281562805176e-01
2.489529103040695190e-01
2.510255277156829834e-01
2.532622814178466797e-01
2.555294334888458252e-01
2.555719614028930664e-01
2.580639719963073730e-01
2.604283392429351807e-01
2.628900110721588135e-01
2.655886709690093994e-01
2.681232392787933350e-01
2.707368135452270508e-01
2.734233438968658447e-01
2.761281132698059082e-01
2.788632512092590332e-01
2.811364233493804932e-01
2.835737466812133789e-01
2.862845957279205322e-01
2.890683710575103760e-01
2.918886244297027588e-01
2.941800653934478760e-01
2.968848049640655518e-01
2.991276085376739502e-01
3.017230033874511719e-01
3.046465516090393066e-01
3.076795041561126709e-01
3.103599548339843750e-01
3.130707740783691406e-01
3.156965076923370361e-01
3.185228407382965088e-01
3.212519288063049316e-01
3.242058753967285156e-01
3.271598219871520996e-01
3.301441669464111328e-01
3.330859541893005371e-01
3.361310958862304688e-01
3.388966619968414307e-01
3.411515951156616211e-01
3.438685238361358643e-01
3.467556238174438477e-01
3.499344587326049805e-01
3.518551588058471680e-01
3.543168008327484131e-01
3.556235432624816895e-01
3.584134578704833984e-01
3.605286180973052979e-01
3.633913695812225342e-01
3.662541806697845459e-01
3.688069880008697510e-01
3.711895942687988281e-01
3.739612102508544922e-01
3.767814338207244873e-01
3.792491555213928223e-01
3.810664713382720947e-01
