6.078100341255776584e-06
1.823430102376732975e-05
4.862480273004621267e-05
4.862480273004621267e-05
1.154839046648703516e-04
1.762649044394493103e-04
2.309678093297407031e-04
3.282174293417483568e-04
3.829203196801245213e-04
4.376232391223311424e-04
5.227166111581027508e-04
6.382005522027611732e-04
6.685910630039870739e-04
7.901530480012297630e-04
8.691683760844171047e-04
9.846522007137537003e-04
1.069745630957186222e-03
1.179151469841599464e-03
1.294635352678596973e-03
1.385806826874613762e-03
1.501290826126933098e-03
1.592462300322949886e-03
1.707946183159947395e-03
1.859898678958415985e-03
2.011851174756884575e-03
2.139491261914372444e-03
2.261053305119276047e-03
2.388693392276763916e-03
2.516333479434251785e-03
2.674364252015948296e-03
2.820238471031188965e-03
2.966112922877073288e-03
3.093753010034561157e-03
3.233549417927861214e-03
3.379423869773745537e-03
3.537454409524798393e-03
3.665094496682286263e-03
3.853515721857547760e-03
4.023702349513769150e-03
4.169576801359653473e-03
4.309372976422309875e-03
4.558575339615345001e-03
4.716605879366397858e-03
4.874636419117450714e-03
5.032666958868503571e-03
5.178541410714387894e-03
5.421665497124195099e-03
5.616164766252040863e-03
5.768117029219865799e-03
5.926148034632205963e-03
6.096334662288427353e-03
6.205740384757518768e-03
6.430630106478929520e-03
6.625129375606775284e-03
6.807472556829452515e-03
7.008049637079238892e-03
7.190392818301916122e-03
7.415282540023326874e-03
7.573313079774379730e-03
7.786046713590621948e-03
7.998780347406864166e-03
8.217591792345046997e-03
8.393856696784496307e-03
8.557965047657489777e-03
8.746386505663394928e-03
8.898339234292507172e-03
9.165775030851364136e-03
9.366353042423725128e-03
9.524383582174777985e-03
9.773585014045238495e-03
9.998475201427936554e-03
1.018081791698932648e-02
1.039962936192750931e-02
1.056981645524501801e-02
1.072784699499607086e-02
1.099528372287750244e-02
1.113507989794015884e-02
1.132957916706800461e-02
1.160917151719331741e-02
1.178543642163276672e-02
1.204071659594774246e-02
1.223521586507558823e-02
1.244187168776988983e-02
1.270322967320680618e-02
1.288557238876819611e-02
1.328064966946840286e-02
1.357239764183759689e-02
1.376689691096544266e-02
1.396139618009328842e-02
1.415589544922113419e-02
1.436255127191543579e-02
1.458136271685361862e-02
1.481233071535825729e-02
1.504937652498483658e-02
1.524387579411268234e-02
1.551739033311605453e-02
1.573012396693229675e-02
1.600971631705760956e-02
1.621637120842933655e-02
1.647773012518882751e-02
1.672085374593734741e-02
1.702475920319557190e-02
1.720102317631244659e-02
1.741983555257320404e-02
1.767511665821075439e-02
1.797902025282382965e-02
1.825861260294914246e-02
1.844703406095504761e-02
1.873270608484745026e-02
1.896367222070693970e-02
1.918248459696769714e-02
1.946207694709300995e-02
1.976598240435123444e-02
1.999695040285587311e-02
2.021576091647148132e-02
2.047711983323097229e-02
2.076886966824531555e-02
2.105453982949256897e-02
2.127943001687526703e-02
2.158333361148834229e-02
2.192978560924530029e-02
2.227623760700225830e-02
2.254367433488368988e-02
2.276248484849929810e-02
2.306031249463558197e-02
2.335206232964992523e-02
2.356479503214359283e-02
2.394771575927734375e-02
2.419083938002586365e-02
2.447043173015117645e-02
2.477433718740940094e-02
2.504785172641277313e-02
2.541253715753555298e-02
2.560095861554145813e-02
2.595956623554229736e-02
2.622092515230178833e-02
2.654914185404777527e-02
2.683481387794017792e-02
2.715695276856422424e-02
2.742438949644565582e-02
2.773437276482582092e-02
2.805651165544986725e-02
2.834825962781906128e-02
2.870686724781990051e-02
2.896822616457939148e-02
2.929644286632537842e-02
2.952741086483001709e-02
2.980092540383338928e-02
3.008051775395870209e-02
3.043912723660469055e-02
3.074911050498485565e-02
3.111987374722957611e-02
3.150279447436332703e-02
3.180062025785446167e-02
3.212883695960044861e-02
3.247528895735740662e-02
3.285213187336921692e-02
3.313780203461647034e-02
3.342955186963081360e-02
3.381855040788650513e-02
3.414069116115570068e-02
3.441420570015907288e-02
3.473634272813796997e-02
3.511926531791687012e-02
3.543532639741897583e-02
3.577569872140884399e-02
3.610391542315483093e-02
3.641390055418014526e-02
3.676642850041389465e-02
3.688799217343330383e-02
3.730130195617675781e-02
3.767206519842147827e-02
3.784833103418350220e-02
3.812184557318687439e-02
3.854123502969741821e-02
3.882082551717758179e-02
3.924021497368812561e-02
3.956235572695732117e-02
3.987841680645942688e-02
4.021271318197250366e-02
4.057132080197334290e-02
4.091169312596321106e-02
4.130677133798599243e-02
4.167753458023071289e-02
4.206653311848640442e-02
4.237043857574462891e-02
4.271081089973449707e-02
4.305726289749145508e-02
4.349488765001296997e-02
4.385349527001380920e-02
4.426680505275726318e-02
4.431543126702308655e-02
4.471050575375556946e-02
4.506303742527961731e-02
4.551889374852180481e-02
4.587750136852264404e-02
4.612062498927116394e-02
4.652785882353782654e-02
4.691077768802642822e-02
4.729977622628211975e-02
4.756113514304161072e-02
