-0.000000000000000000e+00
1.903870105935342202e-05
5.052654570533298296e-05
9.310354407681754093e-06
-6.837036953434647967e-05
-7.477985784222159794e-05
-3.619044623686101109e-05
-7.019249164520648815e-06
8.026932604542698531e-05
1.030018557179330618e-04
1.314806022348715721e-04
1.732080193481623943e-04
1.869780681878973564e-04
1.890116661848579259e-04
2.865885857734182165e-04
2.656911504794147103e-04
2.547402079513679755e-04
2.376775657853000615e-04
2.882167343735840721e-04
2.480983146778115676e-04
2.652599557612603937e-04
3.703981548177953838e-04
4.476055032271901782e-04
4.034333097962974728e-04
4.837520291921526550e-04
3.924562910140923927e-04
4.295918206334344708e-04
4.001167227907710851e-04
4.737487560672014320e-04
4.980232408606250633e-04
4.001702755186522034e-04
3.982187362504560971e-04
5.248370027932580326e-04
5.454173749563969581e-04
5.713126517893334783e-04
6.552588590450396724e-04
5.923876270883662518e-04
6.710565230844426840e-04
6.730933562344295837e-04
6.786668207300911720e-04
7.317123657562861830e-04
6.735256915948607120e-04
8.438088107091462273e-04
8.297800760349825777e-04
8.523199084014372248e-04
8.340549708535510698e-04
8.678105167430789912e-04
8.201412347518654417e-04
8.358793196595742936e-04
7.850916294802438855e-04
9.131709871152259711e-04
8.539543169856318380e-04
8.877659054534400851e-04
9.303907167502074860e-04
8.675422795031773396e-04
8.820317508165245388e-04
8.699769689549602739e-04
8.501196793413651545e-04
9.380633799672844636e-04
9.237543151773422792e-04
9.030303263973492311e-04
1.044169008476707357e-03
1.050576931173474379e-03
1.061212282924344288e-03
1.122618199361591178e-03
1.218174694301188410e-03
1.258260756314561954e-03
1.262536305071179990e-03
1.278477938494169616e-03
1.199574140206742176e-03
1.203918832916827525e-03
1.147550590042496418e-03
1.199891585532799135e-03
1.159973155794087607e-03
1.119129229288312252e-03
1.074750945004145433e-03
1.116706408572977829e-03
1.091804178383476431e-03
1.051308116600497417e-03
1.146626523963691427e-03
1.268836182412823310e-03
1.218437061574855623e-03
1.352954307821719465e-03
1.281350296377397127e-03
1.378401409220889398e-03
1.423772902744127947e-03
1.400725480191102393e-03
1.452648259395467739e-03
1.391322842595634282e-03
1.428416158651782744e-03
1.380046097034541216e-03
1.487470917031004369e-03
1.519499836469302353e-03
1.564737318126889487e-03
1.605366754404423044e-03
1.632759667156123001e-03
1.605838825401051384e-03
1.644324404049407606e-03
1.602123129967616966e-03
1.626907050792042800e-03
1.588869484222160330e-03
1.627703171015086950e-03
1.571982422881236519e-03
1.625312224757778645e-03
1.632577972791158030e-03
1.713526257812656578e-03
1.607723421342030848e-03
1.492002537698150846e-03
1.525391017896659054e-03
1.487642495350650212e-03
1.554446714158609980e-03
1.565628722488533742e-03
1.644802549508703193e-03
1.585197432137386633e-03
1.692765464870295625e-03
1.756952602527216481e-03
1.778046786882122102e-03
1.864551278791601666e-03
1.930884943868581283e-03
1.986941876048135824e-03
2.075010959120198589e-03
2.270479950841060995e-03
2.227104395405250792e-03
2.236409619112849495e-03
2.354743930895608281e-03
2.318359560164410388e-03
2.361764076982259680e-03
2.410627023697872046e-03
2.388781203461289027e-03
2.413933781457863748e-03
2.373655156429951146e-03
2.302632772927328680e-03
2.263169957581655234e-03
2.330898973250072198e-03
2.449360822980490432e-03
2.478686906520036898e-03
2.445327964682400546e-03
2.562835525469799036e-03
2.591652269025919442e-03
2.635058831963306425e-03
2.614345853327440516e-03
2.642746096509752951e-03
2.623329518349155898e-03
2.675563671749765782e-03
2.770300737278585251e-03
2.841634389653496101e-03
2.845092113694613206e-03
2.842544918686268351e-03
2.820832312326722324e-03
2.919497900866704215e-03
2.845380222793590652e-03
2.820700651379775409e-03
2.764374603547059550e-03
2.888847924545513007e-03
2.736604526015696398e-03
2.756168438474995708e-03
2.831052339417300390e-03
2.914971534849791768e-03
2.907875909403594833e-03
2.839747710520808960e-03
2.868032021285441685e-03
2.845819157360929275e-03
2.831763865108152811e-03
2.868993991611938632e-03
2.837617558270465190e-03
2.755899638150597492e-03
2.737559239809561618e-03
2.739121862877759439e-03
2.766669495307658849e-03
2.707043523139600338e-03
2.739513098101688943e-03
2.811117586683894304e-03
2.850737300665377033e-03
2.905804558465601567e-03
3.023078156768721492e-03
3.068139148195633825e-03
2.934973680312129990e-03
3.032394835031558544e-03
3.086272123555902636e-03
3.062773155733188035e-03
3.101157540023210396e-03
3.068309599432664930e-03
3.038584075664440415e-03
3.053421302236090928e-03
3.048901179904726227e-03
3.115192224663169279e-03
3.131006748903455289e-03
3.250268184865214016e-03
3.188295525563086819e-03
3.203540581762479716e-03
3.324110588085106566e-03
3.355536211083726128e-03
3.434376131833102863e-03
3.490865899855210425e-03
3.440300269015754420e-03
3.452157366754905060e-03
3.426623149255816209e-03
3.441401569402487148e-03
3.346594581027467069e-03
3.432781296813815913e-03
