-0.000000000000000000e+00
7.964026023459525581e-05
1.659414561751866167e-04
-1.581014823191485516e-04
-5.203060116617847126e-04
-6.406803936930090997e-04
-3.872695957601548404e-04
-3.408411629488808815e-04
-4.642810844100590025e-05
7.005557589831446202e-05
3.557646405415859766e-04
5.235538296283505626e-04
6.122783198949993330e-04
6.327096543506497989e-04
1.090483331840287834e-03
8.731905061743594054e-04
9.164780061121872295e-04
8.585312869977899507e-04
1.161686809762365767e-03
7.839125813138999015e-04
1.035693279806579456e-03
1.579437926407297171e-03
1.963963454030396606e-03
1.850678554552086024e-03
2.403213917510915731e-03
2.152957718248135494e-03
2.425374543244542339e-03
2.414485544531362778e-03
2.859477721712078147e-03
2.895085925375243379e-03
2.660942578930646386e-03
2.751502712122686194e-03
3.382313453955235888e-03
3.523707331803260703e-03
3.789817872773692739e-03
4.164472391439622695e-03
4.147123468837798400e-03
4.651487186397622320e-03
4.665667843111910226e-03
4.844073345374688873e-03
5.206593791865155724e-03
5.163130297145345805e-03
5.991920997718154160e-03
6.044549351305056849e-03
6.430183337530810499e-03
6.590615971217188458e-03
6.874760439178229099e-03
6.882702820667312843e-03
7.210326513302018486e-03
7.122784186616470600e-03
7.757494674852170868e-03
7.553475478954131163e-03
7.940071462508978967e-03
8.182456177428848801e-03
8.278760060781983204e-03
8.590510259846645055e-03
8.578526928930647194e-03
8.805618499287650586e-03
9.184429451834211569e-03
9.480192569045042122e-03
9.549898229643555281e-03
1.025320859685714681e-02
1.061667524406300842e-02
1.100209661899862086e-02
1.137614422379884180e-02
1.204355688581928811e-02
1.224971647016081557e-02
1.242407060218375311e-02
1.293546948744183321e-02
1.278109540219977969e-02
1.301297595463664011e-02
1.302166425938076390e-02
1.329681892559712343e-02
1.346871505031611155e-02
1.342065281518983917e-02
1.344499528722022628e-02
1.386506329801824415e-02
1.386749943433241740e-02
1.396226907445316523e-02
1.452915358306797536e-02
1.521624709559547817e-02
1.522131824661978813e-02
1.600364908448577081e-02
1.609545772218540921e-02
1.661411207567062634e-02
1.694391497764990637e-02
1.710790273799889238e-02
1.762067996410085144e-02
1.754227918606465764e-02
1.811315019420945555e-02
1.820132815487151418e-02
1.892390771713623604e-02
1.933930690264493851e-02
1.943351248870573561e-02
1.992451200730258054e-02
2.030805467791932731e-02
2.045514935810776799e-02
2.098002018225864421e-02
2.100529103686212679e-02
2.146216604579221504e-02
2.153042900991433695e-02
2.206883590722243799e-02
2.213311208210996806e-02
2.255235527824039909e-02
2.282487999592595213e-02
2.347302102957724013e-02
2.324186242988229845e-02
2.308135556933076094e-02
2.347001349515336760e-02
2.361183006849683005e-02
2.423681404033712489e-02
2.451078243134291804e-02
2.510858045608179226e-02
2.508065489776347551e-02
2.591763411051339894e-02
2.644424947508428048e-02
2.683454574386073127e-02
2.744854733951201942e-02
2.815272630130477918e-02
2.875592977784222418e-02
2.932257163048356680e-02
3.028845244851865320e-02
3.051080328112130979e-02
3.092971477517740195e-02
3.168196819386460972e-02
3.189247667333933167e-02
3.248352739249350807e-02
3.295093891641143191e-02
3.309269804992318736e-02
3.335409172190108296e-02
3.340229422040341678e-02
3.345975639577783434e-02
3.363813686312241286e-02
3.411464063521417456e-02
3.457067994902236763e-02
3.488444352369164669e-02
3.522292464735231332e-02
3.559814993062614813e-02
3.618969676975519051e-02
3.688326907912019975e-02
3.746795139683890830e-02
3.800078190489748764e-02
3.836394716849073766e-02
3.906868423107819066e-02
4.004489117123403996e-02
4.078854769154463544e-02
4.131799913247417855e-02
4.173499482707599545e-02
4.202919148037358860e-02
4.266657587690053655e-02
4.304782757266926302e-02
4.343817163457228125e-02
4.366220929220891028e-02
4.425853705807435146e-02
4.432223137897044196e-02
4.489031597764163439e-02
4.544977170337553829e-02
4.583164571960956363e-02
4.635172774822271524e-02
4.678334671138822953e-02
4.727195375220780149e-02
4.757554953309919843e-02
4.802901737516773739e-02
4.850204768092235968e-02
4.889014134661067573e-02
4.936387602220919379e-02
4.961658504667422476e-02
5.003509410866346235e-02
5.033975176729264811e-02
5.054622122314757909e-02
5.105461381067424864e-02
5.182900867367921938e-02
5.250729007800497561e-02
5.320415721935205233e-02
5.399815297710142126e-02
5.445575543007460939e-02
5.477963412700967427e-02
5.519213704200498505e-02
5.570295898490855435e-02
5.629475643623984421e-02
5.659320441079856989e-02
5.682209519598066527e-02
5.735020825837745806e-02
5.778116390545511710e-02
5.833109110507211925e-02
5.877878170883671372e-02
5.930128023159104977e-02
6.002991168009285533e-02
6.038967769902846977e-02
6.099478436124677883e-02
6.155420662497928380e-02
6.210756481638022436e-02
6.261695898428296103e-02
6.302892965423599614e-02
6.349381312888645323e-02
6.414047996176568123e-02
6.449358431702237326e-02
6.490057452792982740e-02
6.541665461303454443e-02
6.575281583287262421e-02
