0.000000000000000000e+00
4.044211504312575887e-05
1.427424077511886720e-04
2.899258906170557037e-04
4.659011026480761389e-04
6.717243723950508394e-04
9.069578468369008523e-04
1.164088069073495810e-03
1.449506741788475842e-03
1.768391485047666328e-03
2.119005118440878827e-03
2.498323070109276234e-03
2.901357257879381285e-03
3.326538189191093758e-03
3.780710331749568415e-03
4.278049476787830485e-03
4.810093795709572545e-03
5.366167160970818084e-03
5.949826728480978738e-03
6.551772313160831446e-03
7.179245857250431129e-03
7.832317144658450248e-03
8.514032336895370479e-03
9.215850346892671963e-03
9.953690239113383020e-03
1.072440189562202245e-02
1.152490993161348759e-02
1.234995690625194376e-02
1.320692565070785002e-02
1.409520990375236899e-02
1.500672683070147784e-02
1.593270874545740790e-02
1.689182669336012493e-02
1.788460220458636118e-02
1.890867016178296445e-02
1.999990614962472713e-02
2.111340789753966135e-02
2.224801340562690410e-02
2.340565766394336195e-02
2.459272220647351626e-02
2.579795145734078976e-02
2.704001629252400507e-02
2.831055686191978615e-02
2.959221233229668291e-02
3.091393124416343119e-02
3.224372700760193278e-02
3.361876701726167205e-02
3.497749809867876924e-02
3.644619765099836595e-02
3.790570742982131425e-02
3.938005297669866511e-02
4.088665838744812153e-02
4.239049588773723121e-02
4.391810580710710232e-02
4.543885905273291337e-02
4.693033932820458998e-02
4.840549468007879219e-02
4.984981137574752419e-02
5.128826779882804388e-02
5.273897875675702396e-02
5.416073419784500631e-02
5.556253493107890518e-02
5.696377847993872034e-02
5.838201381288736502e-02
5.979293729935721002e-02
6.118627948851251830e-02
6.262071514248249149e-02
6.409210829864783743e-02
6.559740321329257662e-02
6.709213651112656829e-02
6.854254402644746613e-02
6.998794333070373908e-02
7.138860921321595054e-02
7.275558053780643852e-02
7.411582704703321978e-02
7.546294255151815566e-02
7.682519747951038758e-02
7.816044514237519003e-02
7.948370651128427999e-02
8.077843685106811389e-02
8.206693433576969787e-02
8.334866906932023034e-02
8.462286712951211376e-02
8.589933137590349821e-02
8.718260472734298827e-02
8.847260228167641571e-02
8.975457995445104697e-02
9.104310911229673842e-02
9.230474098710148012e-02
9.354301881707635657e-02
9.476986761357825140e-02
9.598671940654637802e-02
9.719063627676699513e-02
9.841868017184288164e-02
9.965181891772409428e-02
1.009132143261863290e-01
1.021990934087851632e-01
1.035343855019769665e-01
1.048878760290678780e-01
1.062322235340989185e-01
1.075658024914077915e-01
1.088828910471074385e-01
1.101919116426690326e-01
1.114918370864100838e-01
1.127748310768688922e-01
1.141117457947294633e-01
1.154583283805726834e-01
1.168049248118710470e-01
1.181339470856960505e-01
1.194840416365162139e-01
1.207855063573945453e-01
1.220962113530515702e-01
1.234711032728502411e-01
1.248591985972443974e-01
1.262738081017906744e-01
1.277272293289584137e-01
1.292193574812414703e-01
1.307259498387333685e-01
1.322515548179730716e-01
1.337384842498554605e-01
1.352135990627738593e-01
1.367119347472450785e-01
1.382068472853554553e-01
1.396640498770397865e-01
1.411199348777273654e-01
1.426145438996586634e-01
1.441156009712827590e-01
1.456101624584709153e-01
1.471261973593292749e-01
1.486690031716603744e-01
1.502397248868531376e-01
1.518063160025647229e-01
1.534093166451264978e-01
1.550271369659944054e-01
1.566328181140377307e-01
1.582724238762352464e-01
1.599009975960500596e-01
1.615209482020925624e-01
1.631316288121584246e-01
1.647373373872595970e-01
1.663174639394396637e-01
1.678612114575693814e-01
1.694181122780473447e-01
1.709810212604834512e-01
1.725692078598736190e-01
1.741262110208970926e-01
1.756663854928177393e-01
1.772046614222470007e-01
1.787586978732481346e-01
1.803019739949325850e-01
1.818818372793424842e-01
1.834404863576216127e-01
1.849518356050003365e-01
1.864622903881406057e-01
1.879594260328026900e-01
1.894706244068140588e-01
1.909965023206167678e-01
1.925245694323372003e-01
1.940714550509927694e-01
1.956049908055000897e-01
1.971617328449939421e-01
1.987027241931878518e-01
2.002365478516500708e-01
2.017595186468866819e-01
2.033143560893498902e-01
2.048584983802822501e-01
2.063984901073936951e-01
2.079482415792135996e-01
2.094848061608330370e-01
2.110097279117777447e-01
2.125382580569922242e-01
2.140639925751451345e-01
2.156048728055522390e-01
2.170898486096591307e-01
2.185862476841611279e-01
2.200734593136827177e-01
2.215589397794264226e-01
2.230293991120927966e-01
2.244737651998802708e-01
2.259281734022385302e-01
2.273783532736924906e-01
2.288348732919334716e-01
2.302822945933119536e-01
2.317489405789549539e-01
2.332094442352772856e-01
2.346592979476334051e-01
2.360777008983231395e-01
2.375039458363025768e-01
2.389117871128983439e-01
2.403047475639879527e-01
2.416866233546789422e-01
2.430654384774738053e-01
2.444413793799338208e-01
2.458052277615670467e-01
2.471533336966264538e-01
2.484958208001852853e-01
2.498290670064337582e-01
2.511411383435834255e-01
2.524585524594156194e-01
2.537632600375961389e-01
2.550735684344606069e-01
