0.000000000000000000e+00
5.329535792369119798e-06
1.867305021195425282e-05
3.738603748335445759e-05
6.041972419995600418e-05
8.699935402669764506e-05
1.162336876482927828e-04
1.484039455259388712e-04
1.824828791463454364e-04
2.185647077574594949e-04
2.570071286945550815e-04
2.970301431196517572e-04
3.384622022824246290e-04
3.815580964356898863e-04
4.259185349198002513e-04
4.711047148298758147e-04
5.165926251670983904e-04
5.655002174226111955e-04
6.092515511344591406e-04
6.578013044499543549e-04
7.037011286969291346e-04
7.523856826080824178e-04
8.038760601840611031e-04
8.503969569032612807e-04
8.992348606171665648e-04
9.509951023913762458e-04
1.001460830471895269e-03
1.054555178178880059e-03
1.108626520101602120e-03
1.164468381020210275e-03
1.224621960012543809e-03
1.281580683346841831e-03
1.340172562455679839e-03
1.405485168311612632e-03
1.461616197959147989e-03
1.527482810831488902e-03
1.591047577484211439e-03
1.656244699579659252e-03
1.717440945133048846e-03
1.784236651530587969e-03
1.848109100189454512e-03
1.917707703635973537e-03
1.985726770372772676e-03
2.049299376775837178e-03
2.121671783473638717e-03
2.192288783942508701e-03
2.263249730694541495e-03
2.332190795228589186e-03
2.397203059056524088e-03
2.450176457022903986e-03
2.518808840508104940e-03
2.586681005577060044e-03
2.638767819932538727e-03
2.705310881295067138e-03
2.764682974201349008e-03
2.832469417162128411e-03
2.889328212483679992e-03
2.953169770537500405e-03
3.024680943114338438e-03
3.086252871751737903e-03
3.147634642797783600e-03
3.211922238826964149e-03
3.261338436780572558e-03
3.319793103803592160e-03
3.379034431893426782e-03
3.429578846115985402e-03
3.494404290022484760e-03
3.547885376329884544e-03
3.605140300670869880e-03
3.671697432441195508e-03
3.721801618702016978e-03
3.779965645160615617e-03
3.830473612240578585e-03
3.881688571765989915e-03
3.944747015756380759e-03
4.006987883269239048e-03
4.057209268412353964e-03
4.113475995131427032e-03
4.170055710163850238e-03
4.232030930824914883e-03
4.295135279879402912e-03
4.358248799790326311e-03
4.404097814907276254e-03
4.461378487182865449e-03
4.515228621088746008e-03
4.531242538327734382e-03
4.599717184801010994e-03
4.682789087118915949e-03
4.755577550360767791e-03
4.832291315766040762e-03
4.900046079917314001e-03
4.941596192400449228e-03
4.959516377000094955e-03
4.966385566480130409e-03
4.970225340672512759e-03
4.977876415174969926e-03
5.011506341320470792e-03
5.071432349121912653e-03
5.132306804059433292e-03
5.202084586889504925e-03
5.249189382108832014e-03
5.264047625402612507e-03
5.260394524756600854e-03
5.248746102470169816e-03
5.247547062087465353e-03
5.286769726811052506e-03
5.337729712598465737e-03
5.409887154143006027e-03
5.489840788751643164e-03
5.562317748213557733e-03
5.580620948134662473e-03
5.580392054306215766e-03
5.579851124831725073e-03
5.583731668224067857e-03
5.605075250978586165e-03
5.664843507899808284e-03
5.722526624675539075e-03
5.792320954201263250e-03
5.859971285249648831e-03
5.910667784245093870e-03
5.955968852746990061e-03
6.001579001352175258e-03
6.035798108827095110e-03
6.067635827800704762e-03
6.107538934529616048e-03
6.145693937228829951e-03
6.176941907224647865e-03
6.219371101395532175e-03
6.261549731276044861e-03
6.307173824146000696e-03
6.359894267331162032e-03
6.416166159303515748e-03
6.454142511495147838e-03
6.482077091831461857e-03
6.507579949306341316e-03
6.542399634021339727e-03
6.583515786290711214e-03
6.642518122463442198e-03
6.694377598704864818e-03
6.746757312218937264e-03
6.803328230978095137e-03
6.857301765123086090e-03
6.897845750082814975e-03
6.907736075512621587e-03
6.921640414630891858e-03
6.940493861946478438e-03
6.970803105134648625e-03
6.999368602457423094e-03
7.029246715539644308e-03
7.055309180652058476e-03
7.058848520370641921e-03
7.025523564565039347e-03
6.996359940589280679e-03
6.969386426596613227e-03
6.939061826538805988e-03
6.929535334905090327e-03
6.945612718860683099e-03
6.953701405419066006e-03
6.981548434568995987e-03
7.006174316948998726e-03
7.011972200608007633e-03
6.995248596361636206e-03
6.971937282956031101e-03
6.941125913059176256e-03
6.934565483933397001e-03
6.935812254996398529e-03
6.950933687266569461e-03
6.967527179964738693e-03
6.981210234465629050e-03
7.004620722222631990e-03
7.033458814009185822e-03
7.055750963098905704e-03
7.076163733183482574e-03
7.088398393177597345e-03
7.107643653455064658e-03
7.119867764943887956e-03
7.138386185087775004e-03
7.156464363775372206e-03
7.174819399694332134e-03
7.191682396052834214e-03
7.212327729276490906e-03
7.225878970178956084e-03
7.245995972087304615e-03
7.272458420952421232e-03
7.297950023255672658e-03
7.320054965870570474e-03
7.359836962467947163e-03
7.385131985296555790e-03
7.417350696120317277e-03
7.452930510425226363e-03
7.489337724624456349e-03
7.507541277981533145e-03
7.538484356755914551e-03
7.573763060716387496e-03
7.597315891898936968e-03
7.620514567153013896e-03
7.649596778114553519e-03
7.681588219428270303e-03
7.710320337967480064e-03
7.736837572442312183e-03
7.757728101310312763e-03
