-0.000000000000000000e+00
1.196066615468362117e-05
1.311745807891685637e-05
-1.154861942963801309e-04
-1.906018952375793671e-04
-3.142985704258081697e-04
-3.171243848939486439e-04
-3.468472448649903258e-04
-3.537005120203371312e-04
-3.514457813972920661e-04
-2.545206306360873463e-04
-3.093756296930090782e-04
-3.101581749400384152e-04
-4.324474184241502289e-04
-3.729307689544071429e-04
-4.922228321235144668e-04
-4.963090963647413898e-04
-5.752885456709033989e-04
-5.601576761928709399e-04
-6.695104384363082060e-04
-6.533579625918755924e-04
-6.915662300288473278e-04
-6.952243145898864048e-04
-7.644424779130146608e-04
-7.196804904873164467e-04
-7.493892737496544998e-04
-7.093215720496270221e-04
-7.405971862559268711e-04
-6.865353786440447741e-04
-7.537781079760704460e-04
-7.258681963907150612e-04
-7.994531073527494022e-04
-7.858919000970432736e-04
-8.333425603959106025e-04
-7.876887361631390583e-04
-8.010489183741366717e-04
-6.909606913974028833e-04
-6.512983226077372068e-04
-6.189262669764024685e-04
-6.221641199607077372e-04
-6.086695433456757939e-04
-6.368918999608173467e-04
-5.843976807194247933e-04
-5.992629194002205978e-04
-5.005333314659294111e-04
-4.732127991602655057e-04
-4.276165975094772462e-04
-4.550783303213590605e-04
-4.363120199259457738e-04
-5.227458147087585966e-04
-4.809338846836139214e-04
-5.166833856725611476e-04
-4.638867333528603684e-04
-4.969282194973749164e-04
-4.445453436744952955e-04
-4.364454555830336868e-04
-5.454772186106659690e-04
-4.566417719656249222e-04
-4.533173932628892233e-04
-4.247297939135663905e-04
-4.404581736855471899e-04
-3.746143143085918503e-04
-3.268445546292329112e-04
-2.596367852381311833e-04
-2.888747491435195158e-04
-1.829902479038407470e-04
-2.116849080457594220e-04
-2.185093569680579551e-04
-2.297217732383539934e-04
-2.421657782016566757e-04
-1.992245992799117349e-04
-1.783444425189836813e-04
-1.652077967053897090e-04
-2.724468789754019848e-05
-7.461003670781833630e-05
-1.116024946421663444e-04
-1.519070082161913526e-04
-1.555391171456747823e-04
-1.390374136896379426e-04
-1.221082071996126145e-04
-1.542602217209157467e-04
-4.633072023227380321e-05
-1.047039076905280364e-05
8.259920870350503930e-06
-5.956808572246501121e-05
-3.761833127631855622e-05
-3.282478011285006048e-05
6.469834340762543878e-05
3.943311369814829492e-05
6.576070593003642550e-05
1.115401254954424132e-04
2.043997203578905991e-04
2.190009034049190256e-04
2.222765539268336393e-04
3.189816912267488813e-04
3.427722637187099325e-04
3.133443586643830381e-04
4.405383602140936633e-04
3.867860484533872101e-04
4.358457233093141620e-04
4.343290392705163178e-04
4.283706499871777623e-04
4.793384393056640547e-04
5.119267903836415695e-04
5.259651875908263191e-04
6.075784497772875742e-04
6.233448865423617258e-04
6.525324000910773942e-04
6.226852601293204198e-04
7.149295514987576844e-04
7.099060056424445764e-04
7.449204875838652540e-04
7.533370249439078070e-04
7.420254048591343882e-04
8.587740989902184485e-04
9.319924735413098738e-04
9.622392268710689561e-04
9.769088382721186764e-04
1.051540755330312299e-03
1.171113780021607736e-03
1.174352252494060417e-03
1.216443869503675002e-03
1.270104368281736035e-03
1.353461175454380438e-03
1.370591186380549012e-03
1.448512326928712290e-03
1.469302094058801134e-03
1.522610176380931324e-03
1.471451694978281877e-03
1.425351264077369395e-03
1.372160746858246128e-03
1.366008513640232930e-03
1.332877904705168093e-03
1.442272647977898420e-03
1.491565028562142486e-03
1.543576293555129486e-03
1.541343031087483856e-03
1.450995105607959940e-03
1.561067865323239462e-03
1.677717141297375286e-03
1.726023043103621507e-03
1.846405586401988347e-03
1.876006298122574745e-03
1.960570012153189934e-03
1.987494191658247672e-03
2.163666383696048745e-03
2.260972336916498154e-03
2.280079724234763267e-03
2.288968399157337991e-03
2.258795686067037456e-03
2.318526088004976143e-03
2.324124976618793109e-03
2.336534366862895451e-03
2.363730847330814538e-03
2.361563988441780365e-03
2.452018338115782153e-03
2.474207654233548381e-03
2.506320771987122914e-03
2.575369397317381348e-03
2.609228162247803628e-03
2.519485140191214667e-03
2.592457066440786301e-03
2.603336749286103147e-03
2.691452745610278807e-03
2.650616463216581148e-03
2.661806430933135598e-03
2.662237047391765449e-03
2.738513717555846050e-03
2.711125665365684417e-03
2.707358284079086630e-03
2.773238401865159991e-03
2.832224437692459906e-03
2.846907586766513065e-03
2.881008680211939732e-03
3.025474037442941327e-03
3.105449129494335103e-03
3.091971773033878879e-03
3.184052006073280483e-03
3.227405975161318913e-03
3.343349582270904036e-03
3.310708137105277532e-03
3.261798995254715228e-03
3.354330757709203525e-03
3.445097407193262878e-03
3.414673646729815548e-03
3.497084930648250434e-03
3.555488137286986344e-03
3.687692057835648823e-03
3.702131018594310985e-03
3.838081337109260777e-03
3.922825672550429854e-03
3.958110718980938081e-03
3.918605148854378828e-03
3.933103993450128011e-03
4.113626567507050469e-03
4.229406947722023913e-03
4.188992035754849491e-03
4.135000470446976301e-03
4.287530258640065428e-03
4.303666266683946889e-03
