0.000000000000000000e+00
1.636885588741890558e-04
5.601330416421302673e-04
1.147306841063983930e-03
1.899012264237243466e-03
2.787900281026810603e-03
3.810248857844035844e-03
4.921404050674767217e-03
6.103095089609808510e-03
7.377820110756492730e-03
8.753999141105715809e-03
1.018044011738911472e-02
1.169919863993634443e-02
1.329273385534619767e-02
1.495165412740488697e-02
1.666515103560700650e-02
1.843118413733106295e-02
2.025139443093460292e-02
2.213648189861036966e-02
2.407709633367475718e-02
2.605994867665120673e-02
2.808321166729960128e-02
3.019386873248095654e-02
3.231386915812040073e-02
3.450899064848703124e-02
3.680371861151717633e-02
3.912974741128424916e-02
4.153360362630272723e-02
4.402252971976113732e-02
4.656683108649004726e-02
4.915863766435250165e-02
5.178786055088954038e-02
5.449000226275190623e-02
5.723063769755881713e-02
6.000996763398432077e-02
6.288906253297943394e-02
6.577191673260081306e-02
6.866663135818830421e-02
7.160723335514676546e-02
7.461681043487268516e-02
7.764163410733632142e-02
8.071992757086524084e-02
8.385370606313634345e-02
8.696100080601154581e-02
9.015586560303007202e-02
9.334559564536944187e-02
9.660905641418825185e-02
9.986656947201846823e-02
1.032522487897128138e-01
1.066100742408544605e-01
1.100096252642822070e-01
1.134336763642423140e-01
1.168329059017840926e-01
1.212933680979969425e-01
1.247473308246416640e-01
1.282070561281650201e-01
1.316547293128552121e-01
1.350831615633578953e-01
1.385376252324817259e-01
1.420143595914749035e-01
1.454521542247601551e-01
1.488708800351618289e-01
1.522580688676624106e-01
1.556782898741009835e-01
1.591114520869787441e-01
1.624568916845575139e-01
1.658981596489625121e-01
1.693510619267195871e-01
1.728480641244881655e-01
1.763531826072897435e-01
1.797963797201457825e-01
1.832591279670981177e-01
1.867925684297667144e-01
1.901817536533448871e-01
1.936051882471208629e-01
1.970361407087197203e-01
2.004575757341981457e-01
2.038467862942437148e-01
2.072432884020634636e-01
2.106263164889919659e-01
2.140184307282816389e-01
2.173968579433773474e-01
2.207586943903063204e-01
2.241689580873579557e-01
2.275799410890803620e-01
2.309440154914949028e-01
2.343732437445605610e-01
2.378616310630045916e-01
2.413075381970918587e-01
2.447673574918518835e-01
2.482252528830534710e-01
2.516542667563087532e-01
2.550167495470159196e-01
2.583784930361565646e-01
2.617441622315999084e-01
2.651508119788177353e-01
2.686460991338244786e-01
2.722416518872416979e-01
2.758679283094533918e-01
2.794938864790034172e-01
2.835496476582981540e-01
2.870458043347798305e-01
2.904736996776401403e-01
2.938428097280814666e-01
2.971486289171785811e-01
3.006149908578820140e-01
3.041091355037773836e-01
3.077038637722119274e-01
3.113443786975414462e-01
3.149629951334764755e-01
3.184642407848309320e-01
3.219594545798314944e-01
3.255023029426131753e-01
3.290602954403946123e-01
3.326544362949279687e-01
3.363932748734255740e-01
3.402093341283137784e-01
3.441217988497701219e-01
3.480660589162545282e-01
3.519566240955218084e-01
3.558191619185067101e-01
3.597050893556862916e-01
3.635398404477127587e-01
3.673292971548689501e-01
3.711307335152524978e-01
3.749468786905861828e-01
3.787772698160380980e-01
3.826381398622729635e-01
3.864748057040855445e-01
3.903634749902380463e-01
3.943244174041241612e-01
3.982941892707417275e-01
4.022719475082665586e-01
4.062465302469405182e-01
4.102067683938570020e-01
4.142383909221016847e-01
4.182699261448268313e-01
4.223085860319681917e-01
4.263240196733831811e-01
4.303288087416816676e-01
4.342730097663393130e-01
4.381917631390576107e-01
4.420852965357779940e-01
4.471846023495006373e-01
4.510495345738293471e-01
4.549372475841213515e-01
4.588371741090246925e-01
4.627253018754617364e-01
4.666546257472871106e-01
4.705451731356904976e-01
4.745050359638376403e-01
4.783569118155422961e-01
4.821308574559091120e-01
4.858984679769535742e-01
4.896444674873609015e-01
4.934283159704868638e-01
4.973182572067491036e-01
5.012449160108611856e-01
5.052622543092756269e-01
5.092470892823859341e-01
5.133083448888239309e-01
5.173280110188653858e-01
5.213549721374395318e-01
5.253544909027222376e-01
5.294282424635956552e-01
5.334872035246062127e-01
5.375875644660310648e-01
5.417739579131963801e-01
5.459350471670407767e-01
5.501383666924589688e-01
5.543658151106517495e-01
5.585437442664378249e-01
5.627550777295069473e-01
5.668717520679118493e-01
5.710390463577982301e-01
5.751648314076661661e-01
5.793173700679221660e-01
5.834417035668464369e-01
5.875058957024558159e-01
5.916080954828869531e-01
5.957054238218700837e-01
5.997700776571528447e-01
6.038373791257317658e-01
6.079245010201370647e-01
6.120178204033379643e-01
6.160734927791828852e-01
6.201495887886847580e-01
6.242114837807449801e-01
6.282768186177152270e-01
6.323375370735975221e-01
6.364096193161800086e-01
6.405380670069367177e-01
6.447722717867667708e-01
6.490659297201923916e-01
6.533242021131888677e-01
6.575333088855148667e-01
6.617087779180195195e-01
6.658310221357963687e-01
6.699614736327247355e-01
6.740674396247268163e-01
6.781528404758387918e-01
