0.000000000000000000e+00
2.834649284943796706e-05
9.208734110884107121e-05
1.810311512875049933e-04
2.884672154019659457e-04
4.105119481793133990e-04
5.461827523728923772e-04
6.959934614006700604e-04
8.600739078602464421e-04
1.028575220559338477e-03
1.210617342907265720e-03
1.405209937473953646e-03
1.616714916042694822e-03
1.842049492809447880e-03
2.076559674770210584e-03
2.322159107967361469e-03
2.579122401060958414e-03
2.850435080496972057e-03
3.131693527535780314e-03
3.436575223085599345e-03
3.747084165166988945e-03
4.068703158230435601e-03
4.410826987304147795e-03
4.755660386730330147e-03
5.120080575945200330e-03
5.493669955857323484e-03
5.867196350324031806e-03
6.255371372309005695e-03
6.654899161003237362e-03
7.061593718246002294e-03
7.474208400641807470e-03
7.881573172304263963e-03
8.303806691780366012e-03
8.738132774996437702e-03
9.172547231605487905e-03
9.610812439916335825e-03
1.005712888299405833e-02
1.049749588187343097e-02
1.094197454399178232e-02
1.138402860967380192e-02
1.182227389217141433e-02
1.225660722253621437e-02
1.269605699572837199e-02
1.312298674600799464e-02
1.355687816825519587e-02
1.398798493455684355e-02
1.442946372620178275e-02
1.487175232153545301e-02
1.532299727224784025e-02
1.577016710106041164e-02
1.623239930489397964e-02
1.669158710283247249e-02
1.714729664556959021e-02
1.761888163836412835e-02
1.809564323720200263e-02
1.858596024802160185e-02
1.908453176268440354e-02
1.958699873724470408e-02
2.008842681064926250e-02
2.059671988724857961e-02
2.110660816884554758e-02
2.161220478279063384e-02
2.210561501220231762e-02
2.260759727490853355e-02
2.312156916538475604e-02
2.361450342675194825e-02
2.413566551761769929e-02
2.465281148138595557e-02
2.517350303793600141e-02
2.570323781655468875e-02
2.624533442574944475e-02
2.677825133929431778e-02
2.732723641569746731e-02
2.788608464584717284e-02
2.845302406755363667e-02
2.903047919726912951e-02
2.960173395844012401e-02
3.017402993981116444e-02
3.075227318998680071e-02
3.132981797758022102e-02
3.191920435716905091e-02
3.251077120112463859e-02
3.311191094684176606e-02
3.372544724549705886e-02
3.434025502492185633e-02
3.494843374241496381e-02
3.556583613793720677e-02
3.619468804650594063e-02
3.682331526440951741e-02
3.746659729559870255e-02
3.811775718042120786e-02
3.880012926876749701e-02
3.949493316967012113e-02
4.019876496448218650e-02
4.092351020078593971e-02
4.166699139266458185e-02
4.242415541481944774e-02
4.318661888911293212e-02
4.393587887272865089e-02
4.465830171994633613e-02
4.537184407680933118e-02
4.610005255275381741e-02
4.680807511183679437e-02
4.751596414456021877e-02
4.821036203610756798e-02
4.891868650720462841e-02
4.961043205217374741e-02
5.031370009915314689e-02
5.104626907809231562e-02
5.176538973823055501e-02
5.250166242024825736e-02
5.324680445025492537e-02
5.399775344879334527e-02
5.474621830523421218e-02
5.548711096372416218e-02
5.623433326302562651e-02
5.698932983279084152e-02
5.776158500029734966e-02
5.854417102043713017e-02
5.934294154157471191e-02
6.014968505656043130e-02
6.096812635517545598e-02
6.178832620591259706e-02
6.261024541023663126e-02
6.344304937740727346e-02
6.426524814492429183e-02
6.510073645523509200e-02
6.595892355622040570e-02
6.679640683362383924e-02
6.763608069881943408e-02
6.848360188441418583e-02
6.934763292131396195e-02
7.021321921891290896e-02
7.108628700595381877e-02
7.196508857059630282e-02
7.284947201075575585e-02
7.374843058657001849e-02
7.464717855239533240e-02
7.555509475643751305e-02
7.647461566453467308e-02
7.736739586353005849e-02
7.827578105773047579e-02
7.919596014781851712e-02
8.011636571730409995e-02
8.104251550254931713e-02
8.197987990929445079e-02
8.291191096152236706e-02
8.383983980297404770e-02
8.478484912928926920e-02
8.573580067082059442e-02
8.671065883821693632e-02
8.768220853308161811e-02
8.864188787947874237e-02
8.959276299054086401e-02
9.053938734665412102e-02
9.149375740866361184e-02
9.247504260788053099e-02
9.348229426245918683e-02
9.452069660131590112e-02
9.557309091860533012e-02
9.667214693991782459e-02
9.777733350810685620e-02
9.890399347071771041e-02
1.000159289936137785e-01
1.011487527726205315e-01
1.022891908899745683e-01
1.034713076015432720e-01
1.047281164206583237e-01
1.059850318787509127e-01
1.072636730721504561e-01
1.085484793078394516e-01
1.098092140392368798e-01
1.110890842698039060e-01
1.123565916427794464e-01
1.136316145247189824e-01
1.148984997235735217e-01
1.161756914697305021e-01
1.174548687529035629e-01
1.187077401332760074e-01
1.199622539837137958e-01
1.212208934719198328e-01
1.224664750381901923e-01
1.237278361997388720e-01
1.249769291724851517e-01
1.262525549133333147e-01
1.275204908515170654e-01
1.288018863698303096e-01
1.300880929209748404e-01
1.313823970521083573e-01
1.326972886762672332e-01
1.340296646010454285e-01
1.354372748365688661e-01
1.369422815091561607e-01
1.384989051318115116e-01
1.400727074778139736e-01
1.416014358210973545e-01
1.430982439502974657e-01
1.445769647872072183e-01
1.460599784277934465e-01
1.475350659543638865e-01
1.490058540513422569e-01
