0.000000000000000000e+00
5.588003593006915515e-05
1.879400770997620602e-04
3.800493997441626096e-04
6.159981600539340615e-04
8.932796377712944047e-04
1.212523907965412998e-03
1.562767291472328540e-03
1.938372711331062467e-03
2.335546663062477296e-03
2.768061842383595650e-03
3.208937291399482916e-03
3.687294666857004327e-03
4.192970534317119052e-03
4.713171600070471118e-03
5.230216965974705812e-03
5.748777976811936946e-03
6.263713395392341010e-03
6.803185591792697967e-03
7.350858967619753465e-03
7.916604341648834919e-03
8.482744353151099037e-03
9.065533858881320850e-03
9.640255733566575891e-03
1.022507195377356237e-02
1.086783405415132214e-02
1.150290085540359164e-02
1.214548275567715191e-02
1.280119546309305828e-02
1.345370825120060371e-02
1.411724708896920644e-02
1.478230250442078009e-02
1.544439009549351122e-02
1.609670620727410295e-02
1.676131161786045820e-02
1.743707549732045892e-02
1.810792122426122669e-02
1.878461091989894194e-02
1.947428485097956602e-02
2.018376426292693704e-02
2.088224068350377771e-02
2.158473897099427719e-02
2.229608972375085596e-02
2.300135833600486235e-02
2.372246765104031596e-02
2.442473830747979302e-02
2.513660621868536726e-02
2.585221048981257985e-02
2.657118717066948854e-02
2.729657831405554735e-02
2.801823904924653774e-02
2.874930567974740003e-02
2.947289000480608767e-02
3.119663879556214270e-02
3.191502757696801362e-02
3.264650342988542620e-02
3.338988045226817802e-02
3.412678129520764492e-02
3.487553412062720237e-02
3.562809865282749733e-02
3.638114442228901346e-02
3.714094163815803706e-02
3.789513592805196507e-02
3.865384654874264025e-02
3.942432704529462428e-02
4.018174516807143659e-02
4.094908228998273003e-02
4.172414185530046171e-02
4.250115631370893210e-02
4.328315501784217589e-02
4.405310185393321309e-02
4.484134162802322354e-02
4.573797124958138560e-02
4.651371854401566142e-02
4.729594241836405921e-02
4.808307467526230783e-02
4.886785375726901415e-02
4.964865432459683592e-02
5.043511870855502122e-02
5.122095211031604811e-02
5.200458071450508868e-02
5.277803398578870264e-02
5.354937256603414797e-02
5.432676562748367521e-02
5.509726892031269196e-02
5.585756626606389053e-02
5.662069659544891054e-02
5.737983959137762935e-02
5.812759144441595471e-02
5.889157814383810807e-02
5.965334089450613497e-02
6.040696645775009421e-02
6.113564840252419530e-02
6.184096749936915383e-02
6.253314317228364505e-02
6.321688942270309308e-02
6.390649267102874176e-02
6.460691766397316793e-02
6.533272346898316707e-02
6.608183799290529015e-02
6.731653005761129016e-02
6.804250383706433869e-02
6.875226795002617464e-02
6.942974059640530382e-02
7.007747912337319862e-02
7.074843890765047938e-02
7.142214230569293720e-02
7.214373416596217559e-02
7.288398966598902406e-02
7.361187617515996262e-02
7.431865737378506864e-02
7.501734196658940701e-02
7.568771715909636266e-02
7.635468975954809445e-02
7.701714385010127728e-02
7.770849255666018029e-02
7.841220652604530272e-02
7.913547674651610908e-02
7.985840008994699035e-02
8.057686681338405155e-02
8.128576145710847412e-02
8.199298061926874048e-02
8.268471050042522363e-02
8.337597853338912790e-02
8.406618730373080495e-02
8.476027540401365190e-02
8.545147560890989369e-02
8.613962898868016138e-02
8.681396252569442695e-02
8.749699966510549043e-02
8.819726989217033242e-02
8.888184304570179162e-02
8.956247015783355692e-02
9.023324534072252323e-02
9.090815788284273280e-02
9.159744480940462674e-02
9.228756281885255874e-02
9.298723666189667725e-02
9.369252716015225024e-02
9.439654982766110258e-02
9.510633001831250710e-02
9.582584179581138395e-02
9.652788983494378638e-02
9.846610959895926718e-02
9.913585634916449729e-02
9.980711659753094267e-02
1.004879049320670237e-01
1.011657767440448108e-01
1.018423431806053381e-01
1.025023936711919603e-01
1.031782800133609901e-01
1.038262512465971121e-01
1.044421888381545371e-01
1.050552051859827696e-01
1.056677915695319880e-01
1.062746491348223188e-01
1.069178899860918630e-01
1.075816076689085077e-01
1.082563531706242088e-01
1.089071280614850590e-01
1.095605013829388796e-01
1.102066221998576068e-01
1.108560030287590870e-01
1.115075324755582242e-01
1.121615576048718976e-01
1.128113258233698901e-01
1.134547878771188789e-01
1.140977494644075385e-01
1.147366177400551690e-01
1.153818349241314545e-01
1.160345156264775413e-01
1.166862710297488781e-01
1.173392561306063064e-01
1.179883220031866520e-01
1.186578094458921040e-01
1.193151875673726936e-01
1.199825678040062904e-01
1.206475147974233053e-01
1.213078628882546806e-01
1.219806193933017369e-01
1.226451838486259938e-01
1.233015812396188737e-01
1.239494840263670739e-01
1.246017485451704765e-01
1.252515833983004478e-01
1.258951202381352052e-01
1.265464270397430036e-01
1.271921551400342354e-01
1.278416420981775548e-01
1.284867468524520384e-01
1.291370412591722472e-01
1.297852339851787162e-01
1.304399771843584022e-01
1.311034918265135407e-01
1.317512548142361073e-01
1.324014445137616236e-01
1.330487905728961473e-01
1.336824969204108426e-01
1.343189235872546683e-01
1.349529487921794502e-01
1.355746270109965956e-01
