0.000000000000000000e+00
6.237041033413868703e-04
1.247408206682773741e-03
1.871112310024160719e-03
2.494816413365547481e-03
3.118520516706934243e-03
3.910916295166934689e-03
4.703312073626934701e-03
5.495707852086934714e-03
6.288103630546934726e-03
7.080499409006934738e-03
7.580123449366934531e-03
8.079747489726934323e-03
8.579371530086934983e-03
9.078995570446935642e-03
9.578619610806936302e-03
1.006465164102693551e-02
1.055068367124693471e-02
1.103671570146693391e-02
1.152274773168693311e-02
1.200877976190693232e-02
1.263607225384693299e-02
1.326336474578693365e-02
1.389065723772693432e-02
1.451794972966693499e-02
1.514524222160693566e-02
1.590756228028693611e-02
1.666988233896693483e-02
1.743220239764693355e-02
1.819452245632693227e-02
1.895684251500693099e-02
1.935837106192693155e-02
1.975989960884693211e-02
2.016142815576693267e-02
2.056295670268693324e-02
2.096448524960693380e-02
2.131759537146693528e-02
2.167070549332693677e-02
2.202381561518693825e-02
2.237692573704693974e-02
2.273003585890694123e-02
2.325247044470694219e-02
2.377490503050694315e-02
2.429733961630694411e-02
2.481977420210694507e-02
2.534220878790694603e-02
2.678560794332694728e-02
2.822900709874694852e-02
2.967240625416694977e-02
3.111580540958695101e-02
3.255920456500695226e-02
3.370831452942694983e-02
3.485742449384694741e-02
3.600653445826694499e-02
3.715564442268694256e-02
3.830475438710694014e-02
3.940564251884694225e-02
4.050653065058694435e-02
4.160741878232694646e-02
4.270830691406694857e-02
4.380919504580695067e-02
4.450849021380694909e-02
4.520778538180694750e-02
4.590708054980694591e-02
4.660637571780694433e-02
4.730567088580694274e-02
4.814971522004694165e-02
4.899375955428694057e-02
4.983780388852693949e-02
5.068184822276693841e-02
5.152589255700693732e-02
5.265231320630693601e-02
5.377873385560693470e-02
5.490515450490693339e-02
5.603157515420693208e-02
5.715799580350693077e-02
5.781974538916693357e-02
5.848149497482693637e-02
5.914324456048693918e-02
5.980499414614694198e-02
6.046674373180694478e-02
6.133715502740694214e-02
6.220756632300693950e-02
6.307797761860693686e-02
6.394838891420694116e-02
6.481880020980694546e-02
6.561790796320694785e-02
6.641701571660695025e-02
6.721612347000695264e-02
6.801523122340695504e-02
6.881433897680695744e-02
6.929874149440695685e-02
6.978314401200695627e-02
7.026754652960695569e-02
7.075194904720695510e-02
7.123635156480695452e-02
7.175828962980695946e-02
7.228022769480696441e-02
7.280216575980696936e-02
7.332410382480697431e-02
7.384604188980697925e-02
7.422160039260697340e-02
7.459715889540696754e-02
7.497271739820696168e-02
7.534827590100695582e-02
7.572383440380694997e-02
7.670622798900694761e-02
7.768862157420694525e-02
7.867101515940694290e-02
7.965340874460694054e-02
8.063580232980693818e-02
8.131260124960693059e-02
8.198940016940692299e-02
8.266619908920691540e-02
8.334299800900690780e-02
8.401979692880690020e-02
8.474939223220689932e-02
8.547898753560689844e-02
8.620858283900689756e-02
8.693817814240689668e-02
8.766777344580689579e-02
8.805043931940689794e-02
8.843310519300690009e-02
8.881577106660690224e-02
8.919843694020690439e-02
8.958110281380690654e-02
9.038021799840691151e-02
9.117933318300691647e-02
9.197844836760692144e-02
9.277756355220692641e-02
9.357667873680693138e-02
9.437935047940693156e-02
9.518202222200693174e-02
9.598469396460693193e-02
9.678736570720693211e-02
9.759003744980693229e-02
9.807730834360693650e-02
9.856457923740694071e-02
9.905185013120694493e-02
9.953912102500694914e-02
1.000263919188069534e-01
1.004859918126069507e-01
1.009455917064069480e-01
1.014051916002069453e-01
1.018647914940069427e-01
1.023243913878069400e-01
1.027888842216069382e-01
1.032533770554069363e-01
1.037178698892069345e-01
1.041823627230069327e-01
1.046468555568069309e-01
1.052828329676069319e-01
1.059188103784069329e-01
1.065547877892069339e-01
1.071907652000069350e-01
1.078267426108069360e-01
1.082561520020069307e-01
1.086855613932069253e-01
1.091149707844069200e-01
1.095443801756069147e-01
1.099737895668069093e-01
1.106739342100069023e-01
1.113740788532068954e-01
1.120742234964068884e-01
1.127743681396068814e-01
1.134745127828068745e-01
1.138545267486068685e-01
1.142345407144068625e-01
1.146145546802068566e-01
1.149945686460068506e-01
1.153745826118068446e-01
1.161178333846068500e-01
1.168610841574068554e-01
1.176043349302068608e-01
1.183475857030068662e-01
1.190908364758068716e-01
1.199790005854068781e-01
1.208671646950068845e-01
1.217553288046068910e-01
1.226434929142068975e-01
1.235316570238069039e-01
1.244328567004069075e-01
1.253340563770068972e-01
1.262352560536068868e-01
1.271364557302068765e-01
1.280376554068068662e-01
1.287364224836068660e-01
1.294351895604068658e-01
1.301339566372068657e-01
1.308327237140068655e-01
1.315314907908068653e-01
1.322235427744068714e-01
1.329155947580068775e-01
1.336076467416068836e-01
1.342996987252068897e-01
1.349917507088068958e-01
1.357211966544069059e-01
1.364506426000069161e-01
1.371800885456069263e-01
1.379095344912069365e-01
