0.000000000000000000e+00
1.127926260224398902e-03
2.514426422727922272e-03
4.144904925453829492e-03
6.000276848212138248e-03
8.010696065383626774e-03
1.029285863307904947e-02
1.253708646646600755e-02
1.483004558052414268e-02
1.727677904128199771e-02
1.979176933817683448e-02
2.224390988396862667e-02
2.476225843243895497e-02
2.725539324071490910e-02
2.980314338095979565e-02
3.227510509972830732e-02
3.473412793886154759e-02
3.746564074858582671e-02
3.986571173027186887e-02
4.241828669233882465e-02
4.474426643826490135e-02
4.723570628424766937e-02
4.946682752987641152e-02
5.169362204401295458e-02
5.404866371183913998e-02
5.655778233339248118e-02
5.882333632899161557e-02
6.113660920330232784e-02
6.345510204013038447e-02
6.569797382903175276e-02
6.813272234104061909e-02
7.054496501452689472e-02
7.304298298809186463e-02
7.533337656915506386e-02
7.760029137401858179e-02
7.963769230044448477e-02
8.181480767275672861e-02
8.393983554271500225e-02
8.638655557081165171e-02
8.876563265118875279e-02
9.112225855599831448e-02
9.348318062358629277e-02
9.597665264426069598e-02
9.818635204700143504e-02
1.005737956534815680e-01
1.027918259827984571e-01
1.050316190471960454e-01
1.071215507481610985e-01
1.095550117930628176e-01
1.117071350690821419e-01
1.140908905602984191e-01
1.165026885643456467e-01
1.189657774582144611e-01
1.213277282674383173e-01
1.239355797955781213e-01
1.264608877958721678e-01
1.290053158399260269e-01
1.313357035791398175e-01
1.340043104412487196e-01
1.363480348223546912e-01
1.389219776344390311e-01
1.414879820000081168e-01
1.439124384941763424e-01
1.462772787636907879e-01
1.485914257784912706e-01
1.508837847148072342e-01
1.534015792336731465e-01
1.560209359698419007e-01
1.585129505376414727e-01
1.608430235779820805e-01
1.632437706470710737e-01
1.658373161804789220e-01
1.683237352378910145e-01
1.709585797533605955e-01
1.734711534988235826e-01
1.760536107218726443e-01
1.785646277280221739e-01
1.810827497035916167e-01
1.838406234515375104e-01
1.866835711686007926e-01
1.897400648685874103e-01
1.925795827936909177e-01
1.952257454953922888e-01
1.981602987230886015e-01
2.010184073829961449e-01
2.041070974738872223e-01
2.069804955792307055e-01
2.093158195644662101e-01
2.120988459479775656e-01
2.145233479918005060e-01
2.172119911953629412e-01
2.198264507599390072e-01
2.223702063255430517e-01
2.251045004154974549e-01
2.277900849088894120e-01
2.306133848739690961e-01
2.333155746193398272e-01
2.359595910316301115e-01
2.382930152795665890e-01
2.408250797969415657e-01
2.435766803026666594e-01
2.458474881026830872e-01
2.484754385943332977e-01
2.509069632496547797e-01
2.534540923936887680e-01
2.559443623867778683e-01
2.583512687809488284e-01
2.609512565994123179e-01
2.636372871100505222e-01
2.664001638267805561e-01
2.691294372456809469e-01
2.717914297677666013e-01
2.746739185195394839e-01
2.774830028956998262e-01
2.803938959259255626e-01
2.831009374771440434e-01
2.859255867798538020e-01
2.885067235216070003e-01
2.913571326977475451e-01
2.938410205111736673e-01
2.965102334632376824e-01
2.992755652989202986e-01
3.017550136205002786e-01
3.045863485346202992e-01
3.073162550157064743e-01
3.099755063944940048e-01
3.126918392304673944e-01
3.152468812412223542e-01
3.179883193947787845e-01
3.206166850687068859e-01
3.233766566661770980e-01
3.261834377104477767e-01
3.288743210156823693e-01
3.314781977414469338e-01
3.338640640977956764e-01
3.365466070857507930e-01
3.392821370757772570e-01
3.418960390939318472e-01
3.448427197151247015e-01
3.477659073347609819e-01
3.506611696296246805e-01
3.532522268305555713e-01
3.562011633580297598e-01
3.591735354698286642e-01
3.618422136265735389e-01
3.650092732775362947e-01
3.681613313637797091e-01
3.711163871769613820e-01
3.743596388441829959e-01
3.773485550894619678e-01
3.802529561489507159e-01
3.832241695973976903e-01
3.862896562839921444e-01
3.892339454255946407e-01
3.923815065804632241e-01
3.955159109358987735e-01
3.986562840539988883e-01
4.020094201189721161e-01
4.052067865192796603e-01
4.087855355967278115e-01
4.120588548697909914e-01
4.154398526420166604e-01
4.188050107470218109e-01
4.220453727196940008e-01
4.254626439004027816e-01
4.290199899190696442e-01
4.322008498823493028e-01
4.353936735424639437e-01
4.391056822168337703e-01
4.423296278299773121e-01
4.456042817068635031e-01
4.489151887818749742e-01
4.523453693514341012e-01
4.559733019367726570e-01
4.590162942459699025e-01
4.620947888600710485e-01
4.656513831560786798e-01
4.690474785035902983e-01
4.722944347147475241e-01
4.758584929171760791e-01
4.793307836174420800e-01
4.827162813333956137e-01
4.863769673587725606e-01
4.898860888922911272e-01
4.933495059187436027e-01
4.974020117845867617e-01
5.011287860067952238e-01
5.048045977434014731e-01
5.083884518183339196e-01
5.121246521726376955e-01
5.157904348077266832e-01
5.195633776102184243e-01
5.230354677525710372e-01
5.265167083569295414e-01
5.301649761157491980e-01
5.337828114806200119e-01
5.373194980215956207e-01
5.410770660900325879e-01
5.448671070240962422e-01
5.486058575519265901e-01
