-1.024535720262065297e-06
4.858338755298063916e-06
4.163391866995880264e-05
2.254235576231167215e-04
3.459502762837018963e-04
8.715461681276792660e-04
1.095571022744934453e-03
1.318764771362168631e-03
1.647650172628800647e-03
2.135349726700042083e-03
2.606693455156516848e-03
3.125814458826425835e-03
3.620964385767422300e-03
4.214003052204873256e-03
4.778762769667821431e-03
5.291756165405558932e-03
5.814211151985659853e-03
6.346639759854610929e-03
6.736359548426662514e-03
7.496459097140473204e-03
7.955031651924571179e-03
8.486557727586330202e-03
8.951299442259141870e-03
9.647587701159920925e-03
1.002899818136171461e-02
1.037706696040174847e-02
1.063370149174147627e-02
1.085163271022793197e-02
1.111091303608446879e-02
1.124282556732225657e-02
1.156175905033762774e-02
1.189609949545911149e-02
1.229536103669914837e-02
1.275219303726515818e-02
1.329434278841290507e-02
1.385752030423503811e-02
1.440754172898550678e-02
1.495618234425677429e-02
1.544158101432913099e-02
1.595913914825786151e-02
1.643183639591683232e-02
1.687511418312226397e-02
1.741011424874017166e-02
1.800278496993712452e-02
1.848194642324330061e-02
1.880082519039660838e-02
1.915205447266288274e-02
1.953799835006719832e-02
1.992786491108233804e-02
2.029408217611461396e-02
2.058437356374298588e-02
2.096268334244655307e-02
2.133523760969069372e-02
2.162693926081260543e-02
2.169369384080965801e-02
2.178842119668189525e-02
2.213656857987444937e-02
2.231038028916287885e-02
2.281321480890596831e-02
2.314985247105738608e-02
2.355944371773688317e-02
2.403625762117655995e-02
2.447341684451487254e-02
2.485535112785441925e-02
2.517359640575023150e-02
2.549524372621903012e-02
2.584553259193000940e-02
2.618169675547932229e-02
2.662971346978793008e-02
2.707907953670485313e-02
2.746669253074429662e-02
2.780848471920194243e-02
2.808911223610266461e-02
2.841816132649910287e-02
2.871324112466311362e-02
2.911840924817710174e-02
2.940620406437233214e-02
2.969651432295705717e-02
2.980016592690049038e-02
2.992188598914680142e-02
3.015107988348830759e-02
3.049718464931316930e-02
3.079855409902876318e-02
3.110929360281033951e-02
3.156488898711984348e-02
3.199172465509292351e-02
3.235950599157177976e-02
3.285609416207790900e-02
3.331520551030564548e-02
3.380802159706064458e-02
3.399146086403703748e-02
3.446693937283384912e-02
3.479638429995901561e-02
3.511809906892437994e-02
3.539368845044066347e-02
3.571300585411307793e-02
3.601431585431669191e-02
3.624786000760593652e-02
3.639700215541097350e-02
3.656680405267564993e-02
3.683392726307488374e-02
3.691123401234364110e-02
3.703581443352277347e-02
3.712718478443832737e-02
3.722580223917049125e-02
3.738790952926507316e-02
3.764611251827432170e-02
3.780278760760324985e-02
3.800217972479913442e-02
3.821606487645112793e-02
3.833430887675604026e-02
3.851175895594138865e-02
3.861232005419878988e-02
3.880339842495317271e-02
3.906056121536494175e-02
3.935519197893455612e-02
3.952261273394697128e-02
3.974973209880516833e-02
4.000810494567019759e-02
4.009862090659055411e-02
4.021191956096004105e-02
4.024421896194496640e-02
4.031855080148005754e-02
4.058864573929810149e-02
4.092024649640535472e-02
4.110149210723790247e-02
4.131098994624693432e-02
4.144788223050710485e-02
4.175603337888134092e-02
4.207148609523159166e-02
4.232253244064310138e-02
4.252645985078373769e-02
4.276882715070939867e-02
4.308416626053457321e-02
4.328198359532819950e-02
4.393984405676576444e-02
4.463771345267275592e-02
4.493341994074739887e-02
4.521455767433479878e-02
4.526558220960197332e-02
4.530885517655747208e-02
4.553968288433907219e-02
4.582430787866798028e-02
4.610702146247547262e-02
4.609135798148145113e-02
4.620164076561650290e-02
4.639599649397041503e-02
4.640987897496273717e-02
4.659637761066903749e-02
4.675163357553913102e-02
4.672566874265982051e-02
4.688903671902977521e-02
4.697143740766307474e-02
4.704344970117091407e-02
4.737667702403314252e-02
4.736950599368583426e-02
4.752509938694515768e-02
4.779980467160527269e-02
4.778038747051027713e-02
4.793563617123197673e-02
4.846418271218766449e-02
4.880308243548370228e-02
4.900384456347950390e-02
4.916449780228049349e-02
4.931465693422865115e-02
4.974931811548799487e-02
4.978763196049129647e-02
5.033833824106892507e-02
5.061270594731581696e-02
5.072374843776117359e-02
5.060644383866019780e-02
5.090422716524756197e-02
5.127351301433691333e-02
5.165081527503900816e-02
5.195224370687157034e-02
5.217836253228114174e-02
5.247007593801811254e-02
5.294450066475064887e-02
5.326046435487796771e-02
5.340061668069040479e-02
5.361345274849327325e-02
5.380245238896463889e-02
5.394243228585082761e-02
5.413438364828238036e-02
5.438298470554769892e-02
5.454103300949952882e-02
5.465613556960846608e-02
5.470543102224922904e-02
5.460577339456307300e-02
5.490148316883391999e-02
5.473850422765025314e-02
5.459748871917469160e-02
5.472749853570491041e-02
5.491920467756017388e-02
5.503455221506214912e-02
5.489980123876847529e-02
5.528010907180913591e-02
5.543481752459911149e-02
5.566388870519034526e-02
5.586358739348895597e-02
