0.000000000000000000e+00
5.972367281970036856e-05
1.991796927214295465e-04
3.690847404556052425e-04
4.648620843710205008e-04
6.422136753982954360e-04
7.339317577077508759e-04
8.960647437348256972e-04
1.025274538143605696e-03
1.093945777526528218e-03
1.190919109355093042e-03
1.350957142790321086e-03
1.420516917740144436e-03
1.521810174587301390e-03
1.624502658309268099e-03
1.672068680178995237e-03
1.840754763449581333e-03
1.980137848221374952e-03
1.969288729725349185e-03
2.276282432852383408e-03
2.171614264291577001e-03
2.469714524771404740e-03
2.573027754884549267e-03
2.539674675986702823e-03
2.649055728028315571e-03
2.744423765719261610e-03
2.739411155914694973e-03
2.854354114155910338e-03
2.867911170163495171e-03
2.916600662082657891e-03
3.108050925078487126e-03
3.108199510414522138e-03
3.249041790603257596e-03
3.294499981983278758e-03
3.418163010088903775e-03
3.395930714425787755e-03
3.490103629438578992e-03
3.526239262519936801e-03
3.731724289700366626e-03
3.688928759281395742e-03
3.748878103195352196e-03
3.785639884974045799e-03
3.943579303459898711e-03
4.016819832870055507e-03
4.158125290707914701e-03
4.305398634720347673e-03
4.400215086590719693e-03
4.448831048939894117e-03
4.665734322237824472e-03
4.657316979354675368e-03
4.704893126699971617e-03
4.835165784221828744e-03
4.790936215634644668e-03
4.882925976168905891e-03
5.144287767222976981e-03
5.191818083687849139e-03
5.389086135629383989e-03
5.425060595129593821e-03
5.491972353858898259e-03
5.473845800906929071e-03
5.537829828675455701e-03
5.627116471153215116e-03
5.765900687222824672e-03
5.768044411915695946e-03
5.792248614888251268e-03
5.744988351800373039e-03
5.873740966379159545e-03
5.942096702710841782e-03
5.882757480065947675e-03
5.936713578840624450e-03
6.053131146146029096e-03
6.024312841944379215e-03
5.939112857099360099e-03
6.191283982829531851e-03
6.262737057042500055e-03
6.172530729919856185e-03
6.203164077795975118e-03
6.343047920772448833e-03
6.381388128851028796e-03
6.436034139873925142e-03
6.472492575838373341e-03
6.563987627920653267e-03
6.575517897786653521e-03
6.508708432178877956e-03
6.555060371127297003e-03
6.733475698432300760e-03
6.719135005297971475e-03
6.485008375335610253e-03
6.638320561812349752e-03
6.563300149025508290e-03
6.743832368499624863e-03
6.900701489819027756e-03
6.833597159484838812e-03
6.866283429168618113e-03
6.957725526163471841e-03
7.170871929730537886e-03
7.383765683997012275e-03
7.462883724578261990e-03
7.430508255481527158e-03
7.542198146495593392e-03
7.701603535693379854e-03
7.493737221338392374e-03
7.564674993929543234e-03
7.667035546518263800e-03
7.599267413951338312e-03
7.496796732006316688e-03
7.531920936422409341e-03
7.383002270394456446e-03
7.482952784812368918e-03
7.403259037872089721e-03
7.515446484283927475e-03
7.464944588093658240e-03
7.488828844863348877e-03
7.591125229652107009e-03
7.615343373728933329e-03
7.723519306352955027e-03
7.651408619757660290e-03
7.629489762756236360e-03
7.663019544736471289e-03
7.669616322274919185e-03
7.576145734930150866e-03
7.544034662942067371e-03
7.648369630139484343e-03
7.652521734293316058e-03
7.669982238276418229e-03
7.527222496413799036e-03
7.675795562754217372e-03
7.885653243555168501e-03
7.799359572558728360e-03
7.846643586979951124e-03
7.961900916676256657e-03
8.145546243312651313e-03
8.186525220985174656e-03
8.204505936440398273e-03
8.154393376756274847e-03
8.163735125982896079e-03
8.116619903240973599e-03
7.887991536755123434e-03
8.144938570531223831e-03
8.205254168629494416e-03
8.443691586812462901e-03
8.193613045541781048e-03
8.296407106222147831e-03
8.362228428978824013e-03
8.203061208391204673e-03
8.352628485994273433e-03
8.432281338890845745e-03
8.192586287350422936e-03
8.363888790384521599e-03
8.428072173032319370e-03
8.257021628260474699e-03
8.210289740851806073e-03
8.264438603553969642e-03
8.282273946015550337e-03
8.307756837240276582e-03
8.172004185915682228e-03
8.053575323799577745e-03
8.113090175385195835e-03
8.038689939766641146e-03
8.328813519881350658e-03
8.241794265920532325e-03
8.282378443880134000e-03
8.371197911515082524e-03
8.497886930378228953e-03
8.543173834574702141e-03
8.534378766320571685e-03
8.304102573774230223e-03
8.120367846082388041e-03
8.419752421396253794e-03
8.330470977391257748e-03
8.266699422499357297e-03
8.183195108678376073e-03
8.073723027202106550e-03
8.259208643323745491e-03
8.139266331028238710e-03
8.182880929801683578e-03
8.089716054037410231e-03
8.071988701594534632e-03
7.929408756076838927e-03
7.974871473237499231e-03
8.172300636559270970e-03
8.032988065082236062e-03
8.126251038476084432e-03
8.205563273378402300e-03
8.152643000578052579e-03
8.207251513852042990e-03
8.191027788726046310e-03
8.045336007285186497e-03
8.264042104961788482e-03
8.245621051372609145e-03
8.317758152045939823e-03
8.451424278071328899e-03
8.421585943395371032e-03
8.361177697167931910e-03
8.345363755097423564e-03
8.378790262469237859e-03
8.309439797208995060e-03
8.307599736106396904e-03
8.375039742347212268e-03
8.272198166650923667e-03
