0.000000000000000000e+00
1.183419495235553962e-03
2.366838990471107924e-03
3.550258485706662102e-03
4.733677980942215847e-03
5.917097476177769592e-03
7.883404624577769818e-03
9.849711772977769175e-03
1.181601892137777027e-02
1.378232606977777136e-02
1.574863321817777245e-02
1.932313112371777247e-02
2.289762902925777249e-02
2.647212693479777251e-02
3.004662484033777253e-02
3.362112274587777255e-02
3.768632538807777099e-02
4.175152803027776943e-02
4.581673067247776787e-02
4.988193331467776631e-02
5.394713595687776475e-02
5.714911052233776628e-02
6.035108508779776781e-02
6.355305965325776241e-02
6.675503421871775700e-02
6.995700878417775159e-02
7.311984548037775422e-02
7.628268217657775685e-02
7.944551887277775948e-02
8.260835556897776211e-02
8.577119226517776474e-02
8.854599201537775854e-02
9.132079176557775235e-02
9.409559151577774616e-02
9.687039126597773997e-02
9.964519101617773378e-02
1.024877540047777341e-01
1.053303169933777345e-01
1.081728799819777348e-01
1.110154429705777351e-01
1.138580059591777355e-01
1.165392750961777302e-01
1.192205442331777249e-01
1.219018133701777196e-01
1.245830825071777143e-01
1.272643516441777090e-01
1.302653322201777208e-01
1.332663127961777327e-01
1.362672933721777446e-01
1.392682739481777565e-01
1.422692545241777684e-01
1.443528082233777599e-01
1.464363619225777513e-01
1.485199156217777428e-01
1.506034693209777342e-01
1.526870230201777257e-01
1.547007271315777310e-01
1.567144312429777364e-01
1.587281353543777418e-01
1.607418394657777472e-01
1.627555435771777526e-01
1.644645085885777513e-01
1.661734735999777501e-01
1.678824386113777489e-01
1.695914036227777477e-01
1.713003686341777465e-01
1.731942157375777336e-01
1.750880628409777207e-01
1.769819099443777077e-01
1.788757570477776948e-01
1.807696041511776819e-01
1.830822616147776694e-01
1.853949190783776568e-01
1.877075765419776443e-01
1.900202340055776318e-01
1.923328914691776192e-01
1.940798305605776208e-01
1.958267696519776224e-01
1.975737087433776240e-01
1.993206478347776256e-01
2.010675869261776272e-01
2.027135013001776231e-01
2.043594156741776191e-01
2.060053300481776151e-01
2.076512444221776110e-01
2.092971587961776070e-01
2.116207451287775987e-01
2.139443314613775904e-01
2.162679177939775821e-01
2.185915041265775738e-01
2.209150904591775655e-01
2.226678995069775735e-01
2.244207085547775815e-01
2.261735176025775895e-01
2.279263266503775975e-01
2.296791356981776056e-01
2.316250684531775961e-01
2.335710012081775866e-01
2.355169339631775771e-01
2.374628667181775676e-01
2.394087994731775582e-01
2.413009431969775631e-01
2.431930869207775681e-01
2.450852306445775730e-01
2.469773743683775780e-01
2.488695180921775829e-01
2.504843300505775749e-01
2.520991420089775947e-01
2.537139539673776145e-01
2.553287659257776343e-01
2.569435778841776541e-01
2.584930662143776758e-01
2.600425545445776976e-01
2.615920428747777193e-01
2.631415312049777411e-01
2.646910195351777628e-01
2.664969878331777675e-01
2.683029561311777722e-01
2.701089244291777769e-01
2.719148927271777816e-01
2.737208610251777863e-01
2.758380507813777971e-01
2.779552405375778079e-01
2.800724302937778187e-01
2.821896200499778296e-01
2.843068098061778404e-01
2.863210664063778332e-01
2.883353230065778261e-01
2.903495796067778190e-01
2.923638362069778118e-01
2.943780928071778047e-01
2.965124357953777823e-01
2.986467787835777599e-01
3.007811217717777375e-01
3.029154647599777150e-01
3.050498077481776926e-01
3.070042322475777241e-01
3.089586567469777556e-01
3.109130812463777871e-01
3.128675057457778186e-01
3.148219302451778501e-01
3.170392243439778546e-01
3.192565184427778591e-01
3.214738125415778636e-01
3.236911066403778681e-01
3.259084007391778726e-01
3.281931157699778945e-01
3.304778308007779164e-01
3.327625458315779383e-01
3.350472608623779602e-01
3.373319758931779822e-01
3.395101078831779806e-01
3.416882398731779791e-01
3.438663718631779775e-01
3.460445038531779760e-01
3.482226358431779745e-01
3.501731946801779904e-01
3.521237535171780064e-01
3.540743123541780224e-01
3.560248711911780384e-01
3.579754300281780544e-01
3.600070553637780280e-01
3.620386806993780016e-01
3.640703060349779752e-01
3.661019313705779488e-01
3.681335567061779224e-01
3.701776620325779033e-01
3.722217673589778841e-01
3.742658726853778650e-01
3.763099780117778459e-01
3.783540833381778268e-01
3.806418847411778272e-01
3.829296861441778277e-01
3.852174875471778281e-01
3.875052889501778286e-01
3.897930903531778291e-01
3.921800608559778412e-01
3.945670313587778533e-01
3.969540018615778654e-01
3.993409723643778775e-01
4.017279428671778896e-01
4.043990910225778723e-01
4.070702391779778551e-01
4.097413873333778378e-01
4.124125354887778205e-01
4.150836836441778033e-01
4.176869874465777843e-01
4.202902912489777654e-01
4.228935950513777464e-01
4.254968988537777275e-01
4.281002026561777085e-01
4.308522051801776942e-01
4.336042077041776799e-01
4.363562102281776656e-01
4.391082127521776513e-01
4.418602152761776369e-01
4.446182965157776668e-01
4.473763777553776966e-01
4.501344589949777264e-01
4.528925402345777562e-01
