0.000000000000000000e+00
2.193754550390281111e-04
1.014341197667079086e-03
2.178934657919739948e-03
3.389039193592680022e-03
4.604032093624255140e-03
5.340876473177047501e-03
6.859184705298559948e-03
8.990042937313091898e-03
1.056603493374552727e-02
1.243127050602765848e-02
1.452677769335508629e-02
1.623156762583732871e-02
1.926159272191796390e-02
2.179055488012693331e-02
2.392256549754279149e-02
2.588588241356148956e-02
2.838688705686109870e-02
3.265909921100984548e-02
3.724136816413903261e-02
4.281739455090871616e-02
4.561488153641590770e-02
4.722983248393575195e-02
5.025660785006635933e-02
5.321467717838146427e-02
5.619519781241422152e-02
5.856678029717699019e-02
6.123969988180988366e-02
6.471018385268223483e-02
6.990344120276148487e-02
7.628814840258968388e-02
8.202364530443873036e-02
8.532258084332511316e-02
8.919481520226213433e-02
9.333426170499592445e-02
9.885393715042312124e-02
1.028529384541911895e-01
1.076104539285154260e-01
1.117161351077697873e-01
1.161441334794233171e-01
1.193021284479556243e-01
1.212169987192481813e-01
1.234714183083980288e-01
1.261171342894655822e-01
1.298842566954050426e-01
1.333773851031807567e-01
1.367715236872300011e-01
1.411143430077643757e-01
1.457024480719368853e-01
1.482846131255115552e-01
1.498417470414281638e-01
1.530499147820876260e-01
1.552552680956083009e-01
1.578681938270989349e-01
1.612340371833482777e-01
1.615297723237745231e-01
1.598966549737070864e-01
1.615206264733686226e-01
1.639586562317134621e-01
1.669108995851829036e-01
1.699442985080850121e-01
1.727038445745066042e-01
1.761845805120998421e-01
1.809734255073607301e-01
1.859365520494691282e-01
1.919825463825191036e-01
1.976882472479744024e-01
2.036164526739128178e-01
2.111352538384920763e-01
2.172486788920622303e-01
2.228792061887716613e-01
2.280351533903726136e-01
2.325176372955510828e-01
2.364317549916847838e-01
2.404349692996134991e-01
2.441321230062669656e-01
2.487748357204679905e-01
2.529243418012612210e-01
2.580547867181266497e-01
2.638700584813875594e-01
2.708713895094732038e-01
2.767578717758709672e-01
2.841095678418525949e-01
2.915522954622247198e-01
2.978482746901818246e-01
3.023817177411842749e-01
3.077942122157679705e-01
3.123630774505912200e-01
3.168706069624107613e-01
3.211347813871228141e-01
3.263049714694332692e-01
3.314858107092817363e-01
3.348398551628832820e-01
3.390184512780507475e-01
3.446307975055304951e-01
3.491743887455101003e-01
3.515207640623856378e-01
3.545828391979881644e-01
3.573658972164963643e-01
3.598455862026241903e-01
3.622812820243908050e-01
3.648937188197294290e-01
3.697204016761972412e-01
3.749612669204083204e-01
3.801489127562120984e-01
3.855599374968647908e-01
3.909033950974958316e-01
3.978046151222969229e-01
4.055457652998128992e-01
4.118414819156797080e-01
4.184060852997362190e-01
4.237107474198893442e-01
4.286633970454190035e-01
4.329454370431378152e-01
4.374945146705400134e-01
4.415242629700415478e-01
4.457267673170903777e-01
4.490022021034647537e-01
4.515164176994872491e-01
4.566983103995880811e-01
4.608363581423873256e-01
4.664794165018619765e-01
4.723464600307423211e-01
4.782660460792698132e-01
4.844921858675874660e-01
4.898677095748880106e-01
4.956819446354217007e-01
5.013943995959522226e-01
5.077313471306865722e-01
5.153311899261581175e-01
5.225068484957162696e-01
5.303594426369926396e-01
5.382333864189021710e-01
5.454044023380433259e-01
5.505253142921446852e-01
5.556471148990169695e-01
5.615440497437091949e-01
5.667938215852643680e-01
5.726232324430782228e-01
5.756437916647598740e-01
5.797654881413905059e-01
5.852255787389921693e-01
5.904304880875770323e-01
5.946248813600831795e-01
5.978926300505165159e-01
6.027854942021875218e-01
6.084060576755874195e-01
6.148598654304606725e-01
6.214084558205144049e-01
6.277919749524016879e-01
6.328573432124073861e-01
6.385151702865528023e-01
6.428534377451811110e-01
6.484631801231941495e-01
6.552457395600796985e-01
6.610637273142998538e-01
6.657081481403039902e-01
6.703008110252852703e-01
6.750498343824133940e-01
6.783379636531492451e-01
6.788867380559153730e-01
6.802119506997783560e-01
6.836595415983595103e-01
6.869687339759380507e-01
6.924740283866697155e-01
6.972211311604183948e-01
7.003058262126984346e-01
7.023007706817878670e-01
7.056725498742011382e-01
7.085793204185435457e-01
7.112255123531241452e-01
7.145064997035888155e-01
7.187479884699712329e-01
7.225103996396953221e-01
7.241474780093923869e-01
7.266927138738665803e-01
7.293834924333211234e-01
7.324848165788964138e-01
7.363560203734209608e-01
7.415885161919106849e-01
7.464462730169998395e-01
7.491359628678395666e-01
7.531126119216153825e-01
7.581048836744059827e-01
7.619669160208388803e-01
7.656675034556386095e-01
7.687850245621916656e-01
7.737345716286370134e-01
7.792810583261982060e-01
7.839222093651159184e-01
7.891066706004750131e-01
7.916065490705008756e-01
7.947761261290153811e-01
7.983339267066043021e-01
8.038027112180756717e-01
8.079923121457781576e-01
8.130808443493009463e-01
8.177748893391552087e-01
8.224775801211734461e-01
8.287865098621765014e-01
