0.000000000000000000e+00
1.495790959893383842e-05
-5.542164984717601328e-07
9.605916316957063827e-05
2.943826052046460973e-04
3.764117038755898648e-04
3.376961037560022305e-04
4.031778821627085563e-04
6.011293052736732534e-04
5.815950863521379688e-04
4.658674481206048767e-04
3.946867175415036399e-04
3.826707781939830966e-04
8.496338809109715839e-04
1.166545195111723388e-03
1.231411713760621751e-03
1.070459651636213039e-03
9.291481163984371960e-04
1.237862633601594098e-03
1.569097902198279826e-03
2.120294958686486098e-03
1.937916668317996027e-03
1.628497603299194907e-03
1.895104280379200645e-03
2.108743865171902598e-03
1.840834819724079807e-03
1.718070223034828814e-03
1.777937996521927744e-03
2.229085959676524453e-03
2.777161347552237203e-03
3.618178210906819459e-03
4.178659776464144215e-03
4.278263265369730561e-03
4.484707448966673837e-03
4.740697893041101452e-03
4.784482580618032443e-03
4.770041460560037194e-03
5.565715149835170905e-03
5.860977498173269851e-03
6.468437672687343820e-03
7.060460412574798283e-03
7.374549087067805431e-03
7.950147084670788900e-03
8.687541128388431844e-03
9.246917997529635613e-03
9.693977045792223635e-03
9.987503424994770285e-03
1.090055027562186751e-02
1.167942402933164203e-02
1.213672045568614521e-02
1.168108191964023490e-02
1.169513212005313108e-02
1.151499667958688633e-02
1.131742083163800316e-02
1.099464056086674191e-02
9.937810662478341328e-03
8.739776879693295086e-03
8.054017725825701746e-03
7.743681580201666748e-03
7.328729472234840614e-03
7.227420192535305432e-03
7.021427564730231552e-03
6.773686790587873929e-03
6.703046822281066852e-03
6.707060423543964589e-03
7.364709403233860030e-03
7.677648440946427399e-03
7.944816087089634493e-03
8.194183546144984120e-03
8.094769345596830590e-03
8.211902415979466241e-03
8.367617854538877964e-03
8.575232651416797580e-03
8.750737397768659775e-03
8.720882677906161007e-03
8.863082081774109611e-03
9.617524537247845728e-03
9.914203267832988331e-03
1.020492827922936385e-02
1.078657900256985158e-02
1.158912409307077951e-02
1.203667978736433497e-02
1.260745910058602703e-02
1.346539263870738523e-02
1.428845326585559405e-02
1.477477184816677891e-02
1.543111432197719068e-02
1.635540860065276547e-02
1.677774839217249792e-02
1.695193989230858733e-02
1.732265536722366051e-02
1.768746031853396516e-02
1.780775019238234336e-02
1.788967684769460220e-02
1.844690488608335954e-02
1.874321581517790491e-02
1.857193407528967555e-02
1.865106914893743806e-02
1.856270981777896623e-02
1.865445427839063086e-02
1.904233476937378100e-02
1.954167736090539620e-02
2.060904330318891198e-02
2.153722496954912913e-02
2.217616567875069222e-02
2.259442461519967082e-02
2.296341674163215885e-02
2.374613756538934695e-02
2.469147792748316306e-02
2.565857873031518466e-02
2.641621271263261406e-02
2.722025302745834097e-02
2.727312098338785518e-02
2.731601407748485144e-02
2.761662171816681166e-02
2.755003075746031982e-02
2.789728601907626171e-02
2.817826729990002832e-02
2.809218496754084526e-02
2.824073685132333367e-02
2.823163649296134281e-02
2.846028197286187833e-02
2.880036778022088129e-02
2.966559236531196575e-02
3.038418756500504969e-02
3.087915659211404318e-02
3.141445987298396858e-02
3.201699492693421689e-02
3.264015642835715880e-02
3.343651054808560730e-02
3.399605612212042161e-02
3.479224385221613147e-02
3.573412942784415236e-02
3.688347466523822504e-02
3.721184426603940665e-02
3.784759673486348674e-02
3.839819629207852358e-02
3.836719697246593341e-02
3.873865284563038358e-02
3.857332094746368512e-02
3.881547060660039961e-02
3.896780959181000981e-02
3.930420299136727635e-02
3.961057007289525700e-02
3.975497549220818883e-02
4.035423382633496203e-02
4.145363362495402271e-02
4.223946600924932682e-02
4.289833312662238995e-02
4.343875575690248070e-02
4.383579092017697576e-02
4.446022672557603528e-02
4.472223485927173670e-02
4.504805447730575452e-02
4.558398328212120987e-02
4.629964820198040343e-02
4.647863477593006110e-02
4.640135972546488574e-02
4.649199654272706539e-02
4.613517611431205978e-02
4.552952640320739874e-02
4.501596840268717870e-02
4.498158733355239747e-02
4.466789063374676516e-02
4.522832445125857248e-02
4.576656156839931100e-02
4.584269668681884013e-02
4.526792611297736357e-02
4.504603696776143806e-02
4.499152515822402165e-02
4.498617864470588756e-02
4.554118579594046423e-02
4.613524623614750908e-02
4.682884968791967140e-02
4.686374211676280765e-02
4.711307866259062394e-02
4.757001917271708180e-02
4.814998565361605642e-02
4.902426848438778961e-02
4.965520174303605927e-02
4.996640091653858917e-02
4.955707516955953906e-02
4.970169342385588607e-02
5.000508801717984397e-02
4.994077207770430959e-02
4.993571068398239277e-02
4.978306366150064832e-02
5.012890466073827156e-02
5.037870186405513095e-02
5.070179306616751091e-02
5.124310693176425957e-02
5.081350921815896982e-02
5.056697149905886590e-02
5.051903239868948958e-02
5.061556401565070473e-02
5.059588209452670071e-02
5.056157946383166291e-02
5.074881565170130671e-02
5.124493142167096948e-02
5.199127186862995131e-02
