0.000000000000000000e+00
-1.698849066349030542e-03
-4.916683385152354922e-04
1.443186862914127471e-03
4.099760189274237812e-03
-9.047928173961218914e-04
1.918220330869806157e-03
-1.922669127013850506e-03
-7.677438229362881089e-04
2.477159199202215965e-03
-5.941546018759002838e-03
-9.602617853717451690e-03
-8.032104225152354206e-04
1.077757645008310151e-03
-1.309523943313019431e-03
2.394604860554016765e-03
5.377436576432133124e-03
3.445376901551246412e-03
4.301585626736842242e-03
8.433798168177285628e-03
3.135122751734071862e-03
2.613078425551246600e-03
9.515046188166205801e-03
1.464061650598337885e-02
1.470778285786149622e-02
9.937876364675900590e-03
1.150090233532410043e-02
1.652387598568421170e-02
1.521155361831579012e-02
1.805530904647091248e-02
1.559864912690304625e-02
1.599651860119667701e-02
1.464498774586149576e-02
1.698618631754016464e-02
2.458752149089196704e-02
2.221521699888088716e-02
1.735671014836565051e-02
2.663908992873130141e-02
2.763224869978947451e-02
2.372172657131301973e-02
2.582471814983933536e-02
2.615609607132409961e-02
2.601986113675346102e-02
2.691385395294182761e-02
3.376722516618282238e-02
3.878905284511911106e-02
3.861654952695844911e-02
4.127863013383933216e-02
4.104981702614958483e-02
4.046312916946260413e-02
4.274582757134626210e-02
4.507622229431578614e-02
5.357280486068698167e-02
4.775301373160110996e-02
5.410847942414404727e-02
5.706384264472021822e-02
5.415170034590581494e-02
5.526312739749584396e-02
5.235538033093628529e-02
5.652110658918559766e-02
5.578001621275346239e-02
6.396203632452077126e-02
6.064274685386149277e-02
6.189020781769528912e-02
6.170352526660387998e-02
6.369309003547922454e-02
6.363535697731856344e-02
6.095292115024930624e-02
6.380401581532410549e-02
6.248605698632687250e-02
6.627196421178947749e-02
6.541148396279224120e-02
6.960056327734072401e-02
6.776839976866481929e-02
6.708307585231025605e-02
6.619633629223269089e-02
6.706203695770637796e-02
6.952399277711911185e-02
6.778807968545152995e-02
7.758484774834349673e-02
7.785466210784487695e-02
7.938203471001661904e-02
7.999700032187258281e-02
8.210004327058172124e-02
7.718291505171191724e-02
7.960844315786150260e-02
8.679336048775623813e-02
8.642125716284763948e-02
8.865812965288642766e-02
8.803897754753461924e-02
9.058104985713019697e-02
9.139137559990027915e-02
9.045413283572299734e-02
9.292485245115789105e-02
8.861468927214403990e-02
9.495310323941273667e-02
9.553182635521328958e-02
9.536136447537950367e-02
9.467144374388919426e-02
1.029237186098725804e-01
1.030982831329861488e-01
1.042882552971523547e-01
1.070939351106592746e-01
1.068691506205207697e-01
1.003620403410304673e-01
1.039078178104487493e-01
1.031213954033351754e-01
1.094216610642548410e-01
1.116077110649307536e-01
1.154998817253407167e-01
1.171951934577617760e-01
1.145806881940055338e-01
1.185966644944598386e-01
1.147987359319778411e-01
1.217706723636232669e-01
1.301823407568864222e-01
1.326869557022271606e-01
1.299202784258836618e-01
1.328414867092631568e-01
1.331822032991357430e-01
1.363721194003324200e-01
1.364159041241218839e-01
1.376640440284210565e-01
1.397988170541828168e-01
1.435375756790360224e-01
1.416605893339722977e-01
1.457439552002548488e-01
1.485706345921994354e-01
1.483629102781052755e-01
1.453437867183379473e-01
1.469030140387811711e-01
1.470981841125761636e-01
1.516995612537285210e-01
1.519705344100609479e-01
1.479081868867479221e-01
1.547633860654072102e-01
1.563355520318670255e-01
1.581538898845761820e-01
1.551158359564210609e-01
1.651598722796675800e-01
1.628409506586149524e-01
1.654108086085872564e-01
1.610464444105484672e-01
1.608951235305484673e-01
1.654726782493296522e-01
1.635394004578393234e-01
1.677122145412963949e-01
1.587873508758781138e-01
1.669770862912133003e-01
1.699826270791578997e-01
1.766901526888421115e-01
1.822771173692853131e-01
1.846337521103379453e-01
1.815698180456066513e-01
1.823246468732409864e-01
1.795775281867368345e-01
1.863617537209085739e-01
1.875740512881994559e-01
1.848262245735069198e-01
1.927464978960886366e-01
1.906307035326315902e-01
1.891494800880554050e-01
1.900245595264376808e-01
1.932847034432687017e-01
1.937834232905374099e-01
1.966639339584044244e-01
1.916011844343822601e-01
1.951491136099169077e-01
2.023233124161662178e-01
2.046218416436897392e-01
2.062893476208864374e-01
2.004445635030360218e-01
2.031127940276565014e-01
2.037650994231911261e-01
2.157972856562437591e-01
2.089960370383379396e-01
2.087054445932077507e-01
2.105366155849085763e-01
2.162216030546703638e-01
2.104728779036011133e-01
2.145093120251634344e-01
2.143879996194459903e-01
2.177312004941717449e-01
2.181731411673351884e-01
2.129559813026703496e-01
2.233689790285540155e-01
2.261933118918337815e-01
2.233216180863933642e-01
2.277818262929529047e-01
2.213268439448642655e-01
2.267946924860831104e-01
2.250912695314238321e-01
2.203895581704155004e-01
2.243250308668808812e-01
2.201262951163102388e-01
2.257991091714570686e-01
2.283760701799446013e-01
2.300840842902493188e-01
2.296635980756786821e-01
2.297015228927202224e-01
