0.000000000000000000e+00
3.140041423392858633e-04
9.814310737468190382e-04
2.261440050183693984e-03
4.153495216300484572e-03
6.113342663674359301e-03
7.262852538111985723e-03
8.468634669085872702e-03
9.744534572462271171e-03
1.107633528511797749e-02
1.259801002166938133e-02
1.479211285932535702e-02
1.741252033824025602e-02
2.032500589294272686e-02
2.359577207872831650e-02
2.665959316397703560e-02
2.941888199522679770e-02
3.181447450826624390e-02
3.436371129362925103e-02
3.645157231312623480e-02
3.865429302551603996e-02
4.078995200413970679e-02
4.240007831432279772e-02
4.470908166879894452e-02
4.687636503619785344e-02
4.872150416396436867e-02
5.030511136767046310e-02
5.207334936063290343e-02
5.356782097793910680e-02
5.538750586288898603e-02
5.825193329021516320e-02
6.065551840264760131e-02
6.269288879269652170e-02
6.469304823447430408e-02
6.621917470985039245e-02
6.823491100985989988e-02
7.043460895000208666e-02
7.282144278133984017e-02
7.535035896088970730e-02
7.791859881066187654e-02
8.001963158204006277e-02
8.192500220205545247e-02
8.377722166150647354e-02
8.588922050564917754e-02
8.876217000658215284e-02
9.233469476317424096e-02
9.554036014485234318e-02
9.909607308112811097e-02
1.021639409912040719e-01
1.046385026425795672e-01
1.069097758424248923e-01
1.101364287173751677e-01
1.125770001245314234e-01
1.151232998315379064e-01
1.177288856476366163e-01
1.194895912066797905e-01
1.211056116028146334e-01
1.238046647255259813e-01
1.259762974524321066e-01
1.287437158530764236e-01
1.319209940324981289e-01
1.341029959516433223e-01
1.363401600965090665e-01
1.384135408671340883e-01
1.408608168054428234e-01
1.436875652578493145e-01
1.463617577810012449e-01
1.493058250629246686e-01
1.525804457703046069e-01
1.554720423235806948e-01
1.579931385358008811e-01
1.606822975930342068e-01
1.635728999089920421e-01
1.669484603135771295e-01
1.703481520556096029e-01
1.736647686743495456e-01
1.767017748437851310e-01
1.793997370518667367e-01
1.814945735331932042e-01
1.841185210906814973e-01
1.874843419780845011e-01
1.907127516667017630e-01
1.937160108439996975e-01
1.970979686878067128e-01
1.998214656336472217e-01
2.027506887320456030e-01
2.059907861202603385e-01
2.089867660384214787e-01
2.118652296428464865e-01
2.147559405955661305e-01
2.184298749157562725e-01
2.213482403519790864e-01
2.235021600481204018e-01
2.258722263301109479e-01
2.283827147812758085e-01
2.312679055689628171e-01
2.338068334558442984e-01
2.360134308392076719e-01
2.381970168314921921e-01
2.411293548505994977e-01
2.441584206090610110e-01
2.472449266200982265e-01
2.508421152769173545e-01
2.553483100492641711e-01
2.600149239617621788e-01
2.640839785055035804e-01
2.675835721061403660e-01
2.708937955300001477e-01
2.746261951382749089e-01
2.782866791449336574e-01
2.817470933923118537e-01
2.843855545916227356e-01
2.871440857012288461e-01
2.889943759255046984e-01
2.914430914188272936e-01
2.943745069506249479e-01
2.977305563011043432e-01
3.015276919694045432e-01
3.039224171018020115e-01
3.064185651959476786e-01
3.082515254093962653e-01
3.107804308883643785e-01
3.135512781582647790e-01
3.155865804483468651e-01
3.175968073570132333e-01
3.202746684782127318e-01
3.232951799043775054e-01
3.253958564823875577e-01
3.273192529133197581e-01
3.296471550780069038e-01
3.314424219461997723e-01
3.336470844851078255e-01
3.360826427378142967e-01
3.386235019279979497e-01
3.413150869616714544e-01
3.436428205707215966e-01
3.463335682108876767e-01
3.502289410619496834e-01
3.555301693902492843e-01
3.604378634368785583e-01
3.647400382664116592e-01
3.685802871268251124e-01
3.715557315921174109e-01
3.738212682117918462e-01
3.768983964399907904e-01
3.802069369761227335e-01
3.832167321115989012e-01
3.873721294597416431e-01
3.909610250054313951e-01
3.947990867222443967e-01
3.979000400633125878e-01
4.014765697775288800e-01
4.046079300412017687e-01
4.080390802770494929e-01
4.113797170138937531e-01
4.144998858593567093e-01
4.181271952620946308e-01
4.212393316308151725e-01
4.243355999015179236e-01
4.265901291928173578e-01
4.285250399270239541e-01
4.305931428128744187e-01
4.337389533469888647e-01
4.362427853682930845e-01
4.386661692950468705e-01
4.412671460829358239e-01
4.439961290875515942e-01
4.475167855435557840e-01
4.516500778784688919e-01
4.559623319679104725e-01
4.597799374844626641e-01
4.632770287199576842e-01
4.668398892478933249e-01
4.697444438585307580e-01
4.722015309120877191e-01
4.749319196738071014e-01
4.777317148196473795e-01
4.806361071092624115e-01
4.834447406956456916e-01
4.861917475948089873e-01
4.889794190188041512e-01
4.915507184001128849e-01
4.945213117020088589e-01
4.978350302396776783e-01
5.008297794005969195e-01
5.041901300353970328e-01
5.077858055316326613e-01
5.115110228828854133e-01
5.154028243987838209e-01
5.185860151607641910e-01
5.215752167731011468e-01
5.241930890831838497e-01
5.268786546802672888e-01
5.300552438267374100e-01
5.335187092862128111e-01
5.366974199673393287e-01
5.400217831352875919e-01
5.436515288757988174e-01
5.472087714607312137e-01
5.510020671927620128e-01
