0.000000000000000000e+00
2.700273706324196610e-05
6.609464288231947648e-05
1.270652272111760794e-04
1.943896013969492742e-04
3.052406240229288414e-04
2.719983560695027336e-04
3.813905572656040022e-04
4.852654060201189168e-04
5.287162510683174332e-04
7.177780747014139706e-04
8.028158400605889256e-04
8.317712344734218277e-04
1.152027933933652548e-03
1.542089572311056145e-03
1.621295136033040762e-03
1.794029197654367636e-03
2.088754303500195419e-03
2.967761303956706342e-03
3.819520806779053146e-03
4.543905716630547431e-03
4.535186211221287067e-03
4.528873519220155686e-03
4.875600686474967915e-03
5.197730089648189278e-03
5.299242671249260184e-03
5.212641346105328921e-03
5.141382960530904711e-03
5.399915907091212830e-03
5.498500080733492723e-03
5.739949116787101957e-03
6.033192782723517666e-03
6.228430609326096601e-03
6.716878355803146405e-03
7.291900464082345934e-03
7.730394252661199062e-03
8.429160524840995095e-03
9.319592242292173978e-03
9.596445250494411994e-03
1.014654753769406170e-02
1.039711400544263142e-02
1.076976357245484905e-02
1.128282738865493684e-02
1.206269706543849907e-02
1.277049316858125394e-02
1.374285185671908494e-02
1.425939742938453492e-02
1.465913467072965659e-02
1.516793980320585433e-02
1.515109386657798041e-02
1.489809657532248366e-02
1.501928742376890114e-02
1.497536373597085912e-02
1.493408692832787210e-02
1.500151767442758910e-02
1.420553769609256278e-02
1.331789058994559127e-02
1.284749979287624910e-02
1.280152914991816715e-02
1.295146478863529182e-02
1.296350580929583884e-02
1.290266270429185624e-02
1.292913049413613180e-02
1.313676408176434052e-02
1.347698647416706308e-02
1.440515659062668874e-02
1.514821315447534289e-02
1.564621488378747927e-02
1.636644036513246192e-02
1.694963008209526834e-02
1.719354525466343375e-02
1.780423409143594426e-02
1.803666752899601988e-02
1.843239333663149182e-02
1.861298151928991729e-02
1.868395121648802615e-02
1.895083448687984173e-02
1.899118371377284120e-02
1.894523149727689315e-02
1.904597049647804852e-02
1.927020878873975107e-02
1.948641858575683727e-02
1.995459444461999965e-02
2.044750944915563196e-02
2.068506149715432230e-02
2.098002786268438058e-02
2.187062736168599031e-02
2.229124814609662053e-02
2.249509617103484516e-02
2.251779435563605603e-02
2.257393088085990485e-02
2.290916925343111643e-02
2.308516799612192472e-02
2.330992176044333064e-02
2.405234030553060620e-02
2.473831428952166789e-02
2.501451063228188332e-02
2.530866245319174368e-02
2.533264118653733021e-02
2.561803617357583107e-02
2.618532956321217853e-02
2.653235775697027066e-02
2.687149499775642880e-02
2.717412225187842978e-02
2.758180581646740848e-02
2.774092663756988486e-02
2.793110769274420591e-02
2.847776251870470787e-02
2.914515971799858107e-02
2.972191997235285044e-02
3.049092326711644318e-02
3.116243768054971497e-02
3.146030980805392119e-02
3.144208498378020522e-02
3.164154549008202366e-02
3.175993346314953669e-02
3.229274286901784308e-02
3.260401767087017788e-02
3.251973295315480073e-02
3.304763030521939982e-02
3.331322743795084307e-02
3.392828352519927648e-02
3.443584408149291676e-02
3.485644371794904828e-02
3.522616738540307324e-02
3.559500036678997503e-02
3.579755250082428120e-02
3.634960369460316087e-02
3.693006995736425324e-02
3.799791098773397380e-02
3.892618905734224199e-02
3.994064704181710113e-02
4.047259724654139745e-02
4.089871570852210425e-02
4.095223463446728829e-02
4.146166248342098015e-02
4.199684742241771573e-02
4.255799892148814934e-02
4.300371295357763302e-02
4.304773161274511040e-02
4.311226731070405549e-02
4.324069439765310108e-02
4.354314521311408726e-02
4.375353365960421570e-02
4.416890251338401185e-02
4.491240624229675404e-02
4.584783957842830660e-02
4.659830305959644647e-02
4.738304915451863053e-02
4.845055061286984710e-02
4.900581782909085860e-02
4.973919750637634252e-02
5.011013774780082031e-02
5.059956300304691013e-02
5.131519806448636700e-02
5.188777030051028305e-02
5.246702391047364245e-02
5.289711548457631807e-02
5.318435503600227321e-02
5.326775180538589893e-02
5.305681539071116504e-02
5.293532845045945123e-02
5.315486049090623055e-02
5.310797490228935658e-02
5.321567291451145820e-02
5.333769515647901471e-02
5.334525490018648952e-02
5.329558988186278157e-02
5.348270985113146025e-02
5.337004403715184253e-02
5.328628457121453721e-02
5.388603638682809560e-02
5.474767037491545807e-02
5.511553198774521434e-02
5.494996616750569274e-02
5.479185116206508610e-02
5.433884148254719548e-02
5.408619471698727921e-02
5.407793909262181842e-02
5.433175913718457650e-02
5.427992135202686086e-02
5.384577596647233122e-02
5.354924645756398149e-02
5.389320425249621849e-02
5.402375469422793230e-02
5.416370025787387021e-02
5.443696345276549664e-02
5.512587112532685296e-02
5.567642384229998243e-02
5.628838590563134403e-02
5.687893604672211723e-02
5.709379110481194175e-02
5.755229269608719278e-02
5.818627621270167083e-02
5.919832156072857288e-02
5.992311458187771223e-02
6.039139828250483788e-02
6.078908465386945181e-02
6.110381201383319194e-02
6.149596339763974129e-02
