0.000000000000000000e+00
-3.286433814515235703e-04
-2.728343652742382108e-03
3.063871406315789520e-04
6.222620786825484862e-03
-4.831713780941828199e-04
1.808489261883656617e-03
1.340561239889196711e-03
4.188424391301939255e-03
3.883274945008310247e-03
-1.094866773196675851e-03
5.069518000232686554e-03
3.229107065285318542e-03
5.581718397961218936e-03
5.582898561905817215e-03
7.796618999800553930e-03
3.736329643911357433e-03
6.268063698060942100e-04
-1.270808113019390511e-03
1.360505735878116389e-03
8.398518334626039116e-05
1.830226991966759070e-03
2.349164525540166013e-03
3.326394579578947214e-03
4.635057130614958672e-03
6.955017327634349308e-03
6.191149954770083265e-03
5.141193392465374067e-03
4.730854308121883525e-03
7.854987372764542231e-03
1.181164152236011122e-02
1.283637449171191186e-02
8.179949186559556593e-03
8.959549422360111107e-03
1.243825059803878134e-02
1.028611039739612230e-02
1.319817597627700838e-02
1.088826047329639890e-02
1.034715177028254843e-02
1.045603439937950116e-02
1.418177413284210479e-02
1.529907815521329602e-02
1.221294132126315816e-02
1.178682162862049881e-02
1.338543563643213377e-02
1.405617873956786779e-02
1.332966806394459899e-02
1.197525289542382236e-02
1.522899192901938994e-02
1.640313167055955715e-02
2.102650802613850387e-02
2.061463280415512522e-02
2.317664209355124738e-02
2.407616578042105424e-02
1.886122693365097081e-02
2.014441763208864311e-02
2.083833838390027754e-02
2.060359974301385205e-02
1.746431653359556760e-02
2.057323407116897623e-02
2.170190561224376660e-02
2.228443935424930661e-02
2.281075172621606709e-02
2.639499727281994362e-02
2.744466108271468099e-02
2.590318221757340750e-02
2.828291884703601142e-02
2.526432517634348909e-02
2.932211611468144019e-02
2.889043458568420902e-02
2.458436739193351969e-02
2.717279153270914238e-02
3.068415321782825417e-02
2.759634135603324101e-02
2.747713517048199286e-02
3.194464353142382335e-02
2.906996327266481855e-02
3.006991059793905768e-02
2.917368383950138394e-02
2.743261060640443325e-02
2.658599548363434900e-02
2.363411892240443318e-02
3.020498037216620343e-02
3.096020227044875284e-02
2.726209568018836404e-02
2.733797711606648223e-02
3.515056156827700562e-02
3.219063862925207464e-02
3.174442602786703427e-02
3.960602855310803305e-02
3.853999297238781124e-02
4.142968824440997067e-02
4.527287628632686856e-02
4.707364973438227240e-02
4.194869388903046947e-02
4.457634857170083426e-02
4.466683295058171410e-02
4.530165039995567855e-02
4.434873801049307729e-02
4.715834333173406917e-02
5.107234440488642863e-02
4.654228036198337914e-02
4.479826449611080258e-02
5.193500079843767214e-02
4.833833525437119388e-02
4.656425872468698129e-02
4.943719722484210544e-02
4.699744737977839398e-02
5.026308771643213380e-02
5.432561232033240872e-02
4.983919061377285048e-02
5.008253397045983601e-02
4.889037416456509799e-02
4.894558453524653491e-02
5.032972373202215799e-02
5.732276179959002599e-02
5.536322813144598648e-02
5.443752229278670668e-02
5.296186266154016831e-02
5.088294428576177475e-02
5.550368939452631628e-02
5.494854108376731605e-02
6.087138589786149356e-02
5.987766013505817220e-02
6.554312313559003400e-02
6.928295193955678888e-02
6.606911855266482669e-02
6.746310170352354252e-02
6.858190973891412079e-02
6.601681620764543457e-02
7.004317983463712038e-02
6.778168478850969680e-02
6.730364164708033115e-02
7.142459163079224738e-02
6.887765415167866612e-02
6.382183469157894085e-02
6.711247860914126839e-02
6.580812993019390100e-02
6.441888237116898119e-02
7.114176951619945177e-02
6.808462366368975283e-02
6.799248952090858333e-02
6.756896508073130525e-02
6.970524988685872225e-02
7.621468434965096572e-02
7.209745185851523797e-02
7.846331202744598332e-02
7.204590974241550927e-02
7.652243510295844708e-02
7.561016839177839288e-02
7.508916427565651142e-02
7.543541001828255044e-02
7.613262147891412812e-02
7.078346839595567319e-02
7.365536183188919894e-02
7.733723757621052686e-02
7.647685544481994113e-02
7.514461084979501271e-02
7.492610525920222198e-02
7.776169292804431532e-02
8.145741703554570945e-02
7.856692582580609985e-02
7.428865875984487499e-02
7.591240207489197145e-02
7.717755119069251435e-02
7.960953400405540448e-02
8.054398442059833296e-02
8.293584618407756626e-02
8.343584235034902374e-02
7.930497915787257379e-02
8.083952704281439916e-02
8.108757313741828121e-02
8.183906281145705841e-02
7.956752882408864302e-02
7.622398210835457100e-02
8.406381290883102597e-02
8.228029255761773464e-02
8.344775631763988455e-02
9.037299209316343451e-02
9.136805439029363485e-02
8.809404400022161075e-02
8.379377255890305132e-02
8.513301401886980146e-02
8.389659965162327149e-02
8.864591428055401678e-02
9.099293543740720469e-02
8.557436832418836847e-02
8.924648905863712123e-02
8.923397537532409829e-02
8.715286284158449415e-02
8.542463768866481733e-02
8.308971423506925080e-02
8.523790148075345574e-02
8.893230274982825978e-02
8.669718886874237807e-02
8.442258362135179883e-02
8.318774015598892624e-02
8.735055739198892277e-02
8.409696677526869169e-02
8.734677497677562075e-02
