0.000000000000000000e+00
-2.323328068598584650e-06
3.732370835507481388e-04
7.693214558841532380e-04
1.227955227335542077e-03
1.353153513790061879e-03
1.216254007950112737e-03
1.204210580098674654e-03
1.360965231576471979e-03
1.171784102055539734e-03
9.901537955130379487e-04
1.823811824877452636e-03
2.134215515091852922e-03
2.412512441395620044e-03
2.586014373193279425e-03
2.849184682482075459e-03
3.406642128055636931e-03
4.119498472910265718e-03
4.717626280218212287e-03
5.691624185423904692e-03
6.944911924229302258e-03
7.729081150401384548e-03
8.057921524006417258e-03
8.208893724649612977e-03
8.491120661986428786e-03
8.829585257451810776e-03
9.157031335440990460e-03
9.429247268251117475e-03
9.554967638038647237e-03
1.068664486039239137e-02
1.175032121199137691e-02
1.256533059451214740e-02
1.294767577319078100e-02
1.359209876022049457e-02
1.392755510961762866e-02
1.451078529982652299e-02
1.500632097054221958e-02
1.562684433420002961e-02
1.612870844473235366e-02
1.677356918202832503e-02
1.704051561586794605e-02
1.709634599772158481e-02
1.712692833930162806e-02
1.774420198297832485e-02
1.865867078471694640e-02
1.943477561965067935e-02
2.004177020318564928e-02
2.070378407545092614e-02
2.130282070871203359e-02
2.149523619678461728e-02
2.215213889572709149e-02
2.303775304206112651e-02
2.386894837746211806e-02
2.496138146707238548e-02
2.603847215209498245e-02
2.616793959749230680e-02
2.582011195772793144e-02
2.597683745309353753e-02
2.626145184751038641e-02
2.678867372120663504e-02
2.709379811668100047e-02
2.725227345659675393e-02
2.761473150864190984e-02
2.834850592427784477e-02
2.918828829152175786e-02
3.030922536346025709e-02
3.128635016180680850e-02
3.221595770088470090e-02
3.353656196469501083e-02
3.453528071010225631e-02
3.553465201053995770e-02
3.645695169246465639e-02
3.722238366709973434e-02
3.806397565262642502e-02
3.927558230460448385e-02
4.001570130315457163e-02
4.082128827497655266e-02
4.141965022913041139e-02
4.226677911770337914e-02
4.361076468284608154e-02
4.473813679493332529e-02
4.537232274068259130e-02
4.621048982311748432e-02
4.700135581065723045e-02
4.785408755765985234e-02
4.829953108382056826e-02
4.902025239629637099e-02
4.954726824015409647e-02
4.992001872614793001e-02
5.049239431488672381e-02
5.121802547785847537e-02
5.189675807100257998e-02
5.221313640850411275e-02
5.300178012846856745e-02
5.422324385903465327e-02
5.500807035979704551e-02
5.521934102738867978e-02
5.518899569570834274e-02
5.503631728620916874e-02
5.488852301241564646e-02
5.486402381739452494e-02
5.483411014496653024e-02
5.513218276207254576e-02
5.556969305257553060e-02
5.589240463051226016e-02
5.606868522535535249e-02
5.613386998427927210e-02
5.677515516590148081e-02
5.779552873663362789e-02
5.872806149072573589e-02
5.946516212144814517e-02
5.985413128731664756e-02
6.036167873987352550e-02
6.081915312943664276e-02
6.103763261801020690e-02
6.114361303052362473e-02
6.136664141511971593e-02
6.177592223567529572e-02
6.191241974101302503e-02
6.237355370011954392e-02
6.254155140841533012e-02
6.330815379018872591e-02
6.411848356094651535e-02
6.515867177806455857e-02
6.590672114914752910e-02
6.645018722828410773e-02
6.712730261434529666e-02
6.781675506821471799e-02
6.822980439169157307e-02
6.880321824592527946e-02
6.932627152716008823e-02
7.032486401593729397e-02
7.128308329068744342e-02
7.205230865928058392e-02
7.264116900098116503e-02
7.342374757225655912e-02
7.430243204285602587e-02
7.488661398388529733e-02
7.558767148188394458e-02
7.587051246048304165e-02
7.649950037641417566e-02
7.721524826886394521e-02
7.760715132900486424e-02
7.804434650887515090e-02
7.837524388546057708e-02
7.928778252446022634e-02
8.024518355905740918e-02
8.115796665443042457e-02
8.197740892540394952e-02
8.262686958849485563e-02
8.326085497999713425e-02
8.428933757733858556e-02
8.501807686727147484e-02
8.602536889069511972e-02
8.694245655620136404e-02
8.779142478000778738e-02
8.833276439003867608e-02
8.882961011650536420e-02
8.943549459270627722e-02
8.967419337254511902e-02
8.934662409017590790e-02
8.915418155318377558e-02
8.957039349589734911e-02
9.001730006060171263e-02
9.117758966290523404e-02
9.232894330985885745e-02
9.316768231467875694e-02
9.317959539454534479e-02
9.348955137562597884e-02
9.355000432373827834e-02
9.365401071828216573e-02
9.394637414234807693e-02
9.441781230884060960e-02
9.517574739027878650e-02
9.501555604386879850e-02
9.510059568081885573e-02
9.520112394859836513e-02
9.555164791763814947e-02
9.609319198488464053e-02
9.645685519698332655e-02
9.674142574956334784e-02
9.683202574958471587e-02
9.702994227964722995e-02
9.723972151293480692e-02
9.746773819983189924e-02
9.769813674169824935e-02
9.787298068417271679e-02
9.847000292148067047e-02
9.923796507594317973e-02
9.975921268194554159e-02
1.002278346897327310e-01
1.004388397035711478e-01
1.010468680919061057e-01
1.019712684528144564e-01
1.029303329466557670e-01
1.034098993871381822e-01
1.039936203877047660e-01
1.043639325676224416e-01
1.048347567578247208e-01
1.057372054292926578e-01
