0.000000000000000000e+00
3.688780027957250240e-04
8.058896763287748399e-04
1.509474668168309108e-03
2.366045591088550282e-03
3.233516951354431512e-03
4.029113839202125291e-03
5.002572437973640262e-03
6.255341910303968689e-03
7.310629643683341783e-03
8.371184371547712999e-03
9.496839682718416498e-03
1.092464238549695210e-02
1.243531660553287566e-02
1.327786597575908445e-02
1.394841450652961612e-02
1.460700506118683961e-02
1.526987233718557491e-02
1.545196170886953269e-02
1.587968344857415559e-02
1.630701096586761878e-02
1.644447691788286647e-02
1.653606749128755382e-02
1.688589055007128081e-02
1.756614461372407732e-02
1.835451715083280533e-02
1.878188542510628167e-02
1.922816463605414583e-02
1.973525406948795080e-02
2.058110976497573574e-02
2.167464371137839407e-02
2.270651200990414509e-02
2.369476206538223551e-02
2.475484222447477123e-02
2.578305349327081331e-02
2.679556516559955526e-02
2.779339988992290955e-02
2.870528396382354686e-02
2.923570157025778826e-02
2.953393185339336924e-02
2.991029077911377954e-02
3.011527614599174285e-02
3.019864018020967933e-02
3.030622361048074254e-02
3.056725071699872842e-02
3.144519723102945363e-02
3.191528027419110458e-02
3.255429787742514236e-02
3.332499556899648496e-02
3.375572739304999459e-02
3.361787490393908229e-02
3.395084226793443349e-02
3.421007962878519493e-02
3.444445368765514104e-02
3.480676243062674757e-02
3.447899452699942913e-02
3.369740746498450790e-02
3.346325412751127715e-02
3.339258290525037864e-02
3.356744678138312565e-02
3.416212482329683553e-02
3.483570434680416383e-02
3.538759795474533121e-02
3.624634172551566280e-02
3.745020191072967464e-02
3.916206022168466916e-02
4.038519209172619640e-02
4.144212275754455277e-02
4.262515364352026381e-02
4.344657128911677546e-02
4.424267814599858184e-02
4.516742263589179629e-02
4.551346143801282551e-02
4.570403962284075305e-02
4.607332453277734885e-02
4.671563873206707740e-02
4.791322369301553863e-02
4.854019934917630508e-02
4.930311853956226287e-02
5.013666603895927665e-02
5.135208072777430743e-02
5.230400436292370614e-02
5.324304093635134905e-02
5.406906846999959271e-02
5.483315778746344904e-02
5.538590256314535054e-02
5.631502549489653120e-02
5.704419561370599467e-02
5.754582580473766029e-02
5.800117266752380374e-02
5.872343980814065389e-02
5.966621663555571331e-02
6.040324654698991935e-02
6.141063290464643387e-02
6.274825758825386401e-02
6.392142667414191237e-02
6.481112239689679200e-02
6.586221021918703400e-02
6.656683780255434613e-02
6.752507226346438074e-02
6.883294844244858268e-02
7.025001576294442884e-02
7.223359466278367336e-02
7.403645431089955764e-02
7.590556439571116698e-02
7.788844641336112318e-02
7.936272351842887929e-02
8.119483170830221752e-02
8.362487611652369424e-02
8.586626633967853195e-02
8.801303574751528913e-02
8.934887787690826144e-02
9.084469337481948514e-02
9.206693429378987048e-02
9.323503819505418733e-02
9.462997835620967635e-02
9.630464465289634290e-02
9.845711354012109950e-02
9.950528498704613867e-02
1.010975102303035555e-01
1.025592879998029616e-01
1.043310981570400031e-01
1.062000252095813835e-01
1.085858092975016120e-01
1.108115975732815173e-01
1.129794459811819252e-01
1.156763462275023358e-01
1.183941976887155079e-01
1.206476516805778942e-01
1.230405234767886213e-01
1.250063557433449546e-01
1.272011438039513109e-01
1.294578471482097370e-01
1.316685452578738591e-01
1.333726059534185993e-01
1.350033189857668958e-01
1.370614327321391102e-01
1.388413180685574844e-01
1.412003400753505389e-01
1.434117722099017556e-01
1.456533742417249755e-01
1.480389041402219164e-01
1.500630616627134373e-01
1.518355098399695180e-01
1.536645620596743811e-01
1.560156281083635577e-01
1.584610895755105275e-01
1.611724917656331968e-01
1.636606528602300159e-01
1.659188711300458863e-01
1.683810175744611115e-01
1.705368369495374736e-01
1.725563581882312292e-01
1.745640491763040814e-01
1.765084314528237996e-01
1.783931105501679326e-01
1.801407892781838882e-01
1.816539018092626634e-01
1.833210644973064518e-01
1.847939237354552233e-01
1.860253320234832586e-01
1.870627520967644841e-01
1.902374993005722104e-01
1.930847216660254162e-01
1.957332840378072092e-01
1.985470004937681665e-01
2.008967549772293637e-01
2.044345160277245554e-01
2.107893501057347407e-01
2.157168419518740166e-01
2.197524260037653221e-01
2.240911143119319604e-01
2.278952760140313671e-01
2.316610550974473881e-01
2.356300707166099073e-01
2.397375191566410990e-01
2.438055383914772278e-01
2.497666657676305135e-01
2.568411796680507564e-01
2.622190334813794266e-01
2.669004273573634123e-01
2.706291086731766882e-01
2.745998318280342687e-01
2.791095479975851390e-01
2.834153290712890794e-01
2.875462940737278927e-01
2.911045266482048532e-01
2.948752319357055285e-01
2.984881645772503589e-01
3.022827021903395917e-01
3.066528364765304104e-01
3.101107820303283802e-01
3.136162349279771888e-01
3.174973512801670950e-01
3.217323548077217765e-01
3.259740510943203162e-01
3.301334774913442516e-01
3.338059708956748750e-01
3.374360129485509674e-01
3.415128544078882555e-01
