0.000000000000000000e+00
-1.100172752571815842e-05
-2.200345505143631685e-05
-3.300518257715447188e-05
-4.400691010287263369e-05
-5.500863762859079550e-05
5.687634514091999662e-07
5.614616453140919543e-05
1.117235656114091909e-04
1.673009666914091864e-04
2.228783677714091683e-04
4.330922584314091865e-04
6.433061490914092047e-04
8.535200397514091687e-04
1.063733930411409241e-03
1.273947821071409314e-03
9.807013092714093189e-04
6.874547974714093242e-04
3.942082856714093295e-04
1.009617738714093348e-04
-1.922847379285906599e-04
-1.206236672285906567e-04
-4.896259652859065339e-05
2.269847417140934988e-05
9.435954487140935315e-05
1.660206155714093429e-04
5.313800963514094065e-04
8.967395771314094158e-04
1.262099057911409425e-03
1.627458538691409435e-03
1.992818019471409227e-03
2.090688307371409409e-03
2.188558595271409592e-03
2.286428883171409774e-03
2.384299171071409956e-03
2.482169458971410139e-03
2.629232526451410253e-03
2.776295593931410368e-03
2.923358661411410483e-03
3.070421728891410598e-03
3.217484796371410712e-03
3.334542948871410499e-03
3.451601101371410286e-03
3.568659253871410073e-03
3.685717406371409859e-03
3.802775558871409646e-03
4.154808804651409157e-03
4.506842050431409535e-03
4.858875296211409914e-03
5.210908541991410292e-03
5.562941787771410670e-03
5.439003165291410313e-03
5.315064542811409956e-03
5.191125920331409599e-03
5.067187297851409242e-03
4.943248675371408885e-03
4.828027773431408688e-03
4.712806871491408492e-03
4.597585969551408296e-03
4.482365067611408099e-03
4.367144165671407903e-03
4.272697321291408189e-03
4.178250476911408474e-03
4.083803632531408760e-03
3.989356788151409046e-03
3.894909943771408898e-03
3.987257778951408711e-03
4.079605614131408958e-03
4.171953449311409205e-03
4.264301284491409452e-03
4.356649119671409699e-03
4.796488594971409607e-03
5.236328070271409514e-03
5.676167545571409422e-03
6.116007020871409329e-03
6.555846496171409236e-03
6.375988727351409105e-03
6.196130958531408973e-03
6.016273189711408842e-03
5.836415420891408710e-03
5.656557652071408579e-03
5.919351111211408785e-03
6.182144570351408991e-03
6.444938029491409197e-03
6.707731488631409403e-03
6.970524947771409609e-03
7.421467466411409662e-03
7.872409985051408848e-03
8.323352503691408902e-03
8.774295022331408955e-03
9.225237540971409009e-03
9.359572318571408867e-03
9.493907096171408724e-03
9.628241873771408582e-03
9.762576651371408440e-03
9.896911428971408298e-03
1.041855423413140871e-02
1.094019703929140913e-02
1.146183984445140955e-02
1.198348264961140996e-02
1.250512545477141038e-02
1.253727656941141036e-02
1.256942768405141034e-02
1.260157879869141032e-02
1.263372991333141029e-02
1.266588102797141027e-02
1.264621515071141095e-02
1.262654927345141162e-02
1.260688339619141229e-02
1.258721751893141297e-02
1.256755164167141364e-02
1.239725055715141383e-02
1.222694947263141402e-02
1.205664838811141421e-02
1.188634730359141439e-02
1.171604621907141458e-02
1.166901386855141373e-02
1.162198151803141288e-02
1.157494916751141203e-02
1.152791681699141119e-02
1.148088446647141034e-02
1.113899689703141092e-02
1.079710932759141151e-02
1.045522175815141210e-02
1.011333418871141268e-02
9.771446619271413267e-03
9.735647987211413362e-03
9.699849355151413458e-03
9.664050723091413553e-03
9.628252091031413648e-03
9.592453458971413743e-03
9.590211755451414494e-03
9.587970051931415244e-03
9.585728348411415994e-03
9.583486644891416745e-03
9.581244941371417495e-03
9.496720634591417770e-03
9.412196327811418045e-03
9.327672021031418320e-03
9.243147714251418595e-03
9.158623407471418870e-03
9.468929149871418288e-03
9.779234892271417706e-03
1.008954063467141712e-02
1.039984637707141654e-02
1.071015211947141596e-02
1.071833231649141523e-02
1.072651251351141449e-02
1.073469271053141376e-02
1.074287290755141303e-02
1.075105310457141229e-02
1.066060653931141279e-02
1.057015997405141329e-02
1.047971340879141379e-02
1.038926684353141429e-02
1.029882027827141479e-02
9.874200244871414456e-03
9.449580211471414123e-03
9.024960178071413791e-03
8.600340144671413459e-03
8.175720111271413126e-03
7.921951639891412419e-03
7.668183168511412580e-03
7.414414697131412740e-03
7.160646225751412901e-03
6.906877754371413061e-03
6.817029475131413004e-03
6.727181195891412946e-03
6.637332916651412888e-03
6.547484637411412831e-03
6.457636358171412773e-03
6.727936140011412519e-03
6.998235921851412265e-03
7.268535703691412012e-03
7.538835485531411758e-03
7.809135267371411504e-03
8.139937885911411805e-03
8.470740504451412106e-03
8.801543122991412407e-03
9.132345741531412708e-03
9.463148360071413009e-03
9.477516960901412324e-03
9.491885561731411639e-03
9.506254162561410953e-03
9.520622763391410268e-03
9.534991364221409582e-03
9.564926836335410285e-03
9.594862308449410987e-03
9.624797780563411689e-03
9.654733252677412392e-03
9.684668724791413094e-03
9.748202214067412316e-03
9.811735703343411538e-03
9.875269192619410760e-03
9.938802681895409982e-03
1.000233617117140920e-02
1.003331948717140973e-02
1.006430280317141025e-02
1.009528611917141078e-02
1.012626943517141130e-02
