-3.593214150754420189e-05
-1.802901953880109431e-04
-3.136412864961357627e-04
-3.067852354234901213e-04
-3.221335851719686616e-04
-4.024528948249894711e-04
-5.122359023062017513e-04
-6.630358089623200613e-04
-7.349918542374211938e-04
-3.496517400876086867e-04
-4.050701447866345006e-04
-4.455212060108237893e-04
-3.929311308965566241e-04
-1.768605319156790756e-04
4.924738337308554037e-05
1.868329855980732646e-04
4.928080129502632190e-04
9.094324790410723836e-04
1.238572064558240982e-03
1.639222855693844849e-03
2.019143410294077512e-03
2.648001684889322860e-03
2.921501071099896762e-03
3.733779799958369949e-03
4.237837271887201496e-03
5.235179584111904205e-03
6.219790153288329293e-03
6.753930586548051451e-03
7.561711758619082957e-03
7.902332460311356499e-03
8.976580067383110872e-03
9.986989049444616739e-03
1.096495308276246305e-02
1.176668749143772175e-02
1.269280375358761148e-02
1.377910549243210880e-02
1.428163821331907002e-02
1.522259901505407242e-02
1.638758624652325580e-02
1.747318560732225023e-02
1.863712656160032566e-02
1.934917356349075135e-02
2.059525628319391899e-02
2.129746109254426756e-02
2.146292973723262776e-02
2.237368026361963302e-02
2.312829254139359136e-02
2.424388670865340600e-02
2.521531970910473319e-02
2.619523685384450573e-02
2.705002540098888630e-02
2.797902921948747235e-02
2.915909546774742012e-02
3.058713417475189544e-02
3.144044516036359482e-02
3.097504985496613017e-02
3.167037207494871609e-02
3.225972451754444137e-02
3.369042801485733207e-02
3.427887717901256792e-02
3.573271475373474004e-02
3.762755694548758356e-02
3.922970781958667885e-02
4.029287843557938231e-02
4.169811442311299743e-02
4.328969673721161371e-02
4.454874728900648506e-02
4.583776585109688995e-02
4.732223808039037749e-02
4.836618631359357323e-02
4.975524052616009385e-02
5.102188406348062699e-02
5.264897741049878732e-02
5.446655416370305147e-02
5.581011924319767559e-02
5.702850690894223362e-02
5.886407120895142953e-02
6.052592448352811516e-02
6.212190367256198442e-02
6.329433099867287638e-02
6.438671606873214159e-02
6.567628253784363324e-02
6.728666269874850059e-02
6.761121055936314406e-02
6.941299313000115490e-02
7.101400457602125016e-02
7.201103889897098043e-02
7.301765259880710346e-02
7.440235848947196473e-02
7.535846195642648127e-02
7.659022325041320300e-02
7.796375116995335475e-02
7.966571679384060189e-02
8.093487620515560366e-02
8.233816965158524681e-02
8.378432541922364862e-02
8.591978204253081230e-02
8.768733864319244731e-02
8.947583723156071756e-02
9.136395456814483396e-02
9.360669928219778058e-02
9.445365245723280623e-02
9.578571752710729470e-02
9.665411586679084621e-02
9.952190372816005492e-02
1.014485547095631546e-01
1.034233238711479430e-01
1.055707982285412072e-01
1.072333324363015095e-01
1.090007750024710731e-01
1.109096330258907415e-01
1.127864761223662526e-01
1.146553820350391106e-01
1.166113355990319178e-01
1.185384471661521388e-01
1.207687708621278944e-01
1.226001261954081656e-01
1.240848216413183991e-01
1.260151486258251907e-01
1.277622180791126993e-01
1.293659727554157257e-01
1.301473736441636220e-01
1.313657198826518879e-01
1.330883339793089704e-01
1.349793109348738085e-01
1.366614746453080897e-01
1.384902821196547507e-01
1.400590917673554259e-01
1.419696171580895339e-01
1.432427287569026930e-01
1.451881644781991554e-01
1.464304812421417523e-01
1.481037065720585133e-01
1.500196219068214987e-01
1.509118579176629282e-01
1.518348312851358628e-01
1.539265725462541923e-01
1.551824239799586280e-01
1.565432874578576161e-01
1.573945187705589888e-01
1.579226018508848028e-01
1.592527249217638996e-01
1.605540819253192808e-01
1.616896330153707595e-01
1.622869476051533866e-01
1.634972563531817968e-01
1.658570178688947294e-01
1.666144006580907444e-01
1.684391089316008561e-01
1.700184450750867882e-01
1.716810067615810453e-01
1.729991071361780541e-01
1.749398107553830073e-01
1.763777705513334126e-01
1.782651073079932758e-01
1.793020208281390637e-01
1.802606375835793528e-01
1.814506544671417032e-01
1.839491763981655481e-01
1.851744366977996492e-01
1.883197640774127990e-01
1.898498971819151393e-01
1.914098651086177938e-01
1.919409004672303354e-01
1.940866419083988603e-01
1.959228596315583104e-01
1.972505711375447390e-01
1.998947399100927669e-01
2.015379731609741043e-01
2.030606998056967427e-01
2.032264108967538618e-01
2.047281386341168741e-01
2.063355973627807316e-01
2.079666640915505127e-01
2.100082689094477928e-01
2.117105501132243717e-01
2.133238100836507556e-01
2.156389189885956625e-01
2.178583685421102700e-01
2.193876400575334173e-01
2.214752679675768832e-01
2.229216870544377116e-01
2.243807837576596853e-01
2.261109327747092834e-01
2.286227173961208337e-01
2.301353322330044193e-01
2.316110705706861950e-01
2.334410905533559344e-01
2.347427616300166164e-01
2.373126833135401625e-01
2.391984299561471516e-01
2.402978345529618309e-01
2.415870533978790036e-01
2.433221651339039227e-01
2.452216575660202125e-01
2.470566445746626982e-01
2.498122866221450522e-01
2.514470810204159079e-01
2.530476048906962205e-01
2.552583570171549354e-01
