0.000000000000000000e+00
-2.128413591246537521e-04
7.703174925207756461e-04
4.676086717717451748e-03
8.269248367191135013e-03
2.420095965739612123e-03
6.162718250371190983e-03
2.470040253795013820e-03
5.045794667900276899e-03
8.813074559224377477e-03
3.226742505728531860e-03
-1.424131994238227042e-04
8.927980284421052973e-03
1.245756701351800541e-02
1.140860647131301982e-02
1.607585281315235606e-02
2.003699916663712055e-02
1.858924480937396151e-02
2.203833113113573550e-02
2.521745487473684225e-02
2.610257618383379427e-02
3.071604944113019361e-02
3.376981062324653504e-02
3.354553541096953057e-02
3.703189337065927733e-02
4.007180189963435030e-02
3.887130235940166462e-02
4.191400287710803085e-02
4.516253216354570305e-02
4.537385083937950370e-02
5.306119847946814266e-02
5.248650966173961513e-02
5.179942665198891683e-02
5.400212690245983355e-02
5.649755708649307345e-02
5.917444351840443068e-02
5.937181388874238075e-02
6.049498352333518292e-02
6.250323001084764907e-02
6.218953556186149895e-02
6.998355002860941199e-02
7.154884705492520203e-02
6.755702802089751102e-02
7.328027355180055658e-02
7.680064606443212649e-02
7.420818998219390339e-02
7.704751559525761795e-02
8.324978789149030389e-02
9.288766868046537117e-02
9.640220599727424011e-02
1.014569712362437676e-01
1.050956403991468169e-01
1.056881739078337906e-01
1.079581979251191121e-01
1.077156704487977901e-01
1.125169131310581744e-01
1.202207785871024920e-01
1.221910659974847629e-01
1.236522796078116382e-01
1.208543368391578887e-01
1.328043590378061023e-01
1.346195108201883595e-01
1.426935205937285289e-01
1.430763848025927987e-01
1.402101018716454262e-01
1.433070268824709059e-01
1.445987831948808977e-01
1.528670314145817166e-01
1.557252874790470976e-01
1.592681239933961268e-01
1.589890355881662110e-01
1.676216523105817091e-01
1.672745516872797822e-01
1.671133119804321387e-01
1.752375956267922530e-01
1.763764492876565004e-01
1.801718844145706322e-01
1.800770817538836499e-01
1.846288380356897463e-01
1.821615185960997196e-01
1.821756263031800438e-01
1.848982329974404315e-01
1.852853182569750567e-01
1.917544236212853082e-01
1.883786026759667609e-01
1.931872539189695426e-01
2.001563726216398775e-01
2.000369927213296317e-01
1.996973579143268562e-01
1.983843822500276910e-01
2.027088217561218708e-01
1.973166084664819964e-01
2.056690246492631491e-01
2.142785769110581717e-01
2.117107439098171728e-01
2.142866645271800652e-01
2.139083762504930819e-01
2.233322466396232553e-01
2.226751203739169016e-01
2.321168344307590059e-01
2.280605173899833693e-01
2.207192447886094089e-01
2.237403920141828317e-01
2.296645672361108115e-01
2.317646560683878088e-01
2.347612409248975018e-01
2.378015593971080366e-01
2.409195425137617697e-01
2.473327942282105285e-01
2.445044057667922488e-01
2.476037802875457050e-01
2.461277315579944724e-01
2.484351564884653696e-01
2.444192721871689677e-01
2.498010736210083127e-01
2.579483768932077647e-01
2.562321487287534394e-01
2.607018808810637189e-01
2.610178272623047135e-01
2.617486680272465560e-01
2.630639304487756291e-01
2.650095471824598370e-01
2.720927515007645625e-01
2.675780143128753674e-01
2.782424896039667472e-01
2.801919016367201976e-01
2.817093574570969650e-01
2.837442250806869737e-01
2.803120701726093955e-01
2.879811626507257638e-01
2.899146529174847498e-01
2.912072465845207958e-01
2.885285749611745110e-01
2.952280206592908796e-01
3.033654571759002994e-01
3.015381717867700595e-01
3.026533631132077296e-01
3.101154461113684313e-01
3.033749676712908516e-01
3.074696049626371441e-01
3.083298841716675676e-01
3.096060249016066579e-01
3.138250890240997237e-01
3.129886684490304494e-01
3.142503920472465295e-01
3.149080777201662129e-01
3.135769753502271606e-01
3.193567401613961465e-01
3.264651969643435070e-01
3.299689661781163297e-01
3.316384642611855949e-01
3.311789130224487288e-01
3.270523503527091314e-01
3.313539958389252194e-01
3.326788268068254784e-01
3.415083045034016385e-01
3.345486715327202210e-01
3.414922826934514988e-01
3.397050786426149549e-01
3.423701397236010857e-01
3.396456005650083099e-01
3.448771389238892149e-01
3.462334534152576304e-01
3.515469373686537224e-01
3.507884540203213275e-01
3.568897534369972480e-01
3.550590017574847823e-01
3.524041881578615087e-01
3.532171269400443125e-01
3.540512062226814360e-01
3.614681751864376458e-01
3.630329288027257517e-01
3.619178458491301709e-01
3.634882030380831019e-01
3.668297826642880621e-01
3.597201519930304792e-01
3.628129903496509767e-01
3.647389104258725867e-01
3.675849383304598539e-01
3.683331616665262986e-01
3.702468344542603762e-01
3.685625979466370938e-01
3.722257101457174255e-01
3.753379362002327024e-01
3.792292713718227182e-01
3.823721074946925258e-01
3.810389067684653575e-01
3.858318392752576043e-01
3.858419877973517931e-01
3.849701385565207912e-01
3.888282541302382489e-01
3.943455037892409920e-01
3.972972046268365420e-01
3.975380871083213363e-01
3.988858641363324242e-01
4.007058965860720301e-01
4.046975352053961417e-01
4.035850312617396130e-01
4.087714046805872581e-01
4.089956504333517873e-01
