-5.075692520506436267e-06
-4.240432721758224943e-05
-8.484949103149119765e-05
-1.136055332864316370e-04
-1.366151113231239833e-04
-1.524184512433635064e-04
-1.797958510181274505e-04
-2.286263918023223596e-04
-2.376948894067254514e-04
-2.064747306533831761e-04
-1.899395403341941346e-04
-1.726720243127033427e-04
-1.111866823109153302e-04
-8.445535634393763758e-06
1.286890260630002558e-04
2.866747984313633424e-04
1.505888354458306821e-04
2.729232680778181930e-04
4.058887034332769872e-04
5.972607120128259339e-04
8.381091137579232964e-04
1.152048474025946234e-03
1.313598743607258257e-03
1.639473739565744381e-03
1.888771503722352918e-03
2.116510124295700734e-03
2.348214332776876745e-03
2.555948590782008978e-03
2.814828580653738754e-03
3.000305562039784490e-03
3.228457646457627561e-03
3.431447708493351456e-03
3.644870822604673322e-03
3.823173913829691628e-03
3.967058087326336135e-03
4.137412991681799213e-03
4.156818850901800033e-03
4.000651564361135115e-03
4.125268673519144613e-03
4.295223007652282377e-03
4.406241561106583049e-03
4.559012987080279800e-03
4.761272015450401796e-03
4.889769943652311213e-03
4.765081210429400471e-03
4.700121165164716786e-03
4.772436682259240115e-03
4.873229552920577135e-03
4.870521317585030374e-03
4.858262440016858363e-03
4.904135423068112232e-03
4.977342148912100583e-03
4.906547361748891944e-03
5.068833316414611545e-03
5.263488808012084519e-03
5.099152806877782496e-03
5.120871279991945357e-03
5.113533389504709703e-03
5.117528309064311998e-03
5.159794678974094495e-03
5.144753356368880759e-03
5.355309340430380871e-03
5.520660413750988482e-03
5.663781406418877395e-03
5.672150752019433639e-03
5.624985923113001718e-03
5.664973530734584983e-03
5.707147792904265771e-03
5.666570621620792281e-03
5.570984783581423017e-03
5.559509846200683114e-03
5.474880808833404444e-03
5.580592267754980185e-03
5.616412337211329486e-03
5.755139758633731617e-03
5.748295661724966976e-03
5.954670918505655663e-03
6.076521192639461333e-03
5.996801679806651464e-03
5.951307207979539271e-03
5.781482310425190008e-03
5.801705153650971170e-03
5.936761781882182731e-03
5.728801858033705230e-03
5.889619352451802570e-03
6.063483879330533455e-03
6.141639465816695065e-03
6.111707691559331579e-03
6.073822637176817807e-03
6.126267199071833147e-03
6.139790612571971451e-03
6.088534412228341353e-03
6.100101781576938720e-03
6.013044978573134358e-03
5.963778092336724512e-03
6.031233421637693937e-03
6.345176777344363472e-03
6.734389492841330593e-03
7.079106155785552801e-03
7.248246812991965271e-03
7.434189126705348372e-03
7.362469837055130029e-03
7.436644460412367152e-03
7.454670941299923470e-03
8.074341266926410299e-03
8.309733926495255218e-03
8.461855858634237393e-03
8.609386582691058720e-03
8.737565881119735423e-03
9.028088882558904515e-03
9.089031203210140575e-03
9.340583058197182709e-03
9.290973772863253544e-03
9.316682533906828212e-03
9.532178196124618808e-03
9.726066176632741644e-03
9.915354301774925716e-03
9.936517855493320894e-03
1.015501165468180034e-02
1.020084620489569716e-02
1.010594263853903385e-02
1.007505506606065637e-02
1.020990016604628181e-02
1.041228608713140602e-02
1.085295396369900800e-02
1.109472035228975528e-02
1.138062595347832939e-02
1.161634347736395512e-02
1.194992528363059137e-02
1.217816977795393996e-02
1.264788739808153650e-02
1.294064697374608386e-02
1.316615793691511271e-02
1.323076793442368171e-02
1.319947928192988229e-02
1.333353490419852960e-02
1.374730602837814786e-02
1.399382588774500391e-02
1.428321230975626577e-02
1.443477594924758023e-02
1.438921659538294762e-02
1.451180612461655528e-02
1.467225723904874712e-02
1.482530462507014590e-02
1.480554792168220501e-02
1.477487324979875893e-02
1.499451740193791238e-02
1.478325666870006216e-02
1.475307125190283841e-02
1.479149852271177679e-02
1.491118205210995029e-02
1.476161304483269987e-02
1.500851011876846997e-02
1.508108996609536234e-02
1.515112969032372803e-02
1.502560409239350747e-02
1.469319272117530772e-02
1.471973470665943751e-02
1.482492227210485680e-02
1.483990326098449941e-02
1.509406404474589181e-02
1.498995965938831887e-02
1.463843954532251246e-02
1.455662733405915787e-02
1.444332622706667735e-02
1.441811129683401305e-02
1.411352402868004674e-02
1.433238972251871246e-02
1.455968123505613221e-02
1.461244130989314272e-02
1.415283037415093759e-02
1.423054263894840687e-02
1.422832301898324658e-02
1.403139992054036611e-02
1.399619473431101824e-02
1.381029917517651029e-02
1.390512569174973123e-02
1.402200398482733590e-02
1.398880638986099711e-02
1.378997933532843945e-02
1.364970885562399872e-02
1.358602800247865616e-02
1.359231883188272150e-02
1.364631019760054187e-02
1.378971282586149982e-02
1.377092547406277845e-02
1.366252320070771020e-02
1.363602694781462787e-02
1.335117975450117456e-02
1.347144124796528786e-02
1.340961596204692796e-02
1.326172962750860052e-02
1.334891582426678269e-02
1.340623352807313040e-02
1.348169552730382748e-02
1.365799087990637872e-02
1.381603977878853584e-02
1.386743822281744087e-02
1.400197226512034376e-02
1.430661058387272533e-02
