0.000000000000000000e+00
-1.409289423554570785e-02
-8.987151004332409945e-03
-5.971730511202215722e-03
-6.303256058537396421e-03
-1.496745657618836489e-02
-1.062735121386149464e-02
-1.952746645967867040e-02
-1.584780295828255164e-02
-1.171696364022160701e-02
-2.802978520195014214e-02
-3.243334379342936030e-02
-1.485317858757894717e-02
-6.305099392941828154e-03
-1.761553464950692607e-02
-6.234549877916898721e-03
8.097312950947368332e-03
-6.827186400797784563e-03
-3.719026242814404276e-03
2.630166282925208189e-03
-9.898140554781163433e-03
1.569085128343490794e-03
8.855496002747922576e-03
1.859130713818282765e-02
1.873767234886426769e-02
2.292827772490858493e-02
1.982247225596675891e-02
2.800142662976176991e-02
1.985658611944598334e-02
2.020421020496399045e-02
3.148149951562326937e-02
3.039629339218836990e-02
3.673500361806093795e-02
3.052578330640443038e-02
5.008310769340720142e-02
5.031038591385042502e-02
4.999430822281440701e-02
5.145065116692520979e-02
5.710767419181163318e-02
5.226174947611079979e-02
6.057159978950692886e-02
6.077379710272575591e-02
5.805597040938504511e-02
6.590578629392797316e-02
8.650062980080887309e-02
8.208776393322991805e-02
7.304284896734625221e-02
8.169004527449306996e-02
7.870995697426037829e-02
8.963485652484211308e-02
1.040566839549695172e-01
9.352852399750692658e-02
8.908902458173960370e-02
1.053016987563545753e-01
1.057489580054293693e-01
1.017324452502049864e-01
1.180329851135733937e-01
1.087713019508365631e-01
1.158274302997451405e-01
1.161695639728199392e-01
1.197122580689529148e-01
1.212392382331745067e-01
1.222325396651523371e-01
1.244359477084099747e-01
1.384890557199556782e-01
1.327000213691302000e-01
1.360967070848088656e-01
1.416500487299279798e-01
1.418192882462382121e-01
1.366570678732631494e-01
1.455642748879557025e-01
1.458298563042326745e-01
1.521909887793241045e-01
1.536142429243989027e-01
1.678009103866149598e-01
1.929200098818393272e-01
1.901583972528642641e-01
1.940066432184820167e-01
2.010229860409307456e-01
2.123171341789251987e-01
2.106652100212077494e-01
2.227527925471136094e-01
2.281521097957894817e-01
2.281935911650526116e-01
2.371647258761773180e-01
2.416938261755346151e-01
2.418952426846980863e-01
2.387157642579834094e-01
2.448961746574072063e-01
2.471916788457839131e-01
2.538680502528974925e-01
2.537163819038448787e-01
2.567099870983268750e-01
2.636532682000221617e-01
2.778343580955124903e-01
2.736139111737174723e-01
2.852980590480886369e-01
2.908411704965761513e-01
2.890393487908698433e-01
2.814569589822382145e-01
3.049249114611191080e-01
3.141772372394127655e-01
3.180741457774847736e-01
3.137643406010304781e-01
3.239181509329528974e-01
3.280993893354681168e-01
3.286569714134404130e-01
3.239165283433684261e-01
3.346221385252188263e-01
3.452438489237340535e-01
3.435585754456398355e-01
3.556241669572520747e-01
3.627445675109363110e-01
3.658977722748033568e-01
3.525809869418282116e-01
3.703241224739611814e-01
3.804234700488199339e-01
3.838491836225152443e-01
3.789843288636565166e-01
3.853327058490083057e-01
3.934955025156454123e-01
3.862970036699058252e-01
3.974001697579280235e-01
4.144212862021052768e-01
4.232304171911689394e-01
4.281250001664930749e-01
4.238292141826592307e-01
4.321449110169972574e-01
4.393508037976398550e-01
4.505339424872243925e-01
4.372379407762659875e-01
4.614275290520221673e-01
4.649040407705373190e-01
4.728322386761661944e-01
4.736704511652631289e-01
4.880657608340830955e-01
4.824684184324654068e-01
4.968038507175734364e-01
4.892639935456842282e-01
4.940012608689307583e-01
5.035397109035457675e-01
5.054949892360000030e-01
5.105606272252631861e-01
5.108499979997229712e-01
5.210443448707479108e-01
5.300066083649972448e-01
5.354977996276787389e-01
5.338969356102604147e-01
5.297711229110027009e-01
5.489445689120000527e-01
5.406053180545706827e-01
5.495271634657395987e-01
5.540849759774404415e-01
5.481917319478116779e-01
5.488176080071357488e-01
5.647847190828144681e-01
5.683036837185595491e-01
5.802403697184931319e-01
5.798345089762769744e-01
5.786280158939722806e-01
5.976208894505706803e-01
5.869842050906592945e-01
5.948677773940166391e-01
5.987082158205428994e-01
5.972058267492188488e-01
5.973325044661162986e-01
6.070345529597562795e-01
6.098972513552022301e-01
5.959792814227257152e-01
6.031854233781052121e-01
6.180307706780386878e-01
6.125412231418503328e-01
6.144069196328643123e-01
6.283272356652520596e-01
6.372455625322770434e-01
6.618040439477229642e-01
6.516845272074016648e-01
6.666134689043101691e-01
6.593037202948809350e-01
6.528765043881219476e-01
6.744017013743711653e-01
6.815364637170303608e-01
6.802701219450414394e-01
6.928444420894848133e-01
7.009442213049085213e-01
6.977058700905817146e-01
7.090912328091525385e-01
7.207563170992908885e-01
7.212984575835235113e-01
7.220224123230580826e-01
7.245411958493295224e-01
7.211376022730858759e-01
7.393266650356786762e-01
7.325079344543712345e-01
7.585713673072687069e-01
7.692629514234570198e-01
7.605497762311357324e-01
7.494236331966205311e-01
7.575026598843878078e-01
7.702292037837008554e-01
