0.000000000000000000e+00
5.893364201625672649e-05
1.872770490010111644e-04
3.983644126321905787e-04
6.046237134711418548e-04
8.806510963026425998e-04
1.190925192254610465e-03
1.505092764652715687e-03
1.852957717197512011e-03
2.265613429450752392e-03
2.682079699226846969e-03
3.157702201875167702e-03
3.506980873289933243e-03
3.906234234449357245e-03
4.279723631093190761e-03
4.811018562151048172e-03
5.380718781331950140e-03
5.687984363284215306e-03
6.060435538849162640e-03
6.721259812209723350e-03
7.031108831007770732e-03
7.684901808154620539e-03
8.105702883675292014e-03
8.613105599138748403e-03
9.132058695747957699e-03
9.724523417887098731e-03
1.027091165383353655e-02
1.088910833692580127e-02
1.154785595584684188e-02
1.202726915089868953e-02
1.260420137831630427e-02
1.317474943377305863e-02
1.390056301136866068e-02
1.450548781758698169e-02
1.518563857855070864e-02
1.562088295489871825e-02
1.619214267835644705e-02
1.677640190948892496e-02
1.746120756563129817e-02
1.811515309965017195e-02
1.871579984366888993e-02
1.927996256108599482e-02
2.006928644878058776e-02
2.055445298746150229e-02
2.129406339474826382e-02
2.204523102344779772e-02
2.255743725319092619e-02
2.316544294189526454e-02
2.382745117593998430e-02
2.454300084304605889e-02
2.527341765936341744e-02
2.604638007685622370e-02
2.664350827691919221e-02
2.728651473107390757e-02
2.801990588680070005e-02
2.859617027442595827e-02
2.934858892588465551e-02
3.005290654941461526e-02
3.089504403496334817e-02
3.169016795420986909e-02
3.233060407323762320e-02
3.304487675001155367e-02
3.389092610660782157e-02
3.469505396746086490e-02
3.531282118174772222e-02
3.599423737779972043e-02
3.685890656480950156e-02
3.758609773523602371e-02
3.832166863355723763e-02
3.894898486289832817e-02
3.958149504865104973e-02
4.043047393896159747e-02
4.124198299771819620e-02
4.238772639001808784e-02
4.330532109015194919e-02
4.403216542437604630e-02
4.473217242339444510e-02
4.563245416650829611e-02
4.632616126171740234e-02
4.720431970341110173e-02
4.804786644334058110e-02
4.895546669615669089e-02
4.994616803357843082e-02
5.088791375873569223e-02
5.167794763072208752e-02
5.282287418831543846e-02
5.374132309395918128e-02
5.413472259029106226e-02
5.510236731298334689e-02
5.585325825005327260e-02
5.682068325425149169e-02
5.783167243085074460e-02
5.878091146193753502e-02
5.985622574807081264e-02
6.065156616464406625e-02
6.164725968361750574e-02
6.266354960496300919e-02
6.359111998918365316e-02
6.430094839478073254e-02
6.501662546523334640e-02
6.587796918505972599e-02
6.651703962258181946e-02
6.735764093197360580e-02
6.831467705612226382e-02
6.908542793279082161e-02
6.995249287636085000e-02
7.076286430889666690e-02
7.159419434521652192e-02
7.233116627367763840e-02
7.332169390974030421e-02
7.427768948987534259e-02
7.504349587075154204e-02
7.586822839662943352e-02
7.676472051112881445e-02
7.757171265927098602e-02
7.846050218194022818e-02
7.949337609836248930e-02
8.023951940477758171e-02
8.102875769093031977e-02
8.189961862056804875e-02
8.283189878940788731e-02
8.354738320412735675e-02
8.441248474157703185e-02
8.530575731355583002e-02
8.605619573975786807e-02
8.680809510636322557e-02
8.779078808424145564e-02
8.874471076731538233e-02
8.929349257972774012e-02
9.008243166845630867e-02
9.109863790553163199e-02
9.201377647300290619e-02
9.278375306341501982e-02
9.356190482240833717e-02
9.436466412338972987e-02
9.499272857310359086e-02
9.617645609235125903e-02
9.655988814999005854e-02
9.774710454726687203e-02
9.880438101207289492e-02
9.977227136739230673e-02
1.004996091036147732e-01
1.014851470957651713e-01
1.024927554620731485e-01
1.031403528564425187e-01
1.043015433839258321e-01
1.052062440880661143e-01
1.058579494259177523e-01
1.070904300980615176e-01
1.080504414536136437e-01
1.089918613565075134e-01
1.100069785452362225e-01
1.108177603098781105e-01
1.117117401946785549e-01
1.127115295065124201e-01
1.135269143659911606e-01
1.143560927999658361e-01
1.153153679051683866e-01
1.163720597505246701e-01
1.173979959902951009e-01
1.184461762911084293e-01
1.193174190663128797e-01
1.201836419634929598e-01
1.212231495620201827e-01
1.221869013248166880e-01
1.232798394108769457e-01
1.241783306120538555e-01
1.250845582384343402e-01
1.262041207381372487e-01
1.272140884230594793e-01
1.283379549117782403e-01
1.294894663532772938e-01
1.302983432084587889e-01
1.317737876656579488e-01
1.326160447968476319e-01
1.336744380082066641e-01
1.347278727585390357e-01
1.357252305709053530e-01
1.366444723882054291e-01
1.378943360698698939e-01
1.393293718735648667e-01
1.403434134380745490e-01
1.415649419670401699e-01
1.427616563183562448e-01
1.439408246412696712e-01
1.451883423570308196e-01
1.463781511591406570e-01
1.475019841694731326e-01
1.487101128929069205e-01
1.499704923393494482e-01
1.513782207239984245e-01
1.526737412754570755e-01
1.540087287628537638e-01
1.550076928881054528e-01
1.564836978730710371e-01
1.575754864892715545e-01
1.586954602042069951e-01
1.600845580898493381e-01
1.611765925665551435e-01
1.624964149474976693e-01
