0.000000000000000000e+00
-4.219989934736842127e-04
1.744710471013850329e-03
3.005963530360110814e-03
2.684486712476454387e-03
2.485258321972299254e-03
1.123323709379501351e-02
1.330920451429362834e-02
9.077438227268698825e-03
9.025788306038780989e-03
9.884605012398892110e-03
9.948310019512464700e-03
8.662886549196675834e-03
9.973539514116343263e-03
1.068257468616066498e-02
1.561705641375069238e-02
1.586847044970637194e-02
1.357685768929639894e-02
1.411835156178393308e-02
1.318913267798337875e-02
1.626212078818836670e-02
1.990778244567312921e-02
1.810659788791135760e-02
1.929980367421606571e-02
2.146721557127977825e-02
2.001018299667589942e-02
1.729089285654293595e-02
1.777802408623822827e-02
2.078503236310249441e-02
1.821706297077008152e-02
2.147558826960664982e-02
1.967909317190027693e-02
1.938316216935179886e-02
2.262368600267036095e-02
2.065850148427700664e-02
2.329429219934625941e-02
2.106497323766205049e-02
2.432727176537395966e-02
2.411881221289750854e-02
3.004695651018282621e-02
2.935364945590027835e-02
2.677905282017728483e-02
2.381048783133517949e-02
2.594732045325207764e-02
2.150186658462049927e-02
2.643987935657617777e-02
2.381018090014404287e-02
3.165649301955678757e-02
3.077293672930747973e-02
3.342746203218836809e-02
2.858941973085872557e-02
2.717229059820498727e-02
2.961327415084764533e-02
2.784099904973961342e-02
2.915881830818836673e-02
2.735777115823822755e-02
2.893437493344044181e-02
3.516179518567313228e-02
3.214939240210526461e-02
3.250716690945152504e-02
3.147798215858171877e-02
2.942852063297506787e-02
2.941392731313019482e-02
2.497649712036565176e-02
2.913118977072576277e-02
2.849218281490304566e-02
2.384840641204432135e-02
2.292942696497506788e-02
2.604357716500831088e-02
2.436284013647645533e-02
2.450210145120221630e-02
2.898038362767867138e-02
2.909262914602770214e-02
2.919373502626038813e-02
2.623849316620498542e-02
3.235233306334626274e-02
3.178334411073684140e-02
2.976799980681440333e-02
3.020639015582271547e-02
2.960060868152908711e-02
2.961260485124653577e-02
2.848828741030470790e-02
2.677507962684764695e-02
2.557946641636565238e-02
3.185146968503047016e-02
3.028053786714681589e-02
2.872976835308587232e-02
2.760257671562326917e-02
2.734390215164542864e-02
2.567586786427700912e-02
2.771789409870360071e-02
3.087145587668697899e-02
3.142610614585041734e-02
3.246945513556786372e-02
3.108066438286980621e-02
3.117268452668144063e-02
2.846623501767312978e-02
2.918009336528532005e-02
2.586962713920221493e-02
2.522214233077008441e-02
3.016150616494182868e-02
2.869814160362326935e-02
2.727511943080332402e-02
2.644005694660387859e-02
2.982305481427146784e-02
2.851958233833794959e-02
3.240279105094737155e-02
2.837165222171745063e-02
2.699403478710249438e-02
3.171574502921883920e-02
2.529889076006648294e-02
2.907196191311911190e-02
2.786530877829362929e-02
2.709255364555124626e-02
2.469511603807202083e-02
2.494819468785595615e-02
2.891927113451523562e-02
2.635570166292520652e-02
2.912200829831579005e-02
2.584509150115235285e-02
2.514374754237119064e-02
2.464199988938504254e-02
2.545157016279224471e-02
2.699705137740720379e-02
2.559835785478116466e-02
3.146248742403324333e-02
2.131713989439335336e-02
2.473664503181163474e-02
2.421004099566758869e-02
2.479651869416066648e-02
2.765511906874238215e-02
2.642946252144044370e-02
2.789944897920221614e-02
2.845112226066481842e-02
2.976928581852631567e-02
2.933547334145152410e-02
2.945403555985595667e-02
3.202033984503047104e-02
3.340762659428254955e-02
3.306134601409418255e-02
2.930855992392243647e-02
3.076111442726869871e-02
3.117119864617174524e-02
2.882093580077562181e-02
3.224747342137396222e-02
3.345284456131855655e-02
3.757533726811080471e-02
3.368152801427146820e-02
2.931254003608864400e-02
2.962857253350692499e-02
3.490713092149584640e-02
3.528738481007202138e-02
3.222950196759002961e-02
2.882001697211080196e-02
2.664668365156786650e-02
2.623435628341274153e-02
3.217884793512465480e-02
3.008488123985595536e-02
2.944723082414404600e-02
3.448621022209417963e-02
2.960774159839335215e-02
2.828044317136842178e-02
3.127467518140720354e-02
3.301312852340166498e-02
3.316972440448753140e-02
3.105239209321883700e-02
3.417887732713573157e-02
3.119309702465374035e-02
3.240413078770083138e-02
3.084536382602770174e-02
3.154896561267590133e-02
3.651655329030471103e-02
3.294027688808864179e-02
2.804906145480332361e-02
3.179398040558448907e-02
3.789544088107479197e-02
3.230190461166759092e-02
3.236413239807202358e-02
3.015804319342936177e-02
3.140277879512465287e-02
3.417140878068698068e-02
3.822863893172299271e-02
3.311719727697506888e-02
3.289902117495845102e-02
3.144868876366758992e-02
3.229715688108587140e-02
3.052817162282548541e-02
2.524040138998337804e-02
2.909350845474792391e-02
3.220098920735733894e-02
3.190220247417174804e-02
3.879267214095290933e-02
3.229029699994459546e-02
2.852959480999445879e-02
3.633750630743490251e-02
3.539219753457063800e-02
3.461390285330748218e-02
3.613033370249307819e-02
3.655460571740720005e-02
3.692324366227146826e-02
