0.000000000000000000e+00
7.896668080320523586e-05
2.782001508521148025e-04
4.783122636098369185e-04
7.226516593092924268e-04
1.019883985364344881e-03
1.329464719304951359e-03
1.662698900609882458e-03
1.892919519015379137e-03
2.238085123394739639e-03
2.377577397339791787e-03
2.724450628441843492e-03
2.973292102161906314e-03
3.149974318475301516e-03
3.335188073627648464e-03
3.544941530918777062e-03
3.902662663726630399e-03
4.297517875876621929e-03
4.529816794182295325e-03
4.998149295047937812e-03
5.236694634270122606e-03
5.650585121962592439e-03
5.934442796053929214e-03
6.322258042935402500e-03
6.601136817778296972e-03
6.952415367237563260e-03
7.237559120447656369e-03
7.548541300621991468e-03
7.909519710572965323e-03
8.184961263602019699e-03
8.519092289233753945e-03
8.774289268885127058e-03
9.067597525195481012e-03
9.217677051495343221e-03
9.576321390952102774e-03
9.721117569526427360e-03
9.926858195868248913e-03
1.011616129802206387e-02
1.035039155470229844e-02
1.063181548973801682e-02
1.080258869694006307e-02
1.102624422453146735e-02
1.140162167188663034e-02
1.145466166270381336e-02
1.179377078183563299e-02
1.214880229674974998e-02
1.228911091766349273e-02
1.250485588520433566e-02
1.284454797164613638e-02
1.299394616552262960e-02
1.320115979979163967e-02
1.354213538713366916e-02
1.391404313314126284e-02
1.398207174712240430e-02
1.434863911578787565e-02
1.457398449296221088e-02
1.490732623373958177e-02
1.495837902419339116e-02
1.523544953020916637e-02
1.539553542011162790e-02
1.569943588538791346e-02
1.590586480238442846e-02
1.631006269354884353e-02
1.641574292709435667e-02
1.665623803879867637e-02
1.680254539933656588e-02
1.710673038815713198e-02
1.744697450796905969e-02
1.754026527127194868e-02
1.773998433407797393e-02
1.801164571676849846e-02
1.817696425721493370e-02
1.834577405644211012e-02
1.879147466241448683e-02
1.910006956581611348e-02
1.927761920233450610e-02
1.950195955704003836e-02
1.993644276809902749e-02
2.006278711867537368e-02
2.031039982986726500e-02
2.045305802640484671e-02
2.080135316713693783e-02
2.090060600507115396e-02
2.116573971991897452e-02
2.131604881194704149e-02
2.158307174293128128e-02
2.179796420725921280e-02
2.184380646777128732e-02
2.216233234609177316e-02
2.231048870516616489e-02
2.263349944995241003e-02
2.292892801133916691e-02
2.304116583991344669e-02
2.325645000723852718e-02
2.355156570276051298e-02
2.398096937736227119e-02
2.459622481726597698e-02
2.469117076297067115e-02
2.473359259504093188e-02
2.505818958462668888e-02
2.530981387670294680e-02
2.551726734223080939e-02
2.572760482470215493e-02
2.605266752625112758e-02
2.630655841272044881e-02
2.663851475782763600e-02
2.688445040524811702e-02
2.713958424100582079e-02
2.739200089087034939e-02
2.776382468952220961e-02
2.804906531917339407e-02
2.821496371873166709e-02
2.847655197858500742e-02
2.866178409141184602e-02
2.905493284721671898e-02
2.937843569928588749e-02
2.973031193524633409e-02
2.990085134737086037e-02
3.018745726504334925e-02
3.036819622706588007e-02
3.070960609814932241e-02
3.074604473626152412e-02
3.105857547567580923e-02
3.123825112494671430e-02
3.160255016522484084e-02
3.179378803335453085e-02
3.181973951823380276e-02
3.232666500219494310e-02
3.239735257095333054e-02
3.268707645698754050e-02
3.290946606392708418e-02
3.316538682995684439e-02
3.334349584585538651e-02
3.355621703121158816e-02
3.381527524837224519e-02
3.388951170552445546e-02
3.421097906210235351e-02
3.421250725002522586e-02
3.462438140586954205e-02
3.495869647137794800e-02
3.526828248851643366e-02
3.553104078035573821e-02
3.592201652048032656e-02
3.624412537175913940e-02
3.616227926337955978e-02
3.655616706425490747e-02
3.688445657751060480e-02
3.689798549212497392e-02
3.747774486563315577e-02
3.762352019769110711e-02
3.789947511189240004e-02
3.797660983535422474e-02
3.839051548488470189e-02
3.868474329045312743e-02
3.899967754794886332e-02
3.919569724767768548e-02
3.926091799028341711e-02
3.949013827465819304e-02
3.984905331195420786e-02
4.011268687514046860e-02
4.026586188503955555e-02
4.050324978008035259e-02
4.087901722949993655e-02
4.124291795952927941e-02
4.172001809667591488e-02
4.183659912197157382e-02
4.197784196711751292e-02
4.205948449416041512e-02
4.266789444810825671e-02
4.284849710565197256e-02
4.312075054239272731e-02
4.328332041316684808e-02
4.353853189365963772e-02
4.397703075265013695e-02
4.417968749758927061e-02
4.447919809436484684e-02
4.467093514747233485e-02
4.492986158908252037e-02
4.511144838274816493e-02
4.531564735479065575e-02
4.574340518739461459e-02
4.600054217701909920e-02
4.648136785571210794e-02
4.680195599505054815e-02
4.719916170981264258e-02
4.768554886553033612e-02
4.806877452953273178e-02
4.838460749871842381e-02
4.878236373622968358e-02
4.913830543993924493e-02
4.966710680692898450e-02
4.990511363882887963e-02
5.025634763744335487e-02
5.053921384467230382e-02
5.104964308831938524e-02
5.123874294420716069e-02
5.151819894332732019e-02
5.183056111478379080e-02
5.231648752903339528e-02
5.264880569025365276e-02
