0.000000000000000000e+00
3.480051105952952639e-06
2.497262391898402711e-05
1.109879344838304860e-04
3.007593326742608042e-05
2.263386285505930573e-06
-1.369457397899509488e-04
-2.223947599304665346e-04
-1.605024806536903270e-04
-2.391583883110115494e-04
-2.437666862959986247e-04
-4.542804202287697990e-04
-5.499452118300496295e-04
-3.871197404166082379e-04
-2.471284769285375660e-04
-1.168646285165664267e-04
-2.365683900222848024e-04
-1.410865422926121937e-04
4.864422317467642642e-04
9.214869978393380734e-04
1.436965786226096498e-03
1.299692242966443700e-03
1.126351459255658938e-03
1.025188481442285138e-03
7.439014277750288784e-04
4.468895060867339453e-04
1.747494006352212637e-04
-7.833631094911197579e-05
-2.918337169433016243e-04
-2.660878126974353108e-04
-1.760170090534529663e-04
-3.417231675371112942e-04
-8.010649769900624051e-04
-1.278295904938886451e-03
-1.638864707942389032e-03
-1.943116008192191657e-03
-2.029753878140638790e-03
-1.933999329985169879e-03
-1.882276504595381539e-03
-1.945806958367768402e-03
-2.185788036697999814e-03
-2.415483958515096674e-03
-2.670034720765102065e-03
-2.872019519180923908e-03
-2.924019015317469439e-03
-3.100806687513113502e-03
-3.640308093871169604e-03
-3.880050781155830464e-03
-3.636490293125405060e-03
-3.652196177462485593e-03
-4.067697533450598257e-03
-4.173812745115412781e-03
-4.438706279543680466e-03
-4.520100953925521026e-03
-4.677893071679761761e-03
-5.217483509298403987e-03
-5.935007074334919253e-03
-6.071530640930689060e-03
-6.203155789663128417e-03
-6.264676088903797790e-03
-6.320875172789897078e-03
-6.480284522162094163e-03
-6.334983453442077916e-03
-5.625396956219219646e-03
-5.133588681481171534e-03
-4.464819199043290610e-03
-3.524421791787801794e-03
-2.791142954947645194e-03
-1.387591856264691614e-03
-3.158614493870004480e-04
4.339308888745563308e-04
9.868033203588311153e-04
1.370974453983819785e-03
1.728756371335293807e-03
2.149842257459511075e-03
1.969464611157434319e-03
2.003193454122254025e-03
1.768036905474446030e-03
2.019482881863154944e-03
2.350896484841769052e-03
3.129182880144298906e-03
3.593097429536840082e-03
4.411139173761569054e-03
5.161029020349872098e-03
5.306818846648297949e-03
5.248478225645669681e-03
5.747429898548261917e-03
5.990964256405106880e-03
5.824522809476206930e-03
5.574107111137038828e-03
5.338765597294070631e-03
5.254201646430090022e-03
4.942720724265825538e-03
4.717034567960354252e-03
4.633314276603073267e-03
4.646526377300119748e-03
4.489842222405115990e-03
4.545160892938326924e-03
3.926023685131951879e-03
3.563016570268473515e-03
3.360146339623781842e-03
3.231050298801108056e-03
3.867344989224363871e-03
4.674403461741860610e-03
5.436516612881803212e-03
5.944710947041187410e-03
6.056335376889876443e-03
6.511377474986090874e-03
7.068261550053023257e-03
7.353435735964808373e-03
7.709872566607600675e-03
7.864471317056143107e-03
8.077955701793371190e-03
8.069270805087569443e-03
8.129722965072971874e-03
8.179918253773621473e-03
8.411622484572944813e-03
8.191198872978588952e-03
8.008264574449697193e-03
8.330875405398785460e-03
8.243159231348329286e-03
8.336463122518011915e-03
8.740934643000741744e-03
8.723857052508776633e-03
8.997526376994358088e-03
8.977036651145908763e-03
9.009217071181296888e-03
8.977321175507313455e-03
8.994099173463609986e-03
9.847053181630371910e-03
1.033323275124331531e-02
1.105094127405692461e-02
1.196650005329757960e-02
1.259162827823701036e-02
1.272724680282522058e-02
1.296997741614092092e-02
1.347647826531783721e-02
1.380258552139679296e-02
1.432262830814323706e-02
1.435087617577579522e-02
1.422995326982601227e-02
1.442297506130074680e-02
1.429833272663216803e-02
1.409366722609917133e-02
1.371376773371935087e-02
1.362809397372188869e-02
1.369437432187226023e-02
1.390369740044405944e-02
1.436385112469196201e-02
1.467787544736864902e-02
1.483859029442413657e-02
1.508712982509763378e-02
1.502795886298713413e-02
1.501109363024966115e-02
1.525305193517567659e-02
1.551946311280971713e-02
1.546452150150656735e-02
1.553164124388928258e-02
1.575765878440194001e-02
1.570651246143484059e-02
1.515247924103135801e-02
1.461833577150883912e-02
1.442068387884631875e-02
1.441053333405051262e-02
1.465118603292125954e-02
1.465180698877333043e-02
1.453504409165162770e-02
1.424585199352890186e-02
1.396929637833466131e-02
1.369132579799270388e-02
1.360296163466045982e-02
1.369436353645880899e-02
1.389163559455397490e-02
1.384518553783919970e-02
1.354699539189851976e-02
1.362853190240542745e-02
1.353204642606442576e-02
1.352294524978248091e-02
1.357811946511588985e-02
1.413297861269313671e-02
1.415012409220395284e-02
1.355852869673412897e-02
1.344672287694237411e-02
1.381252317790426787e-02
1.375821392670673049e-02
1.367369944605911769e-02
1.372591854305937886e-02
1.405362511992080954e-02
1.460042780636428006e-02
1.492490138554103396e-02
1.531158279149025248e-02
1.524338595434215904e-02
1.525313003465100792e-02
1.493945582558353635e-02
1.506444026023245897e-02
1.508750749147225179e-02
1.517836042012277176e-02
1.542326172732089162e-02
1.548544363242143618e-02
1.587064384698066988e-02
