0.000000000000000000e+00
-4.636793903811634206e-03
-2.786927989462603672e-03
-1.876560249529085969e-03
2.310303785473684021e-03
-4.411486083556786543e-03
-2.810713779268698021e-03
-3.038987089695291063e-03
-1.283946750637119088e-03
-2.795429460986149743e-03
-8.722026917983379327e-03
-1.174368930056509698e-02
-3.435933350470913965e-03
-2.225840903091412613e-03
-6.129189334193906220e-03
-2.881233060265928070e-03
2.359497623512465513e-03
-1.574377110415512522e-03
-2.513058324709141391e-03
4.041736120598338373e-03
-1.576652583180055463e-03
-1.045971976742382211e-03
2.498151592598338126e-03
6.754480875833794584e-03
7.880513268952909003e-03
3.890546146027700717e-03
7.633671185639889605e-03
9.146993661030470776e-03
5.846285593772853478e-03
7.504909952277008696e-03
1.012704184433240936e-02
1.021867534868698031e-02
7.990071915313019454e-03
1.101560015336288008e-02
1.593362652224930912e-02
1.655499619823822682e-02
1.585687478686980539e-02
2.110875403929085917e-02
1.491895595368421083e-02
1.502866945725207792e-02
1.555656542036565164e-02
1.923282222107479053e-02
1.547369833901385099e-02
1.961093165000554056e-02
2.748582582870914143e-02
2.495778522284764628e-02
2.097616264500831024e-02
2.443049828241551300e-02
2.160853918746814470e-02
2.244834667460387720e-02
2.777625938726869734e-02
2.934908528847645498e-02
2.288758123607756087e-02
2.731239163785041668e-02
2.923229242015512597e-02
2.519935262629362932e-02
3.464360248959556798e-02
3.001307352565096842e-02
2.910315563463711924e-02
2.863117661510249448e-02
3.091318225648753346e-02
2.772125525980055280e-02
3.082320969902493241e-02
3.258645956824376966e-02
3.719499270772299443e-02
3.407494052872021839e-02
3.383659857680886701e-02
3.749393422918559371e-02
3.960749584568420967e-02
3.871788722432133178e-02
4.092606333347368480e-02
3.985459076838781395e-02
4.043524952684764834e-02
4.351909555792797535e-02
4.131582549144598160e-02
4.970363776672576117e-02
4.669259174821052683e-02
4.777297703072576340e-02
4.968409741054847367e-02
4.683376440162880655e-02
4.788378316103047289e-02
5.072661467147922265e-02
5.347409341161218910e-02
4.458342591419390405e-02
5.034808570831025148e-02
5.187234737232133269e-02
4.841882560837672961e-02
4.987623770955124797e-02
4.970085375178947412e-02
5.366708769108033406e-02
5.544190919895845143e-02
5.441527802342382286e-02
5.242117850479778574e-02
5.669952527205539966e-02
5.771336807077008524e-02
5.530594603461495840e-02
5.927086319687534938e-02
6.156136656137396052e-02
6.211289603385041630e-02
5.181668607675346538e-02
6.090900704056509407e-02
6.196797251278670510e-02
6.008430695943490357e-02
5.704447066210526635e-02
6.313293830668144369e-02
6.604366821781718078e-02
6.512808841263158233e-02
6.165907733269806318e-02
6.209701543267590051e-02
7.020468362981717447e-02
7.100197192119667156e-02
7.391240843554570950e-02
6.702033284822160597e-02
6.582362152040997783e-02
6.552604965631024514e-02
6.765038013580054743e-02
7.434481139339611799e-02
7.129139506196122134e-02
7.145672403559003016e-02
7.627646946609417666e-02
6.980521036531855961e-02
6.779179429309695193e-02
7.609703058879778437e-02
7.848758335356233184e-02
7.601650356750137838e-02
7.892841936824376847e-02
7.748278693194460276e-02
7.319398328377839380e-02
7.316132052182824919e-02
8.043660355348476731e-02
7.120627576437672801e-02
8.359439990098614659e-02
8.490249262524099394e-02
8.105895908845429931e-02
7.875061098484210931e-02
8.269993059490304832e-02
8.430101297324099630e-02
8.276413043366205591e-02
8.090185425305262967e-02
8.417986996019945212e-02
8.165032093923545176e-02
8.647656928415511923e-02
8.123082508889750697e-02
8.519699221410526047e-02
8.745449069947922038e-02
8.875916419496952814e-02
8.810184851787257465e-02
8.841860854679224613e-02
8.852771389365096666e-02
9.262077454488643058e-02
9.481581924634903402e-02
9.695675257451523421e-02
1.003115254923988980e-01
9.551485919547922365e-02
9.297301059582271932e-02
9.708073891123546184e-02
1.020004068238559575e-01
1.048556085457506976e-01
1.036086906810858715e-01
9.697763379031579256e-02
1.063518976462160676e-01
1.021431519946371241e-01
1.068234078641883689e-01
1.056291988095401646e-01
1.046049909766759017e-01
1.023645636682216087e-01
1.026199891514681384e-01
1.032977540554681495e-01
1.012476716479889238e-01
1.022159700632022106e-01
1.015955161104487581e-01
1.074360258272354512e-01
1.041905657901385091e-01
1.070175428810858781e-01
1.115641855533074794e-01
1.188050030571745214e-01
1.110130329059168947e-01
1.205333952515567908e-01
1.153894229276897498e-01
1.167180008793795021e-01
1.278169564008310166e-01
1.241671240266371129e-01
1.260762175734182755e-01
1.284764214394792381e-01
1.302828963279889229e-01
1.252742559991246452e-01
1.280965045285651083e-01
1.335899693814404376e-01
1.279363127924321442e-01
1.316044183767645370e-01
1.343307732666703669e-01
1.309530559771634461e-01
1.402066057105041674e-01
1.358398766248864187e-01
1.445512356120443320e-01
1.428896589999667510e-01
1.442484360353241124e-01
1.428075802649196591e-01
1.464483750369972304e-01
1.476502020171301943e-01
