-1.252036618382135202e-06
-1.484015572827956930e-05
-3.749052529400387357e-05
2.645620927665959243e-05
4.825430100652283727e-05
1.680481337729133884e-04
1.972958832610061108e-04
2.127111413443572019e-04
2.853344919344635855e-04
4.488151755950298138e-04
6.072424898491135536e-04
9.971982388989886203e-04
1.227382006916855062e-03
1.511293052956830252e-03
1.735042875402825757e-03
1.976187145700691872e-03
2.230248722923988680e-03
2.538980037179783267e-03
2.847543356708115425e-03
3.132977830176741918e-03
3.428182107491295483e-03
3.921793645226046010e-03
4.234420107131597888e-03
4.840119679883514436e-03
5.172258302259535867e-03
5.527476939164444047e-03
6.118217470699960359e-03
6.311837366041572750e-03
6.493709839062944411e-03
6.402083414300818731e-03
6.535402497931386279e-03
6.655419909385784649e-03
6.893302551439717263e-03
7.036823059898722477e-03
7.141900691991054373e-03
7.257848177175674209e-03
7.390442183726975145e-03
7.548337233565405313e-03
7.762010569322796982e-03
7.981087552444421362e-03
8.165796347846310255e-03
8.289086220322872123e-03
8.509553395370517137e-03
8.684422123494073276e-03
8.751020985656055018e-03
8.695006651315395629e-03
8.682757511628835800e-03
8.778872928019154642e-03
8.869701040389088575e-03
8.963121429125919803e-03
8.998031236586712112e-03
9.178169395426039046e-03
9.425443739367267426e-03
9.600694082031679955e-03
9.684201096320066426e-03
9.693156533117530671e-03
9.767655214041326417e-03
9.873239734666583445e-03
1.017734638420364490e-02
1.032536937780292874e-02
1.051910836282843320e-02
1.073895941853209024e-02
1.100328980763265463e-02
1.122157002333779019e-02
1.138582836142632004e-02
1.180843376769757924e-02
1.206408373293044178e-02
1.222226089755196199e-02
1.241256450622074681e-02
1.252443218949395032e-02
1.266125500323056485e-02
1.271983309631252723e-02
1.288800697464864697e-02
1.317020998197193649e-02
1.326636925486468499e-02
1.327717465000688435e-02
1.343514039908200175e-02
1.354277179049745428e-02
1.352778567370904739e-02
1.346463781708706620e-02
1.339520488570400403e-02
1.337872066575584995e-02
1.355841424340553658e-02
1.351977315768948529e-02
1.381221323293857495e-02
1.421553076472292787e-02
1.419720373571919936e-02
1.423488773116332595e-02
1.434296049098549020e-02
1.425824402343067732e-02
1.441622154074195805e-02
1.464215322057071944e-02
1.495381914570259596e-02
1.527067680649452086e-02
1.560312796900120702e-02
1.580095520100144313e-02
1.615848446268586258e-02
1.644061802770835357e-02
1.669499895884740681e-02
1.699548036022235920e-02
1.735948101907069940e-02
1.756324385162599810e-02
1.784109477625150930e-02
1.796352263747991174e-02
1.834088805109246323e-02
1.858690855718947432e-02
1.889970930442785857e-02
1.923572437014087200e-02
1.949061722053357926e-02
1.966881167303569100e-02
1.993054608215061307e-02
2.015465837086338752e-02
2.030874181724584560e-02
2.053671728746309100e-02
2.085323216233803123e-02
2.110350888074918885e-02
2.124674615237154285e-02
2.144147068175783488e-02
2.164384887586123796e-02
2.175185086213105023e-02
2.179895804468401366e-02
2.173815600379924717e-02
2.175801474461991347e-02
2.182187029605131556e-02
2.194172188368526122e-02
2.199152069394472164e-02
2.206672282937915952e-02
2.208745552582769278e-02
2.219858261971552338e-02
2.218850246167392015e-02
2.230286916087464988e-02
2.244553569510543412e-02
2.265551668870102731e-02
2.277852607267050189e-02
2.274755765667890728e-02
2.271201784500220811e-02
2.285956629099672455e-02
2.284024988342991946e-02
2.288723900650069254e-02
2.283328615363444669e-02
2.265138853108084049e-02
2.260489818726085787e-02
2.255903637465905831e-02
2.237545548508279580e-02
2.210948468395201871e-02
2.206622805843494461e-02
2.223531902542674743e-02
2.220851630641362817e-02
2.241945268325906682e-02
2.258843099758678363e-02
2.260877137261019243e-02
2.238447766589501953e-02
2.245608768028262148e-02
2.243427503912442944e-02
2.246519724765505543e-02
2.226779654010613285e-02
2.232190396901501117e-02
2.244544124345537739e-02
2.247865125240622319e-02
2.245914004478066772e-02
2.281659432397020737e-02
2.272241584820022808e-02
2.282923056721841704e-02
2.286122611729979326e-02
2.292979559960883762e-02
2.300052968870858194e-02
2.311265668806328222e-02
2.323152670232531136e-02
2.318690135158618659e-02
2.328997671651933388e-02
2.295857756944741368e-02
2.303059146422725689e-02
2.317116496448790031e-02
2.317642632012706372e-02
2.319890985322103916e-02
2.318027215919471473e-02
2.320616787189067054e-02
2.331197309668908701e-02
2.326981268240757572e-02
2.319145512295506251e-02
2.325126306602953719e-02
2.329259245711057247e-02
2.332468292788547615e-02
2.334801902112104699e-02
2.353542754906357004e-02
2.348072488018715376e-02
2.339110044763970109e-02
2.355124851212053727e-02
2.356792588638256802e-02
2.376699410488214426e-02
2.368627831242520188e-02
2.354424348762051977e-02
2.346226872590051471e-02
2.341640072917527959e-02
2.347180131533832537e-02
2.350180040993166131e-02
2.373956412237276936e-02
2.378296218219588809e-02
2.379020836601597466e-02
2.383756814140980396e-02
