0.000000000000000000e+00
7.771889377880570075e-04
1.554377875576114015e-03
2.331566813364170914e-03
3.108755751152228030e-03
3.885944688940285146e-03
4.411648425860285189e-03
4.937352162780284798e-03
5.463055899700284407e-03
5.988759636620284016e-03
6.514463373540283625e-03
7.263519323600284121e-03
8.012575273660284617e-03
8.761631223720284245e-03
9.510687173780283873e-03
1.025974312384028350e-02
1.015458680250028341e-02
1.004943048116028331e-02
9.944274159820283218e-03
9.839117838480283124e-03
9.733961517140283029e-03
1.051123113834028303e-02
1.128850075954028302e-02
1.206577038074028302e-02
1.284304000194028302e-02
1.362030962314028301e-02
1.437282185292028218e-02
1.512533408270028135e-02
1.587784631248028225e-02
1.663035854226028315e-02
1.738287077204028405e-02
1.755442051582028345e-02
1.772597025960028286e-02
1.789752000338028226e-02
1.806906974716028166e-02
1.824061949094028107e-02
1.922990656958028025e-02
2.021919364822027942e-02
2.120848072686027860e-02
2.219776780550027778e-02
2.318705488414027696e-02
2.377092989460027547e-02
2.435480490506027398e-02
2.493867991552027250e-02
2.552255492598027101e-02
2.610642993644026952e-02
2.659980597396027074e-02
2.709318201148027197e-02
2.758655804900027320e-02
2.807993408652027442e-02
2.857331012404027565e-02
2.929892966238027349e-02
3.002454920072027134e-02
3.075016873906026918e-02
3.147578827740026702e-02
3.220140781574026834e-02
3.279351921874026909e-02
3.338563062174026985e-02
3.397774202474027061e-02
3.456985342774027137e-02
3.516196483074027213e-02
3.591485538534026911e-02
3.666774593994026610e-02
3.742063649454026308e-02
3.817352704914026007e-02
3.892641760374025706e-02
3.944260869170025663e-02
3.995879977966025620e-02
4.047499086762025577e-02
4.099118195558025535e-02
4.150737304354025492e-02
4.208427916038025296e-02
4.266118527722025100e-02
4.323809139406024904e-02
4.381499751090024708e-02
4.439190362774024512e-02
4.471764435590024761e-02
4.504338508406025010e-02
4.536912581222025259e-02
4.569486654038025508e-02
4.602060726854025757e-02
4.676361039234025463e-02
4.750661351614025169e-02
4.824961663994024874e-02
4.899261976374024580e-02
4.973562288754024285e-02
5.038760730236024193e-02
5.103959171718024102e-02
5.169157613200024010e-02
5.234356054682023918e-02
5.299554496164023826e-02
5.325370616878023766e-02
5.351186737592023707e-02
5.377002858306023647e-02
5.402818979020023588e-02
5.428635099734023528e-02
5.482026438946023539e-02
5.535417778158023550e-02
5.588809117370023560e-02
5.642200456582023571e-02
5.695591795794023582e-02
5.731145540652023834e-02
5.766699285510024087e-02
5.802253030368024339e-02
5.837806775226024592e-02
5.873360520084024844e-02
5.935216888670025170e-02
5.997073257256025497e-02
6.058929625842025823e-02
6.120785994428026150e-02
6.182642363014026476e-02
6.263794688326027038e-02
6.344947013638027600e-02
6.426099338950028161e-02
6.507251664262028723e-02
6.588403989574029285e-02
6.625835740226029835e-02
6.663267490878030386e-02
6.700699241530030936e-02
6.738130992182031487e-02
6.775562742834032037e-02
6.832799455716032089e-02
6.890036168598032140e-02
6.947272881480032192e-02
7.004509594362032243e-02
7.061746307244032295e-02
7.127847643746032524e-02
7.193948980248032754e-02
7.260050316750032984e-02
7.326151653252033213e-02
7.392252989754033443e-02
7.439757644552033589e-02
7.487262299350033734e-02
7.534766954148033880e-02
7.582271608946034025e-02
7.629776263744034170e-02
7.645392795762033511e-02
7.661009327780032852e-02
7.676625859798032192e-02
7.692242391816031533e-02
7.707858923834030873e-02
7.751426275816031275e-02
7.794993627798031677e-02
7.838560979780032079e-02
7.882128331762032480e-02
7.925695683744032882e-02
7.982429869240033338e-02
8.039164054736033793e-02
8.095898240232034249e-02
8.152632425728034704e-02
8.209366611224035160e-02
8.275713930020035802e-02
8.342061248816036445e-02
8.408408567612037088e-02
8.474755886408037731e-02
8.541103205204038373e-02
8.591752914864038415e-02
8.642402624524038457e-02
8.693052334184038499e-02
8.743702043844038541e-02
8.794351753504038582e-02
8.828686672264038360e-02
8.863021591024038137e-02
8.897356509784037915e-02
8.931691428544037692e-02
8.966026347304037469e-02
9.014610972444037085e-02
9.063195597584036700e-02
9.111780222724036316e-02
9.160364847864035931e-02
9.208949473004035546e-02
9.283053210324035409e-02
9.357156947644035272e-02
9.431260684964035135e-02
9.505364422284034998e-02
9.579468159604034860e-02
9.653406013064035063e-02
9.727343866524035265e-02
9.801281719984035468e-02
9.875219573444035670e-02
9.949157426904035872e-02
1.000906538068403601e-01
1.006897333446403614e-01
1.012888128824403627e-01
1.018878924202403641e-01
1.024869719580403654e-01
1.031821871730403684e-01
1.038774023880403713e-01
1.045726176030403742e-01
1.052678328180403772e-01
1.059630480330403801e-01
1.067433604318403784e-01
1.075236728306403766e-01
1.083039852294403749e-01
1.090842976282403731e-01
1.098646100270403714e-01
1.108390513720403647e-01
1.118134927170403581e-01
1.127879340620403514e-01
1.137623754070403448e-01
