0.000000000000000000e+00
6.194301012527603234e-04
1.903822443331648628e-03
3.277349561933817768e-03
4.847005432623063825e-03
6.885650166118750803e-03
8.848717792254490178e-03
1.093877296847978187e-02
1.314651873280325844e-02
1.541713358763274755e-02
1.757523632398516611e-02
2.029625320456318605e-02
2.255275048938187865e-02
2.476320267197706926e-02
2.750674229908156576e-02
3.060764785509917374e-02
3.357790655952186398e-02
3.668415520257184426e-02
3.910733874267435795e-02
4.282621822727605831e-02
4.546360232806279100e-02
4.927650772727076856e-02
5.203213736318446081e-02
5.501055117277076079e-02
5.841149737445761048e-02
6.185797806537607357e-02
6.504338753763505565e-02
6.868758899012306074e-02
7.234292205875902937e-02
7.549845345153727294e-02
7.921024072627602663e-02
8.242983251159330393e-02
8.637358248360271773e-02
8.982283275457803029e-02
9.386278811417980705e-02
9.737232503104564785e-02
1.008528596120186194e-01
1.047570230007153214e-01
1.089180822078503752e-01
1.127967847107171906e-01
1.167221074453692609e-01
1.205989426508011775e-01
1.250908906141177113e-01
1.287171828999831291e-01
1.330744828386585255e-01
1.374228210768961844e-01
1.416807727838502728e-01
1.456751685174353383e-01
1.501938966217721827e-01
1.543788771115899294e-01
1.584822942990484762e-01
1.634041170440454493e-01
1.683679114197076387e-01
1.723997515554245297e-01
1.778773275913607677e-01
1.826754914599462154e-01
1.878935218233550586e-01
1.924545164517326157e-01
1.974437657783454370e-01
2.021457533281321162e-01
2.071004356537287094e-01
2.118818259970964846e-01
2.166955810955570882e-01
2.216105173246205595e-01
2.265744127160829180e-01
2.312640425662166876e-01
2.367830028474529058e-01
2.422643674772757549e-01
2.469211981672998490e-01
2.518731632609174653e-01
2.572677064660098267e-01
2.623926676691255011e-01
2.671994218392939047e-01
2.735478673017794904e-01
2.788481720260094221e-01
2.839120998955237951e-01
2.891133331798556583e-01
2.943994286141204952e-01
2.993237084418751692e-01
3.043529225112067138e-01
3.094639446547731154e-01
3.148064334020546085e-01
3.198572949519373765e-01
3.252408420054138105e-01
3.299264753423969410e-01
3.356971943183637563e-01
3.405651738919672766e-01
3.448654026664783601e-01
3.507203666808109688e-01
3.559759131061781545e-01
3.610221908441815231e-01
3.666863553411374710e-01
3.713983435670442645e-01
3.762420393691456866e-01
3.813685272123663594e-01
3.871923113957649321e-01
3.932307913481025707e-01
3.981026980055943909e-01
4.023469921835456375e-01
4.072761519530985197e-01
4.125021785337068536e-01
4.171501063181963787e-01
4.221357728481862637e-01
4.275588892505837180e-01
4.325865043111534192e-01
4.377812634398523528e-01
4.422522334956653367e-01
4.471269630315646282e-01
4.523735312099006478e-01
4.580876699745033420e-01
4.636291122989462110e-01
4.685683776264610856e-01
4.740694712967865598e-01
4.798983362586071166e-01
4.858652486626482414e-01
4.918553369674967257e-01
4.976123241416701148e-01
5.025495068846126401e-01
5.076933101311453811e-01
5.129748588472580195e-01
5.182005125527666678e-01
5.229249760447132189e-01
5.282113261567857876e-01
5.334793365027294954e-01
5.389616013829794383e-01
5.439678587817269317e-01
5.492152505623550951e-01
5.553624470600126983e-01
5.599132303067975158e-01
5.653897538943297718e-01
5.706768829568602541e-01
5.765007195803164564e-01
5.816821252913939588e-01
5.869778170223369784e-01
5.919528220626162351e-01
5.970506968883952936e-01
6.027196377826982143e-01
6.069846001815903946e-01
6.132611949655952799e-01
6.195196052782279139e-01
6.248227236807579743e-01
6.294587422972099944e-01
6.351594602895005437e-01
6.409488885251946044e-01
6.448715953176105131e-01
6.509900549436977713e-01
6.573277010439895207e-01
6.618581835454406814e-01
6.683278976216371348e-01
6.736185978885771419e-01
6.787951505394289597e-01
6.834141493417149604e-01
6.890532234554171964e-01
6.945903008880307539e-01
7.003157950326155401e-01
7.060243276656450462e-01
7.109761792997133512e-01
7.165407332024571474e-01
7.225864427616670582e-01
7.286411103873788875e-01
7.340316875788417406e-01
7.398120742215397172e-01
7.455129120493921846e-01
7.518504517552671018e-01
7.575003616270947759e-01
7.629423937323664973e-01
7.676714904162267317e-01
7.721423810738556881e-01
7.794506633645710281e-01
7.849775953113677929e-01
7.906395563192987197e-01
7.955871983589162255e-01
8.007692005048454575e-01
8.081679922403779415e-01
8.135253833207016783e-01
8.192841413164302367e-01
8.245552735716046300e-01
8.303034375791682464e-01
8.348538998674612799e-01
8.407741707912137485e-01
8.473554112517760473e-01
8.529647999981833095e-01
8.591755730144683412e-01
8.648606738232302860e-01
8.703058092978892546e-01
8.763896260235171098e-01
8.825112192083182094e-01
8.878681390888161218e-01
8.937649547830162078e-01
8.995658725500348396e-01
9.062781559696162503e-01
9.118851620642658418e-01
9.177477741744439754e-01
9.228430753368286332e-01
9.300136015312787663e-01
9.355944377781639787e-01
9.411541802382075161e-01
9.467736795915229209e-01
9.529443268399475642e-01
9.584712579131178245e-01
