0.000000000000000000e+00
1.661803280725848708e-04
6.043706085208100376e-04
1.091383538650347873e-03
1.718043699810323233e-03
2.961292203437437820e-03
4.711085439836892874e-03
6.251023505100761213e-03
7.407705954769028267e-03
8.487046579546131397e-03
9.443651006790787505e-03
1.021693244778987264e-02
1.096202057716766376e-02
1.200277462053378486e-02
1.312331547792666697e-02
1.474817691962471145e-02
1.578475603549378548e-02
1.750447677363098364e-02
1.923248286015422082e-02
2.142902191996398642e-02
2.422013886302210040e-02
2.539426961772051072e-02
2.741709779805745484e-02
2.960350743538953111e-02
3.152517572160462578e-02
3.387788614557507572e-02
3.562591175987961378e-02
3.736482650218420076e-02
3.921021205345454064e-02
4.131537523590367300e-02
4.416594697605091824e-02
4.641054571602154510e-02
4.831743771905649965e-02
5.151130189405961346e-02
5.306186807293045149e-02
5.439570594472797893e-02
5.618719157968854461e-02
5.893104826245831873e-02
6.108272149803184448e-02
6.300915083652114390e-02
6.502230328738534126e-02
6.647854791124530038e-02
6.755551189338859785e-02
6.971019986989546169e-02
7.154623059506093341e-02
7.314387742700034778e-02
7.530360633916899360e-02
7.778743311919100734e-02
8.033796816021521181e-02
8.200444092272363150e-02
8.370047504682531780e-02
8.608492277827650696e-02
8.858357294870700116e-02
9.134411851523083214e-02
9.428211374284245494e-02
9.657215721641421169e-02
9.806904433876439953e-02
9.963173970488981013e-02
1.024969133959459100e-01
1.052314361655746211e-01
1.076542941202873749e-01
1.100188412460099130e-01
1.127885510432449223e-01
1.164499058269612419e-01
1.191097984176323621e-01
1.218848015058782153e-01
1.245206783374328552e-01
1.272035994123115188e-01
1.299033389214869771e-01
1.323071598741591970e-01
1.348816746255891985e-01
1.370649890557942285e-01
1.384063005526741108e-01
1.398945976398309199e-01
1.417869055277662937e-01
1.433653241941286183e-01
1.455325625425558655e-01
1.475444368228266967e-01
1.492592433209765090e-01
1.511467878560708300e-01
1.531799888833447199e-01
1.547338048453354986e-01
1.565411695739058473e-01
1.585689969559567203e-01
1.600297864082662613e-01
1.611484982633584195e-01
1.626469625817534848e-01
1.645907163174697985e-01
1.660547487960997159e-01
1.676126806708708727e-01
1.690332501649436381e-01
1.704541752632167118e-01
1.718877080120861933e-01
1.737209827542898211e-01
1.759640139077021104e-01
1.775100478935129900e-01
1.786297713268822918e-01
1.798234329748567006e-01
1.806488986693608467e-01
1.816830727336835594e-01
1.837164405964699654e-01
1.857345339459257616e-01
1.880046133993573676e-01
1.900806670194157277e-01
1.925934655705887621e-01
1.949240591982999149e-01
1.963677049066845370e-01
1.982894385106916957e-01
2.008626343309813933e-01
2.034614474760800817e-01
2.058798689559324657e-01
2.079111332929812761e-01
2.107015018888063196e-01
2.124523110868850040e-01
2.146650633596465241e-01
2.164748354784293838e-01
2.193355482283010360e-01
2.214853346469283224e-01
2.227406037578631981e-01
2.239848509885575822e-01
2.249263854627159276e-01
2.262983997994894025e-01
2.282658663456018644e-01
2.300480471051642439e-01
2.319004621998956850e-01
2.342457068278420707e-01
2.358751026705547815e-01
2.373541865306449949e-01
2.390335819140219087e-01
2.413391245294107534e-01
2.437054237338713847e-01
2.460872898263275488e-01
2.485127641568993795e-01
2.508895421665258141e-01
2.529062020068550964e-01
2.555121157099620177e-01
2.575283620246295868e-01
2.595852285266957438e-01
2.626479528294183297e-01
2.656699923130858565e-01
2.682004759405600680e-01
2.712744922548608884e-01
2.732809307043169156e-01
2.753315382114607246e-01
2.768032730420202370e-01
2.786115775028292774e-01
2.806465279003589330e-01
2.828240196742015655e-01
2.844935668661108252e-01
2.862089021045832737e-01
2.878078281220268764e-01
2.901032770171241282e-01
2.921669868989553720e-01
2.944390985537950201e-01
2.966718251795654737e-01
2.986285134705113364e-01
3.009993152921879300e-01
3.032407573787949673e-01
3.056780089872006556e-01
3.076977947092274235e-01
3.095112795844556786e-01
3.114416195908589202e-01
3.137881672679441181e-01
3.166232320307145187e-01
3.194155772579563290e-01
3.211667664417205970e-01
3.232721958923718830e-01
3.246036420473785711e-01
3.270457882033426245e-01
3.296230435453182395e-01
3.312407986048668818e-01
3.329070147855972550e-01
3.347390167414658890e-01
3.361379721872097548e-01
3.370511838801490967e-01
3.387492335858723891e-01
3.404350724016396157e-01
3.422699650042204667e-01
3.447249191082093489e-01
3.478709153926544673e-01
3.508781114039791760e-01
3.533850283882813414e-01
3.562752141523546356e-01
3.594295223651329252e-01
3.623444731532998730e-01
3.655411635950827076e-01
3.688345255842335746e-01
3.719045483590903700e-01
3.753627282868947646e-01
3.779091398752356668e-01
3.804526322463246402e-01
3.827078281382725322e-01
3.849203069467179716e-01
3.868289634522028564e-01
3.890443891061678983e-01
3.913138071286041964e-01
3.937528990123979611e-01
3.960426167053725521e-01
3.986057231429711578e-01
4.011697622594638801e-01
