0.000000000000000000e+00
9.584844763566024994e-05
2.512138372949834775e-04
4.537254757863706800e-04
6.059730210523639471e-04
8.493815664891712913e-04
1.035971581416106346e-03
1.319094038478851871e-03
1.721915015600927745e-03
1.905862049014217519e-03
2.199233129481115157e-03
2.390884971127604786e-03
2.613319458788510019e-03
3.209732497865047662e-03
3.632906710173244846e-03
4.026023788462396169e-03
4.503623436299619698e-03
5.088259635542158321e-03
6.223160740219668696e-03
7.431962047832030294e-03
8.945628500946156691e-03
9.938481389646369735e-03
1.071792553080541666e-02
1.168802365175736213e-02
1.242648304152282890e-02
1.308091287964430194e-02
1.355356381154138035e-02
1.421749500534730259e-02
1.497778766701429731e-02
1.611189971468718340e-02
1.763260319921755581e-02
1.890000600391061880e-02
2.002197474677558375e-02
2.124209679215027791e-02
2.260012640445552279e-02
2.406683054294234125e-02
2.544966956687488846e-02
2.690980195581005319e-02
2.805905792369145502e-02
2.919829784160299369e-02
3.014419401883827732e-02
3.073882835128927127e-02
3.173038447974363407e-02
3.253556843156246714e-02
3.360025910589570231e-02
3.486524255542633455e-02
3.647259051019346998e-02
3.820408958871723826e-02
4.011173333798723206e-02
4.132156813107457083e-02
4.216067984778248956e-02
4.370671760923983129e-02
4.474290833854865923e-02
4.592321235372764932e-02
4.709006523510339548e-02
4.776112279324706833e-02
4.774795194030900802e-02
4.807991415566448268e-02
4.873073363122415458e-02
4.999128613269476773e-02
5.111462638010522141e-02
5.236043256416422764e-02
5.361798198179457131e-02
5.515231506281281781e-02
5.671298916950462399e-02
5.830675409755059491e-02
5.998896584215174244e-02
6.142688637370952165e-02
6.331518774753419621e-02
6.496576299046097347e-02
6.655119162152089984e-02
6.782422976193913655e-02
6.935402109148469663e-02
7.066726549700064197e-02
7.185056272839318581e-02
7.336386242523929013e-02
7.491299794869377138e-02
7.642714855750654124e-02
7.800194918107195008e-02
7.947316054870867674e-02
8.115993695526668716e-02
8.262754778046144111e-02
8.435218160800417309e-02
8.621248851547136383e-02
8.782081444518041735e-02
8.928852567819234309e-02
9.086508784043445530e-02
9.218600079623229249e-02
9.364105166299196981e-02
9.532690924622500006e-02
9.726426497334728083e-02
9.926687557408087059e-02
1.006497972291029441e-01
1.019579478692165253e-01
1.038701380110396144e-01
1.055083063964872281e-01
1.067395748946822209e-01
1.079076580864750667e-01
1.091053319210075756e-01
1.102627577092007982e-01
1.114215727862060135e-01
1.127302585126486179e-01
1.145207770976597317e-01
1.163737432542717443e-01
1.183062074557028609e-01
1.201916260527227109e-01
1.221341410790941495e-01
1.243750965471406289e-01
1.269105963906156376e-01
1.288316834139564548e-01
1.310402404518029584e-01
1.333777395968240853e-01
1.358412085922253709e-01
1.383647203930067349e-01
1.410472356386875958e-01
1.434556311982646548e-01
1.455907510624783185e-01
1.474661244509718472e-01
1.491193241148565107e-01
1.513704748336692774e-01
1.536345369534046768e-01
1.564807391437028627e-01
1.593507724352178911e-01
1.622012453705110602e-01
1.650145427747986560e-01
1.677422592064985452e-01
1.705633552567533684e-01
1.731332015516642286e-01
1.760235997558083909e-01
1.790673930786823576e-01
1.821496640600912542e-01
1.851703522076277864e-01
1.880416697497580003e-01
1.908183841222808041e-01
1.931440989813140163e-01
1.956313076765496817e-01
1.982359645707560958e-01
2.005512224486878381e-01
2.031359529856402446e-01
2.053015853514139621e-01
2.074033615202637293e-01
2.095035569474319459e-01
2.116965824815011388e-01
2.139219492659805155e-01
2.161294957779062997e-01
2.182241231651147473e-01
2.203600349351546583e-01
2.226353640836293835e-01
2.247815883555119854e-01
2.270181254927621239e-01
2.292877625938345432e-01
2.314870905135038015e-01
2.334213321607165881e-01
2.357436099534453433e-01
2.385582397998078363e-01
2.409336115736451234e-01
2.433268880128807155e-01
2.455862767511334255e-01
2.480130351904321628e-01
2.496119753096266436e-01
2.508744325828402566e-01
2.521449385548990563e-01
2.539256053988125927e-01
2.556311740593741888e-01
2.580042419261516784e-01
2.599617282539767871e-01
2.615048195453013591e-01
2.628388125056133617e-01
2.643226464039614143e-01
2.658898361200812133e-01
2.674584718272896566e-01
2.692653264731177387e-01
2.713055424700243634e-01
2.729326684995925234e-01
2.741466028271872801e-01
2.756478428725444019e-01
2.772148212760399133e-01
2.785790443289499763e-01
2.800586004964173981e-01
2.818294487076968835e-01
2.838291119110820659e-01
2.855511958288445840e-01
2.877845563238778936e-01
2.899503502493914198e-01
2.919638382405977950e-01
2.939506585373621306e-01
2.955494710510180312e-01
2.977345880937320999e-01
3.003030400925865706e-01
3.028844604902332094e-01
3.053554201933437184e-01
3.072069289223051669e-01
3.089188088973955360e-01
3.104642132709471980e-01
3.126138820609796198e-01
3.145721323385402002e-01
3.168089498295572071e-01
3.191100571716205536e-01
3.214526232050545218e-01
3.242839318898802503e-01
