0.000000000000000000e+00
4.284127229104450242e-03
8.568254458208900484e-03
1.285238168731335159e-02
1.713650891641780097e-02
2.142063614552225034e-02
2.589476857254225176e-02
3.036890099956224970e-02
3.484303342658225111e-02
3.931716585360225252e-02
4.379129828062225394e-02
4.852151948246224977e-02
5.325174068430225255e-02
5.798196188614225532e-02
6.271218308798225116e-02
6.744240428982224700e-02
7.143097780372224814e-02
7.541955131762226316e-02
7.940812483152225043e-02
8.339669834542225157e-02
8.738527185932226660e-02
9.360233256918223943e-02
9.981939327904225390e-02
1.060364539889022406e-01
1.122535146987622690e-01
1.184705754086222557e-01
1.249979119426822549e-01
1.315252484767422680e-01
1.380525850108022534e-01
1.445799215448622388e-01
1.511072580789222519e-01
1.582309660702822529e-01
1.653546740616422817e-01
1.724783820530022826e-01
1.796020900443622559e-01
1.867257980357222846e-01
1.953577110672822803e-01
2.039896240988423037e-01
2.126215371304022994e-01
2.212534501619622951e-01
2.298853631935223185e-01
2.375040260611823162e-01
2.451226889288423139e-01
2.527413517965023115e-01
2.603600146641623092e-01
2.679786775318223624e-01
2.756095019832223159e-01
2.832403264346222693e-01
2.908711508860223338e-01
2.985019753374223428e-01
3.061327997888223518e-01
3.132066993890223472e-01
3.202805989892223981e-01
3.273544985894223380e-01
3.344283981896223334e-01
3.415022977898223844e-01
3.492001511856423490e-01
3.568980045814623692e-01
3.645958579772823893e-01
3.722937113731023540e-01
3.799915647689224296e-01
3.886742237040624048e-01
3.973568826392023245e-01
4.060395415743423553e-01
4.147222005094824415e-01
4.234048594446224723e-01
4.301982870865224684e-01
4.369917147284224090e-01
4.437851423703224052e-01
4.505785700122224569e-01
4.573719976541223975e-01
4.645630206559424047e-01
4.717540436577624674e-01
4.789450666595824191e-01
4.861360896614024263e-01
4.933271126632224890e-01
4.988440311032624752e-01
5.043609495433024614e-01
5.098778679833424476e-01
5.153947864233824339e-01
5.209117048634224201e-01
5.278701451266224476e-01
5.348285853898225861e-01
5.417870256530225026e-01
5.487454659162225301e-01
5.557039061794225576e-01
5.637906172099225177e-01
5.718773282404224778e-01
5.799640392709225489e-01
5.880507503014225090e-01
5.961374613319224691e-01
6.026036087122623730e-01
6.090697560926024989e-01
6.155359034729425138e-01
6.220020508532824177e-01
6.284681982336224326e-01
6.357107104638023420e-01
6.429532226939823625e-01
6.501957349241623829e-01
6.574382471543422923e-01
6.646807593845224238e-01
6.708235448426822511e-01
6.769663303008424116e-01
6.831091157590023499e-01
6.892519012171622883e-01
6.953946866753222267e-01
7.017308877290023839e-01
7.080670887826822080e-01
7.144032898363621431e-01
7.207394908900420782e-01
7.270756919437222354e-01
7.331532708512221719e-01
7.392308497587222194e-01
7.453084286662221558e-01
7.513860075737223143e-01
7.574635864812222508e-01
7.643574924394822556e-01
7.712513983977422605e-01
7.781453043560021543e-01
7.850392103142622702e-01
7.919331162725222750e-01
7.983475398135222445e-01
8.047619633545223250e-01
8.111763868955221835e-01
8.175908104365222639e-01
8.240052339775222334e-01
8.309053612367621744e-01
8.378054884960023374e-01
8.447056157552422784e-01
8.516057430144822193e-01
8.585058702737222713e-01
8.650777998740223351e-01
8.716497294743221769e-01
8.782216590746223517e-01
8.847935886749221934e-01
8.913655182752222572e-01
8.966074210264821653e-01
9.018493237777422955e-01
9.070912265290023146e-01
9.123331292802623338e-01
9.175750320315223529e-01
9.239834829300224150e-01
9.303919338285221441e-01
9.368003847270220952e-01
9.432088356255221573e-01
9.496172865240221084e-01
9.558469781950620359e-01
9.620766698661021854e-01
9.683063615371421129e-01
9.745360532081822624e-01
9.807657448792221899e-01
9.865411963990621258e-01
9.923166479189022837e-01
9.980920994387423306e-01
1.003867550958582155e+00
1.009643002478422424e+00
1.014115153907502176e+00
1.018587305336582371e+00
1.023059456765662345e+00
1.027531608194742319e+00
1.032003759623822292e+00
1.037547152982322363e+00
1.043090546340822433e+00
1.048633939699322282e+00
1.054177333057822130e+00
1.059720726416322201e+00
1.065094620862882202e+00
1.070468515309442203e+00
1.075842409756002427e+00
1.081216304202562206e+00
1.086590198649122430e+00
1.092605613384082464e+00
1.098621028119042276e+00
1.104636442854002309e+00
1.110651857588962343e+00
1.116667272323922155e+00
1.123314612265542412e+00
1.129961952207162224e+00
1.136609292148782480e+00
1.143256632090402514e+00
1.149903972032022548e+00
1.156929386371202462e+00
1.163954800710382376e+00
1.170980215049562290e+00
1.178005629388742204e+00
1.185031043727922340e+00
1.191255487076882558e+00
1.197479930425842554e+00
1.203704373774802550e+00
1.209928817123762546e+00
1.216153260472722764e+00
1.222970203507242504e+00
1.229787146541762688e+00
1.236604089576282428e+00
1.243421032610802612e+00
1.250237975645322575e+00
1.256474804149622537e+00
1.262711632653922722e+00
1.268948461158222685e+00
1.275185289662522647e+00
