0.000000000000000000e+00
3.428064890428292062e-04
6.856129780856584123e-04
1.028419467128487618e-03
1.371225956171316825e-03
1.714032445214146031e-03
1.893402007054146088e-03
2.072771568894145929e-03
2.252141130734145770e-03
2.431510692574145611e-03
2.610880254414145452e-03
2.716772774654145628e-03
2.822665294894145804e-03
2.928557815134145981e-03
3.034450335374146157e-03
3.140342855614146333e-03
3.061505006634146313e-03
2.982667157654146292e-03
2.903829308674146271e-03
2.824991459694146251e-03
2.746153610714146230e-03
2.940137063654146409e-03
3.134120516594146588e-03
3.328103969534146767e-03
3.522087422474146946e-03
3.716070875414147125e-03
3.957359226494146925e-03
4.198647577574147159e-03
4.439935928654147393e-03
4.681224279734147627e-03
4.922512630814147860e-03
5.267650480614147895e-03
5.612788330414147930e-03
5.957926180214147965e-03
6.303064030014148000e-03
6.648201879814148035e-03
7.190420503294147996e-03
7.732639126774147956e-03
8.274857750254147049e-03
8.817076373734146141e-03
9.359294997214145234e-03
9.662382436514144884e-03
9.965469875814144535e-03
1.026855731511414418e-02
1.057164475441414384e-02
1.087473219371414349e-02
1.140554830013414296e-02
1.193636440655414244e-02
1.246718051297414191e-02
1.299799661939414139e-02
1.352881272581414086e-02
1.366673323837414022e-02
1.380465375093413959e-02
1.394257426349413895e-02
1.408049477605413831e-02
1.421841528861413767e-02
1.478526292891413699e-02
1.535211056921413630e-02
1.591895820951413562e-02
1.648580584981413494e-02
1.705265349011413425e-02
1.741772592757413404e-02
1.778279836503413383e-02
1.814787080249413362e-02
1.851294323995413341e-02
1.887801567741413319e-02
1.901957762825413206e-02
1.916113957909413093e-02
1.930270152993412980e-02
1.944426348077412867e-02
1.958582543161412753e-02
2.006319244779412869e-02
2.054055946397412985e-02
2.101792648015413101e-02
2.149529349633413217e-02
2.197266051251413332e-02
2.209749940227413376e-02
2.222233829203413419e-02
2.234717718179413462e-02
2.247201607155413505e-02
2.259685496131413548e-02
2.289122585875413493e-02
2.318559675619413438e-02
2.347996765363413382e-02
2.377433855107413327e-02
2.406870944851413271e-02
2.483832288727413212e-02
2.560793632603413153e-02
2.637754976479413094e-02
2.714716320355413035e-02
2.791677664231412975e-02
2.819376053599412929e-02
2.847074442967412883e-02
2.874772832335412837e-02
2.902471221703412790e-02
2.930169611071412744e-02
3.015521066679412859e-02
3.100872522287412975e-02
3.186223977895413090e-02
3.271575433503413205e-02
3.356926889111413320e-02
3.395261116629413184e-02
3.433595344147413048e-02
3.471929571665412911e-02
3.510263799183412775e-02
3.548598026701412639e-02
3.565144137259412815e-02
3.581690247817412992e-02
3.598236358375413169e-02
3.614782468933413345e-02
3.631328579491413522e-02
3.645024175213413403e-02
3.658719770935413285e-02
3.672415366657413166e-02
3.686110962379413047e-02
3.699806558101412929e-02
3.695537490271413178e-02
3.691268422441413427e-02
3.686999354611413676e-02
3.682730286781413925e-02
3.678461218951414174e-02
3.682798673029414466e-02
3.687136127107414757e-02
3.691473581185415048e-02
3.695811035263415339e-02
3.700148489341415631e-02
3.730281454255415796e-02
3.760414419169415962e-02
3.790547384083416127e-02
3.820680348997416292e-02
3.850813313911416458e-02
3.872752997959416632e-02
3.894692682007416806e-02
3.916632366055416981e-02
3.938572050103417155e-02
3.960511734151417329e-02
3.953070534937417474e-02
3.945629335723417619e-02
3.938188136509417764e-02
3.930746937295417909e-02
3.923305738081418054e-02
3.957226354919417960e-02
3.991146971757417866e-02
4.025067588595417772e-02
4.058988205433417679e-02
4.092908822271417585e-02
4.101169303965417762e-02
4.109429785659417939e-02
4.117690267353418115e-02
4.125950749047418292e-02
4.134211230741418469e-02
4.176449303333418239e-02
4.218687375925418009e-02
4.260925448517417780e-02
4.303163521109417550e-02
4.345401593701417320e-02
4.343867768447417371e-02
4.342333943193417423e-02
4.340800117939417474e-02
4.339266292685417525e-02
4.337732467431417577e-02
4.366274350529417841e-02
4.394816233627418106e-02
4.423358116725418371e-02
4.451899999823418635e-02
4.480441882921418900e-02
4.492618346265418727e-02
4.504794809609418554e-02
4.516971272953418381e-02
4.529147736297418209e-02
4.541324199641418036e-02
4.598806233131418064e-02
4.656288266621418093e-02
4.713770300111418121e-02
4.771252333601418150e-02
4.828734367091418178e-02
4.891007210087418289e-02
4.953280053083418399e-02
5.015552896079418510e-02
5.077825739075418621e-02
5.140098582071418731e-02
5.194337057941418589e-02
5.248575533811418448e-02
5.302814009681418306e-02
5.357052485551418164e-02
5.411290961421418022e-02
5.446064909471418081e-02
5.480838857521418139e-02
5.515612805571418198e-02
5.550386753621418257e-02
5.585160701671418315e-02
5.618128455453418046e-02
5.651096209235417778e-02
5.684063963017417509e-02
5.717031716799417240e-02
5.749999470581416972e-02
5.799817218575416961e-02
5.849634966569416950e-02
5.899452714563416938e-02
5.949270462557416927e-02
