0.000000000000000000e+00
9.194876544911740127e-05
1.838975308982348025e-04
2.758462963473522038e-04
3.677950617964696051e-04
4.597438272455870063e-04
4.842911873455869897e-04
5.088385474455869731e-04
5.333859075455870107e-04
5.579332676455870483e-04
5.824806277455870859e-04
6.383955865255870393e-04
6.943105453055869927e-04
7.502255040855869460e-04
8.061404628655868994e-04
8.620554216455868527e-04
4.946504516855868439e-04
1.272454817255868351e-04
-2.401594882344131737e-04
-6.075644581944131825e-04
-9.749694281544131914e-04
-7.930544934544132493e-04
-6.111395587544133073e-04
-4.292246240544133110e-04
-2.473096893544133148e-04
-6.539475465441331849e-05
-1.519146183744133163e-04
-2.384344820944133141e-04
-3.249543458144133119e-04
-4.114742095344133097e-04
-4.979940732544132533e-04
-5.036192231344132535e-04
-5.092443730144132538e-04
-5.148695228944132540e-04
-5.204946727744132542e-04
-5.261198226544132545e-04
-4.289122833744132791e-04
-3.317047440944133037e-04
-2.344972048144133012e-04
-1.372896655344132987e-04
-4.008212625441329624e-05
1.994380243455866873e-04
4.389581749455866979e-04
6.784783255455867357e-04
9.179984761455866650e-04
1.157518626745586594e-03
1.587872364105586548e-03
2.018226101465586501e-03
2.448579838825586455e-03
2.878933576185586408e-03
3.309287313545586362e-03
3.489716862705586134e-03
3.670146411865585906e-03
3.850575961025585678e-03
4.031005510185585450e-03
4.211435059345585222e-03
4.241964621505584822e-03
4.272494183665584422e-03
4.303023745825584022e-03
4.333553307985583622e-03
4.364082870145583222e-03
4.412280645365583218e-03
4.460478420585583213e-03
4.508676195805583209e-03
4.556873971025583205e-03
4.605071746245583200e-03
5.131814059085582948e-03
5.658556371925582695e-03
6.185298684765582443e-03
6.712040997605582190e-03
7.238783310445581938e-03
7.462327747185582005e-03
7.685872183925582073e-03
7.909416620665582140e-03
8.132961057405581340e-03
8.356505494145582275e-03
8.302347407805582558e-03
8.248189321465582841e-03
8.194031235125583124e-03
8.139873148785583407e-03
8.085715062445583690e-03
8.343052492525582925e-03
8.600389922605582160e-03
8.857727352685581396e-03
9.115064782765580631e-03
9.372402212845579866e-03
9.572851942445580187e-03
9.773301672045580507e-03
9.973751401645580827e-03
1.017420113124558115e-02
1.037465086084558147e-02
1.019211623966558185e-02
1.000958161848558223e-02
9.827046997305582607e-03
9.644512376125582986e-03
9.461977754945583366e-03
9.533305640405583328e-03
9.604633525865583291e-03
9.675961411325583253e-03
9.747289296785583215e-03
9.818617182245583178e-03
9.671060020585584005e-03
9.523502858925584832e-03
9.375945697265585660e-03
9.228388535605586487e-03
9.080831373945587315e-03
9.077175609905587667e-03
9.073519845865588018e-03
9.069864081825588370e-03
9.066208317785588722e-03
9.062552553745589073e-03
8.993487771965588337e-03
8.924422990185587601e-03
8.855358208405586865e-03
8.786293426625586128e-03
8.717228644845585392e-03
8.613120152745585428e-03
8.509011660645585465e-03
8.404903168545585501e-03
8.300794676445585538e-03
8.196686184345585574e-03
8.350274733445585060e-03
8.503863282545584545e-03
8.657451831645584031e-03
8.811040380745583517e-03
8.964628929845583002e-03
9.515664427565583700e-03
1.006669992528558440e-02
1.061773542300558509e-02
1.116877092072558579e-02
1.171980641844558649e-02
1.251061688764558595e-02
1.330142735684558541e-02
1.409223782604558488e-02
1.488304829524558434e-02
1.567385876444558554e-02
1.594995884222558460e-02
1.622605892000558367e-02
1.650215899778558273e-02
1.677825907556558180e-02
1.705435915334558086e-02
1.762834263736558216e-02
1.820232612138558345e-02
1.877630960540558475e-02
1.935029308942558604e-02
1.992427657344558733e-02
2.047194419094558807e-02
2.101961180844558880e-02
2.156727942594558953e-02
2.211494704344559026e-02
2.266261466094559099e-02
2.296313061174558995e-02
2.326364656254558891e-02
2.356416251334558787e-02
2.386467846414558683e-02
2.416519441494558579e-02
2.434650676674558756e-02
2.452781911854558933e-02
2.470913147034559110e-02
2.489044382214559287e-02
2.507175617394559464e-02
2.539687153826559324e-02
2.572198690258559184e-02
2.604710226690559044e-02
2.637221763122558904e-02
2.669733299554558764e-02
2.708092871782558780e-02
2.746452444010558797e-02
2.784812016238558813e-02
2.823171588466558829e-02
2.861531160694558845e-02
2.924797008750558772e-02
2.988062856806558698e-02
3.051328704862558625e-02
3.114594552918558551e-02
3.177860400974558824e-02
3.216148216330558945e-02
3.254436031686559067e-02
3.292723847042559188e-02
3.331011662398559309e-02
3.369299477754559430e-02
3.412132745438559156e-02
3.454966013122558882e-02
3.497799280806558608e-02
3.540632548490558335e-02
3.583465816174558061e-02
3.646934795570558330e-02
3.710403774966558599e-02
3.773872754362558868e-02
3.837341733758559137e-02
3.900810713154559406e-02
3.970805362878559314e-02
4.040800012602559221e-02
4.110794662326559129e-02
4.180789312050559037e-02
4.250783961774558944e-02
4.346870474338558610e-02
4.442956986902558275e-02
4.539043499466557940e-02
4.635130012030557606e-02
