0.000000000000000000e+00
-6.987631060439980502e-06
-1.007896155158505280e-04
-3.759663314895078656e-05
1.573852253002883117e-04
2.887116327343619560e-04
2.643919667661975836e-04
3.552396964749959807e-04
3.127650029099982021e-04
2.913801248141112410e-04
4.642548066442486743e-04
6.735619358124722567e-04
7.190485226544751640e-04
1.102443158742971718e-03
1.365696553783379841e-03
1.455187281116820941e-03
1.528762867756938704e-03
1.697795791940848176e-03
2.354825458652953785e-03
3.015332192767061770e-03
3.372416917279963400e-03
3.157274435537260615e-03
2.857795650164973722e-03
2.938856110532128696e-03
2.890422817124260746e-03
2.622102211134347272e-03
2.432073482410146426e-03
2.565672162120335997e-03
2.681634809505339945e-03
2.769466410988741245e-03
3.429990435428464934e-03
4.191164578152495324e-03
3.965195212714434092e-03
3.757517689045641873e-03
3.606403894544030209e-03
3.566040257666713842e-03
3.577361872011408650e-03
3.947137991360705200e-03
4.220581681892099368e-03
4.184006978952936606e-03
4.220369276438873385e-03
4.039107003563913167e-03
3.770024701324814487e-03
3.089846939452911556e-03
2.802130592186813374e-03
2.724158495780670819e-03
2.858521966707883166e-03
3.030794246321022456e-03
3.152980006007055636e-03
2.846943454251515959e-03
2.211974899175572773e-03
2.094610462236801141e-03
1.891153980828619297e-03
1.569807306815107495e-03
1.693505574863252150e-03
1.077904812504471010e-03
2.110712065359621192e-04
-6.416354371907573295e-05
-5.962692900851607192e-04
-9.225555043030908564e-04
-1.236062894797385070e-03
-1.431772856655300075e-03
-1.957759334345610114e-03
-2.135342193142264478e-03
-1.989288289948376587e-03
-1.224393909943444214e-03
-5.133676980406676194e-04
-1.046044683690183774e-04
3.937272911116451724e-04
6.204305125976361523e-04
8.972290778999081340e-04
1.334059637869700055e-03
1.629496014686537819e-03
1.782654176409437241e-03
1.816129918928766074e-03
1.787555624972014812e-03
2.262294194288472227e-03
2.264562070386944015e-03
2.694264614135022384e-03
3.377939265114093814e-03
4.062529755152866073e-03
4.709823218099984388e-03
5.573274655418458678e-03
6.231128515679529301e-03
6.921873364866826250e-03
7.283857843610519467e-03
8.007234811529428953e-03
8.549522586100977151e-03
8.653761705211593380e-03
8.335543611394768959e-03
8.402625183364875738e-03
8.415633509699205206e-03
8.291675082993776869e-03
8.107963890218172764e-03
8.328230814569792528e-03
8.311282167539957300e-03
8.034275534697599142e-03
8.112908499185778055e-03
7.801537692778026667e-03
7.564602756680471884e-03
7.737949700128865516e-03
7.546730698628323353e-03
7.931617284739900242e-03
8.343828502752614895e-03
8.809814294721718397e-03
8.997673627781921368e-03
9.283875127898966184e-03
1.010177674567813710e-02
1.113714057665049495e-02
1.214447038480415131e-02
1.353360782432133647e-02
1.412621193002649989e-02
1.467842984255440797e-02
1.527555093267096709e-02
1.580277505070881716e-02
1.607278500021180889e-02
1.662497148804220615e-02
1.659520299646288777e-02
1.655598985959727543e-02
1.670221583618314298e-02
1.697153684051500022e-02
1.723906563653088142e-02
1.797644945821730289e-02
1.849809149357639626e-02
1.873260990512193302e-02
1.873383953212481856e-02
1.882353694914939979e-02
1.917729362759246214e-02
1.938703881384640226e-02
1.974666387719992144e-02
1.994230581433953375e-02
2.047533294287262606e-02
2.086412995370068302e-02
2.120718980795288644e-02
2.118505365015721509e-02
2.135707268293884908e-02
2.155796768239781613e-02
2.143100895073501988e-02
2.168340218973696665e-02
2.128518585236349736e-02
2.121315986273941689e-02
2.109976104665634011e-02
2.080449621370661362e-02
2.066518679981044215e-02
2.073817694008539547e-02
2.114688640176609624e-02
2.197788812995327135e-02
2.280206280258312290e-02
2.339164262234305625e-02
2.405054655424265775e-02
2.446113560198881487e-02
2.485137360029909814e-02
2.490954786351551320e-02
2.529674584769026069e-02
2.563401289349798162e-02
2.600456529880545986e-02
2.627142777284063868e-02
2.610869325011577757e-02
2.611696356616732828e-02
2.571710471702459699e-02
2.495417653312159700e-02
2.425743719410888843e-02
2.396295746256527082e-02
2.347589619810719341e-02
2.341984101515492966e-02
2.318213444214478614e-02
2.235525119590420218e-02
2.150127028418324926e-02
2.127993814030304520e-02
2.102430182143422144e-02
2.040456549428171229e-02
2.005392062992683577e-02
1.985164702293218397e-02
1.977076509384545489e-02
1.905220929628370641e-02
1.860442533056527736e-02
1.822864487097319852e-02
1.810250867310259082e-02
1.808558043416752525e-02
1.790888456872608003e-02
1.752651472193633708e-02
1.665679710524869961e-02
1.605469260854874847e-02
1.561098221552015275e-02
1.496266617791519593e-02
1.441760386053658749e-02
1.385590263898706098e-02
1.379235013607882365e-02
1.360087422452238570e-02
1.334644381869054541e-02
1.328707079022706239e-02
1.276980088037760197e-02
1.253026689894198853e-02
1.268966358114909099e-02
1.280054141253827993e-02
1.285257203654310842e-02
1.304465956148703754e-02
1.304726674400313868e-02
1.349729115182185524e-02
1.392326609860816689e-02
