0.000000000000000000e+00
4.475196848119367132e-05
1.146385818060480233e-04
1.892907862384163309e-04
2.951390227181605042e-04
4.919915780092765090e-04
5.813491163877415602e-04
7.518868029947611831e-04
8.923006240877384698e-04
1.204956276716018237e-03
1.475418253541249669e-03
1.684241361886051891e-03
1.723851703069101404e-03
1.937190966529556135e-03
2.193159749097617350e-03
2.512064179228445937e-03
2.920148643951847589e-03
3.389265763161120049e-03
3.859008320496570832e-03
4.678355186648275321e-03
5.129947162380688042e-03
5.301001743156064094e-03
5.464743499643986979e-03
5.936116428770787934e-03
6.557344041155488412e-03
7.073967707334816168e-03
7.826083480281909033e-03
8.446323472426797707e-03
9.381279028765732164e-03
1.032451042646442829e-02
1.174363986284987504e-02
1.282057137212433418e-02
1.314436804707241890e-02
1.365930580961816077e-02
1.431289152943548970e-02
1.522028806549258206e-02
1.642757447189069353e-02
1.757854336707254106e-02
1.846901739543937992e-02
1.923619711767798890e-02
1.979966527099463747e-02
1.996703765566820721e-02
2.038894956207570885e-02
2.077017745465070675e-02
2.137548449040593823e-02
2.229764796590671949e-02
2.296072034251750438e-02
2.367615306894066407e-02
2.461654773100718785e-02
2.507102598110577674e-02
2.559674801534583821e-02
2.652176895362856612e-02
2.707381718216339550e-02
2.796993402775882487e-02
2.897421521596754701e-02
2.902431550155171180e-02
2.849123136240905296e-02
2.846888815597026223e-02
2.888018716369344929e-02
2.933399317591778299e-02
3.034470669722111325e-02
3.120739651922832536e-02
3.195017303703195921e-02
3.315469592874364935e-02
3.448972748924461484e-02
3.609274409940610440e-02
3.721090187102049640e-02
3.835764776771100060e-02
3.969033228275264946e-02
4.092467256381127072e-02
4.215535120167857031e-02
4.333147722393704271e-02
4.434792740075010897e-02
4.505281781275272124e-02
4.565541909903458873e-02
4.676749333957275212e-02
4.809769950541920025e-02
4.892029192548363881e-02
4.955617655097199759e-02
5.028032264564075149e-02
5.109249083313471829e-02
5.193936588025138690e-02
5.326518043657557655e-02
5.442259596185294868e-02
5.534822508147385633e-02
5.592898323704531549e-02
5.649655596296554450e-02
5.695315337246853460e-02
5.747615258604099608e-02
5.779705127483936167e-02
5.837065538381125407e-02
5.899225386065864996e-02
5.959191013199927056e-02
6.031828279486006750e-02
6.134212310995224016e-02
6.187642879900323578e-02
6.234274772629788686e-02
6.261530885723942674e-02
6.289035132982689902e-02
6.346007675197995468e-02
6.421900549423043003e-02
6.487532469116530365e-02
6.598225735968554773e-02
6.736391685507925331e-02
6.878844014525498096e-02
6.970584777901223106e-02
7.081662388951315279e-02
7.194386929197804648e-02
7.331859350690450583e-02
7.429967356803501843e-02
7.496040586539720607e-02
7.543930057908454501e-02
7.576328802441878452e-02
7.611350456991772262e-02
7.631411134472187996e-02
7.670816541264002808e-02
7.708138783974760599e-02
7.722052540793811204e-02
7.758667316615941445e-02
7.829379541746561699e-02
7.851589252707213973e-02
7.929869560607727408e-02
8.001958168136269478e-02
8.054003605059278925e-02
8.121413010645994746e-02
8.165836420359084968e-02
8.211789114943002232e-02
8.274280956302249024e-02
8.301391416567582837e-02
8.384732314804921316e-02
8.464986523880213554e-02
8.537792146901068691e-02
8.633553704029850451e-02
8.703286178079849833e-02
8.743158284266172586e-02
8.804142121795877074e-02
8.899544850641660787e-02
8.981621714046639227e-02
9.113020014234507471e-02
9.158379184130183148e-02
9.220010879314344265e-02
9.293407735528091962e-02
9.335029271042571963e-02
9.399138846403332082e-02
9.447615515531282426e-02
9.545308622219295103e-02
9.683163835499186689e-02
9.835097729418151857e-02
9.976258810922189468e-02
1.010494906293288864e-01
1.021146935518615351e-01
1.032513639535679317e-01
1.039337388965648756e-01
1.045991831663286575e-01
1.057279430374364892e-01
1.066555320463820067e-01
1.078457114383155613e-01
1.088058017245927545e-01
1.095405428642663992e-01
1.103283429688985962e-01
1.105304043751544896e-01
1.106150062659310152e-01
1.110693826483242219e-01
1.115273149289492949e-01
1.122112173930673862e-01
1.128507491735319945e-01
1.131093028262952771e-01
1.129958266656885257e-01
1.135462375073785779e-01
1.142133069216626495e-01
1.144411103889240167e-01
1.148533024345184117e-01
1.155132079999816597e-01
1.162774081196431553e-01
1.166359293687904142e-01
1.175972929756241570e-01
1.189534397009239797e-01
1.204580203392993099e-01
1.225871843026027364e-01
1.245493048565080585e-01
1.266195504286216078e-01
1.278222273262414888e-01
1.290246866155726480e-01
1.308077239885321319e-01
1.328506590506393081e-01
1.344956666556669234e-01
1.363233044341072286e-01
1.380598314602963228e-01
1.394069234552048897e-01
1.408903692902399030e-01
1.425913478584135419e-01
1.433964276029868756e-01
1.446304071850548212e-01
1.457907683502810414e-01
1.471618434578303436e-01
1.490758606082778215e-01
1.515587173848302882e-01
1.533147851831060393e-01
1.552685947743626116e-01
1.572656750968945971e-01
