0.000000000000000000e+00
4.128414385900283472e-03
8.256828771800566943e-03
1.238524315770084955e-02
1.651365754360113389e-02
2.064207192950141823e-02
2.572877953184141836e-02
3.081548713418141849e-02
3.590219473652141863e-02
4.098890233886141876e-02
4.607560994120141890e-02
5.101742727228141677e-02
5.595924460336141465e-02
6.090106193444141253e-02
6.584287926552141734e-02
7.078469659660141522e-02
7.543895479846141061e-02
8.009321300032140600e-02
8.474747120218140140e-02
8.940172940404139679e-02
9.405598760590139218e-02
9.912332734250138555e-02
1.041906670791013789e-01
1.092580068157013723e-01
1.143253465523013657e-01
1.193926862889013590e-01
1.238936055883013559e-01
1.283945248877013667e-01
1.328954441871013636e-01
1.373963634865013606e-01
1.418972827859013575e-01
1.463308804839013599e-01
1.507644781819013624e-01
1.551980758799013649e-01
1.596316735779013674e-01
1.640652712759013698e-01
1.684027207121013558e-01
1.727401701483013419e-01
1.770776195845013279e-01
1.814150690207013139e-01
1.857525184569012999e-01
1.894793805697012889e-01
1.932062426825012780e-01
1.969331047953012670e-01
2.006599669081012560e-01
2.043868290209012450e-01
2.084002038859012473e-01
2.124135787509012496e-01
2.164269536159012519e-01
2.204403284809012542e-01
2.244537033459012565e-01
2.280178685637012648e-01
2.315820337815012731e-01
2.351461989993012813e-01
2.387103642171012896e-01
2.422745294349012979e-01
2.461534397163012977e-01
2.500323499977012975e-01
2.539112602791013251e-01
2.577901705605013527e-01
2.616690808419013803e-01
2.658883778983013868e-01
2.701076749547013933e-01
2.743269720111013998e-01
2.785462690675014064e-01
2.827655661239014129e-01
2.865134336733013987e-01
2.902613012227013845e-01
2.940091687721013702e-01
2.977570363215013560e-01
3.015049038709013418e-01
3.056411711283013588e-01
3.097774383857013758e-01
3.139137056431013928e-01
3.180499729005014098e-01
3.221862401579014268e-01
3.256742443011014232e-01
3.291622484443014196e-01
3.326502525875014160e-01
3.361382567307014124e-01
3.396262608739014088e-01
3.431762686335014245e-01
3.467262763931014402e-01
3.502762841527014559e-01
3.538262919123014716e-01
3.573762996719014873e-01
3.610855184173014654e-01
3.647947371627014435e-01
3.685039559081014215e-01
3.722131746535013996e-01
3.759223933989013777e-01
3.790922792935013663e-01
3.822621651881013549e-01
3.854320510827013435e-01
3.886019369773013321e-01
3.917718228719013207e-01
3.954986439789013319e-01
3.992254650859013432e-01
4.029522861929013544e-01
4.066791072999013656e-01
4.104059284069013769e-01
4.140367975931013578e-01
4.176676667793013387e-01
4.212985359655013196e-01
4.249294051517013004e-01
4.285602743379012813e-01
4.319034347759012626e-01
4.352465952139012439e-01
4.385897556519012253e-01
4.419329160899012066e-01
4.452760765279011879e-01
4.483981363449011659e-01
4.515201961619011439e-01
4.546422559789011220e-01
4.577643157959011000e-01
4.608863756129010780e-01
4.640155553301010816e-01
4.671447350473010851e-01
4.702739147645010886e-01
4.734030944817010922e-01
4.765322741989010957e-01
4.793151827197010828e-01
4.820980912405010699e-01
4.848809997613010569e-01
4.876639082821010440e-01
4.904468168029010311e-01
4.936787043583010237e-01
4.969105919137010163e-01
5.001424794691009534e-01
5.033743670245010016e-01
5.066062545799010497e-01
5.098669634883010726e-01
5.131276723967010955e-01
5.163883813051011185e-01
5.196490902135011414e-01
5.229097991219011643e-01
5.257930917371012036e-01
5.286763843523012429e-01
5.315596769675012823e-01
5.344429695827013216e-01
5.373262621979013609e-01
5.403465515387013696e-01
5.433668408795013782e-01
5.463871302203013869e-01
5.494074195611013955e-01
5.524277089019014042e-01
5.558949069423013700e-01
5.593621049827013358e-01
5.628293030231013017e-01
5.662965010635012675e-01
5.697636991039012333e-01
5.728864350063012090e-01
5.760091709087011846e-01
5.791319068111011603e-01
5.822546427135011360e-01
5.853773786159011117e-01
5.882369437481010932e-01
5.910965088803010747e-01
5.939560740125010563e-01
5.968156391447010378e-01
5.996752042769010194e-01
6.026629170997009899e-01
6.056506299225009604e-01
6.086383427453009309e-01
6.116260555681009015e-01
6.146137683909008720e-01
6.174729999521009205e-01
6.203322315133009690e-01
6.231914630745010175e-01
6.260506946357010660e-01
6.289099261969011145e-01
6.318663045241010856e-01
6.348226828513010567e-01
6.377790611785010277e-01
6.407354395057009988e-01
6.436918178329009699e-01
6.463650221825010256e-01
6.490382265321010813e-01
6.517114308817011370e-01
6.543846352313011927e-01
6.570578395809012484e-01
6.598899466747012443e-01
6.627220537685012403e-01
6.655541608623012362e-01
6.683862679561012321e-01
6.712183750499012280e-01
6.739332557429011938e-01
6.766481364359011597e-01
6.793630171289011255e-01
6.820778978219010913e-01
6.847927785149010571e-01
6.878274691773010874e-01
6.908621598397011176e-01
6.938968505021011479e-01
6.969315411645011782e-01
6.999662318269012085e-01
7.028409519553011631e-01
7.057156720837011177e-01
7.085903922121010723e-01
7.114651123405010269e-01
