0.000000000000000000e+00
3.200124745461607745e-05
2.688996590194392411e-05
-5.341837366756863048e-05
-6.283431486053814297e-05
-3.334872614146888736e-05
3.745096524454538667e-05
3.951096419925193004e-04
5.699044440845568715e-04
6.501254172022186140e-04
6.745855080652063407e-04
9.973489186236861315e-04
1.179502651332597907e-03
1.289070706924633214e-03
1.624810169182921982e-03
1.679638839100050518e-03
2.014537201837640623e-03
2.401929935707869390e-03
2.848434170530822485e-03
3.444532320017401616e-03
3.683257190566280315e-03
3.619352202960612885e-03
3.212515546373140296e-03
3.379461330567323785e-03
3.561993555472042772e-03
3.812890609694363775e-03
4.051352042488076677e-03
4.241872184486794595e-03
4.380921829572059778e-03
4.921888453957024012e-03
5.758597368355822255e-03
5.936448330743360202e-03
5.717435600693931974e-03
5.641815594977117598e-03
5.459911194513722421e-03
5.452453645368393609e-03
5.931583093556014319e-03
6.698797236239784070e-03
6.922145857181760675e-03
6.882084703065061149e-03
6.900953264903364470e-03
6.467067386395797257e-03
5.954046574956350923e-03
5.575935892935035554e-03
5.176864998510666283e-03
5.026547912720502609e-03
5.430205915160968289e-03
5.766802359516987053e-03
6.116294286726997598e-03
5.790179560179353757e-03
5.149262255237374575e-03
5.123306311496378385e-03
4.947437482861971603e-03
4.799568881473703641e-03
4.870268293274193638e-03
4.220278654003095653e-03
3.048557405264773479e-03
2.483997021521133775e-03
2.026812659096322022e-03
1.689253020082048806e-03
1.633680017974370458e-03
1.621638012728965350e-03
1.765872442334170955e-03
2.229509665149009834e-03
2.644304536744357392e-03
3.176386379465157006e-03
3.789291743629519260e-03
4.256886394450987154e-03
4.796051269387646698e-03
4.905546072627942067e-03
4.936120772242702515e-03
4.924039549514702685e-03
4.749924912580638647e-03
4.793194792753752154e-03
4.713065892538281787e-03
4.969252229251708286e-03
5.478024216223786880e-03
5.944776625760539446e-03
6.117834499022478667e-03
6.667851507806688005e-03
7.461918370111675358e-03
7.794364226029415477e-03
8.489725541188875013e-03
9.027734948944043936e-03
9.241967936759465374e-03
9.473340333713053951e-03
9.837475426500930098e-03
9.935293673791534275e-03
9.896723993776390671e-03
9.673709014158760056e-03
9.850970904295763830e-03
1.017983385725074186e-02
1.034583857882864777e-02
1.066851160042148194e-02
1.152592337271585166e-02
1.186070478282630347e-02
1.194459696812089078e-02
1.184669969290297331e-02
1.137088411412179312e-02
1.121094329523231181e-02
1.113966300054869407e-02
1.104976272208801902e-02
1.159871686349589481e-02
1.214199841525243073e-02
1.235914187292763700e-02
1.224273161333400139e-02
1.231567649073639359e-02
1.277430419960268182e-02
1.359363720658990360e-02
1.409470768439291533e-02
1.522840644845047109e-02
1.568226077026935172e-02
1.639768166164401464e-02
1.690128480434793801e-02
1.715585872213409857e-02
1.724789758232958548e-02
1.737410056545485304e-02
1.793551204330157134e-02
1.815516090606905664e-02
1.868515429842432241e-02
1.881436518051771145e-02
1.930097773966110708e-02
2.024085419732557511e-02
2.116913912165330203e-02
2.171172224298345554e-02
2.183258854444858343e-02
2.227312929748137549e-02
2.224538801274889011e-02
2.232213019094331230e-02
2.282852033174975759e-02
2.305737496850213120e-02
2.346957832729401616e-02
2.408672772161679632e-02
2.459562524909131298e-02
2.447876347107325046e-02
2.413570727796354731e-02
2.420306033103969412e-02
2.435661121742782598e-02
2.444044095677355699e-02
2.399927226390730084e-02
2.364595173960282182e-02
2.339013380613863546e-02
2.303963251871721241e-02
2.268218037194458248e-02
2.238633351493035661e-02
2.247495102130159239e-02
2.253795359929711140e-02
2.248488006436843989e-02
2.249777638503758226e-02
2.274492458796117944e-02
2.341020540370664094e-02
2.388921175379010720e-02
2.418761726329421435e-02
2.490092407980171174e-02
2.536489918790607589e-02
2.587606613421655766e-02
2.606170057666190587e-02
2.646463834072676491e-02
2.677673384908274556e-02
2.661779195628355410e-02
2.635050311811681922e-02
2.588199852432637726e-02
2.590489084706604217e-02
2.604842727621559106e-02
2.643599065894619571e-02
2.646408939691724527e-02
2.645727858642743513e-02
2.606491886101736100e-02
2.582820376430561282e-02
2.543435698107998633e-02
2.497690963151910637e-02
2.480248644722138351e-02
2.464969517220083617e-02
2.450390863642581962e-02
2.360494531987455957e-02
2.298985224567218211e-02
2.239568173740025259e-02
2.217434380960270346e-02
2.221661384540141171e-02
2.229462669922099849e-02
2.236782965893269193e-02
2.168731229230758117e-02
2.117470674899379901e-02
2.110807850139195807e-02
2.082810785750410787e-02
2.056959642754208062e-02
2.029774556746133385e-02
2.063763760416748028e-02
2.098835008011690206e-02
2.131322733599461117e-02
2.123735324229869548e-02
2.083286789807914374e-02
2.097577838711828235e-02
2.134282976835066847e-02
2.146916574577772963e-02
2.152640123177462783e-02
2.184577597137149496e-02
2.234337992871360257e-02
2.271814727058085737e-02
2.329229305092184177e-02
