0.000000000000000000e+00
7.806262898892300014e-04
1.561252579778460003e-03
2.341878869667689787e-03
3.122505159556920006e-03
3.903131449446150224e-03
4.644476970666150568e-03
5.385822491886150913e-03
6.127168013106151258e-03
6.868513534326151602e-03
7.609859055546151947e-03
8.360073305986152198e-03
9.110287556426151581e-03
9.860501806866150964e-03
1.061071605730615035e-02
1.136093030774614973e-02
1.249997420768615003e-02
1.363901810762615033e-02
1.477806200756615063e-02
1.591710590750615092e-02
1.705614980744615122e-02
1.952127057180615133e-02
2.198639133616615143e-02
2.445151210052615154e-02
2.691663286488615164e-02
2.938175362924615175e-02
3.201182933226615068e-02
3.464190503528614962e-02
3.727198073830614855e-02
3.990205644132614748e-02
4.253213214434614642e-02
4.582072290652614704e-02
4.910931366870614767e-02
5.239790443088614830e-02
5.568649519306614892e-02
5.897508595524614955e-02
6.157244345544615055e-02
6.416980095564614461e-02
6.676715845584614561e-02
6.936451595604614662e-02
7.196187345624614762e-02
7.403824422524614424e-02
7.611461499424614086e-02
7.819098576324613747e-02
8.026735653224613409e-02
8.234372730124613071e-02
8.461123156864612527e-02
8.687873583604611982e-02
8.914624010344611438e-02
9.141374437084610893e-02
9.368124863824610349e-02
9.539715183604610682e-02
9.711305503384611015e-02
9.882895823164611349e-02
1.005448614294461168e-01
1.022607646272461202e-01
1.037643269422461184e-01
1.052678892572461167e-01
1.067714515722461149e-01
1.082750138872461132e-01
1.097785762022461115e-01
1.111697999412461085e-01
1.125610236802461056e-01
1.139522474192461027e-01
1.153434711582460998e-01
1.167346948972460968e-01
1.182556352786460901e-01
1.197765756600460835e-01
1.212975160414460768e-01
1.228184564228460701e-01
1.243393968042460634e-01
1.264785717636460749e-01
1.286177467230460725e-01
1.307569216824460701e-01
1.328960966418460676e-01
1.350352716012460652e-01
1.363063978052460601e-01
1.375775240092460550e-01
1.388486502132460498e-01
1.401197764172460447e-01
1.413909026212460396e-01
1.427212249002460520e-01
1.440515471792460644e-01
1.453818694582460769e-01
1.467121917372460893e-01
1.480425140162461017e-01
1.499507255708460995e-01
1.518589371254460973e-01
1.537671486800460952e-01
1.556753602346460930e-01
1.575835717892460908e-01
1.590270758232461001e-01
1.604705798572461095e-01
1.619140838912461189e-01
1.633575879252461283e-01
1.648010919592461376e-01
1.661636703182461372e-01
1.675262486772461368e-01
1.688888270362461363e-01
1.702514053952461359e-01
1.716139837542461355e-01
1.728243003658461452e-01
1.740346169774461549e-01
1.752449335890461646e-01
1.764552502006461743e-01
1.776655668122461840e-01
1.790534924420461860e-01
1.804414180718461880e-01
1.818293437016461900e-01
1.832172693314461920e-01
1.846051949612461940e-01
1.860110644234461985e-01
1.874169338856462030e-01
1.888228033478462076e-01
1.902286728100462121e-01
1.916345422722462166e-01
1.929810266860462198e-01
1.943275110998462230e-01
1.956739955136462261e-01
1.970204799274462293e-01
1.983669643412462325e-01
1.994187807958462400e-01
2.004705972504462475e-01
2.015224137050462550e-01
2.025742301596462625e-01
2.036260466142462700e-01
2.049136052726462653e-01
2.062011639310462607e-01
2.074887225894462561e-01
2.087762812478462515e-01
2.100638399062462469e-01
2.114794482078462545e-01
2.128950565094462621e-01
2.143106648110462698e-01
2.157262731126462774e-01
2.171418814142462850e-01
2.186205855176462931e-01
2.200992896210463012e-01
2.215779937244463094e-01
2.230566978278463175e-01
2.245354019312463256e-01
2.261205414230463284e-01
2.277056809148463312e-01
2.292908204066463340e-01
2.308759598984463368e-01
2.324610993902463396e-01
2.337752837084463298e-01
2.350894680266463199e-01
2.364036523448463101e-01
2.377178366630463002e-01
2.390320209812462904e-01
2.406720384434462845e-01
2.423120559056462786e-01
2.439520733678462727e-01
2.455920908300462668e-01
2.472321082922462609e-01
2.485163974638462669e-01
2.498006866354462729e-01
2.510849758070462512e-01
2.523692649786462572e-01
2.536535541502462632e-01
2.548976646032462545e-01
2.561417750562462459e-01
2.573858855092462372e-01
2.586299959622462286e-01
2.598741064152462199e-01
2.612344161336462300e-01
2.625947258520462402e-01
2.639550355704462503e-01
2.653153452888462605e-01
2.666756550072462706e-01
2.685283502672462519e-01
2.703810455272462332e-01
2.722337407872462145e-01
2.740864360472461958e-01
2.759391313072461771e-01
2.774283516812461881e-01
2.789175720552461990e-01
2.804067924292462100e-01
2.818960128032462209e-01
2.833852331772462319e-01
2.847832355222462142e-01
2.861812378672461965e-01
2.875792402122461788e-01
2.889772425572461612e-01
2.903752449022461435e-01
2.917727867658461705e-01
2.931703286294461974e-01
2.945678704930462244e-01
2.959654123566462514e-01
2.973629542202462783e-01
2.989644328622462766e-01
3.005659115042462748e-01
3.021673901462462730e-01
3.037688687882462713e-01
3.053703474302462695e-01
3.068757429868462783e-01
3.083811385434462871e-01
3.098865341000462958e-01
3.113919296566463046e-01
