0.000000000000000000e+00
1.835595613997043074e-04
4.964585116127295805e-04
8.434878825624991805e-04
1.249348292795104953e-03
1.797481782048748755e-03
2.378818852200481615e-03
2.980374043481504032e-03
3.486608190044648836e-03
4.067051700772594813e-03
4.649390500141237226e-03
5.326800990140156955e-03
5.865043629974309169e-03
6.506527030921915866e-03
7.247843617825822093e-03
8.193561634719515041e-03
9.021192300068037184e-03
9.796023502836703756e-03
1.045799123300383826e-02
1.139752293997986499e-02
1.212497202624973625e-02
1.301449467868565080e-02
1.369584542494095558e-02
1.447271276637707160e-02
1.538371640732805190e-02
1.623491746878613640e-02
1.719632754857514101e-02
1.821683938919704815e-02
1.919509652552164880e-02
2.006092924280977741e-02
2.103358214844064378e-02
2.200029073196674290e-02
2.303992160076973050e-02
2.399410554379954874e-02
2.514107282487998418e-02
2.632638425775013502e-02
2.738922983222380481e-02
2.844463105449079876e-02
2.945640675031313549e-02
3.068581930794778145e-02
3.183901928511545520e-02
3.271306556928266218e-02
3.384733908652037826e-02
3.494526631390471039e-02
3.592185216319165875e-02
3.697005866095537385e-02
3.809272363279347928e-02
3.896818774887123027e-02
4.018275101201851385e-02
4.117185939553991147e-02
4.219234476712330206e-02
4.331152679998240274e-02
4.465475682179231853e-02
4.574431683679591742e-02
4.701894680431450979e-02
4.822051161521301310e-02
4.939036523701645365e-02
5.055787878861650597e-02
5.177572550759634851e-02
5.286706754601766534e-02
5.402113907292260819e-02
5.512996325526131614e-02
5.604080212307849251e-02
5.732498491641990768e-02
5.861963640378320406e-02
5.962962217711265112e-02
6.090039653177115042e-02
6.212707011305695914e-02
6.319833780322170469e-02
6.414922149660640116e-02
6.537605530657231157e-02
6.645236353530492579e-02
6.744588861766231958e-02
6.889469946982984538e-02
6.992130035224164430e-02
7.101986797446357969e-02
7.214859379915594673e-02
7.317860271154330576e-02
7.422242353897701150e-02
7.541334958579426484e-02
7.655951312079167792e-02
7.769063440169787782e-02
7.878179574312582645e-02
7.981884759002610963e-02
8.084557857326046815e-02
8.208162420538656079e-02
8.307160366869936752e-02
8.410057045205832083e-02
8.532584227430106694e-02
8.641325441204372737e-02
8.749852927722656659e-02
8.871108704720853666e-02
8.968841192285736952e-02
9.086748991447990420e-02
9.192260295512255652e-02
9.321300800032616962e-02
9.455729846892069190e-02
9.565657199989630044e-02
9.659213917782949466e-02
9.761074039143124992e-02
9.884030083470207728e-02
9.982915131921998864e-02
1.009837711847367814e-01
1.022475760901357944e-01
1.033783901658154036e-01
1.045873278358371294e-01
1.055027068424152503e-01
1.065943194507141811e-01
1.076890326777046880e-01
1.088993638502131489e-01
1.102654679608079391e-01
1.114458327103093893e-01
1.126438902408750664e-01
1.140039218081341232e-01
1.154945163073435310e-01
1.167105934160659331e-01
1.179992706524117807e-01
1.193739181128208315e-01
1.204755924588312155e-01
1.215748996311276642e-01
1.226942965306747624e-01
1.237938957207163071e-01
1.250205773882484550e-01
1.261459006466836286e-01
1.272709063327184253e-01
1.284773264962311146e-01
1.298618400619275803e-01
1.311779679408004995e-01
1.322889455566240713e-01
1.335369945705977557e-01
1.347972838716060551e-01
1.362211265415922412e-01
1.374820071907336683e-01
1.387846970090862442e-01
1.399334395289812960e-01
1.412192558401770270e-01
1.425971782337640548e-01
1.437079703772781158e-01
1.452000064535070578e-01
1.468510609695954372e-01
1.482684858891829549e-01
1.495183988169017653e-01
1.510409602746776159e-01
1.524692926020634332e-01
1.535359729995491307e-01
1.552296532342367641e-01
1.571026020444108440e-01
1.584294137180108919e-01
1.600528363646773755e-01
1.617692356957647348e-01
1.631192533398859723e-01
1.643749070218021302e-01
1.659261473222244376e-01
1.673919815367739261e-01
1.690593789830785454e-01
1.705587764784013416e-01
1.720773137110214179e-01
1.735959338268244778e-01
1.751751282237137275e-01
1.768165919977420231e-01
1.783095726744718945e-01
1.799043653466512183e-01
1.813898537265288269e-01
1.829974483392220463e-01
1.844419775359753544e-01
1.859336754861402596e-01
1.873995574250173490e-01
1.885317364578540378e-01
1.903483687413825010e-01
1.917809942430608316e-01
1.934789268507088877e-01
1.948331140148056306e-01
1.962594816694149813e-01
1.982590787457425563e-01
1.996397769928250909e-01
2.011553861229486984e-01
2.027318858907847243e-01
2.043454769550336891e-01
2.055025322490422468e-01
2.070973495725425551e-01
2.089312990781095891e-01
2.101484256285104379e-01
2.118163830986432572e-01
2.132768138003058311e-01
2.147562098046336132e-01
2.163836531868312818e-01
2.178474771936578236e-01
2.194023904965902716e-01
2.209631854646261218e-01
2.226533246567967694e-01
2.243978120934855269e-01
2.260652993311751402e-01
2.277827457988763626e-01
2.293290964820684508e-01
2.314609716937781059e-01
2.330294912795451978e-01
2.345868512062239120e-01
2.361937497953334741e-01
2.377549288319613652e-01
2.393217570288683760e-01
