0.000000000000000000e+00
-1.094500163958400663e-04
2.131524765758285866e-04
4.741263881982149542e-04
8.805801211835273534e-04
1.481085448517660552e-03
2.161818219057920487e-03
2.727901727133996701e-03
3.233930042767951818e-03
3.997080849430290073e-03
4.561446988546435932e-03
5.402064303609677154e-03
6.156477512156754983e-03
6.625244692926912649e-03
7.335612046418304999e-03
8.404442526448008266e-03
9.768608118157828812e-03
1.086445174237837819e-02
1.101434263838996230e-02
1.245114731700880384e-02
1.301293203586340042e-02
1.467866376685122987e-02
1.543631164056336047e-02
1.623792551779246196e-02
1.734447261776494997e-02
1.865064150879902627e-02
1.941540501360350390e-02
2.070457803765890503e-02
2.166213496136748518e-02
2.212741033185494643e-02
2.350906630042715051e-02
2.440238655633919507e-02
2.586120128938773632e-02
2.706947091144940032e-02
2.834396864199106858e-02
2.919447420956799988e-02
3.044634368250598300e-02
3.149056271154648812e-02
3.293929787134430853e-02
3.394571250859712563e-02
3.499035308818321255e-02
3.579439576639487086e-02
3.696289707652056222e-02
3.784103049837739263e-02
3.966729057146523019e-02
4.105189720898039241e-02
4.249010892473137346e-02
4.329650106962645850e-02
4.475411537283235930e-02
4.601811735532379544e-02
4.680227332562481024e-02
4.850188834951296712e-02
4.948261129481323906e-02
5.035215564023332036e-02
5.226937422692401469e-02
5.347604845459841272e-02
5.539979583110010708e-02
5.660578326536835903e-02
5.781114718454460899e-02
5.912448593294783450e-02
6.029773188019760255e-02
6.148088463560696937e-02
6.269760848278593812e-02
6.438021219339162826e-02
6.536367477141880045e-02
6.625246566230202916e-02
6.792640473096156484e-02
6.971153650238193222e-02
7.050010648601556795e-02
7.161218139508207514e-02
7.296183256135435613e-02
7.433847932867365671e-02
7.510626249259644283e-02
7.767043234925807837e-02
7.908543630816922132e-02
8.021795984483759412e-02
8.126739109594893762e-02
8.285704612523403512e-02
8.444392502921260757e-02
8.540521585526050785e-02
8.683357036286309949e-02
8.841377293923358138e-02
8.970894669880635774e-02
9.075828862420820542e-02
9.157206386667837705e-02
9.351915899765828044e-02
9.457020637772473037e-02
9.480176791256411661e-02
9.725118333984283936e-02
9.851614717695866830e-02
9.961735573292429535e-02
1.013538265099143132e-01
1.025472185920364154e-01
1.043408324335644011e-01
1.054068288036589252e-01
1.078405460960993878e-01
1.106447067029421305e-01
1.121096578724234405e-01
1.131899040606896278e-01
1.145464803167399737e-01
1.164216671069766562e-01
1.168921328453222941e-01
1.185722886882984994e-01
1.202220418376001021e-01
1.215056184757514757e-01
1.229650121399856744e-01
1.244006100466990006e-01
1.255109273946928283e-01
1.271174828625305508e-01
1.289175357736525029e-01
1.309354070300869921e-01
1.317675486832357024e-01
1.333592349207535221e-01
1.357322494150352554e-01
1.374246348852281585e-01
1.399483868787356755e-01
1.420664450159705439e-01
1.438264853771045182e-01
1.448748836185345112e-01
1.465925309982267777e-01
1.482150311226675399e-01
1.494970801231474411e-01
1.513442548342567306e-01
1.528451723478880808e-01
1.548158993925881077e-01
1.561396350209705020e-01
1.577052789258956977e-01
1.603884314571573100e-01
1.618405257763768645e-01
1.638494732343147575e-01
1.656733818327822405e-01
1.676330703409121270e-01
1.695238135384116163e-01
1.715617059178455861e-01
1.728677023828737447e-01
1.743587578766607749e-01
1.767184707290994083e-01
1.775991691227432057e-01
1.804833603060842506e-01
1.828902994389309811e-01
1.851742526421702451e-01
1.862490410771826532e-01
1.887946139475573659e-01
1.913453327916982971e-01
1.922301578069962602e-01
1.950704918116770159e-01
1.975661639714871853e-01
1.982940975361771052e-01
2.010741378088738429e-01
2.030634179313324239e-01
2.048072777871396966e-01
2.058326181812049072e-01
2.080279754411478166e-01
2.104038492436330898e-01
2.127550208692170486e-01
2.148656448394916652e-01
2.159555857764345888e-01
2.181507285602037882e-01
2.204936016816745337e-01
2.233122677531440559e-01
2.254244968370855418e-01
2.280160615145376823e-01
2.301944675466103263e-01
2.326770259935315721e-01
2.351172879790652814e-01
2.377752668620587428e-01
2.392269483265110352e-01
2.410095954455826472e-01
2.443621072642088166e-01
2.467575080613571004e-01
2.488495083883464076e-01
2.511831317982711198e-01
2.533553196634983351e-01
2.570042039143558554e-01
2.591147278202186044e-01
2.617695469434906386e-01
2.641508906828917702e-01
2.667213046311900371e-01
2.684044552192759170e-01
2.710478001992200348e-01
2.747808942115170794e-01
2.769237847434382616e-01
2.800843022186398912e-01
2.824751917016783409e-01
2.851236923712576754e-01
2.877643018060354052e-01
2.903053577303751354e-01
2.925729603243922838e-01
2.951905740279627821e-01
2.978172912327607946e-01
3.011354273401849468e-01
3.033892301390466173e-01
3.060599166667401505e-01
3.083473778391550013e-01
3.121636648573016259e-01
3.139703961637465568e-01
3.164346167712253077e-01
3.186977700428244020e-01
3.216388807439827247e-01
3.243911164397417224e-01
