7.551795470561728507e-05
1.350528388854854711e-05
4.480098100145823992e-05
1.811170955505758684e-04
5.147233633735481817e-04
8.936201725475712010e-04
1.301518545531621385e-03
1.873691561876000833e-03
2.349871916059953492e-03
3.121292439509204542e-03
3.936914795914958631e-03
4.701371636159024092e-03
5.614063499514543309e-03
6.342292316183772982e-03
7.346617169972091688e-03
8.174761197174973404e-03
9.252507959317313180e-03
1.031535164825214679e-02
1.143243186466236239e-02
1.263533169547059742e-02
1.382983043014718305e-02
1.508317478541698620e-02
1.640110677004713580e-02
1.773905050616519929e-02
1.916578821127501442e-02
2.080937857694920012e-02
2.230879567778742967e-02
2.383963575676517621e-02
2.538505464958262792e-02
2.680069570570253745e-02
2.818355125022264929e-02
2.973226907970172306e-02
3.124602922578390007e-02
3.281139642993480265e-02
3.436305546803453126e-02
3.618129775199463438e-02
3.769698819374411869e-02
3.917320764288234614e-02
4.057590574630864921e-02
4.214223591530696922e-02
4.344787967070118384e-02
4.462839221908154741e-02
4.579863032556374947e-02
4.686304096746596315e-02
4.778406046870742330e-02
4.888510508987309322e-02
5.002835797602500634e-02
5.099157987712032991e-02
5.195869787215201541e-02
5.308800698098536941e-02
5.424330891931106180e-02
5.541744746334131833e-02
5.656767225628556162e-02
5.792215193343963620e-02
5.921997987357485727e-02
6.010571958945121196e-02
6.136198360396605267e-02
6.219163836750141172e-02
6.336808757874479170e-02
6.453912767720026977e-02
6.594255870481902093e-02
6.741408360723966098e-02
6.868771914909643783e-02
6.984002172885794835e-02
7.113860141562611261e-02
7.244170293738960709e-02
7.377890096412187404e-02
7.521308174690943815e-02
7.658508505475225547e-02
7.764545858667304401e-02
7.893385398146079979e-02
8.024048404502082121e-02
8.141904375855801845e-02
8.267004861632898383e-02
8.398372848935764523e-02
8.515678137973736739e-02
8.643733402659137255e-02
8.752577671581462937e-02
8.858393336872438795e-02
8.950870157798362925e-02
9.058177802462097361e-02
9.169662445937376560e-02
9.297706042791276104e-02
9.382660387327490525e-02
9.510743011423983262e-02
9.627001600774320877e-02
9.742648180933599633e-02
9.853680358703797992e-02
9.964872676209779456e-02
1.006860066079227067e-01
1.016273009675998651e-01
1.026548492257717271e-01
1.037814309651210465e-01
1.048753386860639125e-01
1.057113367973627760e-01
1.066259200161852050e-01
1.075813514399470705e-01
1.083271852005438518e-01
1.092227235082390280e-01
1.100917393372853326e-01
1.110659763089785201e-01
1.118801164123652825e-01
1.126657888073694380e-01
1.132354948319829191e-01
1.141566499322408390e-01
1.151396593260258783e-01
1.162156805059240128e-01
1.170989244982294508e-01
1.178729510368796696e-01
1.187674617715472891e-01
1.196124324242191506e-01
1.206000491775967021e-01
1.215068574688018543e-01
1.224716249000366020e-01
1.235691082037959632e-01
1.246714013542984389e-01
1.257554003178071866e-01
1.268837165378826626e-01
1.282242453631354806e-01
1.293401841775931871e-01
1.300330500378663601e-01
1.310084979361008095e-01
1.319295583992783349e-01
1.331415091329759548e-01
1.344045161519318299e-01
1.355693275820328836e-01
1.366438575150539236e-01
1.377116790308861027e-01
1.387429267251718557e-01
1.396490512551409324e-01
1.407747459409165458e-01
1.417856205843008865e-01
1.428207778632426539e-01
1.438131473000794358e-01
1.448300209948598649e-01
1.459142948638927351e-01
1.471270583791550735e-01
1.481844026708998285e-01
1.492910444208348508e-01
1.503434718179832430e-01
1.513144943632127593e-01
1.523255465922943586e-01
1.532260968375780408e-01
1.538214986734871559e-01
1.544551493861661129e-01
1.551214750570935053e-01
1.561556566431505644e-01
1.568739674164731923e-01
1.576587758235987735e-01
1.583614231001462258e-01
1.592172284886999023e-01
1.600427464748079842e-01
1.608791132385789524e-01
1.616062947889105317e-01
1.624280947808998121e-01
1.629825547379439854e-01
1.636322924235713572e-01
1.645149869656350461e-01
1.654477532140887774e-01
1.662856678440576275e-01
1.673985023126220995e-01
1.683735105501966700e-01
1.693660023045708840e-01
1.704422169215078497e-01
1.714370926941626294e-01
1.724546771092363429e-01
1.733160070838977163e-01
1.745888101431845030e-01
1.755690366027593541e-01
1.764736761994853964e-01
1.769786422895975875e-01
1.778076013271103761e-01
1.789143506630352931e-01
1.799537676873157466e-01
1.809596774488539950e-01
1.816584065140389725e-01
1.825820665509994001e-01
1.836090517435309266e-01
1.843913743977836361e-01
1.850702604577350030e-01
1.856405064401585037e-01
1.861360413909665112e-01
1.866114692303924016e-01
1.872701555339801871e-01
1.880991824740547713e-01
1.887522224384383662e-01
1.894506051352067288e-01
1.902560826080090806e-01
1.910951013497594886e-01
1.923177396135926642e-01
1.932940389067425713e-01
1.943689722936952080e-01
1.956390711920761305e-01
1.968772210845344262e-01
1.980199287609920589e-01
1.990647809413843561e-01
2.005059359416634379e-01
2.016762547555543961e-01
2.029499736900461926e-01
2.042960826638235972e-01
