0.000000000000000000e+00
1.465902717967537683e-05
1.579627206851341725e-04
3.674576173366972398e-04
5.944674557838425244e-04
8.631970763772756072e-04
1.124408525541298332e-03
1.413062945907483936e-03
1.775679560324761042e-03
1.981838101123400975e-03
2.392004719908413790e-03
2.685791255814251599e-03
2.911280044635589093e-03
3.181798196621343777e-03
3.690498025648025759e-03
4.052782167789814594e-03
4.559401950174901685e-03
4.841414933181908964e-03
5.169802463747430465e-03
5.819304597011409896e-03
6.043097732181479387e-03
6.568859377281910383e-03
7.076447929328821829e-03
7.675422910168094859e-03
8.143129600654219757e-03
8.690227121832094781e-03
9.118820170392893942e-03
9.713649324702089416e-03
1.028818579064250116e-02
1.076117517434482806e-02
1.133634100553848612e-02
1.185434590546918798e-02
1.250884947905461786e-02
1.323970676553898329e-02
1.387225571671280022e-02
1.455631949496449806e-02
1.514300012529190553e-02
1.580925515701636641e-02
1.665852893495411990e-02
1.727338813243761706e-02
1.792743544231711894e-02
1.857181966729370970e-02
1.927075869429017985e-02
1.989164434306900375e-02
2.069155000265965327e-02
2.139930673362044899e-02
2.209892766747856285e-02
2.270567992941607827e-02
2.349753837869883455e-02
2.411771268415918712e-02
2.478373511884512936e-02
2.563276041610151879e-02
2.632369726187988590e-02
2.697590641106728526e-02
2.789757764722367028e-02
2.862473613836158393e-02
2.951900303123267122e-02
3.038074548172886580e-02
3.130949213007738763e-02
3.190896542126608892e-02
3.265770534910217293e-02
3.351559722203489855e-02
3.439591121412632901e-02
3.534433230313993590e-02
3.621305349405190555e-02
3.708228087778309146e-02
3.805684418750843179e-02
3.907515895335933465e-02
4.002019175457149913e-02
4.104347781722594846e-02
4.187408898685163194e-02
4.281474351761715980e-02
4.376334464937059465e-02
4.492625576043707269e-02
4.610350964930631790e-02
4.708391762078889542e-02
4.803570652732958024e-02
4.911986082597508130e-02
5.000815443355577372e-02
5.106797248731709260e-02
5.220217188711018252e-02
5.341837683352679278e-02
5.455170431600464553e-02
5.566847047254697145e-02
5.701753028986900063e-02
5.830481691771893793e-02
5.963618840308981817e-02
6.079239782085466004e-02
6.233010757483725683e-02
6.366192019432048710e-02
6.490076443247971838e-02
6.637650999313393640e-02
6.758647796126382445e-02
6.905961301373508832e-02
7.046314638886030934e-02
7.203143155052060820e-02
7.365828406368279957e-02
7.502083225637079522e-02
7.630964724889821582e-02
7.796764161643210400e-02
7.961339130485356463e-02
8.077239017839588087e-02
8.241671760806923430e-02
8.390520668403667059e-02
8.551366556588391177e-02
8.701539682385828200e-02
8.856011312160916304e-02
9.008790426710078236e-02
9.173674525015940162e-02
9.344803275481439186e-02
9.530827859620671916e-02
9.688510385448978468e-02
9.864031224518754470e-02
1.003472431230960638e-01
1.020436329864011782e-01
1.040030540723364538e-01
1.058378046899761671e-01
1.077368445033926037e-01
1.093664343242934933e-01
1.110349844186515611e-01
1.126762571193467011e-01
1.142849140888131387e-01
1.159674972748092614e-01
1.175170224010315678e-01
1.192968143605170894e-01
1.208547017668522017e-01
1.225485406694133417e-01
1.244715967244687249e-01
1.259275872632059645e-01
1.278741857400262916e-01
1.297641605738135695e-01
1.317474312857669361e-01
1.333504385003365655e-01
1.350880702440022674e-01
1.368593864146561145e-01
1.387813407676503630e-01
1.407856545002417192e-01
1.424502822197339924e-01
1.444721932633541428e-01
1.463757448525839777e-01
1.483312186725385118e-01
1.501411990026397802e-01
1.519708230966969609e-01
1.539740646404226254e-01
1.556336782428715537e-01
1.574947783998510431e-01
1.593768610002683772e-01
1.610114638601274351e-01
1.628482586592028269e-01
1.646570354729135488e-01
1.664113644490470278e-01
1.680483339711713597e-01
1.700126625610920428e-01
1.718500602554797752e-01
1.737290054759910163e-01
1.754035227529726626e-01
1.771986701025767275e-01
1.791326406942559402e-01
1.807641086935447561e-01
1.825555177567466103e-01
1.844184820874943398e-01
1.862496364411896366e-01
1.878175680552516269e-01
1.895355376274920900e-01
1.911061315593443055e-01
1.927907220241777964e-01
1.942438654891418537e-01
1.956785574963859631e-01
1.977979677769852174e-01
1.994765171307832929e-01
2.011806607131916280e-01
2.027466317356640957e-01
2.044067628659860247e-01
2.063874241248555563e-01
2.079550210054890158e-01
2.096965974915718789e-01
2.115297794798891573e-01
2.133147905077663609e-01
2.149181945527871562e-01
2.167024153661145647e-01
2.185313402375754777e-01
2.199673255388319149e-01
2.218841033798710782e-01
2.234045638831574365e-01
2.252048455900350632e-01
2.267846792284018420e-01
2.285640008787979127e-01
2.299657269276096372e-01
2.316990804339198462e-01
2.335403345590805202e-01
2.354471511998141864e-01
2.368950675638430425e-01
2.387403909475622754e-01
2.401582312626331372e-01
2.421310172574280273e-01
2.437566714959586989e-01
2.454685992680154527e-01
2.472646554814303954e-01
2.491492358119060668e-01
2.507396901907483766e-01
