0.000000000000000000e+00
3.193143726003845866e-04
6.386287452007691733e-04
9.579431178011537599e-04
1.277257490401538347e-03
1.596571863001922933e-03
2.301684626121922993e-03
3.006797389241922837e-03
3.711910152361922680e-03
4.417022915481922524e-03
5.122135678601922801e-03
5.768651021461923024e-03
6.415166364321923248e-03
7.061681707181923472e-03
7.708197050041923695e-03
8.354712392901923051e-03
8.105088033061922867e-03
7.855463673221922682e-03
7.605839313381922498e-03
7.356214953541922313e-03
7.106590593701922129e-03
8.233519505861921703e-03
9.360448418021921277e-03
1.048737733018192085e-02
1.161430624234192042e-02
1.274123515450192000e-02
1.337666872448192018e-02
1.401210229446192036e-02
1.464753586444192054e-02
1.528296943442192073e-02
1.591840300440192091e-02
1.632464472874192024e-02
1.673088645308191957e-02
1.713712817742191891e-02
1.754336990176191824e-02
1.794961162610191757e-02
1.882793826058191608e-02
1.970626489506191459e-02
2.058459152954191310e-02
2.146291816402191160e-02
2.234124479850191011e-02
2.259818207944190929e-02
2.285511936038190847e-02
2.311205664132190765e-02
2.336899392226190683e-02
2.362593120320190601e-02
2.426299812986190685e-02
2.490006505652190769e-02
2.553713198318190852e-02
2.617419890984190936e-02
2.681126583650191020e-02
2.701316163914191035e-02
2.721505744178191050e-02
2.741695324442191065e-02
2.761884904706191080e-02
2.782074484970191094e-02
2.800069684932190994e-02
2.818064884894190894e-02
2.836060084856190794e-02
2.854055284818190694e-02
2.872050484780190593e-02
2.889679505670190648e-02
2.907308526560190703e-02
2.924937547450190758e-02
2.942566568340190813e-02
2.960195589230190868e-02
2.977073030070191001e-02
2.993950470910191133e-02
3.010827911750191266e-02
3.027705352590191398e-02
3.044582793430191531e-02
3.079836786364191503e-02
3.115090779298191476e-02
3.150344772232191448e-02
3.185598765166191421e-02
3.220852758100191393e-02
3.209744553458191568e-02
3.198636348816191743e-02
3.187528144174191919e-02
3.176419939532192094e-02
3.165311734890192269e-02
3.217814010830192389e-02
3.270316286770192510e-02
3.322818562710192630e-02
3.375320838650192751e-02
3.427823114590192871e-02
3.459985639250193201e-02
3.492148163910193531e-02
3.524310688570193861e-02
3.556473213230194191e-02
3.588635737890194521e-02
3.572097435500194706e-02
3.555559133110194892e-02
3.539020830720195077e-02
3.522482528330195262e-02
3.505944225940195447e-02
3.506752278538195766e-02
3.507560331136196086e-02
3.508368383734196405e-02
3.509176436332196725e-02
3.509984488930197044e-02
3.500368616682197204e-02
3.490752744434197363e-02
3.481136872186197523e-02
3.471520999938197682e-02
3.461905127690197842e-02
3.459814809678198044e-02
3.457724491666198247e-02
3.455634173654198449e-02
3.453543855642198651e-02
3.451453537630198853e-02
3.447263632154198842e-02
3.443073726678198831e-02
3.438883821202198821e-02
3.434693915726198810e-02
3.430504010250198799e-02
3.427717170394199014e-02
3.424930330538199230e-02
3.422143490682199446e-02
3.419356650826199662e-02
3.416569810970199877e-02
3.404659636868200001e-02
3.392749462766200125e-02
3.380839288664200248e-02
3.368929114562200372e-02
3.357018940460200496e-02
3.418356769966200692e-02
3.479694599472200889e-02
3.541032428978201085e-02
3.602370258484201282e-02
3.663708087990201479e-02
3.673516175416201290e-02
3.683324262842201102e-02
3.693132350268200914e-02
3.702940437694200726e-02
3.712748525120200538e-02
3.691186079908200662e-02
3.669623634696200787e-02
3.648061189484200911e-02
3.626498744272201036e-02
3.604936299060201160e-02
3.605676176002201028e-02
3.606416052944200895e-02
3.607155929886200763e-02
3.607895806828200630e-02
3.608635683770200497e-02
3.621638563076200190e-02
3.634641442382199883e-02
3.647644321688199576e-02
3.660647200994199268e-02
3.673650080300198961e-02
3.671298212454199295e-02
3.668946344608199628e-02
3.666594476762199961e-02
3.664242608916200294e-02
3.661890741070200628e-02
3.649073319770200496e-02
3.636255898470200365e-02
3.623438477170200234e-02
3.610621055870200102e-02
3.597803634570199971e-02
3.587998797864200284e-02
3.578193961158200598e-02
3.568389124452200911e-02
3.558584287746201225e-02
3.548779451040201538e-02
3.537520751778201744e-02
3.526262052516201950e-02
3.515003353254202156e-02
3.503744653992202363e-02
3.492485954730202569e-02
3.497004487812202522e-02
3.501523020894202476e-02
3.506041553976202430e-02
3.510560087058202383e-02
3.515078620140202337e-02
3.513458930198202351e-02
3.511839240256202366e-02
3.510219550314202380e-02
3.508599860372202395e-02
3.506980170430202409e-02
3.511907319496202634e-02
3.516834468562202859e-02
3.521761617628203084e-02
3.526688766694203309e-02
3.531615915760203533e-02
3.551984282900203654e-02
3.572352650040203775e-02
3.592721017180203896e-02
3.613089384320204017e-02
3.633457751460204138e-02
3.651152684162203843e-02
3.668847616864203548e-02
3.686542549566203253e-02
3.704237482268202958e-02
3.721932414970202663e-02
3.765267921244202370e-02
3.808603427518202078e-02
3.851938933792201786e-02
3.895274440066201493e-02
