0.000000000000000000e+00
1.622734685682303279e-03
4.058551350851757888e-03
7.657158036693090253e-03
1.224602899881688245e-02
1.714847309943223763e-02
2.043233974288227728e-02
2.451710677559049145e-02
2.994593398427269904e-02
3.542862428606952108e-02
4.172533864892358224e-02
4.859805536107586477e-02
5.648886185160506557e-02
6.500242916540344140e-02
7.329357999375218924e-02
8.106279950352757169e-02
8.910737838623106200e-02
9.595519416073017283e-02
1.038425938527964831e-01
1.116196938462081789e-01
1.188063810383042096e-01
1.239823737107528245e-01
1.288572453392262673e-01
1.363738317598688354e-01
1.437853734600196276e-01
1.510133078606514800e-01
1.576899873536277141e-01
1.647050971210219927e-01
1.713635079720035037e-01
1.794886230149401740e-01
1.899791973014117730e-01
1.998467310185674251e-01
2.086931299138186091e-01
2.182677982155780683e-01
2.268095033819150785e-01
2.364390957342550337e-01
2.466037749321969841e-01
2.576100400087284470e-01
2.676140661155912426e-01
2.779411868640906391e-01
2.873644203788856544e-01
2.964470891193613511e-01
3.052810785862760667e-01
3.144907388867892450e-01
3.253732438251972781e-01
3.377517158506719852e-01
3.485592972800901634e-01
3.603036085291861923e-01
3.716292733402184467e-01
3.801335868614756919e-01
3.875803767891810026e-01
3.980879305760538500e-01
4.073506595452229817e-01
4.167240348061227451e-01
4.263201172245700832e-01
4.322379612336106902e-01
4.372428350759705040e-01
4.453575907549307544e-01
4.535397504294138571e-01
4.624830950111373795e-01
4.728654393335105510e-01
4.813340494769633437e-01
4.899208120910145681e-01
4.999586059245046954e-01
5.104779290300314187e-01
5.237039279265118807e-01
5.360005956405160532e-01
5.478660393304011222e-01
5.607069389911742974e-01
5.716748319379050258e-01
5.817730115799761847e-01
5.914748497204627142e-01
6.003726327368283933e-01
6.101615256925825292e-01
6.206960066920501617e-01
6.317175290844758706e-01
6.433611757518491459e-01
6.529316174060681988e-01
6.623877491493104230e-01
6.723624626839921348e-01
6.829218073682028489e-01
6.929843110632845082e-01
7.041969480911731694e-01
7.164189751307645793e-01
7.262847550677093977e-01
7.352384476833435656e-01
7.452745570243592965e-01
7.550677093643329840e-01
7.630992159901595073e-01
7.715723498403903591e-01
7.815297287795530679e-01
7.908881335041257898e-01
7.972585911230609668e-01
8.040481739865441568e-01
8.135632494791025238e-01
8.230925126273334058e-01
8.311596911034513369e-01
8.382910894061481599e-01
8.444171090002328128e-01
8.522197467943186666e-01
8.612600173831879147e-01
8.698522893291027458e-01
8.801373120677737916e-01
8.910587058495522683e-01
9.028228803738826969e-01
9.130413405765196444e-01
9.212661696328083849e-01
9.310627866396217200e-01
9.432598931595066460e-01
9.545308636017111326e-01
9.659616234982806304e-01
9.746949331052121579e-01
9.832218800857930319e-01
9.899833710133663089e-01
9.964443695872873263e-01
1.003777431629892192e+00
1.012738764778561062e+00
1.022996693945600555e+00
1.029248429804873410e+00
1.037256204481238342e+00
1.043939038897306659e+00
1.052728243727933943e+00
1.062303346366064716e+00
1.071756864968769207e+00
1.080400270625823111e+00
1.089853181034456497e+00
1.099991541223467095e+00
1.108372582781875337e+00
1.116438258351031720e+00
1.126276716759264218e+00
1.134609456736960453e+00
1.143930429725131148e+00
1.154058972771821345e+00
1.163404801722712989e+00
1.171245827899326741e+00
1.178872241767827234e+00
1.187937890053092360e+00
1.196720526026837206e+00
1.207346209079645405e+00
1.216592706665991841e+00
1.225897564801179840e+00
1.235829194101143003e+00
1.243769174840451797e+00
1.251046870823294910e+00
1.258871685640862381e+00
1.269152586150113393e+00
1.279231658684835793e+00
1.290387817679714999e+00
1.300138359305286428e+00
1.310350577022802554e+00
1.319393375210005104e+00
1.328448623657997985e+00
1.335956159586551451e+00
1.344230724615293582e+00
1.353220710318304043e+00
1.361978353499736727e+00
1.370562506679050330e+00
1.377784684879088672e+00
1.385524966475088604e+00
1.391588434132231100e+00
1.395997684945648132e+00
1.400683489049008301e+00
1.409863137972820368e+00
1.417541387606789272e+00
1.426394065286579860e+00
1.435337397697985296e+00
1.443023169675853978e+00
1.451953497421136774e+00
1.465799036638678388e+00
1.477704185401876202e+00
1.488264326138569515e+00
1.499269055457681077e+00
1.510260637467922606e+00
1.520189664890750691e+00
1.528501812097665891e+00
1.538337538642323921e+00
1.547973378620717710e+00
1.559905387264940657e+00
1.573801249298341531e+00
1.586297451600565012e+00
1.597454703700968537e+00
1.605691581474090412e+00
1.616218296524067455e+00
1.628326569861862083e+00
1.639375851462936851e+00
1.650069314616906979e+00
1.660195199067601379e+00
1.671654448980653740e+00
1.682694126397066725e+00
1.693527214566081796e+00
1.705950655698288188e+00
1.715649609008409016e+00
1.725877384056786923e+00
1.737493635049006002e+00
1.750263672403825410e+00
1.761794954266207469e+00
1.774697200633028160e+00
1.787139931064686493e+00
1.800371710951694126e+00
1.814526566010052022e+00
