0.000000000000000000e+00
-3.194720411224376885e-03
-1.750475290869806140e-03
6.913669642548476340e-04
1.970657768265928096e-03
-3.841954550448753274e-03
-1.037671839180055299e-03
-5.316836042747922521e-03
-2.698759438570637065e-03
-1.041856225285318471e-03
-8.841518952764542208e-03
-1.165332772762326871e-02
-6.146273085706371528e-03
-4.401322165085872970e-03
-6.811207298349030055e-03
-2.296593773695290979e-03
-2.303110071689750738e-04
-3.083778324166204857e-03
-2.152414163135734151e-03
1.752238199889196595e-04
-4.656851741972298751e-03
-4.381183104620498328e-03
3.981423694515235680e-03
6.120211235279778700e-03
8.268213064288088693e-03
1.835295805972299125e-03
3.005363205451523460e-03
4.985034188808864543e-03
3.963536966493074951e-03
4.814323313008309936e-03
1.991108610182825388e-03
3.116396461440443157e-03
6.221759427922437385e-03
8.417565195457064062e-04
2.877382986083102702e-03
4.301116628221606474e-03
8.034412418637119219e-03
5.257557499124653443e-03
-2.398824698437673070e-03
5.504732967778393042e-03
-2.751586217850415534e-03
2.730943929950138595e-03
-4.471049850304709074e-04
-2.278334477240997070e-03
5.222568409950138421e-03
9.768942752144044173e-03
4.611083438493074511e-03
6.489953891722992016e-03
3.459036370171745221e-03
4.634751882692520961e-03
7.450184875224376800e-03
7.934229054127424005e-03
7.964538334160664590e-03
3.901385965318559731e-03
1.074351564662603953e-02
7.454162238049861361e-03
9.613651684254848062e-03
1.065976689436011135e-02
9.340452357828255697e-03
1.534190746233794929e-02
1.362940541649861580e-02
9.535380820166205335e-03
1.060178865617728526e-02
8.490209656831025631e-03
8.916894421529085804e-03
1.274069081356232758e-02
1.032715312528531895e-02
1.653509631860387852e-02
1.822088430829917061e-02
1.217501121880332389e-02
6.620466238958448713e-03
7.946846486160664275e-03
1.232611817152354586e-02
1.342638598158448805e-02
1.555136037075900354e-02
1.797654870781163414e-02
1.917979237118005650e-02
1.751476770640443201e-02
1.706210600013296358e-02
1.621070685950138507e-02
1.553255296218282629e-02
1.033928061279778404e-02
1.714749495550138558e-02
2.265220969785041588e-02
1.312251445366205069e-02
1.567149848885318608e-02
1.373964599741828337e-02
1.857902524743490144e-02
1.848422452620498632e-02
1.431409812670360153e-02
2.075847779707479246e-02
1.604341840961772889e-02
1.953056760128531882e-02
1.532697287324099808e-02
1.818863470816620490e-02
2.076306388519667465e-02
2.185233987252077625e-02
1.473372898842105309e-02
1.670113756929639953e-02
1.875580369675346193e-02
1.118327711331855955e-02
1.788057546135179976e-02
2.187274115247645270e-02
1.955867006582825626e-02
2.149634418302492911e-02
2.151779225736288187e-02
2.093384206817728438e-02
2.313434340047645574e-02
2.298281208510803350e-02
2.041098097225484825e-02
1.863215769349584397e-02
2.162519073992243829e-02
2.553572577542382108e-02
2.054764115040443040e-02
2.220687479239889101e-02
2.545307223563434904e-02
2.409538912816620512e-02
2.094230610506371201e-02
2.292066998739058017e-02
2.564275013722991728e-02
1.874721392539612300e-02
2.339014445045983423e-02
2.367886979176731313e-02
2.791760836140720278e-02
2.286519566078670448e-02
3.100270865857063587e-02
3.167393862248199521e-02
2.733843213799445893e-02
2.374627052865373872e-02
2.935327033509141370e-02
2.870638360128531866e-02
2.906395225670914059e-02
3.041575641436011085e-02
2.801811847871468059e-02
3.186332726478670330e-02
3.368513621154570897e-02
2.556929478146260232e-02
3.741573146069806372e-02
4.117238873895844725e-02
4.039902609947922107e-02
3.919367709821606344e-02
3.983281289043767021e-02
3.792980967895844685e-02
3.351672067341827932e-02
3.753892372827700996e-02
4.442627769639889007e-02
3.725334308251523202e-02
3.424021811242105445e-02
3.282766693544598297e-02
3.602825442335733791e-02
4.063852761098060706e-02
4.448046620499723075e-02
4.678404696688088366e-02
4.154609618938504001e-02
4.656365434479778354e-02
4.767914714578393165e-02
4.897769451977839611e-02
4.490557597336287954e-02
4.100637787040443266e-02
4.018354759606648091e-02
4.937799455647645663e-02
4.624226219244321340e-02
4.944121534677008156e-02
5.003211084229362837e-02
5.126312596049861781e-02
4.670451864033241252e-02
4.663897565541274409e-02
4.669550840811080572e-02
5.266191292648199351e-02
5.125453252463157972e-02
5.061395424366758877e-02
5.208736243826038448e-02
5.802015973840442958e-02
5.845867957635456774e-02
5.909954162601661898e-02
5.958769144967313025e-02
5.738478841855955415e-02
5.789055456757894597e-02
6.164171423151246221e-02
5.799109258308033504e-02
6.188511464479778262e-02
6.263700730283656981e-02
6.733111019367313266e-02
6.674350036310248979e-02
6.381667571091412250e-02
6.817928643440443470e-02
6.872511497441551043e-02
7.087771176962881503e-02
6.710248770353462178e-02
7.301221868406648774e-02
7.035567746094183172e-02
7.360836727814958069e-02
7.512697408699169077e-02
7.621773140704708738e-02
7.860559079313018949e-02
7.813369411964543598e-02
7.771892610268144042e-02
8.188689405482547923e-02
7.496708824486426892e-02
7.577304124128532437e-02
