0.000000000000000000e+00
6.021751348583848085e-05
1.051611905538152314e-04
2.047494388577320024e-04
2.720276295349322027e-04
4.379164610455177353e-04
4.747913694558292264e-04
5.703495534348235196e-04
7.794904038291861070e-04
9.662669659675771072e-04
1.187432241003705258e-03
1.483929489737079166e-03
1.739083734925372937e-03
2.107899971669269235e-03
2.474814198123453934e-03
3.014819577934702011e-03
3.373043156607025139e-03
3.808886060951977015e-03
4.392318012726548204e-03
5.281294352279530813e-03
6.238877015881882926e-03
6.788293258622957183e-03
7.026409365508357041e-03
8.044169231169462364e-03
8.887991058877275918e-03
9.495946358420326305e-03
1.032216714033751259e-02
1.159997301754600585e-02
1.315932108236950171e-02
1.462890490228829776e-02
1.615669523452112344e-02
1.761682970023770167e-02
1.889695182853756705e-02
2.014154882375152056e-02
2.152323690658874966e-02
2.274879928084772018e-02
2.319271311184678552e-02
2.385043490002658473e-02
2.435991259128655884e-02
2.495070104152574686e-02
2.554335300651189300e-02
2.602774564646637145e-02
2.626871942899100532e-02
2.690359875920478316e-02
2.797495486210266336e-02
2.981222255883864136e-02
3.246020497457635656e-02
3.592076974659619282e-02
4.004415653637494188e-02
4.384468201126168196e-02
4.821067711166904246e-02
5.217694988787258126e-02
5.523698018281919531e-02
5.813796594805609175e-02
6.164218243581842671e-02
6.382337255312364732e-02
6.530437355191054394e-02
6.730873831624251125e-02
6.979732134634275553e-02
7.205631435530079898e-02
7.459746818140899904e-02
7.677552995559722149e-02
7.875502250372079516e-02
8.102907299936390473e-02
8.312499827409425279e-02
8.532860987295975974e-02
8.659955084486625765e-02
8.804993827423146513e-02
8.954787938723995921e-02
9.100675328958374166e-02
9.204490761862160753e-02
9.339665719281953216e-02
9.425244763966134087e-02
9.526536310527689011e-02
9.629773516862627503e-02
9.744028449935626668e-02
9.897143668603547439e-02
1.004453005735044258e-01
1.017937985495649400e-01
1.031081748581428315e-01
1.043909185471321166e-01
1.054768957040295163e-01
1.067864245358194353e-01
1.083588528109942217e-01
1.097104422381462996e-01
1.105660878750143183e-01
1.118665755615282364e-01
1.130836206603191840e-01
1.142241285393765793e-01
1.150857579048931711e-01
1.158991682774228593e-01
1.172407802585695435e-01
1.183797872735752321e-01
1.192684712064533414e-01
1.207297926798887033e-01
1.216922675553107069e-01
1.226613556834337260e-01
1.236557531407811439e-01
1.245928979203583253e-01
1.256823913437798979e-01
1.271929153519195665e-01
1.286809844133856018e-01
1.303809656705681164e-01
1.315554165078864912e-01
1.325523639069032811e-01
1.334688181531902273e-01
1.342071287705337568e-01
1.355158169964809645e-01
1.372646272528399436e-01
1.393562579770062371e-01
1.414830088044638501e-01
1.426893399766768766e-01
1.437785250983552032e-01
1.446057725270435412e-01
1.452949308410893536e-01
1.460672794478057313e-01
1.474209231739251891e-01
1.490790856240522544e-01
1.499216728372232410e-01
1.513642570734461401e-01
1.525361928763615538e-01
1.541262014244324519e-01
1.552870835293873597e-01
1.565989763542887658e-01
1.582388270842471911e-01
1.599480937671415859e-01
1.617375331087842483e-01
1.633290637886446461e-01
1.656011540209405553e-01
1.675422423859203036e-01
1.688814262095874597e-01
1.702846823104522400e-01
1.718461843230230102e-01
1.733255160924969118e-01
1.742620023127798845e-01
1.755542665105664923e-01
1.772701386140127511e-01
1.791106195207490259e-01
1.810965241107780344e-01
1.823138580925203200e-01
1.836761319280597604e-01
1.858869153000455299e-01
1.872615230946763631e-01
1.885253371517734422e-01
1.897614178575466326e-01
1.914407587331297123e-01
1.934283668872893713e-01
1.954779860125839264e-01
1.971557907551968469e-01
1.984542326926685973e-01
1.990122935888720690e-01
2.001184783291378722e-01
2.008506095790423274e-01
2.020763832998184739e-01
2.035941814511161851e-01
2.048216802947635529e-01
2.061069938857542638e-01
2.070979011964055871e-01
2.080979852617446113e-01
2.089233324014472259e-01
2.094605169102337072e-01
2.102273997050332355e-01
2.116266844286798232e-01
2.130014360940890583e-01
2.147053947379617966e-01
2.163437965515058181e-01
2.173985597629410904e-01
2.180753917887088278e-01
2.190631258920916480e-01
2.200111701917393248e-01
2.208042231922107135e-01
2.219463963175130061e-01
2.232686972829824867e-01
2.247555992392094026e-01
2.260001908545703486e-01
2.272248042573039584e-01
2.284697871071301734e-01
2.293327946835930220e-01
2.302902512285953662e-01
2.317571212973774664e-01
2.328527345905371249e-01
2.336057899619490286e-01
2.345683152164426133e-01
2.357422783303633196e-01
2.370121488806020693e-01
2.379942688229164105e-01
2.389921486794150951e-01
2.406515328999674352e-01
2.425216975402122443e-01
2.442727330801162111e-01
2.457755254084119656e-01
2.469765744503575888e-01
2.482698010278312495e-01
2.495346432191851704e-01
2.512112524434826355e-01
2.524899283797239491e-01
2.539115251821968400e-01
2.557341876362286825e-01
2.574283350635440115e-01
2.591630088676595278e-01
