4.660369673814557245e-05
9.000710271322986955e-06
4.584779346501477448e-04
1.040033256892058944e-03
1.861126057008277712e-03
3.055814971247627909e-03
4.286281423823368186e-03
5.701024935675036431e-03
7.729121042942210806e-03
1.011402319979737285e-02
1.311714492783266905e-02
1.612687697873127490e-02
1.931879758961940752e-02
2.259202211292432594e-02
2.681487018821115953e-02
3.067052567095629456e-02
3.518126077040051314e-02
3.925149021028317975e-02
4.346214810215087709e-02
4.764953156441720239e-02
5.183917918442659811e-02
5.657976081185722705e-02
6.091590861236539922e-02
6.555738260320964628e-02
7.016016374580402726e-02
7.502418701211865937e-02
7.937378038329256924e-02
8.366148749448143462e-02
8.811514577258350300e-02
9.239021046521145308e-02
9.701452185791481497e-02
1.014941990042501629e-01
1.060296248080661030e-01
1.103238621648969797e-01
1.145293906406621431e-01
1.193086455530618650e-01
1.240835214551125887e-01
1.285750340040578976e-01
1.331804601566162205e-01
1.380019426688434692e-01
1.427886414150094652e-01
1.472131342923503894e-01
1.517396031335707107e-01
1.560317934581831878e-01
1.602824867158645361e-01
1.648413492809623904e-01
1.692068954263561409e-01
1.732455018681164916e-01
1.771834617708591963e-01
1.810793201511273764e-01
1.851492245471391129e-01
1.892017539382919722e-01
1.931852566531446769e-01
1.975873884875412045e-01
2.018251489893643225e-01
2.056798929704157786e-01
2.097616745526522664e-01
2.138013777845060304e-01
2.177285747842461205e-01
2.215559973469112265e-01
2.253010809882027843e-01
2.295570609590598110e-01
2.335793565048120968e-01
2.376801462751814142e-01
2.418249852842109249e-01
2.458862882013335138e-01
2.498788188844045521e-01
2.541563768469785600e-01
2.580942842624907030e-01
2.621885901709362088e-01
2.669064456012151254e-01
2.710195160680086701e-01
2.753740604410026549e-01
2.797574759586041182e-01
2.835267174284084035e-01
2.875204004149978232e-01
2.917197021386996880e-01
2.957886351914211787e-01
2.996094505696618171e-01
3.033529997822839164e-01
3.071571203954093221e-01
3.108012449491255325e-01
3.147674160421516376e-01
3.180550336670506795e-01
3.215322913546003747e-01
3.248919077271636979e-01
3.282603240602313122e-01
3.315718505384523951e-01
3.347148555493788535e-01
3.381748451739241546e-01
3.415002935708741916e-01
3.447095671188264987e-01
3.480668723420947686e-01
3.513038351567061568e-01
3.545640839111996456e-01
3.579301652069588613e-01
3.612694038705015487e-01
3.644211524050930961e-01
3.676515084543581224e-01
3.706061747424769237e-01
3.740494393192435041e-01
3.772359674184926348e-01
3.804614180649537047e-01
3.837521146673665839e-01
3.872133270200137645e-01
3.906104341761746923e-01
3.939353737480288942e-01
3.973597100399999249e-01
4.007097366928533688e-01
4.041611659986372729e-01
4.079619894630397425e-01
4.116377738442196232e-01
4.151889159371648930e-01
4.189007429972235741e-01
4.229581923275702593e-01
4.270854026005537207e-01
4.309318738403504767e-01
4.346085442722724679e-01
4.383162834457792201e-01
4.420349533255318875e-01
4.463408641233286289e-01
4.499565467788855244e-01
4.536779290044492541e-01
4.573396982636381836e-01
4.612515310968277049e-01
4.652404982718323367e-01
4.690422639592313203e-01
4.727543091050989688e-01
4.765234070669563948e-01
4.802409933127265163e-01
4.841578157133383797e-01
4.879205999984037589e-01
4.916021882073593474e-01
4.952499827885716854e-01
4.990091297495666822e-01
5.028228934961873620e-01
5.065915882255112024e-01
5.102336408908527687e-01
5.139386389106448405e-01
5.173172478982834832e-01
5.210992181991613847e-01
5.248570803892533831e-01
5.285158413971089431e-01
5.321782258954215195e-01
5.358706274143898440e-01
5.397327625488230751e-01
5.434560934763368323e-01
5.470082662678095176e-01
5.508149660960768301e-01
5.543984432377868643e-01
5.582599370981142783e-01
5.619686030892623307e-01
5.658140741840185228e-01
5.696592773088866579e-01
5.733676638362155131e-01
5.772133744585090653e-01
5.807723166519451752e-01
5.842987679115978494e-01
5.878750898766256228e-01
5.913011895330484435e-01
5.950749196024460730e-01
5.985597714871602193e-01
6.020441539273306830e-01
6.055225972077025176e-01
6.090297362291678951e-01
6.129219965262535652e-01
6.164735769555917955e-01
6.201878758962280358e-01
6.237113001312124538e-01
6.274521046697074667e-01
6.310061724152191687e-01
6.349349372432584460e-01
6.389207051996592668e-01
6.427060330526757070e-01
6.463862955957324630e-01
6.501667775428146001e-01
6.539759654491348329e-01
6.579112153848214462e-01
6.617897210645224959e-01
6.657360805292285022e-01
6.696925369248205584e-01
6.733550636303675674e-01
6.771412759180464036e-01
6.807741361718981921e-01
6.844794872047543777e-01
6.880779403321497512e-01
6.915787725726403323e-01
6.949949417676037910e-01
6.982176871603158474e-01
7.016090121478697483e-01
7.048627458732141804e-01
7.079808819515562845e-01
7.110971094964426698e-01
7.143423623638724962e-01
7.176591103881264644e-01
7.210553331319076165e-01
7.246801491900001224e-01
7.280810069685514918e-01
7.317296521570426648e-01
7.353993926558430871e-01
