0.000000000000000000e+00
-2.069526860210526426e-03
-9.905937526204985910e-04
-5.144340552243767493e-04
1.097201568310249243e-03
-7.264545890925207597e-03
-6.282830289772852947e-03
-3.521195713240997047e-03
7.718190603545706024e-04
-7.723417744432132907e-03
-1.356302044775623298e-03
-3.259239464332409908e-03
-6.038576134792243699e-03
-3.649119784520775747e-03
-4.526943882049861388e-03
-5.027904556177285357e-03
3.673070435124653715e-04
-4.722010130581717757e-03
-5.827129766703601117e-03
-1.350695523246537308e-03
-1.564735360011080233e-03
-9.348621629983379366e-03
-7.606505156232686677e-04
2.030897289595567836e-03
1.690636840698060998e-03
3.574634216930747815e-03
-2.897930501307479419e-03
3.034378897163435024e-03
2.053874327922437706e-03
3.956809802105263328e-04
2.736343386038781259e-03
4.074127835512465073e-03
1.771400364155124689e-03
1.135349400177285313e-03
5.685055926204986461e-04
4.152249716022161051e-03
4.251470481883656491e-03
4.961668024997229788e-03
4.768168295656509403e-03
6.743204160421052348e-03
4.081304177883656598e-03
5.519808120664820329e-03
6.152937122448753210e-03
2.583862648376731349e-03
1.183303239346260392e-03
4.850207790515235345e-03
1.468433326315789547e-04
-1.295327190437673207e-03
-3.274396347224376586e-03
4.329390599833795282e-03
3.950374766725761426e-03
5.256169794216066816e-03
2.269388625008310085e-03
-6.000518019279777902e-04
-8.403031479224376532e-05
1.270108725163434987e-03
8.332783336509694966e-04
-1.417111303468144038e-03
-6.084911629806094352e-04
1.089290548886426681e-03
-3.563167225839334977e-03
5.598822406980609630e-03
5.861370370847645422e-03
1.149961776110803354e-03
7.302804734149584420e-03
3.662095747423822680e-03
2.615999629551246566e-03
2.828405882559556668e-03
1.756261790149584497e-03
2.591492469872576105e-03
8.085816136720221092e-03
7.925392895157895579e-03
4.240802593850415136e-03
5.976914063301939049e-03
1.085945801240997301e-02
4.262438963202216241e-03
7.218902770238227497e-03
1.181815576055401636e-03
8.114431488022160952e-03
1.339938380498614974e-02
6.517183137385041888e-03
5.459977412498614666e-03
4.483718893085872868e-03
5.560790326991690152e-03
7.070249885440442993e-03
8.289765597695290117e-03
4.542448525506925447e-03
6.561005947490304926e-03
9.932655262227146550e-03
9.727567861950139200e-03
9.313777354138503758e-03
1.122180512886426611e-02
1.329098122236011155e-02
1.674329339417174670e-02
1.538729728729085894e-02
1.456054686054293612e-02
1.023090312497506975e-02
1.544197298551800573e-02
1.178588685299723077e-02
1.354849639667590061e-02
1.579946125209972380e-02
9.586997987689751047e-03
1.197940744827700847e-02
1.305302714631578938e-02
1.038461271310803409e-02
1.257130814879778465e-02
7.444667827434903011e-03
8.262532329839335915e-03
1.124403432898614906e-02
1.015029640604986176e-02
1.088971736110803251e-02
8.529319135279779182e-03
1.173461576639335188e-02
1.317422528352354613e-02
1.250403558583933553e-02
1.389031757472576102e-02
1.351823043710803293e-02
1.674066388070914041e-02
1.086375271795013767e-02
1.037130430055401703e-02
2.157775827246537562e-02
1.978891529535733995e-02
1.590213233675346130e-02
1.460528703163434944e-02
1.904995750575069410e-02
2.306900206424376820e-02
2.106018168416620359e-02
1.950139169705263076e-02
2.169982324040997321e-02
1.691876090860941831e-02
2.258560856191689850e-02
2.333182722585041419e-02
2.469405798098614838e-02
2.228462155236565073e-02
2.045429248698061100e-02
2.182351000218282419e-02
2.626988469717451632e-02
2.993770129884764514e-02
2.910689298997230084e-02
2.688992896915235603e-02
2.665655886047645431e-02
2.775737293136842226e-02
2.908313155373961137e-02
2.702771487450415441e-02
2.732844161840443375e-02
2.472501392684764432e-02
2.249785726700277017e-02
2.625804961173407170e-02
2.754852428601662143e-02
3.216554999007201904e-02
2.896818239699722880e-02
3.021830843562326938e-02
2.800329216793351686e-02
3.205888992788919617e-02
3.177673821755124667e-02
3.477216792414404567e-02
3.318433702791135503e-02
3.668845191204431894e-02
4.104423517081440265e-02
3.551747117498060824e-02
3.927555035451523596e-02
3.940400488221606351e-02
3.876866000529639866e-02
4.027509949534625877e-02
4.252245344852077780e-02
4.131518774911911024e-02
3.889302951367312744e-02
4.045437747078116375e-02
3.677446724672576300e-02
3.847435709883656463e-02
4.091972729160110733e-02
4.027194107480332186e-02
3.921282069389473574e-02
3.893621181079224419e-02
4.323372023988919510e-02
4.435630171125761606e-02
4.331141682888642319e-02
4.452243407020498728e-02
4.288794041564542719e-02
4.540136706840997016e-02
4.421687893859279489e-02
4.746534421626592837e-02
4.932173485660942130e-02
4.434417404251523448e-02
4.981008272106371426e-02
4.722444093482548733e-02
4.576393700217174648e-02
4.228864463239889043e-02
4.887220128530747609e-02
4.533734400019944627e-02
4.887586487653185902e-02
4.952609678805540427e-02
5.066373029492520635e-02
4.506697022351246334e-02
5.039548997873684322e-02
5.187650794144044175e-02
4.895720454901938967e-02
4.733864698245983382e-02
4.984333944726869470e-02
4.792784952729085834e-02
