0.000000000000000000e+00
1.025413641699612693e-03
2.050827283399225386e-03
3.076240925098837863e-03
4.101654566798450773e-03
5.127068208498063683e-03
6.186879497478063247e-03
7.246690786458063679e-03
8.306502075438064112e-03
9.366313364418064544e-03
1.042612465339806498e-02
1.202007022355806518e-02
1.361401579371806538e-02
1.520796136387806557e-02
1.680190693403806404e-02
1.839585250419806250e-02
1.975165463329806373e-02
2.110745676239806495e-02
2.246325889149806618e-02
2.381906102059806740e-02
2.517486314969806863e-02
2.674290264025806774e-02
2.831094213081806685e-02
2.987898162137806596e-02
3.144702111193806854e-02
3.301506060249807112e-02
3.476971151593807180e-02
3.652436242937807248e-02
3.827901334281807316e-02
4.003366425625807384e-02
4.178831516969807452e-02
4.358496412869807685e-02
4.538161308769807917e-02
4.717826204669808149e-02
4.897491100569808381e-02
5.077155996469808613e-02
5.261486438491808776e-02
5.445816880513808939e-02
5.630147322535809101e-02
5.814477764557809264e-02
5.998808206579809427e-02
6.187464584179809546e-02
6.376120961779808971e-02
6.564777339379808396e-02
6.753433716979807822e-02
6.942090094579807247e-02
7.105149436719807032e-02
7.268208778859806818e-02
7.431268120999806603e-02
7.594327463139806389e-02
7.757386805279806175e-02
7.948256877099806050e-02
8.139126948919805926e-02
8.329997020739805802e-02
8.520867092559805678e-02
8.711737164379805554e-02
8.852762420139805022e-02
8.993787675899804490e-02
9.134812931659803958e-02
9.275838187419803427e-02
9.416863443179802895e-02
9.553133058679802447e-02
9.689402674179802000e-02
9.825672289679801552e-02
9.961941905179801104e-02
1.009821152067980066e-01
1.024791753239980008e-01
1.039762354411979950e-01
1.054732955583979892e-01
1.069703556755979834e-01
1.084674157927979776e-01
1.099949030055979715e-01
1.115223902183979654e-01
1.130498774311979593e-01
1.145773646439979532e-01
1.161048518567979471e-01
1.169970347619979506e-01
1.178892176671979541e-01
1.187814005723979577e-01
1.196735834775979612e-01
1.205657663827979648e-01
1.218353694343979610e-01
1.231049724859979572e-01
1.243745755375979534e-01
1.256441785891979634e-01
1.269137816407979735e-01
1.285177152445979853e-01
1.301216488483979972e-01
1.317255824521980090e-01
1.333295160559980208e-01
1.349334496597980326e-01
1.358300799427980265e-01
1.367267102257980205e-01
1.376233405087980144e-01
1.385199707917980083e-01
1.394166010747980022e-01
1.409003601739980127e-01
1.423841192731980232e-01
1.438678783723980337e-01
1.453516374715980441e-01
1.468353965707980546e-01
1.479400896673980503e-01
1.490447827639980460e-01
1.501494758605980417e-01
1.512541689571980374e-01
1.523588620537980332e-01
1.534929281871980356e-01
1.546269943205980379e-01
1.557610604539980403e-01
1.568951265873980427e-01
1.580291927207980451e-01
1.589289099599980326e-01
1.598286271991980201e-01
1.607283444383980076e-01
1.616280616775979950e-01
1.625277789167979825e-01
1.632045532761979834e-01
1.638813276355979842e-01
1.645581019949979851e-01
1.652348763543979859e-01
1.659116507137979868e-01
1.664781755869979840e-01
1.670447004601979812e-01
1.676112253333979785e-01
1.681777502065979757e-01
1.687442750797979729e-01
1.698030121477979715e-01
1.708617492157979700e-01
1.719204862837979686e-01
1.729792233517979672e-01
1.740379604197979657e-01
1.750539655217979718e-01
1.760699706237979778e-01
1.770859757257979838e-01
1.781019808277979899e-01
1.791179859297979959e-01
1.802337464261979938e-01
1.813495069225979917e-01
1.824652674189979895e-01
1.835810279153979874e-01
1.846967884117979852e-01
1.859974938083979734e-01
1.872981992049979616e-01
1.885989046015979498e-01
1.898996099981979380e-01
1.912003153947979261e-01
1.928430133629979171e-01
1.944857113311979080e-01
1.961284092993978989e-01
1.977711072675978898e-01
1.994138052357978808e-01
2.006692894849978759e-01
2.019247737341978710e-01
2.031802579833978661e-01
2.044357422325978613e-01
2.056912264817978564e-01
2.065095126277978477e-01
2.073277987737978389e-01
2.081460849197978302e-01
2.089643710657978215e-01
2.097826572117978128e-01
2.107891612903978196e-01
2.117956653689978264e-01
2.128021694475978332e-01
2.138086735261978399e-01
2.148151776047978467e-01
2.160910008843978380e-01
2.173668241639978294e-01
2.186426474435978207e-01
2.199184707231978120e-01
2.211942940027978033e-01
2.227935944853978167e-01
2.243928949679978302e-01
2.259921954505978436e-01
2.275914959331978571e-01
2.291907964157978705e-01
2.307530870659978695e-01
2.323153777161978684e-01
2.338776683663978673e-01
2.354399590165978662e-01
2.370022496667978651e-01
2.383397236011978726e-01
2.396771975355978801e-01
2.410146714699978876e-01
2.423521454043978951e-01
2.436896193387979026e-01
2.451377068607978882e-01
2.465857943827978738e-01
2.480338819047978594e-01
2.494819694267978449e-01
2.509300569487978305e-01
2.525073311803978093e-01
2.540846054119977881e-01
2.556618796435977670e-01
2.572391538751977458e-01
2.588164281067977246e-01
2.605005033529977365e-01
2.621845785991977484e-01
2.638686538453977604e-01
2.655527290915977723e-01
