0.000000000000000000e+00
2.075627153116978325e-03
4.151254306233956651e-03
6.226881459350934976e-03
8.302508612467913302e-03
1.037813576558489076e-02
1.279453629382489022e-02
1.521093682206488967e-02
1.762733735030488913e-02
2.004373787854488859e-02
2.246013840678488804e-02
2.506665420674488928e-02
2.767317000670489052e-02
3.027968580666489176e-02
3.288620160662489300e-02
3.549271740658489077e-02
3.866258303244488742e-02
4.183244865830488407e-02
4.500231428416488072e-02
4.817217991002487737e-02
5.134204553588487402e-02
5.472741794258487169e-02
5.811279034928486936e-02
6.149816275598486703e-02
6.488353516268487164e-02
6.826890756938487625e-02
7.130618844218487851e-02
7.434346931498488076e-02
7.738075018778488301e-02
8.041803106058488526e-02
8.345531193338488751e-02
8.698359499458488409e-02
9.051187805578488066e-02
9.404016111698487723e-02
9.756844417818487381e-02
1.010967272393848704e-01
1.044363220835848732e-01
1.077759169277848761e-01
1.111155117719848789e-01
1.144551066161848818e-01
1.177947014603848847e-01
1.205327738507848828e-01
1.232708462411848810e-01
1.260089186315848930e-01
1.287469910219848912e-01
1.314850634123848894e-01
1.342931688635848886e-01
1.371012743147848878e-01
1.399093797659848870e-01
1.427174852171848862e-01
1.455255906683848854e-01
1.483300940223848952e-01
1.511345973763849049e-01
1.539391007303849146e-01
1.567436040843849243e-01
1.595481074383849340e-01
1.620169050997849469e-01
1.644857027611849598e-01
1.669545004225849727e-01
1.694232980839849856e-01
1.718920957453849985e-01
1.745230935077849987e-01
1.771540912701849990e-01
1.797850890325849993e-01
1.824160867949849996e-01
1.850470845573849998e-01
1.879682333893850088e-01
1.908893822213850178e-01
1.938105310533850267e-01
1.967316798853850357e-01
1.996528287173850447e-01
2.022131123643850503e-01
2.047733960113850560e-01
2.073336796583850616e-01
2.098939633053850673e-01
2.124542469523850730e-01
2.144353882203850759e-01
2.164165294883850787e-01
2.183976707563850816e-01
2.203788120243850845e-01
2.223599532923850874e-01
2.253475487715850822e-01
2.283351442507850770e-01
2.313227397299850718e-01
2.343103352091850666e-01
2.372979306883850614e-01
2.400904512067850716e-01
2.428829717251850817e-01
2.456754922435850919e-01
2.484680127619851020e-01
2.512605332803851121e-01
2.538017297877850909e-01
2.563429262951850696e-01
2.588841228025850483e-01
2.614253193099850270e-01
2.639665158173850057e-01
2.665746065061850301e-01
2.691826971949850544e-01
2.717907878837850788e-01
2.743988785725851032e-01
2.770069692613851275e-01
2.790657191211851074e-01
2.811244689809850872e-01
2.831832188407850670e-01
2.852419687005850468e-01
2.873007185603850266e-01
2.899037304553850336e-01
2.925067423503850406e-01
2.951097542453850475e-01
2.977127661403850545e-01
3.003157780353850614e-01
3.026375682217850582e-01
3.049593584081850550e-01
3.072811485945850518e-01
3.096029387809850486e-01
3.119247289673850454e-01
3.139826883373850741e-01
3.160406477073851028e-01
3.180986070773851315e-01
3.201565664473851602e-01
3.222145258173851889e-01
3.243329224585851933e-01
3.264513190997851977e-01
3.285697157409852021e-01
3.306881123821852064e-01
3.328065090233852108e-01
3.350774024901851944e-01
3.373482959569851780e-01
3.396191894237851616e-01
3.418900828905851452e-01
3.441609763573851288e-01
3.463666616475851168e-01
3.485723469377851047e-01
3.507780322279850926e-01
3.529837175181850806e-01
3.551894028083850685e-01
3.573086832931850476e-01
3.594279637779850267e-01
3.615472442627850058e-01
3.636665247475849849e-01
3.657858052323849640e-01
3.679132586913849701e-01
3.700407121503849761e-01
3.721681656093849822e-01
3.742956190683849882e-01
3.764230725273849942e-01
3.783809212869849725e-01
3.803387700465849508e-01
3.822966188061849291e-01
3.842544675657849074e-01
3.862123163253848857e-01
3.882725237663848805e-01
3.903327312073848754e-01
3.923929386483848702e-01
3.944531460893848651e-01
3.965133535303848600e-01
3.984352750691848577e-01
4.003571966079848554e-01
4.022791181467848531e-01
4.042010396855848509e-01
4.061229612243848486e-01
4.081850552735848403e-01
4.102471493227848320e-01
4.123092433719848238e-01
4.143713374211848155e-01
4.164334314703848072e-01
4.184358175699848248e-01
4.204382036695848424e-01
4.224405897691848599e-01
4.244429758687848775e-01
4.264453619683848951e-01
4.283631244325848964e-01
4.302808868967848976e-01
4.321986493609848989e-01
4.341164118251849002e-01
4.360341742893849015e-01
4.378516525913849211e-01
4.396691308933849407e-01
4.414866091953849603e-01
4.433040874973849799e-01
4.451215657993849995e-01
4.470327152171850171e-01
4.489438646349850348e-01
4.508550140527850525e-01
4.527661634705850702e-01
4.546773128883850879e-01
4.570794553153850748e-01
4.594815977423850617e-01
4.618837401693850486e-01
4.642858825963850355e-01
4.666880250233850225e-01
4.686432740123850360e-01
4.705985230013850495e-01
4.725537719903850631e-01
4.745090209793850766e-01
4.764642699683850902e-01
4.785219945353850757e-01
4.805797191023850612e-01
4.826374436693850467e-01
4.846951682363850322e-01
