0.000000000000000000e+00
3.934815287394144434e-04
9.020031050894772306e-04
1.525082162778801376e-03
2.259121710565636931e-03
3.030127026519835454e-03
3.844635954706632219e-03
4.793487098126547608e-03
5.677400283950362336e-03
6.691095566552007767e-03
7.715454805286015016e-03
8.765635228002111035e-03
9.841768680772133848e-03
1.088480764841648352e-02
1.198134835527753239e-02
1.328620044370865116e-02
1.460712864065527583e-02
1.587600996819560351e-02
1.704017702039095639e-02
1.851306707893485282e-02
1.968807936173533335e-02
2.121885094745579181e-02
2.270845460971315788e-02
2.416400038026011998e-02
2.560946086661886056e-02
2.710818024838346219e-02
2.865979201920509922e-02
3.018973635488464424e-02
3.161239887513289659e-02
3.294316780015549284e-02
3.453334127716090052e-02
3.583704648502106238e-02
3.740372845791029022e-02
3.882222100394727704e-02
4.036299898520212537e-02
4.177128870366431102e-02
4.338035948884311210e-02
4.484382507020967523e-02
4.645589642377956352e-02
4.813845543525019366e-02
4.989963372605643599e-02
5.145080543856295208e-02
5.298184429356211922e-02
5.449056013854658431e-02
5.615262402295684296e-02
5.774423563345010280e-02
5.920376550986361508e-02
6.071560848742763028e-02
6.222264242603614548e-02
6.379000102354837054e-02
6.521650994988448247e-02
6.666533441704558527e-02
6.826342461312151499e-02
6.971454685726996559e-02
7.131159660842456560e-02
7.280604223571174316e-02
7.457578347257509677e-02
7.599172834385115038e-02
7.743832679009443609e-02
7.881314891596247207e-02
8.015617959677712179e-02
8.144632226387926721e-02
8.276030463456152120e-02
8.432253977876769113e-02
8.560800296790205266e-02
8.701799663686671238e-02
8.842404189650920898e-02
8.981299269068188096e-02
9.103192139779281433e-02
9.232634313494969547e-02
9.345602244600570430e-02
9.485049241761345229e-02
9.604559786838251512e-02
9.779367976528163808e-02
9.929806186600842466e-02
1.005935569197973223e-01
1.019285789722701452e-01
1.034773936521773408e-01
1.049782419731215555e-01
1.064830534523437677e-01
1.078350298493901960e-01
1.091874729440220904e-01
1.106759475183807240e-01
1.120625987907430954e-01
1.133143662790772055e-01
1.149350673554252467e-01
1.163673505033457900e-01
1.175708964663684242e-01
1.190274527098367230e-01
1.204415346017952970e-01
1.220685295627959022e-01
1.235149361953631342e-01
1.248681099711461684e-01
1.265771840847307317e-01
1.282141760010588882e-01
1.298876031496689620e-01
1.316421945522776582e-01
1.332133699002966409e-01
1.347725407335644832e-01
1.363571349447383341e-01
1.379559418277196414e-01
1.394195840341012627e-01
1.409667801999177073e-01
1.426571972798029719e-01
1.442130924845272943e-01
1.458177394955271211e-01
1.472714422563612402e-01
1.491349806251704990e-01
1.506940221720753925e-01
1.526174990158253308e-01
1.541362433050039726e-01
1.559625436014684396e-01
1.576696120537590673e-01
1.596722130428815944e-01
1.612980552036020754e-01
1.632284836557715835e-01
1.651368121016645318e-01
1.668891191599826129e-01
1.687141740585715866e-01
1.706097086929574402e-01
1.722755459866505134e-01
1.739681987216172843e-01
1.758598248556282329e-01
1.777554522369158008e-01
1.796862754164365583e-01
1.814890645255076151e-01
1.833608346716175674e-01
1.854266686482120008e-01
1.870016963496965445e-01
1.888618789091722761e-01
1.906293688889206805e-01
1.924489294320181898e-01
1.941762473196178007e-01
1.961602249086240590e-01
1.977930042819409096e-01
1.994868510313878573e-01
2.012314620384927366e-01
2.027488600962428222e-01
2.048066480121875088e-01
2.069358938075822607e-01
2.088139156900155058e-01
2.104266095138029868e-01
2.124800931332941900e-01
2.144773468083087664e-01
2.161021958476254667e-01
2.180757784981111058e-01
2.200686862194629612e-01
2.217650693967456732e-01
2.239108424058073865e-01
2.257026249827376319e-01
2.276144780066289286e-01
2.295330752690531995e-01
2.315868355774171050e-01
2.335630936886801123e-01
2.354977622476255306e-01
2.373553685130147528e-01
2.392456362026820216e-01
2.411981827430835779e-01
2.428605860386525706e-01
2.449566562080889298e-01
2.469580683078049788e-01
2.488892361845813639e-01
2.508056346040277163e-01
2.528103909728898202e-01
2.549012154946481701e-01
2.569321141212412840e-01
2.587787041659623810e-01
2.606891747370809753e-01
2.630221078379690880e-01
2.650028689846806174e-01
2.671220564703631339e-01
2.691369424131409005e-01
2.709724814773508683e-01
2.731763004260656658e-01
2.751771048316058454e-01
2.769780208374683639e-01
2.788724797825850032e-01
2.807592371703933054e-01
2.825862095331501678e-01
2.847627159792978091e-01
2.871137834324883897e-01
2.888914459158371528e-01
2.910226051624675847e-01
2.931287513900713293e-01
2.950742947157110052e-01
2.971143760062417982e-01
2.991547549403392736e-01
3.009222735152192740e-01
3.031154780852176600e-01
3.050717930651885013e-01
3.073011680447024219e-01
3.095038950492110530e-01
3.115716751358661440e-01
3.138989510931082805e-01
3.162276775520354022e-01
3.185230434166896885e-01
3.207760104774592946e-01
3.230368392544988865e-01
3.253852142067970021e-01
3.276603190746172345e-01
