0.000000000000000000e+00
-3.819215484886426520e-03
-1.112006175069252144e-05
5.871823307656509616e-03
7.680591520686981012e-03
1.930167323313019363e-03
4.595792751468144241e-03
4.501269297130194164e-03
5.456461776310249714e-03
9.744718105772853453e-03
1.516560868412188297e-02
1.243356050312465454e-02
1.741074619445983490e-02
2.711770753455955765e-02
2.768504736733518046e-02
2.987908814150692580e-02
3.695173204970637199e-02
3.896230564607202490e-02
4.413228940157340463e-02
4.320166109673129889e-02
4.562848329109141232e-02
5.426876483335180135e-02
5.914777955001662008e-02
5.984448177755124360e-02
6.331202786681440486e-02
7.518994927250970128e-02
7.045612452260387182e-02
8.125612613575623755e-02
8.037825522146260782e-02
8.202983985819391199e-02
8.947417674298061008e-02
9.502933639699723267e-02
9.637789171605540273e-02
1.002207960979279722e-01
1.038611597105152384e-01
1.079401780861163479e-01
1.078911794347479219e-01
1.097798663123767254e-01
1.147856937902493046e-01
1.216480016873241060e-01
1.230608900933074790e-01
1.218335208251301871e-01
1.258264266532853060e-01
1.306239309857063768e-01
1.289069395633019310e-01
1.373693429927202170e-01
1.325866641606980589e-01
1.390151056370637073e-01
1.418133813010526434e-01
1.487760627182049822e-01
1.508238405820055417e-01
1.494652159181606710e-01
1.564418901029473730e-01
1.589615147955235341e-01
1.603108002690969425e-01
1.625335837060609412e-01
1.615001535783601172e-01
1.707257650237229973e-01
1.763598423632022072e-01
1.775448587417950141e-01
1.760294315846759050e-01
1.801602598567977886e-01
1.834029381054182728e-01
1.838190656724432159e-01
1.861773152202770010e-01
1.917120248327091325e-01
1.973828052120997212e-01
1.921015767116565076e-01
2.001529172232354437e-01
2.053937673742714798e-01
2.060455809278781136e-01
2.048769551929750798e-01
2.104662001595457022e-01
2.110316271326980742e-01
2.232424951404764490e-01
2.163124950645872457e-01
2.221571664469141338e-01
2.265944352004432005e-01
2.271556698834681365e-01
2.298098647622714708e-01
2.343667915509030364e-01
2.368317584831468037e-01
2.358179779919335195e-01
2.395548214378614982e-01
2.446717873916011143e-01
2.447896870185817253e-01
2.437080186400886472e-01
2.464769761084210642e-01
2.496314587442991784e-01
2.549916091938947416e-01
2.539829889131523522e-01
2.584689323257839400e-01
2.628358335372742438e-01
2.657768515855734037e-01
2.679987938022049820e-01
2.659128521746260132e-01
2.680910221403878246e-01
2.720376592741274302e-01
2.773389923468144169e-01
2.766716696852520863e-01
2.867489159657617970e-01
2.882218363140831019e-01
2.852344041129972196e-01
2.855237454939612007e-01
2.917145164098061128e-01
2.950980665523767477e-01
2.951767622048421247e-01
2.972801261840775644e-01
2.997007308980276785e-01
3.006420823208310056e-01
3.102110158774182835e-01
3.102011346351025156e-01
3.081485458191579041e-01
3.136759129056509443e-01
3.171084040153019368e-01
3.240981914989473633e-01
3.230514637678227330e-01
3.211771552075346481e-01
3.266024157320443488e-01
3.278183264075789638e-01
3.317683814368642681e-01
3.372912739200775722e-01
3.400888604636454482e-01
3.433685544492964259e-01
3.434362930293961003e-01
3.467811366242548599e-01
3.473597923307589763e-01
3.479138076415734249e-01
3.486083786030360065e-01
3.474404574787146593e-01
3.515410927852742340e-01
3.512170679048310373e-01
3.533200727560775745e-01
3.566247095209529316e-01
3.511781145171523622e-01
3.589846656029362926e-01
3.646452577997894573e-01
3.693826769971523816e-01
3.715725226148143823e-01
3.709564531912022400e-01
3.780869030207202330e-01
3.797821309583268579e-01
3.826865198442659377e-01
3.874560242630692430e-01
3.914163483216953066e-01
3.930361792237008212e-01
3.981156343032908329e-01
3.940236137841662267e-01
3.985478104182825221e-01
3.997228026329307515e-01
3.971632377823822724e-01
3.988002150085097064e-01
3.997190554096398674e-01
3.982688188313573407e-01
4.086875904323545861e-01
4.079495907382825748e-01
4.074595873486426822e-01
4.092473171330415771e-01
4.096177509043213427e-01
4.146256928479113424e-01
4.148993108667700658e-01
4.149402640799667585e-01
4.176872416352465645e-01
4.226573566431357509e-01
4.270107156064709142e-01
4.256312267412520889e-01
4.287266732458061003e-01
4.309617119376731309e-01
4.309608291413518089e-01
4.364565750087756046e-01
4.388819779371080365e-01
4.421357855515457014e-01
4.408278172258393579e-01
4.490885168859833909e-01
4.491092447471025095e-01
4.516928548737063620e-01
4.527054979589141270e-01
4.551738679834237966e-01
4.572929960796343618e-01
4.586586274958892040e-01
4.556243407892853203e-01
4.613308685875013859e-01
4.644095085256177424e-01
4.576392995350138659e-01
4.658498431931080153e-01
4.665690551553019483e-01
4.713743651421052894e-01
4.790077097513130155e-01
4.832989174844099511e-01
4.806895109590692550e-01
4.796868956695955477e-01
4.836600852940941553e-01
4.826115187989806210e-01
4.854471512076454220e-01
4.884670219371191058e-01
4.904778249708587334e-01
4.956180242696399119e-01
4.911996360742825751e-01
4.947962283375623160e-01
5.017923077175291402e-01
