2.200369443059457808e-04
2.374745276512157943e-04
5.362167461626654585e-04
1.033557519797057012e-03
2.041567188115323006e-03
3.421977274356891030e-03
4.877615883991381907e-03
6.200804291914607802e-03
7.541008307164531743e-03
9.370764292306432708e-03
1.129184536993932397e-02
1.338078941927989263e-02
1.567226134387311731e-02
1.799739157155499925e-02
2.038707457216304419e-02
2.263722464569895010e-02
2.540723644050046914e-02
2.778414668278372801e-02
3.011271938346737898e-02
3.249262475539183015e-02
3.504010107597821388e-02
3.762913712400717259e-02
4.012922607415703169e-02
4.260157380931417492e-02
4.519502010830223071e-02
4.782139311938493620e-02
5.042031571670690937e-02
5.296456086870193758e-02
5.534929015963996335e-02
5.751579862588585002e-02
5.996033358165675509e-02
6.240689565380819204e-02
6.476052087886330355e-02
6.706380656667221274e-02
6.917327366031145175e-02
7.160552380778995030e-02
7.399903198111701386e-02
7.631202770127742951e-02
7.870030824150830995e-02
8.104979702054038171e-02
8.346371853573941735e-02
8.529607332582855861e-02
8.754031955633934103e-02
8.955624495767722237e-02
9.143625301126689919e-02
9.333704274013854274e-02
9.525886075803668973e-02
9.699993013718710699e-02
9.906377347240180598e-02
1.009003376627362059e-01
1.027736184455179114e-01
1.045639594739782297e-01
1.062502767131761061e-01
1.082609407358674503e-01
1.101935864920946528e-01
1.118646569629717646e-01
1.139257194814717877e-01
1.157658592966868127e-01
1.175431101497679265e-01
1.194268165150660366e-01
1.212890743145109695e-01
1.234389920601657309e-01
1.255519792275379132e-01
1.275894021797157052e-01
1.294734178487431109e-01
1.314792165373930288e-01
1.335240447028311905e-01
1.356024251539409420e-01
1.376402643136245274e-01
1.395397936604680922e-01
1.412765143800669421e-01
1.430252755725760494e-01
1.447372175116399262e-01
1.466392595946288679e-01
1.484324007238768672e-01
1.502176286184706555e-01
1.522398681965739797e-01
1.544041167835814576e-01
1.565342627664989550e-01
1.587678807618857491e-01
1.606894138119514537e-01
1.624261007851615091e-01
1.643063681060681347e-01
1.659841478571166817e-01
1.681070308043643990e-01
1.700046718139702762e-01
1.718878593445936076e-01
1.737564833089493277e-01
1.758343882081376819e-01
1.778093732281789130e-01
1.797323736880898082e-01
1.814229976594745608e-01
1.830782973703009020e-01
1.848313582165701519e-01
1.865076056123342596e-01
1.882076916971513469e-01
1.899689428627056031e-01
1.915636030512573029e-01
1.932607353811377493e-01
1.949444410554832530e-01
1.966271195330335786e-01
1.981327029158634900e-01
1.996489931701788123e-01
2.011463631805341379e-01
2.030020625055755090e-01
2.048640347471319956e-01
2.066760484140672816e-01
2.085425831336564784e-01
2.102008548511165031e-01
2.119400461427645155e-01
2.136548168926353242e-01
2.154671217363173241e-01
2.172690082013346569e-01
2.191856922701092003e-01
2.211298294697954248e-01
2.230626104028701207e-01
2.248485460484204168e-01
2.265271725880282361e-01
2.282684256161218173e-01
2.299036066520869781e-01
2.314218645708052691e-01
2.329017619590842969e-01
2.344632093894958302e-01
2.360382744005775635e-01
2.376024126505029699e-01
2.391043640055698916e-01
2.407005892691813642e-01
2.423021982744018032e-01
2.440204348126258083e-01
2.456822689552637939e-01
2.473219326478783842e-01
2.487394097362809475e-01
2.502978359978769163e-01
2.515276595326483289e-01
2.526922214261588806e-01
2.541407371855939346e-01
2.557618034230202397e-01
2.571191532421863712e-01
2.585775152015941103e-01
2.599520480696710933e-01
2.612152450833065132e-01
2.626067970497913961e-01
2.641381881992899139e-01
2.656563471594139969e-01
2.671488358563678389e-01
2.688081133024482483e-01
2.705274290338834930e-01
2.720013802057508201e-01
2.735219548187259875e-01
2.750859548927309106e-01
2.766403867173110598e-01
2.782251772918584720e-01
2.799467068963679139e-01
2.815837742057283322e-01
2.833989743178833010e-01
2.849023731361768341e-01
2.863055750075815808e-01
2.878318148773075791e-01
2.893674629530096354e-01
2.906785060721901459e-01
2.922911459307542259e-01
2.935856595955712578e-01
2.949360886127863068e-01
2.959924782704845825e-01
2.970737991894765173e-01
2.982596674328803488e-01
2.993079808119034624e-01
3.007178089995647952e-01
3.020554143063307606e-01
3.034599876013217568e-01
3.044581894793836341e-01
3.058553607849106015e-01
3.072492191977431730e-01
3.085963598137624331e-01
3.098884174270750691e-01
3.109926360834123216e-01
3.122078259428064939e-01
3.135353783878755962e-01
3.148414646686319429e-01
3.161010980530107872e-01
3.173187881839893976e-01
3.184428131836369857e-01
3.195876420968417619e-01
3.208569053544749750e-01
3.222587881618395045e-01
3.235125841526311774e-01
3.248369983321524046e-01
3.262394407319675338e-01
3.275686918620905885e-01
3.290955578099854506e-01
3.303663220466432904e-01
3.314936865532729371e-01
3.327037320304597756e-01
3.337749252687274293e-01
3.348881527777507472e-01
3.359969542610699023e-01
3.373477496698171763e-01
3.385017843223394607e-01
3.398008024073959632e-01
3.412663467754342150e-01
