0.000000000000000000e+00
7.708740999419205764e-04
2.322502369764833929e-03
4.092306703022074998e-03
5.839598477699325940e-03
8.050801078759661777e-03
1.064472541535366190e-02
1.381548840010538015e-02
1.688208709219907178e-02
2.001354469754801357e-02
2.277236545990035665e-02
2.568940027682486971e-02
2.857871599680805730e-02
3.248885192358841323e-02
3.660624480422569604e-02
4.068738039175912036e-02
4.332857904296361085e-02
4.709162163555191682e-02
5.255437529215356562e-02
5.918835745401906934e-02
6.673059695367555832e-02
7.004927754621093072e-02
7.392928281401367485e-02
7.908163446546012665e-02
8.370622504389046981e-02
8.850865671694663206e-02
9.324976421238773128e-02
9.915951503222686370e-02
1.046726747970723181e-01
1.109106023819492748e-01
1.184603420572329924e-01
1.250631381397582231e-01
1.299014331919750020e-01
1.364896227036922483e-01
1.406494078416713478e-01
1.454285182271917165e-01
1.504597772358877705e-01
1.572760060075779620e-01
1.628547893535454705e-01
1.686778485577491438e-01
1.741807117571241292e-01
1.776482797553313731e-01
1.809320302087513710e-01
1.854760322129749284e-01
1.902924666010790133e-01
1.964495358206690412e-01
2.022983697230316125e-01
2.089787873300608112e-01
2.162642258096241221e-01
2.200332467062722230e-01
2.228506550446454071e-01
2.282015458188553225e-01
2.333794938775213268e-01
2.398978869819146098e-01
2.464813647239552097e-01
2.493960542449755735e-01
2.511261253776453373e-01
2.551306102547314936e-01
2.614991830924182636e-01
2.679476270319796072e-01
2.750182820506381631e-01
2.825759524125714961e-01
2.909492356555318793e-01
3.016650308742825359e-01
3.116710149320169876e-01
3.227202376104472137e-01
3.330934524758504267e-01
3.427063129069054526e-01
3.529601775343280678e-01
3.614127729321765514e-01
3.703812432813649025e-01
3.782121527306827602e-01
3.851639203685621737e-01
3.922612115967396562e-01
3.999992280951545354e-01
4.077649234435796188e-01
4.177611040232491746e-01
4.264048597418508280e-01
4.350945992243424598e-01
4.441078586775404347e-01
4.539389156983446583e-01
4.618501171905222691e-01
4.707467506703508775e-01
4.789806155633229423e-01
4.858107196650536252e-01
4.918834482044829315e-01
4.991278421940563703e-01
5.062253276710393379e-01
5.120454943791870051e-01
5.183085350479430531e-01
5.244149514140090673e-01
5.307493273508185894e-01
5.365643323765638684e-01
5.434633380327937857e-01
5.518097969758599675e-01
5.586276326991992391e-01
5.629502958795313816e-01
5.680717393485181788e-01
5.723427688000697344e-01
5.771531773253855135e-01
5.839179132611036493e-01
5.893888257683741472e-01
5.973675770903312809e-01
6.046068120585488259e-01
6.125326899456382534e-01
6.188675653463917570e-01
6.247385407664012291e-01
6.318873475553701269e-01
6.411779595180178148e-01
6.492441523666698799e-01
6.565766269586035264e-01
6.630355067689350790e-01
6.705478438356777815e-01
6.760774052018874158e-01
6.820184008424234889e-01
6.865061848051681181e-01
6.931235409687843685e-01
6.994338084749074369e-01
7.037734999259015467e-01
7.096081199905484027e-01
7.140568373958018356e-01
7.198337010086461873e-01
7.262720046756641068e-01
7.331761783191836912e-01
7.401195232951423009e-01
7.461046429431377192e-01
7.516179176682555862e-01
7.572453225399016219e-01
7.629699109257259693e-01
7.701702074664282804e-01
7.770579738129086422e-01
7.849686752065991868e-01
7.934203041512049026e-01
8.007843067351032573e-01
8.065409666482636908e-01
8.129073040301051378e-01
8.194895181813706131e-01
8.244578901892154477e-01
8.310846160869260757e-01
8.360857965070493947e-01
8.419509427144049596e-01
8.487265887930846020e-01
8.535703499785753934e-01
8.587099790295766866e-01
8.630217507856485781e-01
8.696249207836785899e-01
8.770589219938358383e-01
8.856045018571236938e-01
8.922211416065977119e-01
8.982988855053761768e-01
9.039160292866341706e-01
9.111412224197579235e-01
9.172078305275093157e-01
9.235343360464725038e-01
9.305536482842953205e-01
9.368127526991116838e-01
9.429094564211695229e-01
9.479776234603676244e-01
9.538472283905647942e-01
9.583468231097000967e-01
9.602784487426987425e-01
9.631009538302208739e-01
9.683597277438948936e-01
9.734621930302722603e-01
9.801018536300105666e-01
9.847105600951309157e-01
9.892539787986507349e-01
9.915854214781063547e-01
9.963991856311622541e-01
1.001256191286877595e+00
1.005362092655026629e+00
1.009843534406201115e+00
1.015589462972187107e+00
1.020642835464919074e+00
1.022648494345055781e+00
1.026176078243871359e+00
1.030215209867250792e+00
1.034907667038446277e+00
1.041380250436887422e+00
1.048884022813531658e+00
1.055242301938328353e+00
1.058578956124662795e+00
1.063754159178166958e+00
1.070010265508436476e+00
1.075879870910831926e+00
1.082426166035311610e+00
1.088284040798058072e+00
1.095055201411490486e+00
1.101942942816371840e+00
1.108119142326948747e+00
1.115744257138118201e+00
1.119925656165484895e+00
1.124356193295689366e+00
1.129309194272096306e+00
1.135683214524668472e+00
1.141889184230883814e+00
1.148238530849106098e+00
1.154863827168640000e+00
1.161492253094628779e+00
1.169447901885789065e+00
