-3.803600989726874104e-06
-1.173803362419789664e-04
-2.079634508334038401e-04
-2.191094841279550565e-04
-2.641537734149324024e-04
-4.400229374468267451e-04
-5.008111047857255471e-04
-6.997109250050925766e-04
-7.098096062350123248e-04
-6.601272056343532313e-04
-7.505614493013013089e-04
-9.518654233460210889e-04
-9.568774688375469850e-04
-9.922247255147453870e-04
-1.218324935500447737e-03
-1.358854703639167383e-03
-1.217579526510803589e-03
-1.162002101736447912e-03
-1.208866988235968165e-03
-1.428449612973281546e-03
-1.768955719015252726e-03
-1.647363766963394482e-03
-1.681013176991541513e-03
-1.652650081375384161e-03
-1.716876428282887446e-03
-1.227408390676032468e-03
-1.154301890004205688e-03
-1.456951345090828909e-03
-1.539663148946601723e-03
-1.757963569538389947e-03
-1.655055134463623290e-03
-1.457263459677449191e-03
-1.457397780960434375e-03
-1.574858224628883363e-03
-1.400317387243887879e-03
-1.077867708815460901e-03
-1.187258399312440815e-03
-1.129129503532055878e-03
-8.369157262606563563e-04
-5.809542668089306972e-04
-2.675484041461118068e-04
-2.946806175430083385e-04
2.217652152509685948e-04
3.361895257185665287e-04
-2.450958787321155796e-04
-1.101505754306231211e-04
-3.563662209771223388e-04
-5.031350982065418975e-04
-2.070494062991201645e-04
-2.429563303962822829e-05
-1.962152027843444557e-04
-2.407257743044510789e-04
-2.679912931000671961e-04
2.054166382947641978e-04
2.528005031479096942e-04
-1.302932187570604583e-03
-2.081330538096892724e-03
-2.473299875568102379e-03
-2.464352520497925525e-03
-3.341616855834672606e-03
-3.777995569869574410e-03
-3.369850325270817848e-03
-2.691389211562977835e-03
-2.509732122589980463e-03
-2.346408717066594818e-03
-2.391552529800833327e-03
-2.619477774061351738e-03
-2.661145554895938403e-03
-2.236638559871551024e-03
-2.358292415088669713e-03
-2.226046872436882040e-03
-2.358127591222114461e-03
-2.017542882185807684e-03
-1.343236459675267724e-03
-1.473485335040436439e-03
-1.783459837980672091e-03
-1.713685119696606307e-03
-1.561604912225789121e-03
-1.502878302005683508e-03
-1.800981064278062149e-03
-2.126017898099519243e-03
-2.365689158310146922e-03
-1.708730242484080009e-03
-2.234908798193657731e-03
-1.361302037771849882e-03
-1.380727298489148325e-03
-1.784589876393738450e-03
-1.651289243298492693e-03
-1.538733256346347389e-03
-1.804019413285118389e-03
-2.002362725228579166e-03
-2.124080368162140076e-03
-2.263414507851280177e-03
-2.044508787413690243e-03
-2.150966185013203358e-03
-2.353129119612162867e-03
-1.819903224578922618e-03
-1.846393880434504808e-03
-1.611690996249137697e-03
-1.217667637071428999e-03
-5.469563292805901256e-04
-1.006642422204606646e-03
-9.117676231937821285e-04
-1.870640179078009169e-03
-1.362609324594643567e-03
-1.263475169942296361e-03
-1.047122267642919269e-03
-5.018756470178686868e-04
-5.539207549460911650e-04
-2.894418475634097376e-04
-4.920365341121168967e-04
-5.581368880314130365e-04
-4.309147796064394242e-04
-3.235368108533975828e-05
8.992156159237651991e-04
1.457473739996828499e-03
1.816006400915171071e-03
1.929543533854882753e-03
2.272711905341395777e-03
2.087643751792711555e-03
1.710888923128095485e-03
1.203664731363573992e-03
1.244425641111490677e-03
1.251610641780587230e-03
1.761783996492738424e-03
2.020971299636187268e-03
2.527072088312820597e-03
2.886865978055652704e-03
3.418913758416408655e-03
3.736145234555010575e-03
4.723440351192209619e-03
4.771923246956077946e-03
5.067534455434952179e-03
5.345022320121017856e-03
5.010531851333155373e-03
5.093231098761918929e-03
6.176656182141471163e-03
6.250446017254773778e-03
6.692220609295418399e-03
6.486042865688546044e-03
6.085792902339903776e-03
6.528991468073286342e-03
7.143344125132955469e-03
7.356058198652704050e-03
7.682160601447662884e-03
8.191186859804133746e-03
9.299223496562092350e-03
8.822232419589681740e-03
9.239815114909788463e-03
9.887634955063617781e-03
1.077156713905935703e-02
1.097751349777098540e-02
1.193764045699907683e-02
1.181510935017371366e-02
1.272683895276571775e-02
1.271556514587501852e-02
1.255553008174814522e-02
1.301934262647108653e-02
1.376092568958142692e-02
1.339904862256702245e-02
1.496961703393395737e-02
1.457047218767826280e-02
1.474398157640166573e-02
1.407250439582696799e-02
1.423570665262019475e-02
1.461094140178431644e-02
1.366704242895622201e-02
1.457310036312264856e-02
1.446507168930111220e-02
1.441377072067240306e-02
1.325921044490740996e-02
1.354765500917665122e-02
1.385126140772285908e-02
1.384502802046227998e-02
1.396650503698992907e-02
1.394498084415829453e-02
1.423182466044181638e-02
1.479456199992057464e-02
1.476516889032808422e-02
1.427687341514882746e-02
1.420947942828121313e-02
1.365141177542739115e-02
1.320220664175053571e-02
1.345784456105292293e-02
1.452705763953332507e-02
1.450516595571116341e-02
1.464724912862180872e-02
1.487178812041634046e-02
1.479658815968321051e-02
1.622965021534383823e-02
1.636901743105312335e-02
1.610062258371414146e-02
1.631936257369659415e-02
1.714218507890308274e-02
1.745000359850479299e-02
1.749601504916142858e-02
1.905258281252741881e-02
1.950138309995708141e-02
1.973643960635484973e-02
2.083086971901337847e-02
