-7.676306736925653240e-07
-3.837233677472795534e-05
-7.753072404170779919e-05
-1.086625254842488175e-04
-1.341318386423040465e-04
-1.605452566337817188e-04
-1.903194453376499951e-04
-2.497654645878810697e-04
-2.717322829255408578e-04
-2.671583378699438072e-04
-2.927613722363275883e-04
-3.239258144276391249e-04
-3.408523476267077967e-04
-3.449830157720157331e-04
-3.779693855037180583e-04
-4.021352784846499162e-04
-4.169072341042578955e-04
-4.129139927044889191e-04
-4.405487034730981577e-04
-4.673081526505029615e-04
-4.852719720389586655e-04
-4.650840217124141418e-04
-8.230622494025396918e-04
-7.488088197007414237e-04
-6.432688382531637217e-04
-5.014436569013014378e-04
-3.537370526416339089e-04
-1.936780886993005879e-04
-3.991436531691761047e-05
3.486386930262597161e-06
3.785847954702603602e-04
4.353428941854531331e-04
4.876648270979444533e-04
5.463916268624302575e-04
6.505724338552454356e-04
6.369030028707811653e-04
5.078712364010584679e-04
4.884984960753513406e-04
4.780369252870286800e-04
4.559360729032846393e-04
7.605090447668771958e-04
9.096923790536948218e-04
9.242930402066917850e-04
7.935619721308739827e-04
4.963212602149269514e-04
6.963427986903525380e-04
6.755176259147788187e-04
7.176844789142933223e-04
7.455635874222821258e-04
7.879818132963123389e-04
7.790303231871575917e-04
9.066285506520443960e-04
1.152968097372308875e-03
1.438887855869097621e-03
1.349247920117591093e-03
9.249855785640193062e-04
9.075949306236452685e-04
9.991902320152235006e-04
1.111571212184969681e-03
1.048263437752439131e-03
1.033897693766050452e-03
1.065046573458516832e-03
1.158372482230163314e-03
9.969559740810041149e-04
1.077964038060486018e-03
1.007515616933574165e-03
9.967609622947293246e-04
1.013199453559820995e-03
1.025143932764649435e-03
8.468075008636333223e-04
8.024744160550767447e-04
6.902973187905558916e-04
5.615724708007974186e-04
5.823614943238908381e-04
4.727660535053246349e-04
3.883155014037242836e-04
5.565893335273131015e-04
5.678073959600737908e-04
5.122004769546606440e-04
3.667553988080385352e-04
5.974009697240489913e-05
1.073703879939102990e-05
-2.202297716848988784e-04
-6.704255496714495166e-04
-5.838478701747362720e-04
-5.908275712442900840e-04
-7.025158811373444223e-04
-8.470059383753891780e-04
-9.593125043210193326e-04
-9.333096913977101394e-04
-1.113325232864781356e-03
-1.195362564295976426e-03
-1.330993972452176877e-03
-1.415476850858965463e-03
-1.615770395808624471e-03
-1.737129433820427948e-03
-1.629322299272928376e-03
-1.567708530934908140e-03
-1.470488372881106898e-03
-1.426154493785247723e-03
-1.354461552246277734e-03
-1.602818225805435759e-03
-1.592703543416007506e-03
-1.723215679547251966e-03
-1.472647273928373579e-03
-1.451824339014251564e-03
-1.347155232657826218e-03
-1.131008086467488738e-03
-1.036688121160977971e-03
-9.996731749097875763e-04
-1.096937863422908777e-03
-1.040453215843228918e-03
-1.068348153381748489e-03
-9.326163692691125107e-04
-8.615937486240454746e-04
-6.165154123038973921e-04
-6.370578368617429987e-04
-6.559951252640416897e-04
-5.763596221513012097e-04
-5.015950419391401738e-04
-5.225658290513024440e-04
-6.490840517159313094e-04
-7.756754290610956559e-04
-7.715543195132568144e-04
-6.607946326795399727e-04
-5.426904983067970534e-04
-4.103385149534233278e-04
-3.945618253382576768e-04
-9.570945806558484037e-05
-7.676361466479875162e-05
1.420799778912851252e-04
1.792338344088761914e-04
2.685925117944520935e-04
6.174463167312183032e-04
6.396385445412988702e-04
4.754869793970328828e-04
5.767470554332021493e-04
4.819260215285225968e-04
4.030249023756482529e-04
3.287041117445710370e-04
1.315155517005450747e-04
9.718297369687434184e-05
7.999301575267736553e-05
7.011454744798584215e-05
3.665928593932221702e-05
-8.234572614185253769e-05
-3.173409422885242748e-05
-3.749937753738663559e-04
-4.258224329021231824e-04
-5.410139935548841095e-04
-4.806625024045274586e-04
-5.555637187342199468e-04
-5.108295477285196284e-04
-7.139421302326809382e-04
-6.408339435139964735e-04
-8.197929907893808377e-04
-9.828377470952887052e-04
-9.033260688440236663e-04
-6.880645486617709139e-04
-7.309497154466271240e-04
-4.230050242384209014e-04
-5.363574926704473000e-04
-6.383660111382027935e-04
-1.024108486355146397e-03
-8.534636140140605676e-04
-7.610051639517223521e-04
-9.728482319175668636e-04
-7.918787835095031369e-04
-7.297323165786906429e-04
-8.520816684551846265e-04
-1.153165923213350652e-03
-1.314937159087037344e-03
-1.299150514469715745e-03
-1.397529788285112318e-03
-1.367106771965609369e-03
-1.282176138836632617e-03
-1.383636243993180415e-03
-1.336114388102771500e-03
-1.399231880242268744e-03
-1.550470159422445704e-03
-1.604180659207088411e-03
-1.719974698758619525e-03
-1.914936328731187132e-03
-1.922691676647048098e-03
-1.696789119343122820e-03
-1.574528988207646307e-03
-1.593678688713850988e-03
-1.595635096535374942e-03
-1.738240396484513894e-03
-1.514077595004437171e-03
-1.304207773941357118e-03
-1.311210687447328382e-03
-1.406546502252581377e-03
-1.403899463305435802e-03
-1.334658021690415808e-03
-1.056855710743320742e-03
-7.620620712955883391e-04
-6.318482874192454801e-04
-6.765152943231100835e-04
-5.676085610843983886e-04
