0.000000000000000000e+00
1.500168477207773372e-03
3.000336954415546743e-03
4.500505431623320549e-03
6.000673908831093487e-03
7.500842386038866424e-03
8.867962268658866054e-03
1.023508215127886568e-02
1.160220203389886531e-02
1.296932191651886494e-02
1.433644179913886457e-02
1.579297426459886494e-02
1.724950673005886531e-02
1.870603919551886568e-02
2.016257166097886605e-02
2.161910412643886642e-02
2.273357002659886703e-02
2.384803592675886763e-02
2.496250182691886824e-02
2.607696772707886884e-02
2.719143362723886945e-02
2.840945717985886992e-02
2.962748073247887040e-02
3.084550428509887088e-02
3.206352783771886789e-02
3.328155139033886489e-02
3.532005529949886619e-02
3.735855920865886748e-02
3.939706311781886877e-02
4.143556702697887006e-02
4.347407093613887136e-02
4.497557995255887370e-02
4.647708896897887604e-02
4.797859798539887838e-02
4.948010700181888072e-02
5.098161601823888306e-02
5.290787311811888383e-02
5.483413021799888459e-02
5.676038731787888536e-02
5.868664441775888613e-02
6.061290151763888689e-02
6.224577613723888958e-02
6.387865075683889227e-02
6.551152537643889495e-02
6.714439999603889764e-02
6.877727461563890032e-02
7.064787095983890430e-02
7.251846730403890828e-02
7.438906364823891226e-02
7.625965999243891624e-02
7.813025633663892022e-02
7.944702558703892192e-02
8.076379483743892362e-02
8.208056408783892532e-02
8.339733333823892703e-02
8.471410258863892873e-02
8.625068995363892321e-02
8.778727731863891770e-02
8.932386468363891219e-02
9.086045204863890667e-02
9.239703941363890116e-02
9.384543212403889667e-02
9.529382483443889218e-02
9.674221754483888769e-02
9.819061025523888320e-02
9.963900296563887871e-02
1.012470940820388854e-01
1.028551851984388921e-01
1.044632763148388988e-01
1.060713674312389054e-01
1.076794585476389121e-01
1.096041206570389087e-01
1.115287827664389053e-01
1.134534448758389019e-01
1.153781069852388985e-01
1.173027690946388951e-01
1.190369495622388973e-01
1.207711300298388996e-01
1.225053104974389018e-01
1.242394909650389040e-01
1.259736714326389062e-01
1.279771691126388999e-01
1.299806667926388937e-01
1.319841644726388874e-01
1.339876621526388811e-01
1.359911598326388749e-01
1.380085411878388679e-01
1.400259225430388610e-01
1.420433038982388541e-01
1.440606852534388471e-01
1.460780666086388402e-01
1.479152106682388446e-01
1.497523547278388489e-01
1.515894987874388533e-01
1.534266428470388577e-01
1.552637869066388621e-01
1.572700746472388555e-01
1.592763623878388490e-01
1.612826501284388425e-01
1.632889378690388360e-01
1.652952256096388295e-01
1.671830957086388181e-01
1.690709658076388067e-01
1.709588359066387953e-01
1.728467060056387838e-01
1.747345761046387724e-01
1.769437730186387836e-01
1.791529699326387948e-01
1.813621668466388059e-01
1.835713637606388171e-01
1.857805606746388283e-01
1.878972098106388433e-01
1.900138589466388583e-01
1.921305080826388734e-01
1.942471572186388884e-01
1.963638063546389034e-01
1.988181601030389045e-01
2.012725138514389056e-01
2.037268675998389067e-01
2.061812213482389078e-01
2.086355750966389089e-01
2.107184944086389067e-01
2.128014137206389045e-01
2.148843330326389023e-01
2.169672523446389001e-01
2.190501716566388979e-01
2.216980102880388992e-01
2.243458489194389005e-01
2.269936875508389018e-01
2.296415261822389031e-01
2.322893648136389044e-01
2.347505224420388947e-01
2.372116800704388850e-01
2.396728376988388753e-01
2.421339953272388656e-01
2.445951529556388560e-01
2.467250447430388571e-01
2.488549365304388583e-01
2.509848283178388595e-01
2.531147201052388329e-01
2.552446118926388063e-01
2.577076046300388334e-01
2.601705973674388606e-01
2.626335901048388877e-01
2.650965828422389148e-01
2.675595755796389419e-01
2.700204985156389181e-01
2.724814214516388944e-01
2.749423443876388706e-01
2.774032673236388469e-01
2.798641902596388231e-01
2.821934468372388483e-01
2.845227034148388734e-01
2.868519599924388985e-01
2.891812165700389237e-01
2.915104731476389488e-01
2.935858599636389510e-01
2.956612467796389532e-01
2.977366335956389554e-01
2.998120204116389576e-01
3.018874072276389597e-01
3.043766136912389730e-01
3.068658201548389863e-01
3.093550266184389996e-01
3.118442330820390129e-01
3.143334395456390262e-01
3.170936150744390059e-01
3.198537906032389855e-01
3.226139661320389651e-01
3.253741416608389447e-01
3.281343171896389244e-01
3.310166099802389073e-01
3.338989027708388901e-01
3.367811955614388730e-01
3.396634883520388559e-01
3.425457811426388388e-01
3.453891613374388547e-01
3.482325415322388706e-01
3.510759217270388866e-01
3.539193019218389025e-01
3.567626821166389184e-01
3.595268359422389426e-01
3.622909897678389668e-01
3.650551435934389910e-01
3.678192974190390152e-01
3.705834512446390394e-01
3.734533020460390484e-01
3.763231528474390575e-01
3.791930036488390665e-01
3.820628544502390755e-01
3.849327052516390846e-01
3.877132085140390649e-01
3.904937117764390453e-01
3.932742150388390256e-01
3.960547183012390060e-01
3.988352215636389864e-01
4.015597981166389996e-01
4.042843746696390128e-01
4.070089512226390260e-01
4.097335277756390393e-01
