0.000000000000000000e+00
1.868441090345345987e-03
3.736882180690691974e-03
5.605323271036037960e-03
7.473764361381383947e-03
9.342205451726729934e-03
1.112298946738672981e-02
1.290377348304672968e-02
1.468455749870672955e-02
1.646534151436673116e-02
1.824612553002673276e-02
2.022471215862673213e-02
2.220329878722673150e-02
2.418188541582673087e-02
2.616047204442673024e-02
2.813905867302672961e-02
3.023325884248672865e-02
3.232745901194673116e-02
3.442165918140673020e-02
3.651585935086672924e-02
3.861005952032672828e-02
4.160297358426672670e-02
4.459588764820672513e-02
4.758880171214672355e-02
5.058171577608672198e-02
5.357462984002672041e-02
5.756684327156671999e-02
6.155905670310671957e-02
6.555127013464671915e-02
6.954348356618672566e-02
7.353569699772671830e-02
7.901170186792672023e-02
8.448770673812672216e-02
8.996371160832672409e-02
9.543971647852672602e-02
1.009157213487267279e-01
1.053029893367267295e-01
1.096902573247267310e-01
1.140775253127267325e-01
1.184647933007267340e-01
1.228520612887267355e-01
1.262384377679267311e-01
1.296248142471267406e-01
1.330111907263267501e-01
1.363975672055267596e-01
1.397839436847267691e-01
1.436975375749267592e-01
1.476111314651267492e-01
1.515247253553267393e-01
1.554383192455267293e-01
1.593519131357267193e-01
1.624421587763267283e-01
1.655324044169267372e-01
1.686226500575267462e-01
1.717128956981267551e-01
1.748031413387267641e-01
1.777564100413267512e-01
1.807096787439267382e-01
1.836629474465267253e-01
1.866162161491267124e-01
1.895694848517266995e-01
1.922892827293266882e-01
1.950090806069266769e-01
1.977288784845266656e-01
2.004486763621266543e-01
2.031684742397266430e-01
2.057744570649266413e-01
2.083804398901266397e-01
2.109864227153266381e-01
2.135924055405266364e-01
2.161983883657266348e-01
2.193272907679266193e-01
2.224561931701266038e-01
2.255850955723265883e-01
2.287139979745265728e-01
2.318429003767265573e-01
2.346373088215265579e-01
2.374317172663265585e-01
2.402261257111265591e-01
2.430205341559265597e-01
2.458149426007265603e-01
2.490226594357265455e-01
2.522303762707265307e-01
2.554380931057265158e-01
2.586458099407265010e-01
2.618535267757264862e-01
2.659013452681264766e-01
2.699491637605264671e-01
2.739969822529264576e-01
2.780448007453264481e-01
2.820926192377264385e-01
2.859641778219264574e-01
2.898357364061264763e-01
2.937072949903264951e-01
2.975788535745265140e-01
3.014504121587265328e-01
3.056944605207265186e-01
3.099385088827265045e-01
3.141825572447264903e-01
3.184266056067264761e-01
3.226706539687264619e-01
3.272809922713264541e-01
3.318913305739264463e-01
3.365016688765264385e-01
3.411120071791264308e-01
3.457223454817264230e-01
3.505702531383264042e-01
3.554181607949263855e-01
3.602660684515263667e-01
3.651139761081263480e-01
3.699618837647263292e-01
3.744193717931263432e-01
3.788768598215263572e-01
3.833343478499263712e-01
3.877918358783263852e-01
3.922493239067263993e-01
3.962436001403263908e-01
4.002378763739263823e-01
4.042321526075263738e-01
4.082264288411263653e-01
4.122207050747263568e-01
4.160136216391263630e-01
4.198065382035263693e-01
4.235994547679263755e-01
4.273923713323263818e-01
4.311852878967263880e-01
4.352128966013263933e-01
4.392405053059263986e-01
4.432681140105264039e-01
4.472957227151264092e-01
4.513233314197264145e-01
4.551867929651264300e-01
4.590502545105264454e-01
4.629137160559264608e-01
4.667771776013264762e-01
4.706406391467264916e-01
4.740025283079264962e-01
4.773644174691265007e-01
4.807263066303265053e-01
4.840881957915265099e-01
4.874500849527265145e-01
4.905038089095264953e-01
4.935575328663264760e-01
4.966112568231264568e-01
4.996649807799264376e-01
5.027187047367264183e-01
5.058432898517264409e-01
5.089678749667264634e-01
5.120924600817264860e-01
5.152170451967265086e-01
5.183416303117265311e-01
5.214449070021265342e-01
5.245481836925265373e-01
5.276514603829265404e-01
5.307547370733265435e-01
5.338580137637265466e-01
5.366418940845265606e-01
5.394257744053265746e-01
5.422096547261265886e-01
5.449935350469266027e-01
5.477774153677266167e-01
5.506618580787265849e-01
5.535463007897265530e-01
5.564307435007265212e-01
5.593151862117264894e-01
5.621996289227264576e-01
5.650655766451264661e-01
5.679315243675264746e-01
5.707974720899264831e-01
5.736634198123264916e-01
5.765293675347265001e-01
5.794037302779264653e-01
5.822780930211264305e-01
5.851524557643263957e-01
5.880268185075263609e-01
5.909011812507263262e-01
5.935927488891262760e-01
5.962843165275262258e-01
5.989758841659261757e-01
6.016674518043261255e-01
6.043590194427260753e-01
6.074040283483260749e-01
6.104490372539260745e-01
6.134940461595260741e-01
6.165390550651260737e-01
6.195840639707260733e-01
6.224333290859260792e-01
6.252825942011260851e-01
6.281318593163260910e-01
6.309811244315260970e-01
6.338303895467261029e-01
6.365823123251260762e-01
6.393342351035260496e-01
6.420861578819260229e-01
6.448380806603259963e-01
6.475900034387259696e-01
6.503367065727260199e-01
6.530834097067260702e-01
6.558301128407261205e-01
6.585768159747261707e-01
