0.000000000000000000e+00
-1.160810962052077552e-02
-9.408359753163435951e-03
3.180661413495845195e-03
1.420952640812188361e-02
-2.005582905533518159e-02
-1.400158081578947028e-02
-2.097211853345152394e-02
-9.643743192299169403e-03
-1.355527646469806280e-02
-2.925190458260388052e-02
-3.160926413208864361e-02
-2.381385739325208098e-02
-1.505837972930747920e-02
-1.793598858298061163e-02
-1.411403918897507007e-02
-5.663931030094183743e-03
-1.922969520952909003e-02
-1.625329908247091434e-02
-4.344534457728531016e-04
-1.597381617808310214e-02
-2.138526089486980294e-02
3.587490612221606780e-03
1.085733799424930777e-02
9.283517547944599227e-03
8.939728760265927554e-03
-1.901113267324100638e-03
1.005343921306371333e-02
4.844802699900277107e-03
6.524696683357339433e-03
9.840670077883657135e-03
1.636777347237673014e-02
1.230046367079224399e-02
-2.080073973939057866e-03
1.206916784263712024e-02
1.019805453422714669e-02
2.043782783571191156e-02
1.472697259852631668e-02
9.269277238072021544e-03
9.121187194847642579e-03
-1.215248419612189115e-03
1.432247565714127313e-02
8.757295507368419857e-04
8.874262915711911628e-03
1.602803792759002754e-02
2.002325550196121934e-02
1.975797792659279850e-02
1.399892497434902967e-02
7.763849280897506394e-03
1.646118911696398818e-02
3.030689848033241152e-02
3.096235146665927973e-02
3.140996516651523712e-02
2.862062752772299296e-02
2.683671129490304910e-02
2.613222878036565097e-02
2.486385208191689913e-02
2.646804926840997524e-02
1.996980456960664729e-02
2.558866487604432097e-02
3.133111319686426866e-02
3.606366031854847665e-02
4.267594875604432264e-02
2.689561179801661789e-02
4.036986182860941713e-02
3.754946417544598181e-02
3.912399644325761927e-02
3.540899164681440836e-02
4.022855866204986391e-02
3.361133266982825607e-02
3.021268585834903375e-02
2.671346990036565366e-02
3.645281986541828306e-02
4.002808136777839809e-02
4.711270463904709133e-02
5.372192899645429620e-02
4.696173431514681640e-02
4.404580112295845146e-02
4.445026523202215418e-02
4.163287817203323998e-02
3.581684437847091479e-02
2.302373097603323954e-02
3.240955133837119390e-02
4.584331682182825329e-02
3.705270053240997119e-02
3.397072674896398775e-02
3.194352303275346111e-02
4.240885365486980058e-02
4.472300448171745435e-02
4.541123821741828437e-02
5.390417836321329675e-02
5.460391670651523754e-02
6.568162452139611474e-02
6.653141546828808539e-02
5.585360288435457093e-02
6.541295555183379573e-02
6.192175869619944567e-02
6.724675522141829176e-02
6.006353472187257736e-02
6.579190170444321195e-02
7.364129045393906503e-02
6.168724942593906135e-02
6.891131239040443335e-02
7.699865144089751423e-02
5.685181434499723269e-02
6.426856919470361196e-02
6.153859639198892145e-02
6.965865079083656541e-02
6.722492025708587393e-02
6.934484548352354283e-02
6.789302451332963895e-02
5.888259491993352163e-02
6.676225808310248810e-02
6.240451961614404408e-02
6.913395595232132984e-02
7.534985931965651473e-02
7.910420486901939552e-02
7.882566813921329518e-02
7.386854850013296891e-02
7.961189367470360156e-02
8.733664955660941365e-02
8.891286629413849840e-02
8.964685534694735725e-02
9.406331533474791839e-02
9.773663643145708013e-02
1.088368293522659347e-01
1.120358470959002817e-01
1.142051006757119069e-01
1.087644681164210425e-01
1.077825407686205106e-01
1.129474236692410011e-01
1.097991393313462599e-01
1.048240482265041518e-01
1.054838166196343519e-01
1.210525676661828171e-01
1.175833081788808798e-01
1.046501648427368425e-01
1.221329519842880851e-01
1.277207631825484913e-01
1.291377721266703804e-01
1.254795812564321322e-01
1.214114816442437572e-01
1.235917736904044301e-01
1.253792827250083119e-01
1.292299079358227298e-01
1.338143929685096933e-01
1.270423210326869778e-01
1.243182366807534522e-01
1.280800538920000009e-01
1.357393034436786550e-01
1.411623257213739657e-01
1.454296968793130085e-01
1.396200159739833802e-01
1.358581719831689627e-01
1.400057812336288066e-01
1.500441058393019444e-01
1.484921535543157756e-01
1.526182062529529149e-01
1.533692275833130059e-01
1.529799011199778347e-01
1.651875735591357419e-01
1.574014920812631668e-01
1.562865110633019361e-01
1.598504339560664900e-01
1.605259359019058363e-01
1.526337450177839283e-01
1.594119416550581758e-01
1.602573605249418276e-01
1.678789586786371135e-01
1.590749014181163379e-01
1.686208033410747653e-01
1.659169000230027446e-01
1.672634081047977839e-01
1.735905452281329420e-01
1.807653861190914035e-01
1.781789698001662037e-01
1.734992867474902944e-01
1.845030462112908498e-01
1.830586220285207733e-01
1.866287495106592753e-01
1.887867604002659294e-01
1.882394767873351860e-01
2.027957562358891908e-01
1.883392607388587325e-01
1.987294087053407265e-01
2.093978950251856042e-01
2.023379993088310069e-01
2.006995276887091340e-01
2.077952897981495683e-01
1.967010396285207852e-01
2.063067270169307577e-01
2.097990884986038751e-01
2.059355362706482007e-01
2.083699471660166447e-01
2.154420956214958549e-01
2.157909913298171611e-01
2.120851931080886266e-01
2.094907073282105126e-01
2.023582386229362817e-01
2.085368186501163623e-01
