0.000000000000000000e+00
-1.628981557681994166e-02
-9.222487674703599980e-03
-3.788830354493074627e-03
1.480951401750692925e-03
-1.514970215233241158e-02
-1.920133210526315734e-02
-1.317533627746260254e-02
-7.815829666060940609e-03
-9.506018334648197801e-03
-1.572685751235457230e-02
-2.495831635085872177e-02
-7.715203152343490592e-03
3.405104379135734036e-03
-5.726202682193905213e-03
-2.066021286094201631e-04
1.375662171401662200e-02
8.691488877418281078e-03
1.653843512367866864e-02
1.461331814610526171e-02
3.769450638781167429e-03
1.061141418600553867e-02
2.396125780003324074e-02
2.107388303295290935e-02
2.727509871403878058e-02
3.248663330464265919e-02
1.990094076108587379e-02
3.945280578121884013e-02
3.930797796726869658e-02
3.265719868012188082e-02
3.989217494457617669e-02
4.233167276206094287e-02
3.941369549533518118e-02
3.220381712963988480e-02
4.194926073123545623e-02
3.579956326806647826e-02
3.856149728432133050e-02
4.130025089984487585e-02
4.285158806751246385e-02
3.727482989970083010e-02
2.854246278614958401e-02
4.609193116304709237e-02
4.104678560146260424e-02
3.690640776084210678e-02
4.080036954014404360e-02
4.760301503977839438e-02
5.758863805611080106e-02
6.168046549498060194e-02
5.213631361458171548e-02
6.349427009694182111e-02
6.996330287173407880e-02
5.207435185365096725e-02
4.422120662732410140e-02
5.635327170421053355e-02
5.864710117995568239e-02
6.455923877903602115e-02
5.917669688426592522e-02
5.957690997133518324e-02
6.884284366413295775e-02
6.515477823650969724e-02
5.895707797551246604e-02
6.391300240628254581e-02
6.336228792467589466e-02
6.866919783690858536e-02
6.395204896147368978e-02
5.449487099129085577e-02
4.989992475375069209e-02
5.572300313607755906e-02
6.791170217945705079e-02
7.193656637310803792e-02
5.890963207679777991e-02
6.982199985770637385e-02
7.584952978693629277e-02
7.362250585645430112e-02
6.924243533617728541e-02
8.143957531439335873e-02
8.369778548344597446e-02
8.938168140674791762e-02
7.925124476592798617e-02
7.199375199036010808e-02
8.444789249847091395e-02
8.637949762261495912e-02
7.846620340915234915e-02
8.333304146311357186e-02
8.764639367624377231e-02
9.212992318634903588e-02
9.344061586162880073e-02
9.523365634998337548e-02
9.574684403884764494e-02
9.505308896674791175e-02
1.130708372637008324e-01
1.093037149889750648e-01
1.029076830826038819e-01
1.072384267612742359e-01
1.127012773844432159e-01
1.198278245117229829e-01
1.185577869928531869e-01
1.225629820148254889e-01
1.279145746010858786e-01
1.355486279522105098e-01
1.296113489895290849e-01
1.252972080958338064e-01
1.310986532591911224e-01
1.307040718789362899e-01
1.229692177796232744e-01
1.333608272536620509e-01
1.251857410685096872e-01
1.258355825996675947e-01
1.279456109322437696e-01
1.238777119149806205e-01
1.375516525991800632e-01
1.299962100976066459e-01
1.440176005159224393e-01
1.472266445140720248e-01
1.540826578515678835e-01
1.631187540521440438e-01
1.578617637478337832e-01
1.489612968210415334e-01
1.546807699078892040e-01
1.587819499973739390e-01
1.683645782471024921e-01
1.699229845382049797e-01
1.760907215809307536e-01
1.752465376031024924e-01
1.910861281890194052e-01
1.889510349204542861e-01
1.845477247611634342e-01
1.786758057250636966e-01
2.012650880037784029e-01
2.018794681161883708e-01
1.905134977311578881e-01
2.035192186025706340e-01
2.097628735254182808e-01
2.147479809166204789e-01
2.193004523294515007e-01
2.104034752210304504e-01
2.197202759214071932e-01
2.032897517987922453e-01
2.120505817160110718e-01
2.277734294603545873e-01
2.221169326292409818e-01
2.252454186155900262e-01
2.173661232857950210e-01
2.234361782908365901e-01
2.396367797057506743e-01
2.401329276965318837e-01
2.438977318650082937e-01
2.448817720449196766e-01
2.483289485569640243e-01
2.494923558489751114e-01
2.459039534709362984e-01
2.499016770159002698e-01
2.435246576753130054e-01
2.517224537457506961e-01
2.604679876619612200e-01
2.554111392376288148e-01
2.653347430319002997e-01
2.496845188653407099e-01
2.546562510400443013e-01
2.713849334936177526e-01
2.698395343883434605e-01
2.688581420619058360e-01
2.851869900928199475e-01
2.798641449125097158e-01
2.913197001222271321e-01
2.947638225975512949e-01
2.922545033689418204e-01
2.863867126941496144e-01
3.004278053419279226e-01
3.107994483531191232e-01
3.165654412068032997e-01
3.119163017305484620e-01
3.052239039943933641e-01
3.153679463518005432e-01
3.193081272151579442e-01
3.442126785594016858e-01
3.295225918649196672e-01
3.368663610577506962e-01
3.394481776298836628e-01
3.417554886596343433e-01
3.464739974886648088e-01
3.403397658071468102e-01
3.482799038547257364e-01
3.437380116433683686e-01
3.516634097971744755e-01
3.545986215816399056e-01
3.570613054000997266e-01
3.607093413071357224e-01
3.670496462004432248e-01
3.631010590963102413e-01
3.636466439761108504e-01
3.764655290058392945e-01
3.713874595761329500e-01
3.677690236117672762e-01
3.640470405626813899e-01
3.735647687275013840e-01
3.879600634689418515e-01
3.947715420921772411e-01
3.906923194459723248e-01
4.042051685353351687e-01
