0.000000000000000000e+00
2.532091539650909665e-03
5.064183079301819330e-03
7.596274618952728562e-03
1.012836615860363866e-02
1.266045769825454789e-02
1.491421170019454831e-02
1.716796570213454873e-02
1.942171970407454915e-02
2.167547370601454956e-02
2.392922770795454998e-02
2.599220081647455119e-02
2.805517392499454893e-02
3.011814703351454667e-02
3.218112014203455135e-02
3.424409325055454562e-02
3.605520437337454698e-02
3.786631549619454140e-02
3.967742661901454276e-02
4.148853774183453719e-02
4.329964886465453855e-02
4.657947879507454148e-02
4.985930872549453746e-02
5.313913865591454039e-02
5.641896858633454331e-02
5.969879851675453930e-02
6.332523539219454822e-02
6.695167226763452939e-02
7.057810914307455219e-02
7.420454601851453336e-02
7.783098289395454228e-02
8.148138237527455252e-02
8.513178185659454889e-02
8.878218133791454525e-02
9.243258081923454161e-02
9.608298030055455186e-02
1.009502888410545585e-01
1.058175973815545512e-01
1.106849059220545439e-01
1.155522144625545644e-01
1.204195230030545710e-01
1.236521018608545408e-01
1.268846807186545522e-01
1.301172595764545636e-01
1.333498384342545751e-01
1.365824172920545310e-01
1.411386032592145678e-01
1.456947892263745770e-01
1.502509751935345861e-01
1.548071611606945674e-01
1.593633471278546043e-01
1.619665741295545636e-01
1.645698011312545783e-01
1.671730281329545653e-01
1.697762551346545523e-01
1.723794821363545393e-01
1.763326922615545411e-01
1.802859023867545707e-01
1.842391125119545447e-01
1.881923226371545743e-01
1.921455327623545484e-01
1.966920223920345656e-01
2.012385120217145829e-01
2.057850016513945723e-01
2.103314912810745618e-01
2.148779809107545791e-01
2.192784318936145671e-01
2.236788828764745829e-01
2.280793338593345709e-01
2.324797848421946145e-01
2.368802358250546025e-01
2.409889033403546099e-01
2.450975708556545896e-01
2.492062383709545970e-01
2.533149058862546044e-01
2.574235734015545840e-01
2.599161629716945643e-01
2.624087525418345446e-01
2.649013421119746359e-01
2.673939316821146162e-01
2.698865212522546519e-01
2.741341496375346298e-01
2.783817780228146077e-01
2.826294064080946411e-01
2.868770347933745635e-01
2.911246631786545969e-01
2.975927198178145994e-01
3.040607764569746019e-01
3.105288330961346044e-01
3.169968897352946069e-01
3.234649463744546094e-01
3.269181825723745938e-01
3.303714187702945781e-01
3.338246549682145625e-01
3.372778911661345469e-01
3.407311273640545868e-01
3.448631258747346107e-01
3.489951243854145790e-01
3.531271228960946584e-01
3.572591214067747378e-01
3.613911199174547062e-01
3.655202263947346375e-01
3.696493328720146798e-01
3.737784393492946666e-01
3.779075458265746534e-01
3.820366523038546402e-01
3.859275720851546576e-01
3.898184918664546750e-01
3.937094116477546923e-01
3.976003314290547097e-01
4.014912512103547271e-01
4.052290814544546871e-01
4.089669116985547026e-01
4.127047419426547181e-01
4.164425721867547336e-01
4.201804024308546937e-01
4.238532844760947160e-01
4.275261665213347384e-01
4.311990485665747053e-01
4.348719306118147276e-01
4.385448126570547500e-01
4.416523327875947480e-01
4.447598529181346905e-01
4.478673730486746885e-01
4.509748931792146864e-01
4.540824133097546289e-01
4.584017442717346347e-01
4.627210752337146404e-01
4.670404061956946462e-01
4.713597371576745965e-01
4.756790681196546577e-01
4.799804201288945804e-01
4.842817721381346141e-01
4.885831241473745923e-01
4.928844761566146260e-01
4.971858281658546042e-01
4.999812501009345822e-01
5.027766720360145047e-01
5.055720939710944828e-01
5.083675159061744608e-01
5.111629378412544389e-01
5.147474171519544894e-01
5.183318964626545400e-01
5.219163757733545905e-01
5.255008550840545301e-01
5.290853343947545806e-01
5.325833634353145385e-01
5.360813924758746074e-01
5.395794215164345653e-01
5.430774505569946342e-01
5.465754795975545921e-01
5.501615737006945173e-01
5.537476678038344424e-01
5.573337619069744786e-01
5.609198560101145148e-01
5.645059501132544399e-01
5.668881190059545938e-01
5.692702878986545256e-01
5.716524567913544574e-01
5.740346256840543893e-01
5.764167945767544321e-01
5.798617411561944879e-01
5.833066877356344326e-01
5.867516343150744884e-01
5.901965808945145442e-01
5.936415274739544889e-01
5.970403467810344589e-01
6.004391660881144288e-01
6.038379853951943987e-01
6.072368047022743687e-01
6.106356240093543386e-01
6.146760010681744379e-01
6.187163781269944263e-01
6.227567551858144146e-01
6.267971322446344029e-01
6.308375093034543912e-01
6.352044161929744082e-01
6.395713230824943141e-01
6.439382299720143310e-01
6.483051368615343479e-01
6.526720437510542538e-01
6.577014817830343363e-01
6.627309198150144187e-01
6.677603578469943901e-01
6.727897958789744726e-01
6.778192339109544440e-01
6.830837311605545414e-01
6.883482284101544169e-01
6.936127256597544033e-01
6.988772229093543897e-01
7.041417201589542652e-01
7.096045937171743256e-01
7.150674672753944972e-01
7.205303408336144466e-01
7.259932143918343961e-01
7.314560879500544566e-01
7.370666278823743145e-01
7.426771678146943945e-01
7.482877077470143634e-01
7.538982476793342213e-01
