4.277380419637211162e-06
-9.673510973584598105e-06
3.275641551425678699e-05
3.630971809087668589e-05
4.397523663612901146e-05
1.595676160803805033e-05
3.208608065818907562e-05
2.419712332368817442e-05
1.505184889083466260e-05
2.522429163320794032e-06
4.751756691234731989e-06
6.828246817747185560e-06
-5.705722678328584152e-06
-4.659499399650712803e-05
-3.721090794073234065e-05
-3.264235049016406265e-05
8.924434389712132543e-06
1.456822399603652229e-05
-3.708685255787713686e-06
-1.871116363361124968e-05
4.968141290362382279e-06
7.740070785189345770e-06
7.906931287493534910e-06
1.626246175590040366e-05
2.205116270914686538e-05
5.957722643756824255e-05
1.038935195154522262e-04
1.092968336990907119e-04
1.303600765680812401e-04
1.315385908782218394e-04
1.068347123691637535e-04
1.299102964367193636e-04
1.131658443185301621e-04
2.194131020161194101e-04
3.454899204982098126e-04
4.378796350792413250e-04
4.961577404216654941e-04
5.290921591694086601e-04
5.518974773792706401e-04
6.554207513147503050e-04
7.001062766462951004e-04
6.629697855942140450e-04
7.713107057796264598e-04
7.703370835159262242e-04
6.876435004627978742e-04
7.000694722378852930e-04
6.997327409408171661e-04
8.117857519138738098e-04
8.691833127016934668e-04
9.482050722127155495e-04
9.221855988172933394e-04
8.602656130705099713e-04
9.489849093142765923e-04
1.108080169181846486e-03
1.118173451160942022e-03
8.134790895013566114e-04
8.147912342408858422e-04
6.015426845920046617e-04
7.103059826221169715e-04
7.331227666895756556e-04
7.792292816830581614e-04
1.045251487731491125e-03
1.357409278284649190e-03
1.631547548747391829e-03
1.859093252321031287e-03
1.833962775485531438e-03
1.813949317337915090e-03
1.858895874548238680e-03
1.962826068599099472e-03
1.773332396481919204e-03
1.739541418800172323e-03
1.953169141934552044e-03
1.984319506021847701e-03
2.186569833448004374e-03
2.132191881820233448e-03
2.159649584356770902e-03
2.342528599569959624e-03
2.470967392191880663e-03
2.640632291516453733e-03
2.754526733824036455e-03
2.846394463588808321e-03
2.968273255049780346e-03
3.153749394755323010e-03
3.037885503992754366e-03
3.360893673686859984e-03
3.577966622358985660e-03
3.788930815531443841e-03
3.852035629897443414e-03
4.100079837186854093e-03
4.295088819148418224e-03
4.440427508725974803e-03
4.642576963682643054e-03
4.886223470904837995e-03
4.968846677932958755e-03
4.903101097156081778e-03
4.981697960282360782e-03
5.266762660490087455e-03
5.544127814310684244e-03
5.757193218720146888e-03
6.054185548940438366e-03
6.439512805627600756e-03
6.502397132827297810e-03
6.653301781213372124e-03
6.720857591595574831e-03
7.058070096782387282e-03
7.218595957112938777e-03
7.388423597994631109e-03
7.616076739004995488e-03
7.796576076209760231e-03
8.222194717667719033e-03
8.565211259181637615e-03
9.028042706589189947e-03
9.410880756512085554e-03
9.889615298739329319e-03
1.039112923581342329e-02
1.086383372572186090e-02
1.123585571251339843e-02
1.154109780639345217e-02
1.185072748960180888e-02
1.209536500086727528e-02
1.216725139410357315e-02
1.228697665597877631e-02
1.249058130030533675e-02
1.266538201178235568e-02
1.306325406719111015e-02
1.338646519998576423e-02
1.376616361165616809e-02
1.396149316637007587e-02
1.420133858979966135e-02
1.447138924453383879e-02
1.490198063302017317e-02
1.523859026946894346e-02
1.547602737224451630e-02
1.578194391458254131e-02
1.604941778634128013e-02
1.634680833228685515e-02
1.692503343208073829e-02
1.725172330575475144e-02
1.774431542235532788e-02
1.782694802705719894e-02
1.801600107647516325e-02
1.844564833563566708e-02
1.899220748686758498e-02
1.938304323170569887e-02
1.952871454417959285e-02
1.977562301183155569e-02
2.025525502367031550e-02
2.033133839508849405e-02
2.061136202569002762e-02
2.103051149319412616e-02
2.150405254089804430e-02
2.199644484561957825e-02
2.265675104464293099e-02
2.309911877887316223e-02
2.374401153134186870e-02
2.456656148008562468e-02
2.502100297763831804e-02
2.555934414876048777e-02
2.629168027647210693e-02
2.683866015134839245e-02
2.773231011916976740e-02
2.833625276151963135e-02
2.888528274424118081e-02
2.948161872018317808e-02
2.999944173532753666e-02
3.047702732533252856e-02
3.081007215160980195e-02
3.150958900693012765e-02
3.194907267600655132e-02
3.243217645871254717e-02
3.229336716540842644e-02
3.277775583003972315e-02
3.329561616686049774e-02
3.376452068717838984e-02
3.434948641633894795e-02
3.482819819591043142e-02
3.533419687192917991e-02
3.591312531637669281e-02
3.626458235542884267e-02
3.672655838421690078e-02
3.738561889254299331e-02
3.778650074313816276e-02
3.826703123591101985e-02
3.883730415676467373e-02
3.950794550330982702e-02
3.987282874419406653e-02
4.023009909953145780e-02
4.086876960712260143e-02
4.124597885071779046e-02
4.202365852027156734e-02
4.251031715133279931e-02
4.286026102675322136e-02
4.333541877218749505e-02
4.391199908818066433e-02
4.463320539190362979e-02
4.528446899667670777e-02
4.603130527028298502e-02
4.666139227184373794e-02
4.726584377642950585e-02
4.800855476550935919e-02
