0.000000000000000000e+00
6.778159728497712422e-04
1.530766549223017137e-03
2.340138558203364028e-03
3.350852099657686267e-03
4.322894842367475121e-03
5.016645212592152347e-03
5.930511632527668553e-03
7.419339027876503678e-03
8.970666644145808277e-03
1.091187714159502775e-02
1.265806398220803430e-02
1.440220256562696477e-02
1.607032226350213477e-02
1.780970030674211557e-02
1.929376337989907597e-02
2.105407954852012153e-02
2.235508062757673997e-02
2.400992508841426343e-02
2.581185695556342807e-02
2.757000911762474971e-02
2.869411321249515368e-02
2.988601894535491965e-02
3.215194640639396084e-02
3.406962153622572487e-02
3.566799665193087776e-02
3.705056885478796858e-02
3.866352807449402462e-02
4.043863635654076916e-02
4.259390373037774680e-02
4.510271182884650898e-02
4.725842635002663883e-02
4.913913539364500593e-02
5.130809990212270577e-02
5.311825697364724874e-02
5.492890036597941616e-02
5.677994833220623150e-02
5.853968747661753014e-02
5.985795095249812903e-02
6.152458310116060147e-02
6.312877200593902671e-02
6.491837822489543441e-02
6.651813665943961951e-02
6.814855021971055749e-02
6.991267122807443002e-02
7.196638691740986360e-02
7.362556274321008232e-02
7.550806516385222267e-02
7.735262468393244717e-02
7.870526950919298770e-02
8.026157319305582405e-02
8.233667967581226321e-02
8.409698535847809353e-02
8.561163809898886257e-02
8.709368318280041876e-02
8.777470091658301499e-02
8.816783426908614274e-02
8.957755306214920665e-02
9.111209348792925766e-02
9.304326483572111783e-02
9.497816414665294360e-02
9.661244163185500611e-02
9.801644100907935808e-02
9.992631242133143132e-02
1.015874423347611355e-01
1.040120422015391455e-01
1.063563385392498617e-01
1.082506457194156724e-01
1.103795336042949771e-01
1.121420032423472435e-01
1.138362853044654344e-01
1.153549103559967648e-01
1.165496338799627551e-01
1.178248155681913545e-01
1.194342958692615753e-01
1.206899773180936108e-01
1.226685356627612578e-01
1.242041624148200185e-01
1.261103704773702816e-01
1.280906658215812399e-01
1.297384631802174226e-01
1.314975763054988533e-01
1.335975022507440713e-01
1.358968446154662502e-01
1.376214275646603369e-01
1.391444246258188855e-01
1.406631023539617331e-01
1.424274475560878273e-01
1.437133781251702658e-01
1.451077650424039689e-01
1.466638216000148986e-01
1.483982468663498366e-01
1.495617329432405995e-01
1.509407375056639466e-01
1.525656510544237676e-01
1.540928945156565533e-01
1.557845413552243485e-01
1.569296362080692120e-01
1.579426433828672316e-01
1.592320457774221154e-01
1.607052920911868910e-01
1.620498143957931347e-01
1.636970074774168893e-01
1.656274266954440577e-01
1.677328038260625931e-01
1.695239314197820590e-01
1.709992448330837078e-01
1.728134865940518239e-01
1.753024364162669713e-01
1.777952774280535664e-01
1.804508612242443633e-01
1.825435139338367208e-01
1.844555899202617866e-01
1.862089594743920884e-01
1.874867838608480497e-01
1.884961225849508537e-01
1.896383616500116887e-01
1.909183150421043251e-01
1.918257615612120048e-01
1.932201551571353093e-01
1.944869483448528058e-01
1.960500285734170234e-01
1.979943077482388958e-01
1.998897973986615284e-01
2.017306663387756771e-01
2.034662070310986337e-01
2.052414497708454633e-01
2.065140135366689833e-01
2.077917255628562998e-01
2.096433149417507025e-01
2.110794190800859838e-01
2.123545456248336905e-01
2.141876526709651785e-01
2.155734650960638987e-01
2.165066870708187707e-01
2.174918517410873164e-01
2.189051342240730946e-01
2.200764870475566681e-01
2.211785878509928693e-01
2.218677854122290682e-01
2.227649780176435002e-01
2.239981818786063172e-01
2.249457570617892088e-01
2.256704415965629096e-01
2.265282661271683651e-01
2.281444431201720136e-01
2.296760310172842878e-01
2.309604919835948067e-01
2.320820479048819607e-01
2.334157079302769944e-01
2.346761839363296076e-01
2.359591242258716193e-01
2.368237441619456263e-01
2.374064367738668579e-01
2.384527151600011052e-01
2.396342975542324893e-01
2.404700518008695553e-01
2.412519027829418405e-01
2.421877102399534465e-01
2.426114681775786153e-01
2.425863762092603793e-01
2.428941796882142512e-01
2.436880957412412840e-01
2.443127771113324798e-01
2.452627995055536303e-01
2.463536687813459025e-01
2.471231782358174200e-01
2.475571740950144317e-01
2.487792022712653761e-01
2.495182262316362198e-01
2.499776994642672889e-01
2.506406369522196087e-01
2.514385120358895165e-01
2.526682006820877291e-01
2.533891410875028782e-01
2.544631207108167814e-01
2.553081973078548117e-01
2.562409206793390126e-01
2.571433528510667088e-01
2.580454834205241355e-01
2.587377348609365413e-01
2.589722669452356740e-01
2.597837854684286185e-01
2.607337328603733795e-01
2.616016405906478326e-01
2.622844202749661235e-01
2.626928529680512270e-01
2.635992857968574299e-01
2.645437138219861595e-01
2.654441943896941325e-01
2.669946382843804145e-01
2.680749751728725983e-01
2.692104036312983339e-01
2.705599812944043947e-01
2.720212501037835295e-01
2.730367626451837282e-01
2.747690456265559078e-01
2.764633188611469450e-01
2.789301918924493862e-01
2.813071849408501635e-01
