0.000000000000000000e+00
9.046433547794663355e-04
2.132098323414766128e-03
3.922024582010408267e-03
5.724530419790596625e-03
7.794684966185627673e-03
1.013064079756986757e-02
1.258214941680790844e-02
1.522137672350964976e-02
1.776814801056048054e-02
2.039241499087296461e-02
2.334688772384652111e-02
2.655140685848067506e-02
2.982440532691299495e-02
3.311701363003294318e-02
3.677796457169080213e-02
4.037506291433601291e-02
4.442932507582497692e-02
4.845936503041059495e-02
5.293503165970747659e-02
5.762046629039474510e-02
6.277414453778362713e-02
6.815124734831101705e-02
7.377108135410281875e-02
7.983489997552339901e-02
8.571812260174738185e-02
9.194164343973199038e-02
9.849807948778988020e-02
1.052626797762670208e-01
1.119402626484458096e-01
1.188562647183886156e-01
1.256699494005388829e-01
1.328338671396736004e-01
1.397622416783548260e-01
1.463557363351242202e-01
1.527703400342588225e-01
1.591406941573012546e-01
1.656916146437552584e-01
1.728884128245837815e-01
1.796980181271123911e-01
1.859028075206907715e-01
1.920063316813056531e-01
1.981896628994306297e-01
2.042594803144766047e-01
2.107666150402209837e-01
2.167373056174781709e-01
2.227561329256886324e-01
2.286541655222364966e-01
2.347113358168755326e-01
2.403522007862903820e-01
2.460493785614659146e-01
2.519781242727248127e-01
2.575281168157772527e-01
2.630143006265299732e-01
2.687956649214982008e-01
2.744508351023569048e-01
2.802970305087129077e-01
2.857013309227767195e-01
2.911477334038750087e-01
2.966912836164681266e-01
3.018800124767082593e-01
3.070533333938527676e-01
3.122471794404475531e-01
3.175270881151988078e-01
3.226557311773632364e-01
3.273860806824231418e-01
3.326208606985119332e-01
3.375501253739301433e-01
3.424266721138309322e-01
3.476313297615973852e-01
3.523745556970041548e-01
3.572840229798686096e-01
3.622815968380876939e-01
3.677736601372600944e-01
3.731076304306952807e-01
3.781053287825670850e-01
3.833093557510238725e-01
3.885870933888924128e-01
3.934612758394635534e-01
3.982734321937613231e-01
4.033052545300037650e-01
4.084620379568519866e-01
4.132420677515753482e-01
4.184195802617054483e-01
4.233954052947552782e-01
4.286324386098314676e-01
4.337652144185142333e-01
4.386902293451342416e-01
4.439736125690671997e-01
4.487048286265036268e-01
4.537159402784638473e-01
4.589662176842068675e-01
4.639981995623898570e-01
4.691814882992630942e-01
4.741881307535891210e-01
4.793919718782149175e-01
4.845683349626739300e-01
4.895266254673842354e-01
4.942236920181457549e-01
4.990547702991392498e-01
5.041184021463465115e-01
5.090261579600507957e-01
5.141291539564889490e-01
5.190991081473868007e-01
5.241032138465442358e-01
5.290465030521005474e-01
5.338528595212110872e-01
5.387012114965799014e-01
5.438397344266334699e-01
5.490392245567008445e-01
5.541941184847232194e-01
5.588964240868392608e-01
5.639089790234521615e-01
5.688143518302339885e-01
5.736373510397356767e-01
5.785581244430417769e-01
5.834806097350835330e-01
5.882963618178820298e-01
5.930698671363501262e-01
5.979191067176827801e-01
6.026877578714007200e-01
6.070818340331882723e-01
6.116388844845772610e-01
6.161201074294524460e-01
6.207777892310559764e-01
6.251596556695915297e-01
6.299570959262652536e-01
6.345676104155373309e-01
6.389254693997088452e-01
6.435697320284319289e-01
6.481712846217178026e-01
6.528862157993984283e-01
6.576221194847917673e-01
6.621496377449531678e-01
6.666946704833947024e-01
6.712848549937433518e-01
6.758926742793960329e-01
6.801985611624772332e-01
6.848542239326746994e-01
6.893168331605394883e-01
6.938166532934673114e-01
6.980212605850439900e-01
7.024854099916666428e-01
7.069222666540682098e-01
7.109761078711684945e-01
7.152696469415360525e-01
7.197011791358178812e-01
7.236330090921256897e-01
7.282529323996698167e-01
7.326390987466950833e-01
7.369419263545324839e-01
7.411729208309481010e-01
7.456181283055940412e-01
7.499395025181030405e-01
7.543535512240922003e-01
7.585786739414146496e-01
7.628348145831367333e-01
7.672130622369195407e-01
7.716456288616342363e-01
7.761646918820162000e-01
7.805849585163571192e-01
7.852319945501733400e-01
7.900090007511479939e-01
7.950613731409887919e-01
7.996725149001449040e-01
8.044589400387565092e-01
8.088751400633995559e-01
8.134780407624901954e-01
8.185784288485109528e-01
8.233030067425346488e-01
8.281413734450779884e-01
8.329645897315671732e-01
8.378935873165644921e-01
8.432059888891814126e-01
8.478056483322546910e-01
8.526999795509766500e-01
8.575977773510672364e-01
8.625482366610057738e-01
8.675299762750299237e-01
8.730463940372956699e-01
8.781500673754223385e-01
8.830575915427445466e-01
8.883615580241510656e-01
8.935378412657044578e-01
8.985657674861471378e-01
9.036915723637903852e-01
9.085082990781216949e-01
9.134587335448074441e-01
9.185234750418800331e-01
9.234195444940311859e-01
9.282692089688495685e-01
9.327699473083370663e-01
9.375983685923117150e-01
9.421507170686709287e-01
9.470812197058293691e-01
9.516172236458828593e-01
9.562218224468352901e-01
9.608493934455850649e-01
9.655171568561016215e-01
9.701237829345998875e-01
