0.000000000000000000e+00
-1.188556448050839900e-06
-2.377112896101679799e-06
-3.565669344152519487e-06
-4.754225792203359598e-06
-5.942782240254199710e-06
-1.159181674802541902e-04
-2.258935527202541823e-04
-3.358689379602541880e-04
-4.458443232002541937e-04
-5.558197084402541994e-04
-4.196866163202542244e-04
-2.835535242002542493e-04
-1.474204320802542472e-04
-1.128733996025424501e-05
1.248457521597457571e-04
2.596844398197457708e-04
3.945231274797457574e-04
5.293618151397457439e-04
6.642005027997457305e-04
7.990391904597457171e-04
1.178684503559745706e-03
1.558329816659745695e-03
1.937975129759745684e-03
2.317620442859745673e-03
2.697265755959745662e-03
2.938876450939745602e-03
3.180487145919745542e-03
3.422097840899745481e-03
3.663708535879745421e-03
3.905319230859745361e-03
4.371354297019745642e-03
4.837389363179745924e-03
5.303424429339746206e-03
5.769459495499746488e-03
6.235494561659746769e-03
6.921666875219746433e-03
7.607839188779746097e-03
8.294011502339746628e-03
8.980183815899746291e-03
9.666356129459745955e-03
9.991198465259745407e-03
1.031604080105974486e-02
1.064088313685974431e-02
1.096572547265974376e-02
1.129056780845974321e-02
1.184390298507974337e-02
1.239723816169974353e-02
1.295057333831974369e-02
1.350390851493974385e-02
1.405724369155974401e-02
1.420185510647974450e-02
1.434646652139974499e-02
1.449107793631974547e-02
1.463568935123974596e-02
1.478030076615974645e-02
1.507569857529974730e-02
1.537109638443974816e-02
1.566649419357974901e-02
1.596189200271974987e-02
1.625728981185975072e-02
1.630454052949974891e-02
1.635179124713974710e-02
1.639904196477974530e-02
1.644629268241974349e-02
1.649354340005974168e-02
1.663802694803974067e-02
1.678251049601973965e-02
1.692699404399973864e-02
1.707147759197973763e-02
1.721596113995973662e-02
1.746600236921973595e-02
1.771604359847973528e-02
1.796608482773973461e-02
1.821612605699973395e-02
1.846616728625973328e-02
1.814611966491973261e-02
1.782607204357973193e-02
1.750602442223973126e-02
1.718597680089973059e-02
1.686592917955972992e-02
1.728540497693973124e-02
1.770488077431973256e-02
1.812435657169973388e-02
1.854383236907973520e-02
1.896330816645973652e-02
1.960853456213973792e-02
2.025376095781973931e-02
2.089898735349974071e-02
2.154421374917974211e-02
2.218944014485974350e-02
2.215289330779974392e-02
2.211634647073974433e-02
2.207979963367974474e-02
2.204325279661974515e-02
2.200670595955974557e-02
2.194824863815974733e-02
2.188979131675974910e-02
2.183133399535975086e-02
2.177287667395975262e-02
2.171441935255975439e-02
2.145963241973975269e-02
2.120484548691975099e-02
2.095005855409974929e-02
2.069527162127974759e-02
2.044048468845974589e-02
2.033276013113974670e-02
2.022503557381974751e-02
2.011731101649974832e-02
2.000958645917974912e-02
1.990186190185974993e-02
1.966945035169975070e-02
1.943703880153975147e-02
1.920462725137975224e-02
1.897221570121975301e-02
1.873980415105975378e-02
1.878431411165975423e-02
1.882882407225975469e-02
1.887333403285975514e-02
1.891784399345975559e-02
1.896235395405975604e-02
1.872815001485975475e-02
1.849394607565975346e-02
1.825974213645975217e-02
1.802553819725975087e-02
1.779133425805974958e-02
1.785610333765974903e-02
1.792087241725974847e-02
1.798564149685974792e-02
1.805041057645974736e-02
1.811517965605974681e-02
1.824811743673974626e-02
1.838105521741974571e-02
1.851399299809974516e-02
1.864693077877974461e-02
1.877986855945974407e-02
1.885026724543974533e-02
1.892066593141974659e-02
1.899106461739974785e-02
1.906146330337974912e-02
1.913186198935975038e-02
1.907306169285975100e-02
1.901426139635975163e-02
1.895546109985975225e-02
1.889666080335975287e-02
1.883786050685975350e-02
1.889974829725975247e-02
1.896163608765975145e-02
1.902352387805975042e-02
1.908541166845974940e-02
1.914729945885974838e-02
1.902445143511974704e-02
1.890160341137974570e-02
1.877875538763974436e-02
1.865590736389974302e-02
1.853305934015974168e-02
1.827208342119974321e-02
1.801110750223974474e-02
1.775013158327974627e-02
1.748915566431974780e-02
1.722817974535974933e-02
1.717056202941974821e-02
1.711294431347974709e-02
1.705532659753974598e-02
1.699770888159974486e-02
1.694009116565974374e-02
1.685575004511974395e-02
1.677140892457974417e-02
1.668706780403974438e-02
1.660272668349974459e-02
1.651838556295974481e-02
1.665919945977974506e-02
1.680001335659974532e-02
1.694082725341974557e-02
1.708164115023974583e-02
1.722245504705974609e-02
1.730480455433974774e-02
1.738715406161974938e-02
1.746950356889975103e-02
1.755185307617975268e-02
1.763420258345975433e-02
1.762527559521975470e-02
1.761634860697975508e-02
1.760742161873975545e-02
1.759849463049975582e-02
1.758956764225975619e-02
1.766990413665975659e-02
1.775024063105975700e-02
1.783057712545975740e-02
1.791091361985975780e-02
1.799125011425975820e-02
1.816964385615975688e-02
1.834803759805975557e-02
1.852643133995975425e-02
1.870482508185975293e-02
1.888321882375975161e-02
1.910559520123975355e-02
1.932797157871975549e-02
1.955034795619975743e-02
1.977272433367975937e-02
