0.000000000000000000e+00
-1.894925187080332340e-03
-8.803439235457063115e-05
1.113740451855955646e-03
3.381504474792243736e-03
-2.091866537396121911e-03
1.499603729551246632e-03
-3.481346599468144141e-03
-1.702234512775623347e-03
1.170104776842105255e-04
-6.974966760842105443e-03
-1.124912053197783986e-02
-3.989770128565097058e-03
-1.314125426969529149e-03
-4.470075551778393379e-03
-1.463900718149584472e-03
1.176912258548476475e-03
-8.398187987922438183e-04
1.171722813961218807e-04
5.354536852254847441e-03
-1.125919127878116264e-03
-1.154354824332410072e-03
6.801600917196675908e-03
7.825065881894736897e-03
8.181423723290857930e-03
4.465681721351800332e-03
4.121109228554016395e-03
1.002308488836565169e-02
1.027268133246537346e-02
6.550274791301938931e-03
3.012441047900276878e-03
2.405041107002770049e-03
4.655789204886426856e-03
3.335453884853185457e-03
7.386682196808864662e-03
1.120239312890858666e-02
6.970122802027700799e-03
6.850766119889196764e-04
1.110124476588365654e-02
7.049316073905817145e-03
6.144115190903047183e-03
1.234468241713019415e-02
7.106827931634349116e-03
7.912625004033240275e-03
1.308637235182271395e-02
1.442246640798892053e-02
1.730874471539058101e-02
1.937685408740166121e-02
1.507865978954016535e-02
1.040650901167866973e-02
1.526276289437119085e-02
1.313593474129639942e-02
3.519243861207756174e-03
1.452796415916897572e-02
1.759769918444321207e-02
1.499369221680886370e-02
1.158751401421606597e-02
6.994782444720221322e-03
1.325810665283102575e-02
1.230519864135180136e-02
7.693700914459833742e-03
7.086057129185595153e-03
1.304889363295290775e-02
1.431245005986703581e-02
1.617396156438781138e-02
1.139035824898614914e-02
4.699132635722991572e-03
7.498083524565097094e-03
1.183412648992797703e-02
1.481657008700277070e-02
8.294322994249307690e-03
7.642473558836565019e-03
1.357155065788365721e-02
1.013269699742936313e-02
1.080687151762880875e-02
1.655008099309695363e-02
1.515722204439889226e-02
1.806945144802216130e-02
1.345799447388365717e-02
1.325948615045983298e-02
1.502437939534626010e-02
1.774172380916343508e-02
1.668870486752354471e-02
1.574113965567866882e-02
2.126978179663157817e-02
1.553081180770083183e-02
1.763014818773407308e-02
2.028331876115235452e-02
2.202006973611080401e-02
2.492035361767313065e-02
2.134438938835456906e-02
2.621057650694736882e-02
2.700793980165096947e-02
2.125892471467035957e-02
2.567143829131302013e-02
3.197177291332963661e-02
3.081404711806094016e-02
2.989635486794459812e-02
3.494511224002216226e-02
3.404127070499723268e-02
3.376574044558448839e-02
3.263229830971745016e-02
3.584436574214958787e-02
3.006670490832133100e-02
3.594706218920775548e-02
3.609242673067036139e-02
3.007657683884764482e-02
3.823703474997230262e-02
3.712811400859834104e-02
3.733659135445983185e-02
4.373878602549584327e-02
3.624029608231579130e-02
3.763504182104154827e-02
3.797626233452631311e-02
4.634822396815512641e-02
5.371558087258725828e-02
4.959143569565650778e-02
4.850085679144598011e-02
5.127245781568975230e-02
5.152181058373406924e-02
5.481523802237119047e-02
5.878388733313019698e-02
5.556402579120221785e-02
5.727419348643767588e-02
6.039066751727423937e-02
6.499084574494182198e-02
6.081954062867590133e-02
6.289712842896398592e-02
6.824007415937950738e-02
6.779659542857617571e-02
6.929339886558448514e-02
7.138303643637673723e-02
7.413140089670913757e-02
7.791109169707478854e-02
8.085610681614403827e-02
8.083143229676453823e-02
7.776395326700276389e-02
7.821052762926315738e-02
8.348416125439335478e-02
8.544307525986703789e-02
9.326685110152908853e-02
9.242320663706371509e-02
7.894019302419943984e-02
8.336017814141828686e-02
8.579708151253186144e-02
8.848930994665928085e-02
9.466120120446537556e-02
9.772436343992244034e-02
9.410108666516343867e-02
9.624474913974515045e-02
9.842557259854847751e-02
1.000447376381606579e-01
9.693286628567313046e-02
9.596902756632687270e-02
9.806460717932409532e-02
1.033236781811745220e-01
1.056566256189695324e-01
9.645751950269251807e-02
9.976754981731855709e-02
1.081992556838559522e-01
1.125335102579944624e-01
1.098875608798448728e-01
1.163098345791357402e-01
1.155687420494072026e-01
1.132958433626371220e-01
1.192118922637673134e-01
1.149039045673130172e-01
1.111455503338614897e-01
1.175169489393795008e-01
1.150608453492853178e-01
1.194226568778171682e-01
1.162391536303047090e-01
1.178081499504930740e-01
1.232066145558005504e-01
1.221987316976398952e-01
1.242957145074016639e-01
1.161977183263933483e-01
1.222535171422714645e-01
1.227945840806537459e-01
1.273452931039335267e-01
1.295385819648753600e-01
1.249530626290083074e-01
1.284031700662492947e-01
1.239635353867257622e-01
1.323269919263268812e-01
1.316384117496288142e-01
1.299001555362326865e-01
1.340229806690858838e-01
1.326090116440443167e-01
1.287164348889750787e-01
1.319077993904930746e-01
1.300531732808864194e-01
1.308214032402659210e-01
1.320171829156232823e-01
1.323783428839556686e-01
1.302210901687645417e-01
1.328965459745706235e-01
1.368842812692520894e-01
1.328239938010083165e-01
1.359709346266925190e-01
