0.000000000000000000e+00
-3.689704867326781823e-05
4.295525989306270276e-05
5.968635637998431775e-05
7.259558935146515068e-05
1.714781432440304343e-04
1.852903021060114952e-04
2.181514655887895060e-04
2.650970885724746040e-04
3.229581306243289873e-04
3.162350192553731176e-04
4.856117874751930685e-04
5.091289034169221850e-04
5.385593344726657961e-04
5.092930911914095304e-04
4.967285108179453346e-04
6.309461675968464078e-04
6.628342332319903107e-04
6.397754381524123346e-04
9.141504536387401458e-04
6.994020930690680871e-04
9.853967028661259064e-04
8.811378568935879230e-04
8.593819261335511328e-04
8.812297372386979077e-04
1.061332806649772920e-03
8.352394119484074508e-04
1.001108818172724568e-03
1.011656599480659224e-03
1.035227425710161242e-03
1.040389512880324219e-03
1.149924060293017192e-03
1.101503599130637667e-03
1.045304404833302669e-03
1.138906076946000212e-03
1.177736787475680558e-03
1.067405357616735273e-03
1.032767427794567539e-03
1.158691537469280775e-03
1.124473671517023377e-03
1.034593186787446939e-03
9.039519289117947665e-04
9.987669865623161058e-04
9.035517163411554975e-04
1.052917715554713141e-03
1.164913431935588051e-03
1.191542666575173826e-03
1.153964464940315793e-03
1.153704250995701841e-03
1.237260378424309692e-03
1.248335152034485418e-03
1.452744234569536275e-03
1.473444809953150525e-03
1.467940727501115816e-03
1.628522492360673368e-03
1.632194729857872062e-03
1.810841593041345732e-03
1.797389637069102264e-03
1.820981158580536885e-03
1.879510068924616917e-03
1.913499012026420587e-03
1.866579646829791272e-03
1.933758150642006512e-03
1.992581779973079392e-03
2.048370326811266295e-03
2.139979406287295660e-03
2.235471609346006971e-03
2.290134325548365268e-03
2.286733757344450169e-03
2.276698444546809696e-03
2.340952703008269964e-03
2.431728020603429741e-03
2.298521442597234454e-03
2.501088033596943205e-03
2.588043290465691371e-03
2.645681158433887958e-03
2.487818826892862489e-03
2.636720764321864863e-03
2.564767623404407004e-03
2.592077722205488044e-03
2.685091182257792752e-03
2.659389548689716776e-03
2.783195737855237439e-03
2.796286846823647920e-03
2.803575110313261121e-03
2.881660775862826540e-03
2.881356531489132067e-03
2.621841073320752002e-03
2.874887455035946005e-03
2.816719919536581074e-03
2.700530791130972830e-03
2.851098946756280839e-03
2.804814171398106737e-03
2.914454824697543245e-03
2.972655539920765477e-03
3.073200703873624207e-03
3.378435363210030573e-03
3.309674137000229166e-03
3.218556674646322335e-03
3.162569989605401588e-03
3.328729062083368717e-03
3.395736741182986407e-03
3.481046340205296019e-03
3.594548326873336919e-03
3.610108496395980637e-03
3.687683180459089272e-03
3.480204942263753765e-03
3.438195116835629506e-03
3.592908311482290173e-03
3.664010822873819961e-03
3.829920579612178244e-03
3.713985722441748294e-03
3.808169098952873810e-03
3.876726601937718897e-03
3.991386230040916416e-03
4.287676354771008391e-03
4.444741695749598875e-03
4.282942189867355864e-03
4.164996780630758622e-03
4.200538276506904367e-03
4.281552891484352585e-03
4.201319022421046157e-03
4.266677485077252641e-03
4.220835041330417425e-03
4.287575410998556436e-03
4.264060304763006570e-03
4.261459169512704648e-03
4.429470854972805682e-03
4.376181101278575625e-03
4.417844289733352525e-03
4.575366336496244912e-03
4.657694310928661707e-03
4.743597920700892701e-03
4.734051416107831756e-03
4.657653754861712514e-03
4.642925803565844944e-03
4.811567384102488631e-03
4.653138341382145882e-03
4.916817681426266518e-03
5.097180286952607275e-03
5.228356621877594534e-03
5.140874104178294601e-03
5.295003019874400252e-03
5.423117546584421689e-03
5.249532407553658686e-03
5.392222841670957223e-03
5.527975796681516840e-03
5.378619499765591172e-03
5.623462213605989746e-03
5.665276449093425981e-03
5.690969688977531860e-03
5.590535132441232236e-03
5.672109924446999685e-03
5.868648812111132429e-03
5.827375908204146526e-03
5.965697426276506121e-03
5.732057564060255572e-03
5.653025679329459763e-03
5.739017845883154223e-03
5.733584797397384136e-03
5.903971617392755888e-03
5.908716044579875870e-03
5.885350840351577517e-03
6.042483460767300585e-03
6.012581880710854421e-03
5.917907469374483753e-03
5.837350444991784570e-03
5.726078221300667792e-03
5.913138587665400792e-03
6.027999715207954523e-03
6.005225833753513598e-03
5.919430456707175381e-03
5.899599930756949107e-03
6.160989977438191545e-03
6.128032425934293315e-03
6.162029935964596916e-03
6.203067736883838279e-03
6.537540781330619666e-03
6.413332561258755504e-03
6.471362196137420142e-03
6.578614892482903542e-03
6.548347663262177321e-03
6.810502276380248077e-03
6.934332589132452540e-03
7.182243188204040507e-03
7.358755562194119193e-03
7.670287706751821588e-03
7.722619811012521041e-03
7.887481815977537281e-03
7.971762268148552266e-03
8.352186486526136378e-03
8.616376188072649711e-03
8.631836423894867494e-03
8.716078959544404370e-03
9.188231702083271557e-03
9.176154776348255382e-03
9.248556070808433560e-03
9.442398650897132484e-03
9.540444120524682603e-03
9.651818650112886644e-03
