0.000000000000000000e+00
1.210514318016212530e-03
2.421028636032425060e-03
3.631542954048637591e-03
4.842057272064850121e-03
6.052571590081062651e-03
7.230306880381062902e-03
8.408042170681062286e-03
9.585777460981062537e-03
1.076351275128106279e-02
1.194124804158106304e-02
1.296682399342106301e-02
1.399239994526106298e-02
1.501797589710106295e-02
1.604355184894106293e-02
1.706912780078106290e-02
1.785083583324106188e-02
1.863254386570106086e-02
1.941425189816105984e-02
2.019595993062105882e-02
2.097766796308105780e-02
2.201961450346105742e-02
2.306156104384105704e-02
2.410350758422105666e-02
2.514545412460105628e-02
2.618740066498105590e-02
2.746306366486105446e-02
2.873872666474105303e-02
3.001438966462105160e-02
3.129005266450105016e-02
3.256571566438105220e-02
3.397594741880105573e-02
3.538617917322105927e-02
3.679641092764106280e-02
3.820664268206106634e-02
3.961687443648106988e-02
4.133509271730106960e-02
4.305331099812106932e-02
4.477152927894106904e-02
4.648974755976106876e-02
4.820796584058106848e-02
4.956490677724106897e-02
5.092184771390106945e-02
5.227878865056106994e-02
5.363572958722107042e-02
5.499267052388107091e-02
5.675845778642107237e-02
5.852424504896107382e-02
6.029003231150107528e-02
6.205581957404107674e-02
6.382160683658107125e-02
6.494521340798106723e-02
6.606881997938106321e-02
6.719242655078105919e-02
6.831603312218105517e-02
6.943963969358105115e-02
7.108430535318105425e-02
7.272897101278105736e-02
7.437363667238106046e-02
7.601830233198106357e-02
7.766296799158106667e-02
7.920927289118107062e-02
8.075557779078107457e-02
8.230188269038107851e-02
8.384818758998108246e-02
8.539449248958108640e-02
8.683313104598108789e-02
8.827176960238108938e-02
8.971040815878109087e-02
9.114904671518109236e-02
9.258768527158109385e-02
9.408185415478109714e-02
9.557602303798110044e-02
9.707019192118110373e-02
9.856436080438110703e-02
1.000585296875811103e-01
1.012385938253811124e-01
1.024186579631811145e-01
1.035987221009811166e-01
1.047787862387811186e-01
1.059588503765811207e-01
1.073129795275811205e-01
1.086671086785811202e-01
1.100212378295811200e-01
1.113753669805811197e-01
1.127294961315811195e-01
1.145900238551811195e-01
1.164505515787811196e-01
1.183110793023811197e-01
1.201716070259811198e-01
1.220321347495811198e-01
1.231309283627811113e-01
1.242297219759811028e-01
1.253285155891810942e-01
1.264273092023810996e-01
1.275261028155811049e-01
1.287501420799811169e-01
1.299741813443811289e-01
1.311982206087811409e-01
1.324222598731811529e-01
1.336462991375811649e-01
1.345770846413811561e-01
1.355078701451811474e-01
1.364386556489811386e-01
1.373694411527811299e-01
1.383002266565811211e-01
1.394329143825811246e-01
1.405656021085811280e-01
1.416982898345811315e-01
1.428309775605811349e-01
1.439636652865811384e-01
1.451013306621811438e-01
1.462389960377811493e-01
1.473766614133811548e-01
1.485143267889811602e-01
1.496519921645811657e-01
1.505934238645811607e-01
1.515348555645811557e-01
1.524762872645811507e-01
1.534177189645811457e-01
1.543591506645811406e-01
1.552827380739811303e-01
1.562063254833811199e-01
1.571299128927811095e-01
1.580535003021810991e-01
1.589770877115810888e-01
1.600785035279810864e-01
1.611799193443810840e-01
1.622813351607810817e-01
1.633827509771810793e-01
1.644841667935810769e-01
1.653867928933810683e-01
1.662894189931810596e-01
1.671920450929810509e-01
1.680946711927810422e-01
1.689972972925810335e-01
1.697209567389810214e-01
1.704446161853810093e-01
1.711682756317809972e-01
1.718919350781809852e-01
1.726155945245809731e-01
1.734413652095809777e-01
1.742671358945809823e-01
1.750929065795809869e-01
1.759186772645809915e-01
1.767444479495809961e-01
1.775175736533810000e-01
1.782906993571810039e-01
1.790638250609810078e-01
1.798369507647810117e-01
1.806100764685810156e-01
1.814528528213810166e-01
1.822956291741810175e-01
1.831384055269810185e-01
1.839811818797810195e-01
1.848239582325810204e-01
1.855597440705810119e-01
1.862955299085810035e-01
1.870313157465809950e-01
1.877671015845809865e-01
1.885028874225809781e-01
1.892353064947809860e-01
1.899677255669809939e-01
1.907001446391810018e-01
1.914325637113810097e-01
1.921649827835810176e-01
1.930816914647810190e-01
1.939984001459810203e-01
1.949151088271810217e-01
1.958318175083810231e-01
1.967485261895810245e-01
1.978287988309810341e-01
1.989090714723810438e-01
1.999893441137810535e-01
2.010696167551810631e-01
2.021498893965810728e-01
2.030563224095810748e-01
2.039627554225810768e-01
2.048691884355810788e-01
2.057756214485810808e-01
2.066820544615810828e-01
2.078582856197810913e-01
2.090345167779810998e-01
2.102107479361811082e-01
2.113869790943811167e-01
2.125632102525811251e-01
2.137171769549811307e-01
2.148711436573811362e-01
2.160251103597811417e-01
2.171790770621811473e-01
2.183330437645811528e-01
2.194903279881811609e-01
2.206476122117811689e-01
2.218048964353811769e-01
2.229621806589811850e-01
2.241194648825811930e-01
2.254610771931812030e-01
2.268026895037812130e-01
2.281443018143812229e-01
2.294859141249812329e-01
