0.000000000000000000e+00
-2.115574390836565209e-03
-3.222732907977839470e-03
-6.807302460398892072e-03
-1.098961172733517976e-02
-4.804787887024930537e-03
-6.159652898060941420e-03
-7.911442345872576540e-03
-4.703917494947368848e-03
-6.687946606415512592e-03
-8.182921332310249748e-03
-1.638089101883656584e-03
-2.733637356011080124e-03
-1.759999118337950055e-03
-5.799688479667590262e-04
4.299193669916897653e-04
1.804387794260387890e-03
-2.213029370947368346e-03
1.834403329883656491e-03
6.257269733518005866e-04
1.637936256321329605e-03
5.465329337185595958e-03
2.777101389861495653e-03
1.131028092088642552e-03
4.022672349939058339e-03
4.312261719944598254e-03
3.127189087335180157e-03
4.963152159711911419e-03
3.857180052786703811e-03
3.001875914592797966e-03
4.386770260576176861e-03
7.576506756698061194e-03
8.277658578349030363e-03
8.291657021440444059e-03
1.224514543608864331e-02
1.230375664242659359e-02
1.115928792014404466e-02
1.237968670418836646e-02
1.553345697694182882e-02
1.551461226825484770e-02
1.820762715877008442e-02
1.551222838497506862e-02
2.163522070823268792e-02
2.066560004537396078e-02
2.331458279023822591e-02
2.550094862458725589e-02
2.305395329253185494e-02
2.427045567083656666e-02
2.714699500787811498e-02
2.568165791551246455e-02
2.673873609535733914e-02
2.369637665471467994e-02
2.519224249890304745e-02
3.055904929174515366e-02
2.865046843592243889e-02
3.189670087891412903e-02
3.069650569664265916e-02
3.126719172126316004e-02
3.046339083443767165e-02
3.230174697644321025e-02
3.240990780999446208e-02
3.304665376880886601e-02
3.505530938218282683e-02
3.224065817813850238e-02
3.270000234906371428e-02
3.086689145837119216e-02
3.747019985594459562e-02
3.430739473580055737e-02
3.370937602483102535e-02
3.178413342608310543e-02
3.606826233966758943e-02
3.713649866843213299e-02
4.057819756263712080e-02
3.746630728664820248e-02
3.867964194509695280e-02
4.557500218995013536e-02
4.485780857201108335e-02
4.753990876086426620e-02
4.887988277244321306e-02
5.102970586813296294e-02
5.375228271674237918e-02
5.504386111214404353e-02
5.467667674947368495e-02
5.757210668934072129e-02
5.852959859422714878e-02
6.518020233317450840e-02
6.582557340419945002e-02
6.280219998212742405e-02
7.001445713964543627e-02
6.700725231209972432e-02
6.770569571654293239e-02
6.927029974330194129e-02
6.581455480678116698e-02
6.581930365175622799e-02
7.029314106392244021e-02
7.178332661288643057e-02
7.520256584567312774e-02
7.837673892817728638e-02
7.663514887489196459e-02
7.796476165439335249e-02
8.392350637218837228e-02
8.689380581402769699e-02
8.746787767349584186e-02
8.590472338962880372e-02
9.198533735416065948e-02
9.557691575013850527e-02
9.887128059030471372e-02
9.611948637667590278e-02
9.406193854741273785e-02
9.607544784319113629e-02
9.830097660142936289e-02
1.026568014979833826e-01
1.054397089815623245e-01
1.092768966305263101e-01
1.086944967597451572e-01
1.111504235147700859e-01
1.089272515039778344e-01
1.124351261041107997e-01
1.128438223194681428e-01
1.122816500886537339e-01
1.139146384656177236e-01
1.133263678096398941e-01
1.127240966896952967e-01
1.188404744699279730e-01
1.220644081094182792e-01
1.221057458843767263e-01
1.208163114404210564e-01
1.240570264875013873e-01
1.279934444712687025e-01
1.326770417326648133e-01
1.340246398060387922e-01
1.385490499475235393e-01
1.395765946419944559e-01
1.434100462986149516e-01
1.458421145525761742e-01
1.501872102211523619e-01
1.535337412804764490e-01
1.554294910194349011e-01
1.565574603283102495e-01
1.527435464938504128e-01
1.532424651109806080e-01
1.542218771677008327e-01
1.573616258436011106e-01
1.554555080928088640e-01
1.565289885346703713e-01
1.589620295341163392e-01
1.616044716956675786e-01
1.627850934507479308e-01
1.617165339837894622e-01
1.600879332505263097e-01
1.635648426142493062e-01
1.626657744885207646e-01
1.652377182793351718e-01
1.639207120108365778e-01
1.651476450419058217e-01
1.658495402633905769e-01
1.690346177161662078e-01
1.651851233141939101e-01
1.701910324383379414e-01
1.681349232688642559e-01
1.682993036162216127e-01
1.687812208842991712e-01
1.667981948780830892e-01
1.714188701973518025e-01
1.720795690713241011e-01
1.688374043219723064e-01
1.738608371390914231e-01
1.767576240426260437e-01
1.701094791849307453e-01
1.741732612644099620e-01
1.788835034232022225e-01
1.759392980294071929e-01
1.788156264554681407e-01
1.782375937388919751e-01
1.785549375982382336e-01
1.813049211597008437e-01
1.838526357659944488e-01
1.844959293939612277e-01
1.846207976781717441e-01
1.886429490029252198e-01
1.899705601353905704e-01
1.894735297912354677e-01
1.935209335014958509e-01
1.973753484021052718e-01
1.939266470844986101e-01
1.955076495361772748e-01
1.988327692825374027e-01
2.018417207270470914e-01
2.019772741127091320e-01
2.024715870753130142e-01
1.995871217741052583e-01
2.001311496816620406e-01
2.022696064134182903e-01
2.062924331282880996e-01
2.108136500574736838e-01
2.129843489405096879e-01
2.094335751580720106e-01
2.062522761057950238e-01
2.062150996726094254e-01
2.066061419895401652e-01
