0.000000000000000000e+00
5.574134370639620325e-05
1.114826874127924065e-04
1.672240311191886030e-04
2.229653748255848130e-04
2.787067185319810230e-04
4.420550041119810552e-04
6.054032896919811415e-04
7.687515752719811194e-04
9.320998608519810973e-04
1.095448146431981075e-03
1.185765344551980996e-03
1.276082542671980917e-03
1.366399740791980838e-03
1.456716938911980759e-03
1.547034137031980680e-03
1.627795590811980742e-03
1.708557044591980803e-03
1.789318498371980865e-03
1.870079952151980926e-03
1.950841405931980988e-03
2.355719121091981103e-03
2.760596836251981000e-03
3.165474551411980898e-03
3.570352266571980796e-03
3.975229981731980694e-03
4.631721402511980445e-03
5.288212823291980197e-03
5.944704244071979948e-03
6.601195664851979700e-03
7.257687085631979451e-03
7.668074563911979162e-03
8.078462042191978873e-03
8.488849520471979451e-03
8.899236998751980030e-03
9.309624477031980608e-03
9.916022605291981498e-03
1.052242073355198239e-02
1.112881886181198328e-02
1.173521699007198417e-02
1.234161511833198506e-02
1.272038912663198476e-02
1.309916313493198446e-02
1.347793714323198416e-02
1.385671115153198386e-02
1.423548515983198356e-02
1.488477864797198291e-02
1.553407213611198226e-02
1.618336562425198161e-02
1.683265911239198095e-02
1.748195260053198030e-02
1.782298866587198050e-02
1.816402473121198069e-02
1.850506079655198088e-02
1.884609686189198108e-02
1.918713292723198127e-02
1.931031817417198232e-02
1.943350342111198337e-02
1.955668866805198441e-02
1.967987391499198546e-02
1.980305916193198651e-02
1.994796973165198495e-02
2.009288030137198339e-02
2.023779087109198183e-02
2.038270144081198026e-02
2.052761201053197870e-02
2.081359416677197940e-02
2.109957632301198011e-02
2.138555847925198081e-02
2.167154063549198151e-02
2.195752279173198221e-02
2.261758429591198202e-02
2.327764580009198184e-02
2.393770730427198165e-02
2.459776880845198146e-02
2.525783031263198128e-02
2.485604464271198161e-02
2.445425897279198194e-02
2.405247330287198226e-02
2.365068763295198259e-02
2.324890196303198292e-02
2.334090597931198427e-02
2.343290999559198562e-02
2.352491401187198697e-02
2.361691802815198832e-02
2.370892204443198967e-02
2.401067946925198801e-02
2.431243689407198635e-02
2.461419431889198470e-02
2.491595174371198304e-02
2.521770916853198138e-02
2.499673286521198259e-02
2.477575656189198380e-02
2.455478025857198501e-02
2.433380395525198622e-02
2.411282765193198743e-02
2.424244444745198707e-02
2.437206124297198670e-02
2.450167803849198633e-02
2.463129483401198597e-02
2.476091162953198560e-02
2.470711336023198590e-02
2.465331509093198620e-02
2.459951682163198650e-02
2.454571855233198679e-02
2.449192028303198709e-02
2.442625093825198657e-02
2.436058159347198604e-02
2.429491224869198551e-02
2.422924290391198499e-02
2.416357355913198446e-02
2.401056526245198483e-02
2.385755696577198520e-02
2.370454866909198557e-02
2.355154037241198595e-02
2.339853207573198632e-02
2.357070640975198611e-02
2.374288074377198590e-02
2.391505507779198569e-02
2.408722941181198549e-02
2.425940374583198528e-02
2.420994651603198405e-02
2.416048928623198283e-02
2.411103205643198161e-02
2.406157482663198038e-02
2.401211759683197916e-02
2.436250739749197883e-02
2.471289719815197850e-02
2.506328699881197816e-02
2.541367679947197783e-02
2.576406660013197750e-02
2.596835771173197638e-02
2.617264882333197526e-02
2.637693993493197414e-02
2.658123104653197302e-02
2.678552215813197190e-02
2.667979297417197304e-02
2.657406379021197418e-02
2.646833460625197532e-02
2.636260542229197645e-02
2.625687623833197759e-02
2.638404665851197886e-02
2.651121707869198013e-02
2.663838749887198140e-02
2.676555791905198267e-02
2.689272833923198394e-02
2.701652657065198304e-02
2.714032480207198214e-02
2.726412303349198124e-02
2.738792126491198034e-02
2.751171949633197944e-02
2.753901533245197916e-02
2.756631116857197888e-02
2.759360700469197861e-02
2.762090284081197833e-02
2.764819867693197805e-02
2.773698071389197814e-02
2.782576275085197823e-02
2.791454478781197832e-02
2.800332682477197840e-02
2.809210886173197849e-02
2.798774384175197957e-02
2.788337882177198065e-02
2.777901380179198174e-02
2.767464878181198282e-02
2.757028376183198390e-02
2.757838078255198458e-02
2.758647780327198526e-02
2.759457482399198594e-02
2.760267184471198662e-02
2.761076886543198730e-02
2.775433095679198658e-02
2.789789304815198587e-02
2.804145513951198515e-02
2.818501723087198443e-02
2.832857932223198372e-02
2.853349638679198233e-02
2.873841345135198094e-02
2.894333051591197956e-02
2.914824758047197817e-02
2.935316464503197678e-02
2.981995700129197804e-02
3.028674935755197931e-02
3.075354171381198057e-02
3.122033407007198183e-02
3.168712642633197962e-02
3.203250092167198027e-02
3.237787541701198091e-02
3.272324991235198155e-02
3.306862440769198219e-02
3.341399890303198283e-02
3.372407079537198538e-02
3.403414268771198792e-02
3.434421458005199046e-02
3.465428647239199300e-02
3.496435836473199554e-02
3.526168614307199217e-02
3.555901392141198880e-02
3.585634169975198543e-02
3.615366947809198206e-02
