0.000000000000000000e+00
4.830575051144592180e-04
1.237257101315947239e-03
1.954005195656804972e-03
2.759837521942642979e-03
3.537996848791635784e-03
4.281179027529447012e-03
5.040245070283333462e-03
5.740311888992266631e-03
6.474752139475015156e-03
7.335995764215397230e-03
8.264729094250355956e-03
9.021257423739825754e-03
9.688521735341737440e-03
1.038647069560028058e-02
1.114968652413494965e-02
1.201963863125143916e-02
1.279475354798620401e-02
1.343592075817667819e-02
1.425042838133094847e-02
1.498081611901369570e-02
1.577551261680554262e-02
1.638561896698575993e-02
1.722643992002304003e-02
1.805492362385763272e-02
1.883867485518209151e-02
1.951198545400956164e-02
2.041434495706084817e-02
2.109179705719554931e-02
2.188221156873737527e-02
2.272567598397756683e-02
2.350027524907005727e-02
2.440857899004100773e-02
2.509006642158340128e-02
2.584802422956755663e-02
2.645227445422904111e-02
2.733563219113221976e-02
2.795434499443416598e-02
2.880718345130617308e-02
2.953539983815289816e-02
3.009840371359473465e-02
3.086175175764083178e-02
3.160274004824259464e-02
3.233057548863627062e-02
3.315756382986023709e-02
3.386480970693384052e-02
3.476660805068121363e-02
3.541867096766537770e-02
3.621074734955698204e-02
3.715214586342341363e-02
3.783546841523843796e-02
3.856054658788110601e-02
3.927779229284311668e-02
3.993045136381567772e-02
4.071995288543917013e-02
4.127401353058246514e-02
4.213919240858388093e-02
4.284916952691020242e-02
4.355961796323271074e-02
4.435225630377459538e-02
4.508249134762110089e-02
4.586144758950183586e-02
4.675358990095190848e-02
4.775395824423611657e-02
4.866469998281530707e-02
4.944951282871556941e-02
5.042285168476468016e-02
5.139463319687109788e-02
5.229365200102620292e-02
5.321307052007284710e-02
5.441102715440138127e-02
5.546015064238218883e-02
5.632190598831243733e-02
5.764739778543059856e-02
5.882616217359526445e-02
5.995811122264882442e-02
6.105753453922346807e-02
6.214991214996956614e-02
6.331014531750156493e-02
6.436172886291302575e-02
6.537963161463977713e-02
6.664604673530050150e-02
6.783861602473706398e-02
6.916864566130698222e-02
7.030715461414871470e-02
7.154129539254228121e-02
7.286704377288799606e-02
7.387783165280836783e-02
7.510727588534393817e-02
7.614048863485578522e-02
7.717850611879839562e-02
7.865363089545240882e-02
7.974052799108477529e-02
8.095647941497219335e-02
8.229682799123594350e-02
8.377725023670734572e-02
8.529581970230992738e-02
8.680950952273036592e-02
8.798973446928215481e-02
8.937981513345505391e-02
9.104762955703193938e-02
9.241146870324712381e-02
9.415446865907739493e-02
9.567507593740032235e-02
9.710780113541517267e-02
9.899651751494786822e-02
1.006670485299494544e-01
1.024087064316319129e-01
1.039025578509225056e-01
1.054918037885670401e-01
1.071757720034867134e-01
1.088255462767406812e-01
1.105395568824789621e-01
1.122413775153745519e-01
1.139056881812834376e-01
1.156444048701104066e-01
1.173523907702502811e-01
1.191533606393448963e-01
1.207222521965860551e-01
1.222870763319718890e-01
1.238368603374340182e-01
1.254579065615928357e-01
1.271393162419300893e-01
1.288186866996170465e-01
1.303511584318073346e-01
1.317609117099678429e-01
1.335929478784336766e-01
1.353751811400130123e-01
1.369453307928338859e-01
1.388019345021405115e-01
1.406318054878425983e-01
1.425330123121710812e-01
1.444371382449389785e-01
1.463472001483339113e-01
1.483238101110586626e-01
1.503754448154595025e-01
1.526139657766663049e-01
1.544229484109749251e-01
1.567552234994238347e-01
1.591232012193444234e-01
1.613689892263323600e-01
1.634235998085102892e-01
1.657885250021919887e-01
1.679386017025876754e-01
1.698789674171266029e-01
1.723104063599336655e-01
1.748749531287927539e-01
1.770444616903503743e-01
1.797106914808566103e-01
1.821588336799280228e-01
1.846597450032518850e-01
1.869971515245012483e-01
1.894581309434855143e-01
1.918352406677428235e-01
1.944741351480487879e-01
1.969310254952389982e-01
1.993619379738476027e-01
2.016824231945903989e-01
2.043296720881428996e-01
2.070568613173904282e-01
2.097006105369985107e-01
2.124920535997532056e-01
2.151586275412498139e-01
2.181480322241000636e-01
2.210986157106731298e-01
2.239318658065627687e-01
2.268474221763057130e-01
2.294961505691830439e-01
2.325784334721845426e-01
2.354722277627203653e-01
2.383245817892927221e-01
2.411574616567477847e-01
2.443443317922060487e-01
2.475608585169126741e-01
2.504739913383602357e-01
2.536692253301282562e-01
2.569052626148007334e-01
2.599998045978111350e-01
2.630803181069794050e-01
2.665501061945221295e-01
2.700428515834332188e-01
2.733074610239754065e-01
2.769341969214522692e-01
2.806489426879608118e-01
2.843493685753912814e-01
2.882016833199188000e-01
2.919387889413940229e-01
2.956342301012497842e-01
2.995095642601981467e-01
3.029285124859200096e-01
3.066318498141669124e-01
3.102780267053120156e-01
3.141294172501361004e-01
3.179424795838414752e-01
3.221712534465979161e-01
3.262153101915004072e-01
3.305413384531590282e-01
3.348636049706925633e-01
3.392343538653079804e-01
3.439485484430804263e-01
