0.000000000000000000e+00
9.460604712074882627e-05
7.217514889035214765e-04
1.394752788201003568e-03
2.312937078478682906e-03
3.437788294789356769e-03
4.402246702071010986e-03
5.611605209743686373e-03
6.742535934982640811e-03
7.963462545795607639e-03
9.430839620108599775e-03
1.104570268568494384e-02
1.217610733049667715e-02
1.355527843421100442e-02
1.487857823948957048e-02
1.639374803381343781e-02
1.850323258480557342e-02
2.010503021434573157e-02
2.111472445083961702e-02
2.337625948617727545e-02
2.430196230119463507e-02
2.668900327793011229e-02
2.814597151080988624e-02
2.995973942305596438e-02
3.191626495466692859e-02
3.386973925940139907e-02
3.523654853487556693e-02
3.745163023098996291e-02
3.939023816773357112e-02
4.089842951901090373e-02
4.300258174136217804e-02
4.501888110652174646e-02
4.737255943449980577e-02
4.907230890988500960e-02
5.138238107373638286e-02
5.292058123791321123e-02
5.465807372389264174e-02
5.663589084243625393e-02
5.917817910527389813e-02
6.120290705496245209e-02
6.315463868822490667e-02
6.487278183369937778e-02
6.720790718382119167e-02
6.895204044797509368e-02
7.149209339058160140e-02
7.395402236512893523e-02
7.602918532831637322e-02
7.776054317059077903e-02
8.005552140344462941e-02
8.220025738744141108e-02
8.431347477845463345e-02
8.694498528215177657e-02
8.897927222189139229e-02
9.109286931884241767e-02
9.400258187749699346e-02
9.581408880488595514e-02
9.868616708658350944e-02
1.007186653836598111e-01
1.035661031271999377e-01
1.058509967789191819e-01
1.080459741217580927e-01
1.103132324999904768e-01
1.129393336242401347e-01
1.158243907312339616e-01
1.180532383134007546e-01
1.204738717946938209e-01
1.232957279426116770e-01
1.261720476466408059e-01
1.284787406425351719e-01
1.307738627774526208e-01
1.331667250223418364e-01
1.357856479856067722e-01
1.382081503936518629e-01
1.417207520153880296e-01
1.447972379825586131e-01
1.471872354627663526e-01
1.493846930693862873e-01
1.523583596941193719e-01
1.546411713577171554e-01
1.573725746689689231e-01
1.600602242291557786e-01
1.630105026077188768e-01
1.659086726902501141e-01
1.687706258821322081e-01
1.717254999859889608e-01
1.749935957318271562e-01
1.778569272070384955e-01
1.794784907989495082e-01
1.832632347232703296e-01
1.859461684835466144e-01
1.887591160496100429e-01
1.921666608106704643e-01
1.949034192101493090e-01
1.982147106211513687e-01
2.010906604690205768e-01
2.047661002626526283e-01
2.086991234889765678e-01
2.115513771048398439e-01
2.139057333953289231e-01
2.169862436687992613e-01
2.204461305870921706e-01
2.228836993657381527e-01
2.261525848256837889e-01
2.296082818420330796e-01
2.325742915974373659e-01
2.355769733255641540e-01
2.383915516893537756e-01
2.415025525745448931e-01
2.447279616505468880e-01
2.484169804702389683e-01
2.522902765967103278e-01
2.549325343770547647e-01
2.584891109811948695e-01
2.622224538475776967e-01
2.657007015430110641e-01
2.698471797573986919e-01
2.739236080787179617e-01
2.774049833769751672e-01
2.806112739586694715e-01
2.839388756182472662e-01
2.876241134034884794e-01
2.905699938532322335e-01
2.941678917952330607e-01
2.974302292070731824e-01
3.009640424631498945e-01
3.039829997177818655e-01
3.075503588809738176e-01
3.116332282013161148e-01
3.143188391102214041e-01
3.180679414546787598e-01
3.218224066558832419e-01
3.257300985516806691e-01
3.288773040805139658e-01
3.321598009836748133e-01
3.354557459195675051e-01
3.387052879369463199e-01
3.429479065893019651e-01
3.452339026223185670e-01
3.497465896522840012e-01
3.539351637471241929e-01
3.580732523688610058e-01
3.610905467425880033e-01
3.651328280409273930e-01
3.693118369255117273e-01
3.717158622740726059e-01
3.762240751698513463e-01
3.801913715686993100e-01
3.828277950253706763e-01
3.872038255206575741e-01
3.908301743745070667e-01
3.941546301906484473e-01
3.974796989339210995e-01
4.011710248461497486e-01
4.050027070282098407e-01
4.088372236029158557e-01
4.123225636887681844e-01
4.155151450063598872e-01
4.190911283504803464e-01
4.226239369387414513e-01
4.264871788943622732e-01
4.304207724318942496e-01
4.338254813868474002e-01
4.371676640853223716e-01
4.410417062226557050e-01
4.446416691223120665e-01
4.480662951322358367e-01
4.509293302269767878e-01
4.535420587567671191e-01
4.584882063741986258e-01
4.621405262046280882e-01
4.657408153413626906e-01
4.692331765907766794e-01
4.722633265278801673e-01
4.774339659482507159e-01
4.804464653158717624e-01
4.844206467358915802e-01
4.884649055106393689e-01
4.923487309134060297e-01
4.953047203946567834e-01
4.994365521222974280e-01
5.042025534553360444e-01
5.074434662506064342e-01
5.119488756665404594e-01
5.154898685748037224e-01
5.195692264031848140e-01
5.236755415970577587e-01
5.280723301967853445e-01
5.312779373006222272e-01
5.352512956468800098e-01
5.393591259207255462e-01
5.442355218115153548e-01
5.479793894362501305e-01
5.521021765234621625e-01
5.554766103586104009e-01
5.610808013339152467e-01
5.647903853397124863e-01
5.689081650027603132e-01
5.733382928843511195e-01
5.774779399255862700e-01
5.815489878325692530e-01
