4.181553620696831786e-06
-8.914128318338043755e-05
-2.160376964468468941e-04
-2.498532103416550854e-04
-2.841610263359939381e-04
-4.626863651893131646e-04
-5.903603012953340112e-04
-6.819595757789898016e-04
-7.848357501245573076e-04
-7.462434603056067317e-04
-9.273715861723985654e-04
-1.082477811635840226e-03
-1.143937875944800453e-03
-1.180718880277709104e-03
-1.123567024514215973e-03
-1.122880323059405328e-03
-1.073689990292336915e-03
-1.050698018346452045e-03
-9.939675749350840306e-04
-8.940507359866955994e-04
-7.647121936642520268e-04
-7.280366209059252469e-04
-5.587767198278470460e-04
-4.567340615722059738e-04
-3.739434990848167217e-04
-1.239845624354529718e-04
-8.071004792498115421e-06
7.851410261139335489e-05
2.177947237598232277e-04
3.541485995910420570e-04
5.214265493336256441e-04
7.500191410585443919e-04
8.560152938059673033e-04
9.884476856072410555e-04
1.164197762150820381e-03
1.323937211523684709e-03
1.371630077201757558e-03
1.556378307604688871e-03
1.812150137205037481e-03
2.088507569602882086e-03
2.189247672788496857e-03
2.224671230592889515e-03
2.428475583407418981e-03
2.749248053170560979e-03
2.999431085733306190e-03
3.357587199943168343e-03
3.664001874234656952e-03
3.846783874934089908e-03
4.145161289528687121e-03
4.425490670548981598e-03
4.660414855820249613e-03
4.853913493953143643e-03
5.099518708988171056e-03
5.438280796703054421e-03
5.675461525314062783e-03
5.628841214083024624e-03
5.854329124531432171e-03
6.020092129695342464e-03
6.243524325228122507e-03
6.332306142454058318e-03
6.499456720497676088e-03
6.863405746805995022e-03
7.127417361495247405e-03
7.411226669894688257e-03
7.691996536408396423e-03
7.919427815949120486e-03
8.146582140483360490e-03
8.323704014870259016e-03
8.631544339181118630e-03
9.011061214145854592e-03
9.507004085492098966e-03
9.860493921699742259e-03
1.011498034196733897e-02
1.039658401436582835e-02
1.067001794791622160e-02
1.108629046052556077e-02
1.137192019437094359e-02
1.178915640674205179e-02
1.209612324624487201e-02
1.220188778647468553e-02
1.228690308842317336e-02
1.246526674362513631e-02
1.272429751893611183e-02
1.297857248108158501e-02
1.314765659735428471e-02
1.340970335846947137e-02
1.367365580748725051e-02
1.397209594468762361e-02
1.423130773361691581e-02
1.430093507639895734e-02
1.445444792124561673e-02
1.460925293249459855e-02
1.490632524731694275e-02
1.499134504283006208e-02
1.508295852796948111e-02
1.542296203783166675e-02
1.567900904915120464e-02
1.595518362563552728e-02
1.617911775385749706e-02
1.639201732640316322e-02
1.666536555256925567e-02
1.666810845108557260e-02
1.679250796735942686e-02
1.683400708248683486e-02
1.715764085647464299e-02
1.735991410955506353e-02
1.760187174348004646e-02
1.780262004739086024e-02
1.791866946159359486e-02
1.832798658472256648e-02
1.852965075099888281e-02
1.875161077478537663e-02
1.899254238774261694e-02
1.923198965632622048e-02
1.936671140875034780e-02
1.956919946906765517e-02
1.992958662997779129e-02
2.016776163556954771e-02
2.036626623419124371e-02
2.062666287269365739e-02
2.100212754211838728e-02
2.106346856960072955e-02
2.139265768236242593e-02
2.184653566570204930e-02
2.229635617778313872e-02
2.259167294710096030e-02
2.279175438878411342e-02
2.303735241577697934e-02
2.325291997031797564e-02
2.346012260447594144e-02
2.374196839554088001e-02
2.387370185632420316e-02
2.405630907536959739e-02
2.433452760919152524e-02
2.443178925617672803e-02
2.458168281320638471e-02
2.503096578930552596e-02
2.531341328181468953e-02
2.556291368486540705e-02
2.570958560400526949e-02
2.584759777083434074e-02
2.606805701326919689e-02
2.631192458380127164e-02
2.647205212502967697e-02
2.666752950944584200e-02
2.685030887703021563e-02
2.721021969479409108e-02
2.724453089216183344e-02
2.745477856939260164e-02
2.773303254534198459e-02
2.787709997450349420e-02
2.806535124772580048e-02
2.829509636861615718e-02
2.863091178637944267e-02
2.902954543471025772e-02
2.914181669956406040e-02
2.921021492552711152e-02
2.929608485782608795e-02
3.011337802819014087e-02
3.033300721116916066e-02
3.076913733674047080e-02
3.098044071393246668e-02
3.125037279523468214e-02
3.138379670801327848e-02
3.189849470286532096e-02
3.227819886496519075e-02
3.247598999914202977e-02
3.303916220730940267e-02
3.334902211393142579e-02
3.377683082363347467e-02
3.377128903399295723e-02
3.408450294075038300e-02
3.441840984096700140e-02
3.464807647187484463e-02
3.499186926853781188e-02
3.506649143443496541e-02
3.523734484306828563e-02
3.565039158539207165e-02
3.622995940349937882e-02
3.674650147203806227e-02
3.739473376145241446e-02
3.785786646135136380e-02
3.810505801556018923e-02
3.849475166332894105e-02
3.902486218343170776e-02
3.939354125946437080e-02
3.974534532162721234e-02
3.999764533644878384e-02
4.012288512107886618e-02
4.061348748324178359e-02
4.080918287451851256e-02
4.090307349071764520e-02
4.114585379934965204e-02
4.151946720086385767e-02
4.193683044447027441e-02
4.221521288488361279e-02
4.272698189495116594e-02
4.293263406297143092e-02
4.330034915848557375e-02
4.366374267632977535e-02
