-5.657589966290288430e-06
-9.419629596862932885e-05
-1.776354915463684847e-04
-2.634214610495178022e-04
-3.635535667569911311e-04
-4.730794155989315186e-04
-5.885228881155057934e-04
-7.001050198454095153e-04
-8.537196521416490214e-04
-9.062654508014134080e-04
-1.008827146272039954e-03
-9.885440110082299725e-04
-1.067649280940941026e-03
-1.293832005067940827e-03
-1.499981286649187950e-03
-1.652278163355447305e-03
-1.718152052291088694e-03
-1.812681707590968472e-03
-1.866563514610675156e-03
-1.923949231382948710e-03
-1.990520103149151510e-03
-2.085933653390270592e-03
-2.141297076683201794e-03
-2.196383363731513327e-03
-2.265804045627817231e-03
-2.283839395722964127e-03
-2.353016781064809493e-03
-2.323987314220232747e-03
-2.235321445311910793e-03
-2.303184048017214991e-03
-2.477751910198833230e-03
-2.446446493991061288e-03
-2.511521518520964946e-03
-2.570699982570090469e-03
-2.643267312166130978e-03
-2.580748878706629057e-03
-2.553362823590532571e-03
-2.572182739953632336e-03
-2.560444960053587238e-03
-2.344096157102626421e-03
-2.048090930593104986e-03
-2.004949642490316819e-03
-1.954473948345025747e-03
-1.867865270604340822e-03
-1.909858952920728825e-03
-1.801118592673844887e-03
-1.678678448996606676e-03
-1.533447123016173919e-03
-1.220118738693543037e-03
-1.067987774746370633e-03
-8.774641344757583283e-04
-6.787879852794276303e-04
-5.680548841411336980e-04
-3.548517994360622652e-04
-1.587771219675460088e-04
-4.333657560309234213e-04
-2.932271613929060550e-04
-5.389567201135037067e-04
-4.740542597119201673e-04
-4.119735567513771457e-04
-1.479666473258589576e-04
2.272534288820793336e-04
5.127384735885698319e-04
6.162737297117359958e-04
7.217579779350558056e-04
6.724938032078853212e-04
6.536573112541077535e-04
9.018713882795736936e-04
1.090399996378721426e-03
1.180157306457374489e-03
1.284853421239517957e-03
1.503451479827333515e-03
1.759971743695132318e-03
1.989726808773184530e-03
1.904935817563568889e-03
1.955713744351328387e-03
2.072747093691873488e-03
2.244623897013298119e-03
2.418844729646707492e-03
2.532710961595796562e-03
2.595903677956812317e-03
2.709424053925602038e-03
2.908985580226897127e-03
2.726821429455128509e-03
3.003316486491769410e-03
3.099166718108392615e-03
3.169132175230515713e-03
3.144157023356797254e-03
3.279425962098514447e-03
3.291342022109233767e-03
3.204884907212601775e-03
3.060358972710730541e-03
3.117766039075320350e-03
3.078976072487193960e-03
2.997751300242157413e-03
3.149981689247738359e-03
3.311428924988035760e-03
3.424242389634457595e-03
3.636033756883705337e-03
3.674618487579550674e-03
3.689087748675490275e-03
3.588783398953410142e-03
3.678719937006746932e-03
3.472212955927034272e-03
3.531721304327106736e-03
3.652608623148978495e-03
3.710752576189690899e-03
3.731674674092744226e-03
3.863327796196358577e-03
4.086619366638899464e-03
4.140035992080015603e-03
4.251701807163499325e-03
4.392411036320709172e-03
4.512217984689925743e-03
4.741886853437904392e-03
4.889246382077772068e-03
5.132086017276549228e-03
5.516060517678056385e-03
5.919609102157608049e-03
6.031874041845242118e-03
6.060334082008012047e-03
6.059510237392373710e-03
6.235562424230067791e-03
6.363593991359550728e-03
6.530344073588878473e-03
6.768273554939696623e-03
6.929369108952698753e-03
7.014525028210982782e-03
7.119809683608480100e-03
7.159492736022343706e-03
7.428210330843398879e-03
7.441146176340396323e-03
7.315145757424090789e-03
7.484618207577398152e-03
7.568423209143304575e-03
7.600588114229367420e-03
7.739673943568448067e-03
7.642353893523079478e-03
7.722314366915838946e-03
7.762885069439562358e-03
7.698998094255671276e-03
7.883302589348772926e-03
8.090199639923412178e-03
8.085302298681540378e-03
8.069908199203723598e-03
8.013076653405448724e-03
8.278366115817448190e-03
8.143308597780674063e-03
8.241411142464016848e-03
8.332995188212066751e-03
8.488598457624618732e-03
8.560908326046501315e-03
8.815397033657745851e-03
8.865729563453328410e-03
8.875147778375946928e-03
8.961382257574257437e-03
8.951279272466194925e-03
9.046727183168457032e-03
9.250411583906270607e-03
9.325298799318204601e-03
9.586870501209432405e-03
9.675932107050755349e-03
9.714166998371354111e-03
9.923573719561318285e-03
9.938763465420663579e-03
1.010739258828152742e-02
9.943654552934333424e-03
1.016160182258829536e-02
1.006677921868970316e-02
1.004626056965918224e-02
9.670520710464813874e-03
9.561567155529360207e-03
9.638233011820318552e-03
9.681908438885500345e-03
9.686939752675982618e-03
9.592875001438017080e-03
9.726166387380885681e-03
9.810707977607080466e-03
9.953125835401976929e-03
1.001029535918007696e-02
1.002147201194247828e-02
9.996234790747848820e-03
9.919130379962837196e-03
9.905608008445199175e-03
9.971974414142437126e-03
9.786609351763786435e-03
9.622264908237809777e-03
9.672004172031734015e-03
9.755987013079447934e-03
1.010782291771050723e-02
1.026633671009591353e-02
1.011448534578818226e-02
1.007217221990686085e-02
1.023862813341480660e-02
1.025826609628666120e-02
1.009925988146420650e-02
1.032949734005228493e-02
1.026299140204400828e-02
1.021416507103367621e-02
1.037751927446350919e-02
