-1.336453329514597499e-05
-6.425271244836494589e-06
4.995253122075382635e-05
7.304198108926129862e-05
9.267606863261335093e-05
8.829735806159533240e-05
1.202637065631506630e-04
1.091521336746836823e-04
9.803287408516325740e-05
1.131411446735341997e-04
1.180697497034088883e-04
1.198258925896311666e-04
1.379594813997186975e-04
1.133151342713745180e-04
1.603896161910256524e-04
1.685464136400582902e-04
1.997143952365831865e-04
2.183502850883201063e-04
2.438738366024040261e-04
2.963621578544461954e-04
3.478804888530362405e-04
4.043301944349764199e-04
4.602939926883209409e-04
5.448481148135897456e-04
6.185937796843177239e-04
7.357930227129827472e-04
8.445648699364483036e-04
9.085257357526188571e-04
1.036916391619513433e-03
1.110169959474660573e-03
1.129905960361554662e-03
1.192241479387234904e-03
1.278094418310615765e-03
1.436977566932284844e-03
1.671015793668573224e-03
1.808212866762914928e-03
1.920533623405162871e-03
2.083467375094016916e-03
2.263790597780257485e-03
2.495860465920429760e-03
2.792279465417379924e-03
2.915217427485572443e-03
3.170423279755141266e-03
3.278962331265233843e-03
3.355013904901227306e-03
3.621801861292794911e-03
3.861411622132493449e-03
4.236072107609345494e-03
4.571389835767547538e-03
4.822077308311634170e-03
4.995644484431238652e-03
5.129688869168091969e-03
5.346053008423723441e-03
5.636034430253289429e-03
5.927441042494763224e-03
5.945099168521039701e-03
6.106234612879291035e-03
6.181128804705338098e-03
6.621629619772306796e-03
6.810547537227762405e-03
7.260891695835880455e-03
7.955073599674733487e-03
8.548532680919151971e-03
8.969119038283679402e-03
9.478164236966790668e-03
1.019992910607925296e-02
1.058981894666999324e-02
1.114436633236692842e-02
1.165024606277142993e-02
1.200594614326178089e-02
1.240538893811304888e-02
1.297414783256556348e-02
1.359282865189470613e-02
1.428836338700278930e-02
1.487738374893154969e-02
1.532102638515908666e-02
1.601148280497000087e-02
1.674806913838722267e-02
1.753036228056004120e-02
1.819849402047424292e-02
1.909451309659715434e-02
1.976142804794278618e-02
2.046226503841097610e-02
2.087331802283642901e-02
2.172365045277047102e-02
2.216782334738809368e-02
2.263625013803505226e-02
2.305470710771828635e-02
2.369916989499643023e-02
2.423463361421340778e-02
2.502066772598965372e-02
2.560196934523162327e-02
2.641370506813700558e-02
2.717380190288309905e-02
2.800986174534614292e-02
2.857271659111404460e-02
2.950022957713827054e-02
3.028763726074146234e-02
3.110294198749841144e-02
3.201005889364694212e-02
3.294990291944799310e-02
3.369105015431017591e-02
3.448187997776130942e-02
3.510476396088080264e-02
3.645291770249059482e-02
3.745744703996933822e-02
3.834951335456082688e-02
3.925275777670833577e-02
4.011171822485692928e-02
4.090275759067907302e-02
4.168661350993119186e-02
4.253130288964968031e-02
4.350537887116701086e-02
4.437071123696512132e-02
4.521579909284412224e-02
4.608599244746613977e-02
4.701686032779406332e-02
4.768198961319569662e-02
4.867887736646281382e-02
4.959007817245009164e-02
5.027353254215682909e-02
5.092284910122657493e-02
5.159166455544550445e-02
5.243730202443686039e-02
5.316040165119062522e-02
5.396187158315512988e-02
5.488487782522355474e-02
5.564588737064468660e-02
5.652117903370168506e-02
5.727635692449695171e-02
5.820882025575713214e-02
5.885360903727132609e-02
5.944846987178920017e-02
6.017223235294011374e-02
6.066325453330279061e-02
6.112865505961906365e-02
6.201550214617412848e-02
6.267709463136839076e-02
6.339338079207834653e-02
6.398336903915691209e-02
6.455361046477747777e-02
6.527036009549647133e-02
6.603892374354813910e-02
6.676333173093951245e-02
6.717065656295062581e-02
6.793945759363850811e-02
6.909941645118777842e-02
6.987283910689257027e-02
7.099857366450379459e-02
7.187948900756424564e-02
7.292021172737150891e-02
7.390730054098781920e-02
7.507161840550935494e-02
7.593264790026665878e-02
7.681202175626822282e-02
7.745333222189998423e-02
7.798755322470185547e-02
7.860641297374826308e-02
7.945680102174179638e-02
8.006915290136618069e-02
8.127695819491265183e-02
8.216908028569491762e-02
8.294210637487964277e-02
8.357075081244857984e-02
8.446186073710748587e-02
8.525027422184905390e-02
8.607264111162749032e-02
8.721728895974223406e-02
8.810033121574178949e-02
8.879773109595134883e-02
8.927309446697506701e-02
9.017728982338013566e-02
9.107884389278098070e-02
9.184515998862963215e-02
9.270127367426539422e-02
9.347005220770654432e-02
9.438028749541160778e-02
9.529309482300618583e-02
9.606144888517320624e-02
9.675871987502659977e-02
9.761200591240282165e-02
9.822430322827102600e-02
9.896200478301153680e-02
9.962647212543629394e-02
1.005281580320414037e-01
1.011386858476299722e-01
1.019957619632876344e-01
1.028580798397413787e-01
1.036018900499300344e-01
1.043239056681741772e-01
1.051515469263435421e-01
1.058205985291138518e-01
1.064773330409778396e-01
1.072428444867625785e-01
1.079807423342487027e-01
1.086027329466574542e-01
1.096241736856953253e-01
1.103239302535357069e-01
1.109794629234670538e-01
1.118474366066948278e-01
