1.192722896590225901e-04
6.056747350129398910e-04
1.463732771739501004e-03
3.038559044412636467e-03
5.499186482637696827e-03
9.189138065544000256e-03
1.344391722928151012e-02
1.887354559815435096e-02
2.478992930941359418e-02
3.099323324489233755e-02
3.735580869037846696e-02
4.433525031976159880e-02
5.151888563636219942e-02
5.906138622768253299e-02
6.691896332505820055e-02
7.423310522605675033e-02
8.169962111769990543e-02
8.946316652085073429e-02
9.693736964606358697e-02
1.043391079641722285e-01
1.115793404369966879e-01
1.189719834053875047e-01
1.259179580032423473e-01
1.335372903925247101e-01
1.410059186156615851e-01
1.485643853247964330e-01
1.555670209914907787e-01
1.624802889001628614e-01
1.693061959073602907e-01
1.761128331118513302e-01
1.829018214745019577e-01
1.895102293289241402e-01
1.957756319904149223e-01
2.016927417181832993e-01
2.075896251792670455e-01
2.138632750041864483e-01
2.202369355871311996e-01
2.263827946356400389e-01
2.327687587850775230e-01
2.394372680852825397e-01
2.462979077507654324e-01
2.528622857684510450e-01
2.591877760010916631e-01
2.653575796951983534e-01
2.716171828281446210e-01
2.779573990262989014e-01
2.845963705880620864e-01
2.908276868551524785e-01
2.966597272929689666e-01
3.027403416769018918e-01
3.086560008332313032e-01
3.139350520447194981e-01
3.191726121904423508e-01
3.243334601256862015e-01
3.295786323011284935e-01
3.343962179581083660e-01
3.393829381717310412e-01
3.443968035167728203e-01
3.497905747302496593e-01
3.548045298676711923e-01
3.598262599292425534e-01
3.648071616342392076e-01
3.698285608074485253e-01
3.746592741316945308e-01
3.796161905069652676e-01
3.849236096822963304e-01
3.901773354561939300e-01
3.953506593741593633e-01
4.005327199376367275e-01
4.055070651417480576e-01
4.106925019171683289e-01
4.156157713346573246e-01
4.207817099699440178e-01
4.256444669135532877e-01
4.305094602997527886e-01
4.354077015822568342e-01
4.403551012276452070e-01
4.450953686450205282e-01
4.497181340537252936e-01
4.543273379355809993e-01
4.591621587871017596e-01
4.640782181768798864e-01
4.691095025939873153e-01
4.737779215130473176e-01
4.787207579481815856e-01
4.837139490057822400e-01
4.885706759749695038e-01
4.936318366252478995e-01
4.986682467515279882e-01
5.035508193208357852e-01
5.089616013502151759e-01
5.140379627993567624e-01
5.191365272030665778e-01
5.241433187541773009e-01
5.289791482247494514e-01
5.338749613140194583e-01
5.387810750349544264e-01
5.434165924175644591e-01
5.482835802089169874e-01
5.532369846271336655e-01
5.583213253310006507e-01
5.630066626501459837e-01
5.675238740244168412e-01
5.716633817596701306e-01
5.764106523969658724e-01
5.810470133512382063e-01
5.856850102769683986e-01
5.902890646286351739e-01
5.947042010975991388e-01
5.990697257625896555e-01
6.032779072770679818e-01
6.073656350349025956e-01
6.113777022643205328e-01
6.155355054295341688e-01
6.199568243101509779e-01
6.246405045613059315e-01
6.289731281115393813e-01
6.331409223463708713e-01
6.375045704637614108e-01
6.419382500711492412e-01
6.463532256702535506e-01
6.507495218073628962e-01
6.549713255157030289e-01
6.591920688341161849e-01
6.634215955104423301e-01
6.677728219388754383e-01
6.720654716025009634e-01
6.763079970240752914e-01
6.807233009098965226e-01
6.855287248231718422e-01
6.902777735085763311e-01
6.948452332433774359e-01
6.993102170600380418e-01
7.035766198941644234e-01
7.076160173390135810e-01
7.113069940332792385e-01
7.155266282379884046e-01
7.196005278218748913e-01
7.241051951146033616e-01
7.284157178834433921e-01
7.327541710475955483e-01
7.372324951937443416e-01
7.418533750203835098e-01
7.464731790528134070e-01
7.510362620464263728e-01
7.557943066356145323e-01
7.607232632173506204e-01
7.652937345310775186e-01
7.698955623040006913e-01
7.746957722099239163e-01
7.794718445185822020e-01
7.842207735748161213e-01
7.891000689213498731e-01
7.938064565636295811e-01
7.984240328865368497e-01
8.031127269231674859e-01
8.078238569568512162e-01
8.125221697190880832e-01
8.172793779817411064e-01
8.219299434618108080e-01
8.268903431710086238e-01
8.314809377741170238e-01
8.359174969629847851e-01
8.403205798210606758e-01
8.449656206556994675e-01
8.495759149519841458e-01
8.541702369728767508e-01
8.588492214930880664e-01
8.632253741759399190e-01
8.676353600403601263e-01
8.717405790186347758e-01
8.761268421179337906e-01
8.806316219570078374e-01
8.849562416380081231e-01
8.894561307676696060e-01
8.940101249414880158e-01
8.986129034213661271e-01
9.032890254572834010e-01
9.077032291170752387e-01
9.116865038863721793e-01
9.159600250458836967e-01
9.202352402048674662e-01
9.246610195892657202e-01
9.291826472549189475e-01
9.338334439598625636e-01
9.384221327579425065e-01
9.429863243837317555e-01
9.475462895448316658e-01
9.520570364722118484e-01
9.568058974539184192e-01
9.614210431501319931e-01
9.659280114056443267e-01
9.706559710559830023e-01
9.753715576524513153e-01
9.799243614728538887e-01
9.845072589732737356e-01
9.892623728052569732e-01
9.936322219038657977e-01
9.979963329139209804e-01
1.002654083480187808e+00
