0.000000000000000000e+00
1.992558445564895919e-04
4.337371220017871565e-04
6.819787609018135299e-04
8.501074634423844145e-04
1.027213702599283351e-03
1.194420737171242308e-03
1.431129208576464862e-03
1.668350997157119764e-03
1.793522665302305086e-03
1.996432422401994700e-03
2.237161356731576234e-03
2.394108351978729843e-03
2.544244038546139564e-03
2.697914114889954362e-03
2.873215028095899015e-03
3.156323697183438526e-03
3.432972344867835091e-03
3.432972812497325776e-03
3.752284263818239651e-03
3.718303404404821322e-03
3.986961945173561617e-03
4.149542227580127474e-03
4.285648145980758272e-03
4.331365778618589957e-03
4.578610540804106677e-03
4.470857625413771075e-03
4.720807972176999101e-03
4.765201364314464172e-03
4.799466165053445366e-03
4.968432773296171945e-03
5.016119948948016827e-03
5.187389204998282821e-03
5.223388451270238875e-03
5.375326587916617882e-03
5.436902010650612738e-03
5.395032135581345756e-03
5.480730018682322680e-03
5.615992121249746560e-03
5.537983934061685432e-03
5.704025031675996615e-03
5.753312870155014025e-03
5.910745323070898394e-03
6.073172075097943434e-03
6.284398936593049712e-03
6.374131523102732899e-03
6.630193220956925870e-03
6.602871457964454294e-03
6.720790585831082353e-03
6.789325337919649428e-03
6.922972171565788813e-03
7.069618218551454447e-03
7.283200463838568339e-03
7.228109971585183757e-03
7.477129550395034130e-03
7.552307772783706241e-03
7.773148629198090021e-03
7.764616879335051181e-03
7.978049162794320637e-03
7.986601617645305851e-03
7.997067611547947763e-03
7.959257907486971817e-03
8.122460158787703222e-03
8.267196467585335995e-03
8.409630531787115615e-03
8.277438807802184328e-03
8.391987728224137300e-03
8.509354551705428094e-03
8.527743126357734127e-03
8.412650179067782119e-03
8.533414489342305842e-03
8.616620412233544357e-03
8.563502917866117059e-03
9.023041116677177342e-03
8.983239379645624467e-03
8.887342441930456971e-03
9.070821468128542620e-03
9.205553494552987104e-03
9.115815642580571421e-03
9.129671062908073509e-03
9.128110721796645066e-03
9.268606153980840645e-03
9.222217434057711216e-03
9.338200645750305284e-03
9.350205595460181485e-03
9.315197193217272797e-03
9.333677120046957043e-03
9.222471885507843581e-03
9.422895252328089555e-03
9.274083528055143688e-03
9.269274253831838450e-03
9.375737443264142712e-03
9.296278047372652509e-03
9.353567867186995954e-03
9.434973512448152633e-03
9.525788538198298738e-03
9.643969906363736300e-03
9.720298450744735419e-03
9.633840878095156768e-03
9.557017083963614823e-03
9.626956483181459134e-03
9.492025488626154583e-03
9.663759968233875952e-03
9.711774949785478839e-03
9.623048885664786667e-03
9.685183726546142680e-03
9.598753803892634551e-03
9.707363499103394133e-03
9.670374650099233804e-03
9.722949498133459656e-03
9.691088230582067808e-03
9.415045217593842608e-03
9.513558699872248781e-03
9.492898998118448617e-03
9.477853332747088189e-03
9.728265078095432727e-03
9.702298642906725945e-03
9.804375625762418167e-03
9.754474324878970037e-03
9.842026989048235919e-03
9.812196359419544933e-03
9.744815882903878901e-03
9.656183168964105334e-03
9.684516325442871221e-03
9.735475229064149971e-03
9.606978516316644345e-03
9.818963828088556056e-03
9.989062314907926066e-03
9.902591421557360718e-03
9.888106820923781015e-03
9.772636434824732987e-03
9.922475561644716890e-03
9.907956215272406553e-03
9.757780066976806665e-03
9.678537969186606915e-03
9.478912620991764015e-03
9.553784137779075536e-03
9.211332780857617308e-03
9.349586412078281228e-03
9.284825716044053934e-03
9.348595380288315937e-03
9.238085589402089681e-03
9.304218378737516559e-03
9.318279432832810016e-03
9.067741341432622448e-03
9.049789287495002554e-03
9.138164300438234022e-03
8.949216866376730195e-03
9.146130057203549768e-03
9.088034299452374398e-03
9.041328036012430402e-03
8.894308434463482627e-03
9.081242961926250246e-03
9.009475020171464621e-03
9.187759949803364634e-03
9.067975253110205358e-03
8.949495797295980992e-03
8.885425106598177081e-03
8.850802159223292165e-03
8.979225454687878027e-03
9.012408075790290241e-03
9.027634133843775999e-03
8.981148130160931942e-03
9.051366282733397384e-03
9.049535690770937890e-03
9.152247076393393854e-03
8.974682059879057761e-03
8.769747492273438638e-03
9.094139641049991951e-03
9.050919064321760743e-03
9.016464585293704204e-03
8.984453985775076035e-03
8.926827962888239654e-03
9.155403696134101210e-03
9.080006691647213302e-03
9.230200252162035213e-03
9.299286682107776869e-03
9.259068155962779656e-03
9.145358481710275100e-03
8.907888850792744506e-03
9.260985329390791776e-03
9.247890301210759390e-03
9.519508717175995116e-03
9.380976254497852551e-03
9.417571582844175282e-03
9.638879966324509496e-03
9.675504496492237649e-03
9.654766489916255523e-03
9.704110456361547676e-03
9.756553218153385387e-03
1.001489464644578220e-02
9.903751432950969047e-03
9.773550622675486466e-03
9.651701701535841948e-03
9.745437886898855595e-03
9.683825286820990641e-03
9.722980598681374431e-03
9.737410477079322391e-03
9.737288938126198445e-03
9.876801118394951118e-03
