0.000000000000000000e+00
-6.871566078847645385e-03
-1.234336659966758917e-03
1.205227962836565156e-03
2.256341665518005538e-03
-4.266116693085872900e-03
-4.593927932144044497e-03
-7.669436320831024903e-03
-7.690103208498615291e-03
-6.259907088797783681e-03
-4.704310977274237839e-03
-9.769520569307479918e-03
-8.342899536554017337e-03
-2.628184307401661840e-03
-4.392754209861495819e-03
-6.358992110759002607e-03
-4.047514198138504188e-03
-4.997526623468143830e-03
-4.302981434204986196e-03
-1.050451459180055426e-02
-1.013979313998891914e-02
-2.896397626038781353e-03
-5.064173139634349161e-03
-5.653140457263157968e-03
-7.717611033673130345e-03
9.203516389473684551e-04
-8.228163098038780363e-03
1.307553350493074812e-03
-1.781569098570637104e-03
-3.172712336609418132e-03
-1.789038233407202159e-03
-2.353973987213296443e-03
-2.954168617030471060e-03
-4.647144845927977594e-03
1.523330347313019313e-03
-7.577597648099723346e-03
-2.600309829340720098e-03
1.991933440565096976e-03
-6.800197439268697817e-03
2.186631645761772747e-04
-3.049766842703601107e-03
-3.861074359324099918e-03
-1.852501438614958477e-03
-5.043726549252077959e-03
-4.292835902670360387e-03
-4.691584733019390357e-03
-5.100565075235457234e-03
-3.331870168055401857e-03
-5.453714566393351622e-03
1.784925937806094206e-03
1.434718816509695334e-03
-7.793569880775623633e-03
-9.057572709263158467e-03
-4.593310869063712241e-03
-1.037448346755678701e-02
-7.594528078747922809e-03
-7.582779302493074421e-03
-3.181492668598337892e-03
-2.610908003058171663e-03
-6.323931845695291223e-03
-2.438946494149584528e-03
-7.182652428144044830e-04
-4.888063303867036351e-03
-6.377602308166204804e-03
-6.633760176044321312e-03
-9.680101811069251674e-03
-3.876194957673130374e-03
-6.960136879867035581e-03
-6.648173507612188671e-03
-5.533856886083102916e-03
-6.160413601407201817e-03
-2.396150979357340553e-03
-2.444513565096952893e-03
-4.948181797285318775e-03
-7.202023426969529282e-03
-3.608757285119113412e-03
-5.390520578958449098e-03
-3.397501900376731325e-03
-7.744440001861496205e-03
-7.518256738260387789e-03
-8.981204636520774900e-03
-6.230962294116343739e-03
-8.335207089783932752e-03
-6.854023274083102454e-03
-9.742410041806095003e-03
-4.751312781285318282e-03
-5.857255356265927797e-03
-1.209540633850415565e-03
-6.362952291878116139e-03
-8.219748261318559485e-03
-4.928478566204986568e-03
-5.474093052731302152e-03
-3.943636589351800364e-03
-1.250894179390581661e-04
5.888760596565096629e-04
-1.507453125573407103e-03
-3.786715849551246585e-03
-4.437837430160664932e-03
-7.668267852121883783e-03
-2.538159823268697907e-03
-2.587360541717451633e-03
-4.488652386504155163e-03
-5.496586191346260371e-03
-2.296543475944598251e-03
-4.275589147301938654e-03
-2.656121863434903006e-03
-4.609422944675900177e-03
-2.936177266260387754e-03
-1.916449331191135634e-04
-7.774607058182825096e-03
-1.235792793030470816e-03
-3.815265104686980414e-03
-2.770260419135734016e-03
-3.716049247445983323e-03
1.834511909052631605e-03
-1.434052108487534607e-03
-4.555329971091412466e-03
-8.659890593041551579e-03
-4.200880146858725420e-03
-4.516237584941828684e-03
1.574392808421052627e-04
1.171109580587257563e-03
5.918253265961219249e-03
-2.931206350160664789e-03
1.014068609119113569e-03
1.564031678470914231e-03
1.420936743988919764e-03
1.293153922326869675e-04
7.707765296177285057e-03
5.385201446005539842e-03
3.867217412476454085e-03
7.242989532099722814e-03
7.618486146925207946e-03
6.166160709706371319e-03
5.001033246958448697e-03
6.011279288542936521e-03
3.743771023401662023e-03
2.068249468642659270e-03
1.544033943423822781e-03
6.881989970404431972e-03
5.407241720398891713e-03
6.484570271711911048e-03
5.484481496132963957e-03
2.399517425584487672e-03
1.166951379953462542e-02
7.457910123578947309e-03
1.216453328822160625e-02
8.581116024166205239e-03
7.535895118027701248e-03
7.721454145506925076e-03
2.811689759667590147e-03
7.011390622626038557e-03
2.496977246869805898e-03
5.170501881662049881e-03
8.173396694858725553e-03
4.371380044409972458e-03
6.382720258193906072e-03
6.418441016044321677e-03
1.005040401541274289e-02
8.121937238315789925e-03
3.518805815933518082e-03
7.243700693296399075e-03
1.053021136203878202e-02
6.325615891512465123e-03
9.984931506127423667e-03
7.977040846570637722e-03
1.146849348663711923e-02
6.134392457518005916e-03
9.460003478725761972e-03
1.220128745566759036e-02
1.136276817820498601e-02
9.602435621795014226e-03
7.939678444819945127e-03
1.049577572724653789e-02
8.988001624686979898e-03
1.656502986772299263e-02
9.590066603279778085e-03
1.424202927525761858e-02
1.535219960165096903e-02
1.247958680278116357e-02
1.361007817383933470e-02
1.223096938436565168e-02
1.417823860006648187e-02
1.391053414285872529e-02
1.817346888534071905e-02
1.526299210119667557e-02
1.115484973212188362e-02
1.256482304785595631e-02
1.144459084768975100e-02
1.513078256063157823e-02
1.918807842355678764e-02
1.643252620192797719e-02
1.554866596477562368e-02
1.538608481420498594e-02
1.272703447993351819e-02
1.729117705780609457e-02
2.088986586992797739e-02
2.190557114475346137e-02
2.182886788298061057e-02
2.175923029956786797e-02
