0.000000000000000000e+00
7.324274758104820648e-04
1.601515417753773818e-03
2.630881321145750462e-03
3.929783507587103486e-03
5.250641599864991349e-03
6.671266100219952477e-03
8.269033587538388019e-03
9.796674130420512938e-03
1.137167469817512711e-02
1.300120923704639608e-02
1.480843942297127569e-02
1.663968121194869809e-02
1.854923077673475973e-02
2.040593564149162376e-02
2.245420967737032925e-02
2.457119503971938457e-02
2.668791641607271004e-02
2.857205483179114935e-02
3.058855930389370315e-02
3.232143143529953022e-02
3.446833329296339343e-02
3.643685304211174980e-02
3.855367092854322664e-02
4.060088695147356930e-02
4.271130211516549480e-02
4.482395433850427935e-02
4.722516680460131511e-02
4.924442229931713655e-02
5.125543023331147197e-02
5.339442967471796919e-02
5.543126207905402225e-02
5.764614905446308057e-02
5.979441876942104273e-02
6.178055446444830068e-02
6.380704342372212068e-02
6.585174526226467151e-02
6.772009441172599509e-02
6.978543234283307584e-02
7.188224427841305442e-02
7.374818555557993704e-02
7.555080716570472532e-02
7.739423903559838891e-02
7.902882400804855934e-02
8.089421980868394257e-02
8.269207680387324899e-02
8.444248730897641053e-02
8.634883551530236900e-02
8.827261065797387118e-02
9.007879880653035798e-02
9.194895754071552574e-02
9.371368044298122868e-02
9.542144232003124671e-02
9.729977852031623797e-02
9.920726155743153640e-02
1.011116932292566162e-01
1.030884659425979066e-01
1.047732774074887629e-01
1.067314607290654749e-01
1.085016333337236460e-01
1.104834947044679438e-01
1.125299724518384892e-01
1.143043621277897159e-01
1.164946231723718029e-01
1.183227929851398130e-01
1.201613744334437683e-01
1.221301828715013471e-01
1.241355313489975742e-01
1.260570405489147561e-01
1.277848706049198313e-01
1.296960526350474652e-01
1.316586279734508480e-01
1.332730197567144614e-01
1.354487290288943768e-01
1.373973896886937496e-01
1.394350262601591339e-01
1.412999472689975278e-01
1.434749919452826816e-01
1.452781323248117928e-01
1.469900391531098194e-01
1.489296078469379836e-01
1.509693958228197630e-01
1.529859982328289902e-01
1.550051929498721393e-01
1.571878342440058418e-01
1.594332849311115297e-01
1.615946347498820046e-01
1.637585295954409048e-01
1.659713438710141986e-01
1.680343980219376476e-01
1.702690391893995070e-01
1.725274871313828839e-01
1.746321208124257396e-01
1.767738297960050886e-01
1.790186926624244279e-01
1.815362259251500632e-01
1.841128534191014410e-01
1.864882817799724535e-01
1.888642391630028783e-01
1.912358327596663798e-01
1.938465696158715446e-01
1.959731445275778583e-01
1.984310045906099162e-01
2.010600237493633813e-01
2.034356734291691282e-01
2.059420569570775683e-01
2.086435127857342309e-01
2.109831109170414720e-01
2.133682967672072550e-01
2.161068834645405445e-01
2.186578630380964228e-01
2.210098546921486218e-01
2.235028179990266040e-01
2.260065327632005960e-01
2.286154937362141482e-01
2.312590839294301759e-01
2.336299987895174013e-01
2.363784923926459669e-01
2.388492719970187750e-01
2.413846216863930749e-01
2.438716387047605849e-01
2.464232290916612556e-01
2.489473023772532656e-01
2.514527757245090811e-01
2.540704158025803849e-01
2.565104950646741599e-01
2.590793146999459395e-01
2.618517116250487220e-01
2.642485590173393462e-01
2.668617026481072685e-01
2.692704011043076662e-01
2.722453682285106424e-01
2.745632471631722638e-01
2.769707406224526380e-01
2.792282240690298067e-01
2.817802585549387118e-01
2.845307691532070749e-01
2.869622699290275136e-01
2.897336579831772951e-01
2.926965605155302796e-01
2.954767932557729182e-01
2.981076229129726585e-01
3.008173574304393583e-01
3.036164044366813641e-01
3.061396564434488710e-01
3.092786735504589046e-01
3.123880615242029535e-01
3.150867744117320512e-01
3.180653173306922099e-01
3.210858466250385845e-01
3.237374342679615324e-01
3.263971209398519591e-01
3.293234486838159114e-01
3.322985653159591379e-01
3.353641447254744890e-01
3.381231025104156629e-01
3.409186140984630242e-01
3.439222356848858908e-01
3.468801524830027461e-01
3.500345236506277047e-01
3.530159440699804918e-01
3.557788633351677277e-01
3.585957033468361033e-01
3.614163840417390361e-01
3.641680941742393429e-01
3.672432976829540507e-01
3.701207074587600232e-01
3.728558587145087699e-01
3.760791702421286686e-01
3.791347461252385642e-01
3.820922314661743258e-01
3.852339096886936431e-01
3.883426868418524691e-01
3.918870570833661304e-01
3.950861471422157933e-01
3.983136362189441115e-01
4.016281012098161796e-01
4.050269008089841805e-01
4.083133179656286416e-01
4.115488427669404814e-01
4.151136409089204449e-01
4.182591349566351369e-01
4.216855786486348734e-01
4.248258408343730252e-01
4.281824857006597540e-01
4.312900516290838482e-01
4.348546433727804583e-01
4.381049488190740249e-01
4.413420575880664387e-01
4.449629269416277566e-01
4.483544849937004528e-01
4.518891959447657314e-01
4.550817636264454791e-01
4.584928426201884122e-01
4.621023502166892172e-01
4.654881883902604045e-01
4.687635788202726417e-01
4.720821514278625841e-01
4.757668637454202099e-01
4.791086598102509697e-01
