0.000000000000000000e+00
-1.018934853647124328e-05
-2.097556934188560263e-05
7.948273420765872288e-05
9.310969848286276829e-05
2.308031314157688030e-05
-1.815249770160676235e-04
-3.655566206646199134e-04
-3.913243856175085966e-04
-4.514433427615927030e-04
-3.798043362621683627e-04
-4.115712165173590620e-04
-1.760454141574996356e-04
-6.282195885631836063e-05
3.222211294229282430e-05
1.702723320562427034e-04
4.920125892482474228e-04
7.207050979971540983e-04
1.341067674957230338e-03
1.770394756483995025e-03
1.658522513551474731e-03
1.144661778873512503e-03
5.920805658519157078e-04
2.927059230373174614e-04
4.796339728585508055e-05
-2.294969731693186077e-04
-2.710058664661119110e-04
-2.083666294154795651e-04
-3.586290128723135240e-04
-5.451920335630688896e-04
-4.521024563572950683e-04
-3.736119722006492339e-04
-8.106581438340754175e-04
-9.472232343270547972e-04
-1.145334686754040376e-03
-1.154705210858253395e-03
-8.783918608870067146e-04
-4.745486847212987414e-04
1.071159684116196331e-04
8.413540448799494698e-04
1.322647163746637489e-03
1.730086095022898007e-03
2.149410605987611689e-03
2.639475994371309753e-03
3.436968511387306080e-03
4.254078188012044848e-03
4.811935010494039489e-03
5.412265562306117772e-03
5.775080999583792618e-03
5.476471076697464468e-03
5.007727682539098168e-03
5.107275943451838884e-03
4.876308811070373395e-03
4.710007809123339939e-03
4.837098077942414420e-03
4.099934277860484144e-03
3.069240790495086912e-03
2.420509493497036146e-03
2.145934354331302529e-03
1.836331400127733104e-03
1.930397232428049392e-03
1.446368799804531591e-03
9.683902148154288625e-04
9.669588223886194100e-04
1.191942324759054372e-03
2.199512045834239871e-03
3.355914608903276530e-03
3.982644786027833561e-03
4.940859335270886277e-03
5.506119934054254372e-03
5.780191091602659981e-03
5.729649438606543299e-03
5.490560749784378913e-03
5.284725744274965109e-03
5.130698214813378399e-03
4.796696407623812775e-03
4.839194134817148552e-03
4.448074213605934801e-03
4.260787018324663222e-03
4.296441577821497049e-03
4.427621802335579559e-03
4.290492719398741883e-03
4.245582118727497800e-03
4.231646972726821332e-03
4.189940267558256437e-03
4.013739445731800970e-03
4.107421976037528566e-03
4.466056066441126404e-03
4.293991942780905902e-03
4.234336714993958140e-03
4.020238673284382003e-03
3.920906457963724279e-03
3.311094609458109517e-03
2.851845102050276637e-03
3.102306073564875533e-03
3.166863502876537950e-03
2.748728333919814304e-03
2.331301200896973569e-03
1.805217163671102298e-03
1.366684004644014294e-03
1.272135426553688831e-03
8.086902149244679094e-04
6.741166676604848362e-04
3.037475618867802041e-04
2.908011835316415272e-04
-7.970990095174101953e-05
-5.892550231436644026e-04
-5.524308951336820428e-04
2.339299466314059828e-04
6.651013337091171707e-04
1.077353835839289786e-03
1.059999033877545571e-03
1.156637001784588392e-03
1.028948331004642114e-03
5.136885311500805074e-04
-1.299925781594879481e-04
-3.160456920099363742e-04
-2.656409681662807998e-04
-5.945682114543160424e-04
-6.460658229130444852e-04
-1.132370468610588432e-03
-1.135019085772626113e-03
-1.157327665517016158e-03
-8.779321354168700964e-04
-7.974456564880938458e-04
-8.514497702307721738e-04
-9.644921715619148017e-04
-1.034289477686911596e-03
-1.003202949732440175e-03
-6.408693556778644052e-04
-6.816804087605987661e-05
7.175620270274407630e-04
1.176043999429055020e-03
1.384667384989768379e-03
1.334193702902553014e-03
1.230710099143550451e-03
1.516502404555808425e-03
1.298927277034067629e-03
7.985277579791727476e-04
2.365464917559734204e-04
-3.701289021762477205e-05
1.051760400940793261e-04
4.308252192686268245e-05
2.258879978640493391e-04
4.124992944269934014e-04
9.427886379995698007e-04
1.516642893164998895e-03
1.932662730304457455e-03
1.955964893753048273e-03
2.024363887088043157e-03
1.840489820843060897e-03
2.005752312591368991e-03
1.817518207211321624e-03
1.795729268444290483e-03
2.067505540011893572e-03
2.239668317663756625e-03
2.186447011062853107e-03
1.803405832013993404e-03
1.762495971505018133e-03
1.599345858295464495e-03
8.710037035442041997e-04
1.105549505595604387e-04
-2.454238101350370016e-04
-8.447629980068427358e-04
-7.652894285712363853e-04
-8.620329889197364537e-04
-1.492101187160699283e-03
-2.248910425294070592e-03
-2.451404856479655336e-03
-2.710117352343388575e-03
-3.071490488849804024e-03
-3.324190012264693905e-03
-3.469702071797087228e-03
-3.881276466003669157e-03
-4.770106249473826665e-03
-5.413363711696206337e-03
-5.745031343622031272e-03
-5.888011872855258844e-03
-5.786607992796177768e-03
-5.449573457894985040e-03
-5.397067167152158618e-03
-6.220501491043251008e-03
-6.774155132198700358e-03
-6.688125804394928764e-03
-7.008720077834595941e-03
-7.446638492353940819e-03
-7.858429090681795515e-03
-7.593887931378162648e-03
-7.508314806344174031e-03
-7.318567829763367172e-03
-7.052958497467898269e-03
-7.173495259948481362e-03
-7.039260041892703157e-03
-7.042136920411223855e-03
-6.696023627299041436e-03
-6.554181443618745107e-03
-6.228851475889030098e-03
-5.945637022911398617e-03
-5.850666129880721655e-03
-5.584489271633685803e-03
