2.127950624739582963e-04
6.418041994251666438e-04
1.504123848555138920e-03
3.042718736850247296e-03
5.457794660159720479e-03
9.360189158165610479e-03
1.367242699063808686e-02
1.884143342427080370e-02
2.462154557668583266e-02
3.094225855303989192e-02
3.737933103689528025e-02
4.423686013568328690e-02
5.147299388159609634e-02
5.893890131346068983e-02
6.682484305409275294e-02
7.393219888933089123e-02
8.189215744683053799e-02
8.968415373638549681e-02
9.707502996685235530e-02
1.044224646446920701e-01
1.117790715907460708e-01
1.193622844443353870e-01
1.264171917480325646e-01
1.336505312034432791e-01
1.408416338182121308e-01
1.480749881429090919e-01
1.551543731516815683e-01
1.620093573607306325e-01
1.688502491523067306e-01
1.751855328915681298e-01
1.824748045860218326e-01
1.891825440128371838e-01
1.957636208269732947e-01
2.019803383312179790e-01
2.080394925486714897e-01
2.144717334517736163e-01
2.206648343735650997e-01
2.267526188443724777e-01
2.329506695169314412e-01
2.392703836162368702e-01
2.459084059083949114e-01
2.517933716159035384e-01
2.584097299154777261e-01
2.644632138264242371e-01
2.699211948568418507e-01
2.756625767096778645e-01
2.811366894271145611e-01
2.867583351544737980e-01
2.925404159451971964e-01
2.977552740044657753e-01
3.031991654741972297e-01
3.087775324908932362e-01
3.141365031869796098e-01
3.202229429188960808e-01
3.255585996913197278e-01
3.293683999310346167e-01
3.345757914719769133e-01
3.391489892855545918e-01
3.443240631908324190e-01
3.493819661450601188e-01
3.550532552878635784e-01
3.611210741646289080e-01
3.671089979058166364e-01
3.727825482541646807e-01
3.780694220787523818e-01
3.837107444444214366e-01
3.891614330163619684e-01
3.945034673355536370e-01
3.996660655124415484e-01
4.043650756887018360e-01
4.092700385210008562e-01
4.140109042963189268e-01
4.189717298323003547e-01
4.240929223702281092e-01
4.290578074948925291e-01
4.342678805590693969e-01
4.399634615582073138e-01
4.455515141250714350e-01
4.504646391282633999e-01
4.552670100945732656e-01
4.600256584255859593e-01
4.646019603503077633e-01
4.700726324314317139e-01
4.742870251050987918e-01
4.800220001327417663e-01
4.847606877992873819e-01
4.890808666272405958e-01
4.935907780019235247e-01
4.983345983583689076e-01
5.031134218183765938e-01
5.080916572288600719e-01
5.121683409457631342e-01
5.165815762287238044e-01
5.212888715382106852e-01
5.255326918051821394e-01
5.301532033180365033e-01
5.351937270792817003e-01
5.396540161830216675e-01
5.445289061506457529e-01
5.490640603149614662e-01
5.541626568146824638e-01
5.578439968583737141e-01
5.620125327349825284e-01
5.656148620882177624e-01
5.706765432143612315e-01
5.757604584312403517e-01
5.806398411643485247e-01
5.857621572597082604e-01
5.901608795520161266e-01
5.947929914009009167e-01
5.996884262636186236e-01
6.045311865668807627e-01
6.087137966483524565e-01
6.130764428361175078e-01
6.180424962912383080e-01
6.235854446955855224e-01
6.284814118847137365e-01
6.327868741190556534e-01
6.373145838639118210e-01
6.418186525815272603e-01
6.465291422540957456e-01
6.505556663633953463e-01
6.550289803912434650e-01
6.595390728834260585e-01
6.642332941924493639e-01
6.693485706938062663e-01
6.742735766435572486e-01
6.789782622455717842e-01
6.838745761968212378e-01
6.879997942698352631e-01
6.924449988075593865e-01
6.963718987763272139e-01
7.003601647160095922e-01
7.041446335915892973e-01
7.076921053932778705e-01
7.113005009287363123e-01
7.159528272842194951e-01
7.197197539042932135e-01
7.239934545793573761e-01
7.275307765111591607e-01
7.312246535026645233e-01
7.355160798923066068e-01
7.401175841291518509e-01
7.441832333263107557e-01
7.479711098735251085e-01
7.522569886783330162e-01
7.571159013396169257e-01
7.602804161894383128e-01
7.640053716773635983e-01
7.689445299988832971e-01
7.737462539244290838e-01
7.785349645605634805e-01
7.834417349126567842e-01
7.881671819632316556e-01
7.932915573839522949e-01
7.968802781373796051e-01
8.007566014924094588e-01
8.050350736459179757e-01
8.095517168140133890e-01
8.133572569334361901e-01
8.187080357214782111e-01
8.224490449386792079e-01
8.260835283967651321e-01
8.296765600573934307e-01
8.337786577051673476e-01
8.382800977634019546e-01
8.415606645022108978e-01
8.463945159722925382e-01
8.503679907776557911e-01
8.546540832470626015e-01
8.573754692218855666e-01
8.618269106412057567e-01
8.666283822451177343e-01
8.708629262958993422e-01
8.748920046080357338e-01
8.785011734726353438e-01
8.823597240056244573e-01
8.868580911096870523e-01
8.907583744529361525e-01
8.941337283943013858e-01
8.976524094150448718e-01
9.012501861665356273e-01
9.046821270016920380e-01
9.087042398137938903e-01
9.135295772279405924e-01
9.175870820459195443e-01
9.215505142325568499e-01
9.256224415697005270e-01
9.291350128553759191e-01
9.339766834792158079e-01
9.377155269743724375e-01
9.410136593939597560e-01
9.449005553793767831e-01
9.488339497889910490e-01
9.527826126871801193e-01
9.564690883270046129e-01
9.611350052825997636e-01
9.644285851516869457e-01
9.677785763654611628e-01
9.720030397244912024e-01
