-2.472949454102035816e-05
-3.151114845678648635e-05
-3.253487193433102220e-05
-4.776768996350710950e-05
-4.477108983280686516e-05
-3.556676483640330844e-05
-4.911574549737451889e-05
-5.317404361449007411e-05
-6.179118720694987132e-05
1.017937378193778386e-04
8.975057406956921113e-05
-1.561417114359642255e-04
-2.734823956416221336e-04
-2.757668230941590082e-04
-3.446486982028318380e-04
-4.328849721986216537e-04
-4.465578808137138367e-04
-3.842858321760900253e-04
-4.183288503440962813e-04
-4.287582437001447033e-04
-5.069350203470435190e-04
-4.850015121533601814e-04
-3.913740594896353286e-04
-4.456451134657868351e-04
-5.358024727186716518e-04
-4.026621584287681799e-04
-3.811841299139473449e-04
-3.512685291582329228e-04
-1.467948305062805048e-04
3.244410001457254111e-05
4.112602642862839275e-04
9.539656254275996616e-04
1.449875992108218270e-03
1.758047552137043112e-03
2.065117071921918068e-03
2.752204234099053792e-03
3.091161092584115977e-03
3.545917602714609984e-03
4.071598016928135166e-03
4.451793946451232387e-03
4.729294030781261426e-03
5.010506306035722446e-03
5.562510984454149821e-03
5.791266612483525478e-03
5.861142500727112292e-03
6.002941752377921603e-03
6.244603907482826344e-03
6.664473319176522637e-03
6.883503955997127832e-03
7.196565632561657821e-03
7.616904500963528335e-03
7.910628910288153293e-03
8.135111913595949318e-03
8.473237009894774019e-03
8.804093576117111297e-03
8.782967360680515867e-03
9.034558192873021198e-03
9.186073616461953861e-03
9.536356473468288186e-03
9.762390683775379330e-03
1.041936028080669985e-02
1.100507160701624798e-02
1.139209548730946153e-02
1.169400672998222035e-02
1.206416125025100428e-02
1.235439043055208685e-02
1.275150150662796023e-02
1.313423515274791953e-02
1.360273923945243268e-02
1.397793926582835411e-02
1.437911808326930441e-02
1.477711189411223813e-02
1.549158897118729783e-02
1.602903528603860650e-02
1.652358223797989467e-02
1.695569991184697756e-02
1.748893847700117021e-02
1.787811975194131264e-02
1.845543199509336318e-02
1.906255597582884320e-02
1.955035490103540496e-02
2.006013004172046976e-02
2.076191566968077495e-02
2.090997244742709427e-02
2.131332071711256049e-02
2.181177467668504733e-02
2.220644509886682272e-02
2.260296775361325672e-02
2.308823287419414783e-02
2.349795893378114897e-02
2.381221129530075586e-02
2.430573823595238991e-02
2.472286130513623448e-02
2.491452930380688713e-02
2.525799180507704023e-02
2.572482102309692209e-02
2.621138125282840292e-02
2.657160826004201226e-02
2.696926690423850914e-02
2.739255248165761714e-02
2.798641134335611014e-02
2.813406822601649537e-02
2.826293834915105663e-02
2.847503786549054894e-02
2.904310439203072747e-02
2.949610934186353006e-02
2.991938470133703731e-02
3.041070412076862794e-02
3.074901565047838403e-02
3.110089232894353017e-02
3.185976054623296250e-02
3.238935730291103710e-02
3.291706711226538573e-02
3.340453378754659752e-02
3.396429825084368304e-02
3.462658547714880797e-02
3.504399092212651112e-02
3.544959483605936157e-02
3.590251577146119644e-02
3.629522121377704025e-02
3.681392045550779812e-02
3.707198402125300163e-02
3.739905832928513973e-02
3.775418031263200191e-02
3.824162585489432331e-02
3.865909991941407498e-02
3.915726559122134631e-02
3.968295828044432483e-02
4.009264499241993462e-02
4.039451038092067847e-02
4.079242668813520822e-02
4.107840081903191276e-02
4.167481842440423634e-02
4.211688955528813949e-02
4.242961792696320344e-02
4.293698858791117345e-02
4.344379126434461114e-02
4.386974016181710567e-02
4.429672907203752175e-02
4.453957386201778945e-02
4.473848953249159877e-02
4.521222665204049918e-02
4.556420420755813439e-02
4.600867912687078842e-02
4.630261756286557784e-02
4.672360755021998102e-02
4.734379679171496491e-02
4.766350812799657888e-02
4.799212644734751620e-02
4.835850651814865842e-02
4.875558618950037726e-02
4.919754140030363487e-02
4.962783784870339332e-02
5.009387795579556268e-02
5.059917681287373625e-02
5.125886835735826708e-02
5.172380321143066340e-02
5.200604146095599845e-02
5.258841064448915859e-02
5.304408625593026727e-02
5.388007924602788989e-02
5.451431782675797422e-02
5.502652138242325464e-02
5.514923531582383021e-02
5.564995448283127644e-02
5.615486201998720617e-02
5.656213157062950359e-02
5.719864082422532192e-02
5.763145079629339307e-02
5.804824283804776996e-02
5.837661574955177457e-02
5.875069156484613586e-02
5.896632917901456494e-02
5.969453109920408451e-02
6.048332288538915691e-02
6.127591045072477982e-02
6.188364611727337206e-02
6.271957387161108954e-02
6.369637945127237799e-02
6.424143374693613850e-02
6.482144588689919829e-02
6.526689960646336885e-02
6.590397435993367026e-02
6.656438164147004954e-02
6.723105875092727501e-02
6.769690923393056892e-02
6.807254152684549808e-02
6.862975196158060953e-02
6.918830096910966176e-02
7.012237365224649466e-02
7.085562961680125227e-02
7.134112973295714255e-02
7.190814433390357863e-02
7.254735218040764266e-02
7.316694149365332578e-02
7.379375404393329063e-02
7.448362899042137997e-02
7.503940280913212746e-02
7.565409973705072844e-02
7.647721815380492671e-02
