0.000000000000000000e+00
4.950606171665978498e-04
9.901212343331956996e-04
1.485181851499793549e-03
1.980242468666391399e-03
2.475303085832989032e-03
2.844615334132989063e-03
3.213927582432989094e-03
3.583239830732989125e-03
3.952552079032989156e-03
4.321864327332988753e-03
4.494814896612988470e-03
4.667765465892988186e-03
4.840716035172987902e-03
5.013666604452987619e-03
5.186617173732987335e-03
5.439567066832987248e-03
5.692516959932987161e-03
5.945466853032987074e-03
6.198416746132986987e-03
6.451366639232986901e-03
6.983883560332987232e-03
7.516400481432987564e-03
8.048917402532987028e-03
8.581434323632987360e-03
9.113951244732987692e-03
9.911536020832988417e-03
1.070912079693298914e-02
1.150670557303298987e-02
1.230429034913299059e-02
1.310187512523299132e-02
1.438859843403299081e-02
1.567532174283299204e-02
1.696204505163299153e-02
1.824876836043299103e-02
1.953549166923299052e-02
2.123965488623298994e-02
2.294381810323298937e-02
2.464798132023298879e-02
2.635214453723298822e-02
2.805630775423298764e-02
2.955716093197298736e-02
3.105801410971298707e-02
3.255886728745299025e-02
3.405972046519298996e-02
3.556057364293298967e-02
3.709049124429299182e-02
3.862040884565299398e-02
4.015032644701299613e-02
4.168024404837299829e-02
4.321016164973300044e-02
4.445678141115300130e-02
4.570340117257300216e-02
4.695002093399300303e-02
4.819664069541300389e-02
4.944326045683300475e-02
5.097270608111300477e-02
5.250215170539300480e-02
5.403159732967300483e-02
5.556104295395300485e-02
5.709048857823300488e-02
5.965631924363300198e-02
6.222214990903299908e-02
6.478798057443299618e-02
6.735381123983300022e-02
6.991964190523300426e-02
7.172960089403300488e-02
7.353955988283300549e-02
7.534951887163300610e-02
7.715947786043300671e-02
7.896943684923300733e-02
8.065335608703300130e-02
8.233727532483299527e-02
8.402119456263298924e-02
8.570511380043298322e-02
8.738903303823297719e-02
8.847171273143297765e-02
8.955439242463297811e-02
9.063707211783297857e-02
9.171975181103297903e-02
9.280243150423297949e-02
9.438614973843298395e-02
9.596986797263298841e-02
9.755358620683299287e-02
9.913730444103299733e-02
1.007210226752330018e-01
1.022160367382329987e-01
1.037110508012329957e-01
1.052060648642329926e-01
1.067010789272329896e-01
1.081960929902329865e-01
1.092527374836329834e-01
1.103093819770329803e-01
1.113660264704329772e-01
1.124226709638329741e-01
1.134793154572329710e-01
1.151229062426329663e-01
1.167664970280329617e-01
1.184100878134329571e-01
1.200536785988329525e-01
1.216972693842329478e-01
1.230327977104329479e-01
1.243683260366329479e-01
1.257038543628329341e-01
1.270393826890329203e-01
1.283749110152329065e-01
1.292969087752328938e-01
1.302189065352328812e-01
1.311409042952328685e-01
1.320629020552328559e-01
1.329848998152328432e-01
1.338851766680328459e-01
1.347854535208328486e-01
1.356857303736328513e-01
1.365860072264328540e-01
1.374862840792328567e-01
1.388362440172328516e-01
1.401862039552328465e-01
1.415361638932328414e-01
1.428861238312328363e-01
1.442360837692328313e-01
1.452631096832328328e-01
1.462901355972328343e-01
1.473171615112328359e-01
1.483441874252328374e-01
1.493712133392328389e-01
1.503903222828328334e-01
1.514094312264328279e-01
1.524285401700328224e-01
1.534476491136328169e-01
1.544667580572328114e-01
1.554013180246328063e-01
1.563358779920328012e-01
1.572704379594327961e-01
1.582049979268327911e-01
1.591395578942327860e-01
1.598857181348327938e-01
1.606318783754328017e-01
1.613780386160328095e-01
1.621241988566328174e-01
1.628703590972328252e-01
1.639599615628328233e-01
1.650495640284328214e-01
1.661391664940328194e-01
1.672287689596328175e-01
1.683183714252328156e-01
1.692854715586328274e-01
1.702525716920328391e-01
1.712196718254328509e-01
1.721867719588328627e-01
1.731538720922328745e-01
1.741619471414328768e-01
1.751700221906328792e-01
1.761780972398328815e-01
1.771861722890328839e-01
1.781942473382328862e-01
1.787345390672328838e-01
1.792748307962328813e-01
1.798151225252328789e-01
1.803554142542328764e-01
1.808957059832328740e-01
1.815055872936328640e-01
1.821154686040328541e-01
1.827253499144328441e-01
1.833352312248328342e-01
1.839451125352328242e-01
1.847815972320328293e-01
1.856180819288328343e-01
1.864545666256328393e-01
1.872910513224328444e-01
1.881275360192328494e-01
1.891622179574328488e-01
1.901968998956328483e-01
1.912315818338328477e-01
1.922662637720328471e-01
1.933009457102328466e-01
1.942416963248328465e-01
1.951824469394328465e-01
1.961231975540328465e-01
1.970639481686328465e-01
1.980046987832328464e-01
1.992883138058328396e-01
2.005719288284328328e-01
2.018555438510328259e-01
2.031391588736328191e-01
2.044227738962328123e-01
2.054214384058328235e-01
2.064201029154328348e-01
2.074187674250328461e-01
2.084174319346328574e-01
2.094160964442328687e-01
2.104370218498328726e-01
2.114579472554328765e-01
2.124788726610328804e-01
2.134997980666328843e-01
2.145207234722328882e-01
2.153783901340328988e-01
2.162360567958329094e-01
2.170937234576329200e-01
2.179513901194329306e-01
