-1.845242371700805961e-05
-7.292900299660232122e-06
5.734179989502763419e-05
8.879870048161819795e-05
1.502651097666785063e-04
1.699565389259305448e-04
2.482967193770946324e-04
2.702698457710539515e-04
2.957037682023155867e-04
3.354561341240014372e-04
3.979392447135410293e-04
4.691130706859780730e-04
5.245087417691252085e-04
5.698172549415403410e-04
7.049709239552726103e-04
8.163541802019835814e-04
9.453630448348349091e-04
1.078862385462286966e-03
1.222574968586798150e-03
1.389071238151018406e-03
1.691430229890045212e-03
2.056577869652187474e-03
2.434684767280259621e-03
2.815240117556072619e-03
3.163952035940553742e-03
3.517209863886705534e-03
3.867649452949706301e-03
4.159844406885326862e-03
4.486142098336642903e-03
4.879701809301195681e-03
5.522777658249822252e-03
5.990239975837141628e-03
6.450779038765119822e-03
6.973381014347523887e-03
7.531837109723937829e-03
8.087888229965756182e-03
8.612796227225771872e-03
9.166983635623182636e-03
9.745236060865636318e-03
1.040777834662520718e-02
1.113628172953440298e-02
1.165779648241738187e-02
1.252797168420016760e-02
1.310416292886884548e-02
1.360736243037763415e-02
1.434831777422118648e-02
1.509016842221200250e-02
1.595145159659239198e-02
1.682667186378949964e-02
1.767633821691561025e-02
1.839593432659114569e-02
1.914949075229799291e-02
1.995948173759387601e-02
2.092358021296547577e-02
2.176854527092331182e-02
2.233308624444418911e-02
2.301520368587972598e-02
2.363228116610116558e-02
2.451043539160480123e-02
2.523641544174637374e-02
2.621321612534188716e-02
2.731314963455133693e-02
2.848493121287987151e-02
2.956742401968881495e-02
3.061315119276031282e-02
3.147339950670868802e-02
3.232962027716723696e-02
3.334924836840968965e-02
3.436032485647189105e-02
3.526806291054640496e-02
3.626981947254392935e-02
3.749432015147391439e-02
3.872233844426631322e-02
4.012743111184136069e-02
4.115500002772876087e-02
4.202818997185175931e-02
4.297053030332165235e-02
4.396780429225799480e-02
4.492063386607725306e-02
4.592582736729866610e-02
4.703626153453654979e-02
4.789719925935287392e-02
4.892074596251205776e-02
4.933509925249524031e-02
5.051348403171118662e-02
5.138480028852399073e-02
5.206442043472492287e-02
5.284443149938056195e-02
5.368621594165290389e-02
5.436229509908230284e-02
5.530588954785287115e-02
5.602694572291255781e-02
5.691071094599209346e-02
5.783643136140170782e-02
5.866667223332200365e-02
5.954013262648061300e-02
6.047661740948484521e-02
6.139594284581306738e-02
6.256355915422062708e-02
6.351790849487315427e-02
6.449994771848821529e-02
6.528924566466542956e-02
6.624959087650950096e-02
6.683035982138108011e-02
6.795729255655658108e-02
6.871509831018585146e-02
6.970452922633540993e-02
7.058611226955235907e-02
7.149456705804624335e-02
7.253354615765772451e-02
7.367035138178579246e-02
7.476299925374974009e-02
7.564233779940110480e-02
7.652824603550811844e-02
7.749796987693002848e-02
7.850030371005090046e-02
7.944975329066750191e-02
8.022696609954493852e-02
8.122910564902241504e-02
8.218343730835186989e-02
8.293875474264211789e-02
8.369095755836042372e-02
8.459272752923396865e-02
8.562128400416924023e-02
8.652976936845391265e-02
8.740362335938556271e-02
8.837195244882423140e-02
8.929217666946698273e-02
9.030208583663323907e-02
9.125130720800456174e-02
9.232929711984638743e-02
9.304601493241904109e-02
9.388232805061136332e-02
9.466493045677992768e-02
9.543231242212613097e-02
9.624458701414084771e-02
9.730796935989616259e-02
9.824177804603806408e-02
9.904934782493057810e-02
9.986423371452701758e-02
1.003757525621651325e-01
1.013549894491632131e-01
1.022645126411134697e-01
1.031066513472040924e-01
1.037454705200460126e-01
1.043514770408719983e-01
1.054166817749617735e-01
1.061238516802163190e-01
1.069294986428772631e-01
1.077613146829250468e-01
1.083935407941680751e-01
1.093155483811614204e-01
1.102405323037345397e-01
1.111107076641957292e-01
1.117497964419982281e-01
1.124279864153336916e-01
1.130460514432343189e-01
1.138847565813279061e-01
1.148619262894925441e-01
1.156157369017591918e-01
1.166879525439767917e-01
1.174934000357552577e-01
1.181824323460318737e-01
1.188717244624868385e-01
1.195271751489741519e-01
1.205658905588649077e-01
1.213761659250494063e-01
1.226000265654292321e-01
1.236952313691617178e-01
1.248457933057025571e-01
1.254806268650767720e-01
1.265692512751996901e-01
1.276531384477692654e-01
1.287352281391846986e-01
1.298254325809011789e-01
1.310440584894720928e-01
1.322917623262256370e-01
1.335016090626481855e-01
1.346616426439197767e-01
1.358075414806876324e-01
1.370273672778097307e-01
1.380915637599144929e-01
1.391494718131838226e-01
1.402598968234940457e-01
1.415636573739860182e-01
1.426601320878262413e-01
1.437952844193972624e-01
1.449544005108975853e-01
1.459842100158468270e-01
1.473596971055002314e-01
1.485708789119328799e-01
1.496127454481168684e-01
1.511159559210710768e-01
1.524333928402015204e-01
1.537697168297498251e-01
1.549354849655202315e-01
1.564848073559232944e-01
1.577661975408375383e-01
1.591501687347758320e-01
1.606782294732624905e-01
