0.000000000000000000e+00
1.431763388777040034e-02
2.863526777554080069e-02
4.295290166331119930e-02
5.727053555108160138e-02
7.158816943885200346e-02
8.876948836845199864e-02
1.059508072980519938e-01
1.231321262276519890e-01
1.403134451572519981e-01
1.574947640868520071e-01
1.780583996706520122e-01
1.986220352544520173e-01
2.191856708382520225e-01
2.397493064220520276e-01
2.603129420058520327e-01
2.828564601418520064e-01
3.053999782778519800e-01
3.279434964138519537e-01
3.504870145498519274e-01
3.730305326858519011e-01
3.927149035314518866e-01
4.123992743770518721e-01
4.320836452226518576e-01
4.517680160682518431e-01
4.714523869138518286e-01
4.906163442134518493e-01
5.097803015130518700e-01
5.289442588126518352e-01
5.481082161122518004e-01
5.672721734118517656e-01
5.865321577990517676e-01
6.057921421862517697e-01
6.250521265734517717e-01
6.443121109606517738e-01
6.635720953478517758e-01
6.825145994948517147e-01
7.014571036418516536e-01
7.203996077888515925e-01
7.393421119358515314e-01
7.582846160828514703e-01
7.763189304332515084e-01
7.943532447836515464e-01
8.123875591340515845e-01
8.304218734844516225e-01
8.484561878348516606e-01
8.658122486774516569e-01
8.831683095200516531e-01
9.005243703626516494e-01
9.178804312052516456e-01
9.352364920478516419e-01
9.525771424764516437e-01
9.699177929050516456e-01
9.872584433336516474e-01
1.004599093762251538e+00
1.021939744190851540e+00
1.038683634476851525e+00
1.055427524762851510e+00
1.072171415048851495e+00
1.088915305334851480e+00
1.105659195620851465e+00
1.121580077294851430e+00
1.137500958968851394e+00
1.153421840642851359e+00
1.169342722316851324e+00
1.185263603990851289e+00
1.202135933286851310e+00
1.219008262582851332e+00
1.235880591878851353e+00
1.252752921174851375e+00
1.269625250470851396e+00
1.286391462880851266e+00
1.303157675290851136e+00
1.319923887700851006e+00
1.336690100110850876e+00
1.353456312520850746e+00
1.369328365736850683e+00
1.385200418952850621e+00
1.401072472168850558e+00
1.416944525384850495e+00
1.432816578600850432e+00
1.448676505134850467e+00
1.464536431668850502e+00
1.480396358202850537e+00
1.496256284736850573e+00
1.512116211270850608e+00
1.527692458332850611e+00
1.543268705394850615e+00
1.558844952456850619e+00
1.574421199518850623e+00
1.589997446580850626e+00
1.605280035702850716e+00
1.620562624824850806e+00
1.635845213946850896e+00
1.651127803068850985e+00
1.666410392190851075e+00
1.682134804078851076e+00
1.697859215966851076e+00
1.713583627854851077e+00
1.729308039742851077e+00
1.745032451630851078e+00
1.760030056648851149e+00
1.775027661666851220e+00
1.790025266684851291e+00
1.805022871702851361e+00
1.820020476720851432e+00
1.834683026814851514e+00
1.849345576908851596e+00
1.864008127002851678e+00
1.878670677096851760e+00
1.893333227190851842e+00
1.907868595886851759e+00
1.922403964582851676e+00
1.936939333278851594e+00
1.951474701974851511e+00
1.966010070670851428e+00
1.979921407574851466e+00
1.993832744478851504e+00
2.007744081382851320e+00
2.021655418286851358e+00
2.035566755190851396e+00
2.050015147272851390e+00
2.064463539354851385e+00
2.078911931436851379e+00
2.093360323518851374e+00
2.107808715600851368e+00
2.122387970450851480e+00
2.136967225300851592e+00
2.151546480150851703e+00
2.166125735000851815e+00
2.180704989850851927e+00
2.195579068350852037e+00
2.210453146850852146e+00
2.225327225350852256e+00
2.240201303850852366e+00
2.255075382350852475e+00
2.269520566610852441e+00
2.283965750870852407e+00
2.298410935130852373e+00
2.312856119390852339e+00
2.327301303650852304e+00
2.342334166892852121e+00
2.357367030134851937e+00
2.372399893376851754e+00
2.387432756618851570e+00
2.402465619860851387e+00
2.416581581540851342e+00
2.430697543220851298e+00
2.444813504900851253e+00
2.458929466580851209e+00
2.473045428260851164e+00
2.485912000242850972e+00
2.498778572224850780e+00
2.511645144206850588e+00
2.524511716188850396e+00
2.537378288170850205e+00
2.550070284052850411e+00
2.562762279934850618e+00
2.575454275816850824e+00
2.588146271698851031e+00
2.600838267580851237e+00
2.613418154798851312e+00
2.625998042016851386e+00
2.638577929234851460e+00
2.651157816452851534e+00
2.663737703670851609e+00
2.676705197056851393e+00
2.689672690442851177e+00
2.702640183828850962e+00
2.715607677214850746e+00
2.728575170600850530e+00
2.741136326932850587e+00
2.753697483264850643e+00
2.766258639596850699e+00
2.778819795928850755e+00
2.791380952260850812e+00
2.803848036574850600e+00
2.816315120888850387e+00
2.828782205202850175e+00
2.841249289516849963e+00
2.853716373830849751e+00
2.866369674964849956e+00
2.879022976098850162e+00
2.891676277232850367e+00
2.904329578366850573e+00
2.916982879500850778e+00
2.930389557832850933e+00
2.943796236164851088e+00
2.957202914496851243e+00
2.970609592828851397e+00
2.984016271160851552e+00
2.997547636540851546e+00
3.011079001920851539e+00
3.024610367300851532e+00
3.038141732680851526e+00
3.051673098060851519e+00
3.064308670938851620e+00
3.076944243816851721e+00
3.089579816694851822e+00
3.102215389572851922e+00
