0.000000000000000000e+00
8.122209780434857390e-03
1.624441956086971478e-02
2.436662934130456870e-02
3.248883912173942956e-02
4.061104890217429042e-02
4.998481009349427934e-02
5.935857128481428213e-02
6.873233247613429187e-02
7.810609366745428772e-02
8.747985485877429745e-02
9.739093398191429884e-02
1.073020131050542864e-01
1.172130922281942877e-01
1.271241713513342753e-01
1.370352504744742905e-01
1.460289305149942707e-01
1.550226105555142786e-01
1.640162905960342865e-01
1.730099706365542667e-01
1.820036506770742746e-01
1.952239936446942825e-01
2.084443366123142072e-01
2.216646795799342151e-01
2.348850225475542230e-01
2.481053655151742310e-01
2.616186584325542186e-01
2.751319513499342340e-01
2.886452442673141938e-01
3.021585371846942647e-01
3.156718301020742246e-01
3.310729141157942035e-01
3.464739981295142379e-01
3.618750821432342168e-01
3.772761661569542513e-01
3.926772501706742302e-01
4.067209561497742709e-01
4.207646621288742006e-01
4.348083681079742413e-01
4.488520740870741710e-01
4.628957800661741562e-01
4.742288904841141517e-01
4.855620009020541472e-01
4.968951113199941427e-01
5.082282217379341382e-01
5.195613321558740783e-01
5.320234655265341228e-01
5.444855988971940564e-01
5.569477322678539899e-01
5.694098656385141455e-01
5.818719990091740790e-01
5.923529095862140048e-01
6.028338201632540416e-01
6.133147307402941895e-01
6.237956413173341153e-01
6.342765518943741521e-01
6.442024977505941274e-01
6.541284436068141028e-01
6.640543894630341892e-01
6.739803353192541646e-01
6.839062811754741400e-01
6.937755862123741180e-01
7.036448912492742069e-01
7.135141962861740739e-01
7.233835013230740518e-01
7.332528063599740298e-01
7.427934316415739646e-01
7.523340569231740105e-01
7.618746822047739453e-01
7.714153074863738802e-01
7.809559327679739260e-01
7.922403045291139811e-01
8.035246762902539253e-01
8.148090480513938694e-01
8.260934198125339245e-01
8.373777915736738686e-01
8.457124312244539421e-01
8.540470708752339046e-01
8.623817105260138671e-01
8.707163501767938296e-01
8.790509898275739031e-01
8.889336625121738722e-01
8.988163351967739523e-01
9.086990078813739213e-01
9.185816805659740014e-01
9.284643532505739705e-01
9.400551608933739312e-01
9.516459685361740028e-01
9.632367761789739635e-01
9.748275838217738132e-01
9.864183914645738849e-01
9.956345872364740224e-01
1.004850783008373938e+00
1.014066978780273853e+00
1.023283174552173991e+00
1.032499370324073906e+00
1.043324657777254139e+00
1.054149945230433927e+00
1.064975232683613937e+00
1.075800520136793947e+00
1.086625807589974180e+00
1.097085866064493986e+00
1.107545924539014015e+00
1.118005983013534044e+00
1.128466041488053850e+00
1.138926099962573879e+00
1.149618256640253966e+00
1.160310413317933831e+00
1.171002569995613918e+00
1.181694726673293783e+00
1.192386883350973648e+00
1.202230118843013784e+00
1.212073354335053699e+00
1.221916589827093613e+00
1.231759825319133750e+00
1.241603060811173664e+00
1.250721907136613797e+00
1.259840753462053486e+00
1.268959599787493620e+00
1.278078446112933753e+00
1.287197292438373664e+00
1.295272357110353711e+00
1.303347421782333537e+00
1.311422486454313585e+00
1.319497551126293633e+00
1.327572615798273903e+00
1.337791786079733702e+00
1.348010956361193502e+00
1.358230126642653746e+00
1.368449296924113545e+00
1.378668467205573567e+00
1.388322331937233756e+00
1.397976196668893722e+00
1.407630061400553689e+00
1.417283926132213878e+00
1.426937790863873845e+00
1.435561812787953917e+00
1.444185834712034211e+00
1.452809856636114061e+00
1.461433878560194133e+00
1.470057900484274205e+00
1.479025157439694205e+00
1.487992414395114205e+00
1.496959671350534204e+00
1.505926928305954204e+00
1.514894185261374204e+00
1.524572879496234101e+00
1.534251573731093998e+00
1.543930267965954117e+00
1.553608962200814014e+00
1.563287656435673911e+00
1.572385652061413897e+00
1.581483647687153882e+00
1.590581643312893867e+00
1.599679638938633852e+00
1.608777634564373837e+00
1.616395481121973843e+00
1.624013327679573848e+00
1.631631174237173632e+00
1.639249020794773637e+00
1.646866867352373864e+00
1.654891589050713652e+00
1.662916310749053439e+00
1.670941032447393670e+00
1.678965754145733458e+00
1.686990475844073467e+00
1.695239201133053486e+00
1.703487926422033505e+00
1.711736651711013746e+00
1.719985376999993765e+00
1.728234102288973562e+00
1.737562024432793617e+00
1.746889946576613450e+00
1.756217868720433506e+00
1.765545790864253561e+00
1.774873713008073173e+00
1.783273799120853376e+00
1.791673885233633357e+00
1.800073971346413559e+00
1.808474057459193318e+00
1.816874143571973299e+00
1.825536007341433287e+00
1.834197871110893496e+00
1.842859734880353484e+00
1.851521598649813471e+00
1.860183462419273237e+00
1.868796921284473278e+00
1.877410380149673541e+00
1.886023839014873360e+00
1.894637297880073401e+00
1.903250756745273220e+00
1.912393072386693094e+00
1.921535388028113411e+00
1.930677703669533063e+00
1.939820019310953159e+00
1.948962334952373254e+00
1.958206584080313339e+00
1.967450833208253425e+00
1.976695082336193510e+00
1.985939331464133151e+00
