0.000000000000000000e+00
3.076547055529816455e-05
6.153094111059632910e-05
9.229641166589450042e-05
1.230618822211926582e-04
1.538273527764908160e-04
1.364710978564908023e-04
1.191148429364908022e-04
1.017585880164908021e-04
8.440233309649080196e-05
6.704607817649080185e-05
-8.419582242350919388e-05
-2.354377230235091896e-04
-3.866796236235091853e-04
-5.379215242235092353e-04
-6.891634248235092852e-04
-7.257045570835092899e-04
-7.622456893435092945e-04
-7.987868216035092991e-04
-8.353279538635093038e-04
-8.718690861235093084e-04
-7.079970191435092921e-04
-5.441249521635092758e-04
-3.802528851835092595e-04
-2.163808182035092433e-04
-5.250875122350922696e-05
9.590490721649074174e-05
2.443185656564907104e-04
3.927322240964906792e-04
5.411458825364906479e-04
6.895595409764905624e-04
9.202424846364905958e-04
1.150925428296490629e-03
1.381608371956490663e-03
1.612291315616490696e-03
1.842974259276490730e-03
2.261948537136490838e-03
2.680922814996490947e-03
3.099897092856491055e-03
3.518871370716491163e-03
3.937845648576490838e-03
4.070748512736491187e-03
4.203651376896491536e-03
4.336554241056491885e-03
4.469457105216492233e-03
4.602359969376492582e-03
4.799516214396492945e-03
4.996672459416493309e-03
5.193828704436493672e-03
5.390984949456494035e-03
5.588141194476494399e-03
5.648732988536494040e-03
5.709324782596493682e-03
5.769916576656493323e-03
5.830508370716492965e-03
5.891100164776492606e-03
6.105556230856492607e-03
6.320012296936492607e-03
6.534468363016492608e-03
6.748924429096492608e-03
6.963380495176492609e-03
7.099818117296492759e-03
7.236255739416492909e-03
7.372693361536493059e-03
7.509130983656493209e-03
7.645568605776493359e-03
7.709170549356493020e-03
7.772772492936492680e-03
7.836374436516493208e-03
7.899976380096493736e-03
7.963578323676494264e-03
7.967989863616494264e-03
7.972401403556494265e-03
7.976812943496494265e-03
7.981224483436494266e-03
7.985636023376494266e-03
8.002800407916494871e-03
8.019964792456495475e-03
8.037129176996496080e-03
8.054293561536496684e-03
8.071457946076497289e-03
8.104023675036497315e-03
8.136589403996497341e-03
8.169155132956497367e-03
8.201720861916497393e-03
8.234286590876497419e-03
8.193386306096497526e-03
8.152486021316497633e-03
8.111585736536497740e-03
8.070685451756497847e-03
8.029785166976497954e-03
7.683090510056497964e-03
7.336395853136497974e-03
6.989701196216497985e-03
6.643006539296497995e-03
6.296311882376498005e-03
6.183059503196497789e-03
6.069807124016497572e-03
5.956554744836497356e-03
5.843302365656497140e-03
5.730049986476496923e-03
5.356239923956496868e-03
4.982429861436496812e-03
4.608619798916496757e-03
4.234809736396496702e-03
3.860999673876496646e-03
3.538454555736496657e-03
3.215909437596496667e-03
2.893364319456496678e-03
2.570819201316496688e-03
2.248274083176496699e-03
1.945904855936496630e-03
1.643535628696496560e-03
1.341166401456496491e-03
1.038797174216496422e-03
7.364279469764964609e-04
5.558433053564964740e-04
3.752586637364964872e-04
1.946740221164964732e-04
1.408938049649645927e-05
-1.664952611235035547e-04
-3.365473699035035813e-04
-5.065994786835035808e-04
-6.766515874635036345e-04
-8.467036962435036881e-04
-1.016755805023503633e-03
-9.042325536035035732e-04
-7.917093021835035129e-04
-6.791860507635034527e-04
-5.666627993435033924e-04
-4.541395479235033864e-04
-5.279360068835034329e-04
-6.017324658435034253e-04
-6.755289248035034177e-04
-7.493253837635034100e-04
-8.231218427235034024e-04
-9.964257606235034197e-04
-1.169729678523503437e-03
-1.343033596423503454e-03
-1.516337514323503471e-03
-1.689641432223503489e-03
-1.627654960563503601e-03
-1.565668488903503713e-03
-1.503682017243503826e-03
-1.441695545583503938e-03
-1.379709073923504050e-03
-1.524090767643503964e-03
-1.668472461363503878e-03
-1.812854155083503793e-03
-1.957235848803503923e-03
-2.101617542523504054e-03
-1.981512689563503897e-03
-1.861407836603503957e-03
-1.741302983643504016e-03
-1.621198130683504076e-03
-1.501093277723504135e-03
-1.438371518963504252e-03
-1.375649760203504369e-03
-1.312928001443504486e-03
-1.250206242683504602e-03
-1.187484483923504719e-03
-1.403947136749504740e-03
-1.620409789575504760e-03
-1.836872442401504780e-03
-2.053335095227504584e-03
-2.269797748053504604e-03
-2.239193363931504723e-03
-2.208588979809504842e-03
-2.177984595687504962e-03
-2.147380211565505081e-03
-2.116775827443505200e-03
-1.969573252873505192e-03
-1.822370678303505184e-03
-1.675168103733505175e-03
-1.527965529163505167e-03
-1.380762954593505159e-03
-1.130828738673505130e-03
-8.808945227535051013e-04
-6.309603068335050725e-04
-3.810260909135050980e-04
-1.310918749935051234e-04
-1.809694756515051162e-04
-2.308470763095051091e-04
-2.807246769675051019e-04
-3.306022776255050947e-04
-3.804798782835050876e-04
-2.379177004655050765e-04
-9.535552264750506548e-05
4.720665517049494556e-05
1.897688329884949566e-04
3.323310108064949676e-04
3.644416843924949494e-04
3.965523579784949312e-04
4.286630315644949130e-04
4.607737051504948948e-04
4.928843787364949307e-04
5.454315802244949453e-04
5.979787817124949598e-04
6.505259832004949743e-04
7.030731846884949888e-04
