-1.700941382409837388e-05
-1.132381758850442566e-04
-1.634670912764590867e-04
-1.230199565114276083e-04
3.272230885187354943e-05
3.983411363392974636e-04
7.482094119382054487e-04
1.031826590235596086e-03
1.591910540376773042e-03
2.279324634848478581e-03
2.960671075491916326e-03
3.608576986252387542e-03
4.474300014180698781e-03
5.391930293747293490e-03
6.680645182520095204e-03
7.861313462498742410e-03
9.442028191976703511e-03
1.095937493514753669e-02
1.241816942280848934e-02
1.445450352396449034e-02
1.630833230340300588e-02
1.863552445648508638e-02
2.064934295905374029e-02
2.288437223770500850e-02
2.481805748261223243e-02
2.671918637439318900e-02
2.861007517574165604e-02
3.060711133573335019e-02
3.288156607652581442e-02
3.475893987010181263e-02
3.674502065665308237e-02
3.911905520927660973e-02
4.117906486956002254e-02
4.325467587370468436e-02
4.550959774049090356e-02
4.777691721388066526e-02
5.004323285509570951e-02
5.208009858253603852e-02
5.432444404630132340e-02
5.662525955484198903e-02
5.905851431955966291e-02
6.129701820339050755e-02
6.398731304002325260e-02
6.626413508026729460e-02
6.842624365358318528e-02
7.074080103340918413e-02
7.301699380572301834e-02
7.535545869892246174e-02
7.765748138473327344e-02
8.007070416659445300e-02
8.263296334645531260e-02
8.530277140550879267e-02
8.776418839411093131e-02
9.052755741411289137e-02
9.317975098469588602e-02
9.560428421741562488e-02
9.835601782869929366e-02
1.009457974765126664e-01
1.038235426225497804e-01
1.066908724417388044e-01
1.094963113693552259e-01
1.122809390000085727e-01
1.149511592297187690e-01
1.176441065179147927e-01
1.203389548867903613e-01
1.230865601239372609e-01
1.259005195338360750e-01
1.287022342523371776e-01
1.315721251962145288e-01
1.343518770833469489e-01
1.372556973997660634e-01
1.400816178380210886e-01
1.431150407013959125e-01
1.460840691851927886e-01
1.489676233912291536e-01
1.516218384700280808e-01
1.543184029381947653e-01
1.568735616307961322e-01
1.590365391579098286e-01
1.616193786070070360e-01
1.637998042996144932e-01
1.664011674648691042e-01
1.692963927236235122e-01
1.715373574643592747e-01
1.740254836235095581e-01
1.765919539312221787e-01
1.789531495055953769e-01
1.814659923084036564e-01
1.841616413347821890e-01
1.866393720958328117e-01
1.890748178313756966e-01
1.914832653521330030e-01
1.939249497361146268e-01
1.963988443707265219e-01
1.986525632335229830e-01
2.012803156413767169e-01
2.037758866827417137e-01
2.068607136216016329e-01
2.097208905666576584e-01
2.121723386626470642e-01
2.148452566913761075e-01
2.172709721248367032e-01
2.196094556281167343e-01
2.221352738893642709e-01
2.253483427339375567e-01
2.285123543584859362e-01
2.313412157974497063e-01
2.338932415924546149e-01
2.363185053383460854e-01
2.393728713170730771e-01
2.419559807830751197e-01
2.443574597413658012e-01
2.468982715758230029e-01
2.496547565081357334e-01
2.523313150291812690e-01
2.551500855693902281e-01
2.576634354496789570e-01
2.603518691901456350e-01
2.629746816126399267e-01
2.655724163494497247e-01
2.681061714186014910e-01
2.706150621567360304e-01
2.730529481166783512e-01
2.753078758579903251e-01
2.777344864233626254e-01
2.801811947642107725e-01
2.826645058804331256e-01
2.851385006228142061e-01
2.877233834939900703e-01
2.902045483822135452e-01
2.926243790452431881e-01
2.949139058972889416e-01
2.973501504114679506e-01
2.997309511449728348e-01
3.022085603359201400e-01
3.045720725405729468e-01
3.072092167496620618e-01
3.097133551501585202e-01
3.120455619536670611e-01
3.143237235874707380e-01
3.165860259287640588e-01
3.190695456251688711e-01
3.216485809848066424e-01
3.241814295198466311e-01
3.268478377364374410e-01
3.295792281745946184e-01
3.323902607296744804e-01
3.346665123915713025e-01
3.371538435460550431e-01
3.397989263199576726e-01
3.425102465415790221e-01
3.452178132885492801e-01
3.479224607254138846e-01
3.505809734151412727e-01
3.534516938800891239e-01
3.556185812853627226e-01
3.580457929753890767e-01
3.605676987142274470e-01
3.631197077465984080e-01
3.654405336022747974e-01
3.679161820668497285e-01
3.700878743612534549e-01
3.721225802354908296e-01
3.742860198239128522e-01
3.762033947225233987e-01
3.785786328724256578e-01
3.807616055899600838e-01
3.832375284899924850e-01
3.854329548724422239e-01
3.877059484193026151e-01
3.899589173749973270e-01
3.927683277145277430e-01
3.951376266578705554e-01
3.977071998652448315e-01
4.003140117948760235e-01
4.025617110016384004e-01
4.050176091691781721e-01
4.076809935959531117e-01
4.101638024450124931e-01
4.126927029483198339e-01
4.151542097768867734e-01
4.177234753562828473e-01
4.200991828369851078e-01
4.224878948836519044e-01
4.253102601275102757e-01
4.283803574986606577e-01
4.311728951940665411e-01
4.337569556025542283e-01
4.361953592546896630e-01
4.391382462967001743e-01
4.417312543196061370e-01
4.442928726293615682e-01
4.468940901159967893e-01
4.496792773217848094e-01
4.527555436928309973e-01
4.555922455142109584e-01
4.584960376549958028e-01
4.610037436681651002e-01
4.635667590750500722e-01
4.662573590299174953e-01
