-5.479356538273805199e-06
-4.659166858544949719e-05
-5.662296759112450673e-05
5.118322528829821749e-05
2.540675134312664341e-04
5.344128616115995101e-04
9.008816524911367196e-04
1.361203163199320443e-03
1.956782218798025497e-03
2.687800416289576333e-03
3.303671228685800543e-03
3.929341061926550083e-03
4.472537221893446713e-03
4.989091606084627983e-03
5.361844497933532239e-03
5.750771239561913717e-03
6.138529828021432877e-03
6.518529114813986780e-03
6.844351597592890357e-03
7.160971550021599796e-03
7.448726216090051366e-03
7.863971573002004334e-03
8.098615463651981372e-03
8.333156281594256143e-03
8.568493086251294244e-03
8.817787019332001819e-03
9.089829755133393974e-03
9.331296887829410025e-03
9.536716679861001467e-03
9.697926034576198617e-03
1.026114778801456850e-02
1.049344591450562802e-02
1.070552864681673100e-02
1.086047190194960876e-02
1.102382137009527696e-02
1.119564820699281427e-02
1.121501292991666787e-02
1.132115973648950558e-02
1.139543014732424808e-02
1.130618801271054963e-02
1.180877862568507908e-02
1.225187874665323307e-02
1.259018420988411435e-02
1.283704949381814231e-02
1.295981035651294633e-02
1.324384590917304649e-02
1.328624865524830057e-02
1.354948271858802400e-02
1.384840976275825142e-02
1.409871491480174654e-02
1.419797329312899592e-02
1.458366504352426318e-02
1.503480847668470233e-02
1.550810159511684105e-02
1.565257724797675110e-02
1.549573469615239674e-02
1.570362210864573171e-02
1.586641220595907953e-02
1.601943189849919236e-02
1.602905682912592056e-02
1.615673169560238875e-02
1.632624368492940903e-02
1.663413187709750218e-02
1.690240928162012324e-02
1.710470399635255490e-02
1.725060037352221798e-02
1.746552556209479690e-02
1.771229311646749238e-02
1.790165477567029484e-02
1.789766334628239974e-02
1.796039421894590760e-02
1.804086013837746805e-02
1.801069777014419060e-02
1.806513136390464069e-02
1.817590187502560184e-02
1.818723994085047480e-02
1.844455843140480056e-02
1.864628598858075748e-02
1.864586898051356911e-02
1.857770491130139590e-02
1.850330518760046061e-02
1.851624148750374843e-02
1.865931057692193917e-02
1.864719028505845699e-02
1.900462955979520530e-02
1.906116569399785021e-02
1.908631748364797431e-02
1.907506194304176006e-02
1.919136154982226117e-02
1.915586858419970895e-02
1.905612663996691936e-02
1.906716796248275614e-02
1.921170267435456935e-02
1.943974362736611283e-02
1.952097951054554414e-02
1.952502735002781264e-02
1.987292275141783193e-02
2.006864304460975745e-02
2.033142196814452518e-02
2.062210262594277310e-02
2.105398018952087114e-02
2.104535443187671717e-02
2.109099806703085278e-02
2.103108107995410592e-02
2.122962498231117934e-02
2.132289683579813300e-02
2.138335009153280453e-02
2.166103065966495933e-02
2.179527546649495662e-02
2.191358244390073651e-02
2.214698770156786622e-02
2.238815872567556653e-02
2.245072853647656075e-02
2.242668121088087219e-02
2.251271767072182683e-02
2.279699331403151064e-02
2.308883598399091852e-02
2.320377289631636586e-02
2.331247992014340298e-02
2.355402726569622018e-02
2.370624493737238936e-02
2.361154216671224049e-02
2.373882747219369094e-02
2.394230357056414960e-02
2.413322873096035437e-02
2.434510580416571202e-02
2.464053546183464505e-02
2.470922514927309521e-02
2.484866919323991397e-02
2.493361840800645268e-02
2.509252898195057924e-02
2.520440541076851559e-02
2.533793239594928082e-02
2.530433563455147805e-02
2.520422420355572513e-02
2.520618652575024043e-02
2.536780174455088854e-02
2.540655106112410522e-02
2.540690057856664907e-02
2.538089207843796657e-02
2.544376934007885893e-02
2.552495477308980298e-02
2.565486492488844306e-02
2.564236535869923728e-02
2.563930399410452310e-02
2.566688747632639434e-02
2.585723550819096772e-02
2.565240842430682733e-02
2.566103841272848740e-02
2.582495112746130417e-02
2.592379794841548346e-02
2.598084546138323958e-02
2.616912027175288813e-02
2.643120750092720073e-02
2.674570410167120826e-02
2.657734976844494668e-02
2.639623626971854264e-02
2.639532154923074359e-02
2.658576007801372043e-02
2.664099413879483791e-02
2.684905974118834138e-02
2.686804880981696897e-02
2.690581270973524397e-02
2.665845166823999079e-02
2.665993697561219733e-02
2.664329756333927435e-02
2.657428083664115093e-02
2.718665173152601255e-02
2.731216952732040681e-02
2.740726449903263529e-02
2.727399632824045739e-02
2.741727187500941909e-02
2.756628850982423273e-02
2.768237518674965258e-02
2.768223541016112677e-02
2.757863385700431991e-02
2.761300814893274946e-02
2.772294093423965933e-02
2.766495460412699003e-02
2.753085683470857248e-02
2.739429120113356930e-02
2.736968794229710511e-02
2.729322799173417025e-02
2.729522067896539284e-02
2.740491581258197584e-02
2.725739507388169613e-02
2.708776926520073403e-02
2.701037102948333768e-02
2.695568872114506576e-02
2.721080679461351792e-02
2.708771307059265609e-02
2.682480465285408400e-02
2.678220612602189021e-02
2.692071319804512086e-02
2.701714536726029792e-02
2.705079517794928279e-02
2.732493483712516991e-02
2.719433969489415404e-02
2.711643237465466427e-02
2.706914560251760804e-02
