0.000000000000000000e+00
-3.877405534780109519e-05
5.210021933521602477e-05
6.267064452458726009e-05
1.382905290370217699e-04
2.851697552870291474e-04
3.719248833888855188e-04
4.713760463843641446e-04
5.053434485091656825e-04
6.497828947686912215e-04
6.548991116304136995e-04
8.380777428413921371e-04
8.993909759666962600e-04
1.017774902777546231e-03
9.787752096883650665e-04
1.246762727703298879e-03
1.344585395337105638e-03
1.480357556125966312e-03
1.494070686149484573e-03
1.772890379257319182e-03
1.789485626872533430e-03
1.982625499067580677e-03
2.067335663717528860e-03
2.254179383093912747e-03
2.325800350746476397e-03
2.527179544152602375e-03
2.616593422153812298e-03
2.819853261421201296e-03
2.831211897188268267e-03
2.809579076732404701e-03
2.921095112135674299e-03
3.033679610460637832e-03
3.266177551402904555e-03
3.368204253703765971e-03
3.566951018285635655e-03
3.604549124169409424e-03
3.785955678573316163e-03
3.901208026931612949e-03
4.070268854093228583e-03
4.145134202325095885e-03
4.144020513301427400e-03
4.117971962863009594e-03
4.287971860378547717e-03
4.288831665583359154e-03
4.508669245375074297e-03
4.675181885275492277e-03
4.773835434001227895e-03
4.835875813760992514e-03
4.986544072117737869e-03
5.124940112473552745e-03
5.165972367173310431e-03
5.327131136212415186e-03
5.452198049503920174e-03
5.427231897058959476e-03
5.687861292628326737e-03
5.783079869516427607e-03
5.892063637787714470e-03
5.980855409390528621e-03
6.063355092329913987e-03
6.056856686939227075e-03
6.167209287845309973e-03
6.250795070918968577e-03
6.390258278536009584e-03
6.563824302176612946e-03
6.680978625780653601e-03
6.674112042887259122e-03
6.849550378788649141e-03
7.175590982143376095e-03
7.233529125144855243e-03
7.106567552554565737e-03
7.288014714681878559e-03
7.360787912247701570e-03
7.302002162518306250e-03
7.623238390422670818e-03
7.742383192066881747e-03
7.807066960872077743e-03
7.794171321741316660e-03
7.960765550926396372e-03
7.969571545785925082e-03
8.139010061910312288e-03
8.117178085825571543e-03
8.540213452143063932e-03
8.394706989165001687e-03
8.445612011577452449e-03
8.461691082807476505e-03
8.588383164678248249e-03
8.545666188290113041e-03
8.572372629629398944e-03
8.874254049402452438e-03
8.996776083257884693e-03
9.101309445902927564e-03
9.173562978624261177e-03
9.227470375613222586e-03
9.359869569266265898e-03
9.467811572463347147e-03
9.765318158791558290e-03
1.023630400236186233e-02
1.027032271452554824e-02
1.029600199172620023e-02
1.034033501433384572e-02
1.053574602597961984e-02
1.047560957847792906e-02
1.054265448612312639e-02
1.070581847921658891e-02
1.076711709190902866e-02
1.087322698226955708e-02
1.107979053065832886e-02
1.098265932951392188e-02
1.104560828449763221e-02
1.128069161863010095e-02
1.147005323385741349e-02
1.138520986955171566e-02
1.147070863891741510e-02
1.182878540156195868e-02
1.183296891797169792e-02
1.206178422491888114e-02
1.238814487793860053e-02
1.248887763411232754e-02
1.250666744397932462e-02
1.256677981008635925e-02
1.268077038244541654e-02
1.271193676375048653e-02
1.289254988066801388e-02
1.304225726643437611e-02
1.322127716193932656e-02
1.321940228069706791e-02
1.331156760426210894e-02
1.365806966829552493e-02
1.376870958180376192e-02
1.387076223426220167e-02
1.414921878370734021e-02
1.414616696739301460e-02
1.430170413139819630e-02
1.448907669526988684e-02
1.443598760590703023e-02
1.445450496121480910e-02
1.464337914117663786e-02
1.449950096012031509e-02
1.485028573047486589e-02
1.495408697024203093e-02
1.515672104543597243e-02
1.509876264996989903e-02
1.532989985764032781e-02
1.551885335940283994e-02
1.545002849580612292e-02
1.563490041411341736e-02
1.591908582661716309e-02
1.573375854364655879e-02
1.620529922590918659e-02
1.628406173195884321e-02
1.629642601492520271e-02
1.624603879903929737e-02
1.641052379613228140e-02
1.657729905990379393e-02
1.680295468677428516e-02
1.690378955839122455e-02
1.668441033933021345e-02
1.686382960551924270e-02
1.689626725350024117e-02
1.711431885162539857e-02
1.720843259332127673e-02
1.752390155593985810e-02
1.746803457002954474e-02
1.765305778518211355e-02
1.766373531084752813e-02
1.783265828404978492e-02
1.777316794179739645e-02
1.792418121562633360e-02
1.813141973288878717e-02
1.812873942719051001e-02
1.819043512263363027e-02
1.818582978737737221e-02
1.821908595359644778e-02
1.871658942468457099e-02
1.870337203256866587e-02
1.887597985020761371e-02
1.889759272827262748e-02
1.905659514405755317e-02
1.911765959567190976e-02
1.930919125777563750e-02
1.965950312342101824e-02
1.974869465714590433e-02
2.007622826194932486e-02
2.025417608167856542e-02
2.040198726519548700e-02
2.063992973780415241e-02
2.088464066381590101e-02
2.098668232191869265e-02
2.126045872775250700e-02
2.144936757586179965e-02
2.185432575763712748e-02
2.197844215888977715e-02
2.209126544462947095e-02
2.221655899964503078e-02
2.257809558340539979e-02
2.265902885218196161e-02
2.293332006391324285e-02
2.303512299191368129e-02
2.323143362008295298e-02
2.345515979710910415e-02
