0.000000000000000000e+00
-2.875890729717451699e-03
-1.794795462670360211e-03
-8.224726661495844774e-04
2.319085433130193847e-03
-6.465670706770083181e-03
-2.950916640365651173e-03
-3.955757198570637213e-03
-4.706942379911357131e-03
-4.179672398825484518e-03
-1.224785723535734040e-02
-1.554885260002216059e-02
-7.332780757972299189e-03
-5.707915008354570545e-03
-8.673619997163435624e-03
-5.068368460387811386e-03
-5.506336744819944782e-04
-6.755312605595567912e-03
-6.370260500310248944e-03
1.377693704819944634e-04
-7.078095841263157620e-03
-7.372110739490304356e-03
-9.859514576620498523e-04
3.326933022382271292e-04
-1.508487154570637085e-03
-4.137563412686980427e-03
-3.883380001163434878e-03
-2.550562861451523538e-03
-2.725435250847645617e-03
-4.563791444343490156e-03
-3.921709337385041565e-03
-7.206666698614958228e-04
-2.870795609916897573e-03
-9.960751763135733752e-03
-4.229933382814404265e-03
-4.537440703634348926e-03
-1.336457442481994501e-03
-2.050820559745152212e-03
-2.876560723722991486e-03
-8.381247785573408063e-03
-7.965634224199446417e-03
-6.583617659501384868e-03
-8.897667497096953607e-03
-2.869315036919667730e-03
-3.457741143889196851e-03
-5.348051640675899852e-03
2.339785584631578867e-03
-2.490018097429362847e-03
-3.433539502836565130e-03
-1.183001873573407174e-04
-3.119777141573407304e-03
3.134283951346260311e-03
1.268062015180055485e-03
-6.882515466592797676e-04
1.020807985684210563e-03
1.596475556786703594e-05
-4.016711653595567491e-03
-5.880544342382271542e-05
-3.042223980199446065e-03
-5.888857293562327171e-03
-2.480060083601107884e-03
-2.522667067567867238e-03
1.864757888044321328e-03
7.153730119445983558e-04
-3.322549199379501352e-03
-3.124220406027700646e-03
-8.693544511911356935e-04
-1.656576604930747954e-03
-5.201105197606648196e-03
-3.917745122016620153e-03
-1.952746593185595474e-03
-8.101302640897506402e-03
-1.967886749994459620e-03
-1.924492523202216013e-03
-5.877902575645429714e-03
2.904538049905817237e-03
-2.821656936077562329e-03
-2.658590880686980545e-03
-4.647687383036011068e-03
-1.006630795807202279e-02
-8.976334637473683958e-03
-4.665885830116343544e-03
-9.600286471490304674e-03
-5.249555635191136167e-03
-5.986130093939058018e-03
-1.035508666753462599e-02
-1.378480207826038827e-02
-8.053804653828254903e-03
-6.743516754670359804e-03
-1.193274222234903120e-02
-6.048911934526315405e-03
-5.180285034260387680e-03
-5.294901466581717134e-03
-7.329946550282548205e-03
-9.585792224077563026e-03
-9.134053133052631029e-03
-8.464665334592797602e-03
-6.354205044598337966e-03
-8.872432007822714239e-03
-6.215843739180055248e-03
-6.363013146759002349e-03
-8.234597739889196535e-03
-4.167222398238227057e-03
8.400872943490304964e-04
-1.192384713495844850e-02
-7.672160895335180045e-03
-5.823486998493074794e-03
-2.767500253174515201e-03
-9.271715227556787467e-03
-6.453127775601107986e-03
-6.220507676476453966e-03
-9.875939788099722880e-03
-9.554654164022161403e-03
-1.156000298004432152e-02
-8.592984659390581759e-03
-9.336823333407202191e-03
-6.501901510903047333e-03
-6.935675994459833578e-03
-5.329435524742381913e-03
-5.185972269673129811e-03
-5.230024592498615059e-03
-1.813627518980609520e-03
-4.290649942858725668e-03
-1.914537825462603879e-03
-1.811179556354570704e-03
-6.054593554227146422e-03
-3.255779960664820141e-03
-2.121305202770083255e-03
-4.841646601329640067e-04
-1.620551491833795068e-03
-6.084068125650969432e-03
-6.828009793540166204e-03
-1.106191878657063719e-02
-7.802971115257617378e-03
-1.803349087335179984e-03
-5.315644846105263555e-03
-1.100205465432686942e-02
-1.021821925490304719e-02
-5.909275357252077171e-03
-1.669933685894736805e-03
-4.666300772775622968e-03
-1.252925220382271505e-02
-8.131089695722992436e-03
-3.876936602581717260e-03
-8.428790440387811528e-03
9.143874157673130597e-04
-2.873568694725761683e-03
-4.474010412321329476e-03
-5.284543644099723263e-03
-4.968580965030470684e-03
-1.695715433141274132e-03
-2.704969759180055403e-03
-6.194900273451523290e-03
-6.041341684831024773e-03
-1.011646977032686946e-02
-6.145212653662049558e-03
-4.561162555955678745e-03
2.617519435789473527e-04
-1.057939330714681480e-03
2.577969581806094021e-03
1.226676318958448740e-03
-3.954444556620498492e-03
-3.260375153927977821e-03
-4.663109095745152609e-03
-3.928758973008310285e-03
-9.735319869119112707e-03
-3.871566230382271316e-03
-7.040284450005540595e-03
-5.458142722736841757e-03
-7.052561608033240670e-03
-1.379727103301939132e-03
-4.510713439789473464e-03
-7.537640573074792447e-03
-1.908066084686980664e-03
2.452127716387811612e-03
-6.934044523734072055e-03
-6.232000936509695006e-03
-2.613687685307479122e-03
-7.518097330570637331e-03
-6.860821496554016241e-03
-6.860050003855955834e-03
-4.561505291047091362e-03
-2.760502908188365839e-03
-3.702334300066481912e-03
-3.338887337595567838e-03
-1.695290349506925259e-03
-7.747004556675900514e-04
7.584478397451523048e-04
-7.223167432354570937e-04
-2.038304802759002832e-03
-2.837779593905817121e-04
-9.628983232132964139e-04
-6.290813476675900275e-03
-4.372205681529086306e-03
-4.772846626481994613e-04
2.258960925329639696e-03
-9.317043836897506487e-04
-6.227217123534626274e-03
-2.367930354692520875e-03
-5.104400389207756558e-03
