0.000000000000000000e+00
2.278952350494023449e-04
6.051386808181291599e-04
9.859277556216738958e-04
1.532716390450161725e-03
2.037851152692837786e-03
2.422661905363554524e-03
2.875383914194173940e-03
3.371282543156439715e-03
3.952356578849958169e-03
4.227679030691433582e-03
4.569661562264570875e-03
4.994866700513966862e-03
5.367457853338919449e-03
5.872433920643516103e-03
6.443412649232982403e-03
6.963352164603975325e-03
7.526058905469312776e-03
7.958024323052370619e-03
8.599140486303724629e-03
9.014335134985174136e-03
9.547917997394961276e-03
9.971888809481299631e-03
1.039349815787460329e-02
1.086160908511146772e-02
1.138333343653386009e-02
1.165235199963632340e-02
1.214596086869335068e-02
1.248176267250755700e-02
1.281476782290980054e-02
1.331462885414680386e-02
1.365828635042731776e-02
1.412882855272101779e-02
1.440837681453643881e-02
1.475678281037318129e-02
1.522948110138599986e-02
1.556509442833942103e-02
1.605793083660245202e-02
1.648232525936776938e-02
1.674954848198950685e-02
1.697948338363630683e-02
1.738575390903918105e-02
1.771023182632092130e-02
1.810541935537202107e-02
1.859406834243770845e-02
1.906985115137871389e-02
1.942525501688407985e-02
1.970496861849824199e-02
2.010592585511972175e-02
2.061556141440235024e-02
2.106734223061579314e-02
2.156137077984254802e-02
2.206722177756859082e-02
2.229203901895715489e-02
2.284249888205636125e-02
2.319213814477905089e-02
2.369878223158394803e-02
2.399507470870787529e-02
2.436195128519358377e-02
2.481143107718963847e-02
2.531603582945507469e-02
2.563405623624248619e-02
2.614917236055447347e-02
2.666865545565144657e-02
2.705371637218689784e-02
2.744564732843457477e-02
2.799147384043010334e-02
2.854248424813476959e-02
2.887239557804122114e-02
2.932381467945077702e-02
3.003483720871003015e-02
3.025711043385115318e-02
3.074309364173899439e-02
3.131578094234299670e-02
3.199478193163685091e-02
3.228539689518328260e-02
3.268509565960187047e-02
3.315665706271886393e-02
3.348125405609181371e-02
3.393261041323825111e-02
3.434864371612889045e-02
3.484176035918551406e-02
3.507794165164312972e-02
3.551531296364629497e-02
3.585729416822402982e-02
3.638525467653153100e-02
3.681404013034494938e-02
3.685416984965428355e-02
3.757623025167333708e-02
3.795270152836849320e-02
3.827558262452157578e-02
3.865401966230308517e-02
3.901436791393564363e-02
3.946400167541241899e-02
3.985738393054560902e-02
4.069328328231591740e-02
4.107204159838317992e-02
4.165165972626994062e-02
4.193775866531268548e-02
4.229246580374024234e-02
4.293449959956063822e-02
4.313790556570751278e-02
4.364639671042169766e-02
4.410086461183482243e-02
4.457466974155721573e-02
4.478719777458195495e-02
4.523387626574759679e-02
4.552440419646330838e-02
4.597168250872840645e-02
4.654225942214651468e-02
4.693095169502470299e-02
4.720546173894035746e-02
4.765049679246402548e-02
4.821016597237814949e-02
4.849921433552850658e-02
4.909185985913921968e-02
4.967527631107770958e-02
5.000978638332753690e-02
5.039285531183423927e-02
5.076733915012709986e-02
5.115413326387141524e-02
5.153585021140827394e-02
5.188816569555143587e-02
5.239418436059395390e-02
5.285433305171949314e-02
5.324419667543622836e-02
5.374505824386943686e-02
5.422619815796991816e-02
5.444926986397291557e-02
5.486255604192535884e-02
5.529890840423945519e-02
5.570586764023488513e-02
5.631751270429674605e-02
5.655597472939177806e-02
5.698197050548259313e-02
5.728491350248532399e-02
5.775641633159267485e-02
5.790300052424868227e-02
5.844873954984564079e-02
5.891826402834965393e-02
5.944876700706913653e-02
5.968608477537884482e-02
6.004825838960670126e-02
6.056618499385990617e-02
6.079641840907612504e-02
6.138917121194253923e-02
6.178542935459319096e-02
6.185423228942710239e-02
6.243429749708440113e-02
6.278805676448229178e-02
6.310547657362519658e-02
6.329637178582459001e-02
6.389652672594792193e-02
6.462171807734051754e-02
6.538435676566223265e-02
6.603619377933966916e-02
6.653951859164664029e-02
6.744399384197663494e-02
6.818160740707668310e-02
6.897563417120267104e-02
6.969994991177941301e-02
7.043631227438140741e-02
7.116027397204049976e-02
7.199530083966010352e-02
7.263287496842707469e-02
7.342742256621193064e-02
7.389545439802702731e-02
7.446240388655667175e-02
7.532099366270017526e-02
7.592399527806747983e-02
7.661254704773767799e-02
7.721874667637962375e-02
7.806285704781146251e-02
7.888737246231869449e-02
7.965772810028681761e-02
8.048177148910440337e-02
8.153597935044842870e-02
8.228365987125130232e-02
8.293427265432740114e-02
8.380409430989743669e-02
8.504468949829657731e-02
8.575000235408936078e-02
8.686823822078082458e-02
8.760577461063689952e-02
8.847105062683624510e-02
8.953651123307793114e-02
9.042524760656789340e-02
9.126703972864902425e-02
9.211361455236044549e-02
9.299876148085672867e-02
9.406113813012240144e-02
9.488146903449745651e-02
9.576539735954980870e-02
9.648092764964388834e-02
9.763220431810992750e-02
9.835919571460038924e-02
9.907419923044358256e-02
1.000211670797099828e-01
1.008048725246695199e-01
1.015689304777751545e-01
