0.000000000000000000e+00
6.828707641659548244e-05
1.990974229073572133e-04
3.675367596969181250e-04
6.870654152848487684e-04
9.831234017738665898e-04
1.245689408598593673e-03
1.592213581844248438e-03
1.849578624174341712e-03
2.247041242405600769e-03
2.745671963943152605e-03
3.196430065038668999e-03
3.542325694276371451e-03
4.050552024750686542e-03
4.475724276360892873e-03
4.955771316808466054e-03
5.589091217160557790e-03
6.214833647469220068e-03
6.546122245737251433e-03
7.079241508705536035e-03
7.502025003638834733e-03
8.160408531615814809e-03
8.635056058956536162e-03
9.160619161171723590e-03
9.782594122995647012e-03
1.027639886856945850e-02
1.075310360117498476e-02
1.131861681619739102e-02
1.191799685622640936e-02
1.243258779027911487e-02
1.311085203932549348e-02
1.375213166793542996e-02
1.443442229238200980e-02
1.486594932232065958e-02
1.549283766216547065e-02
1.583842522178002810e-02
1.639558536998464433e-02
1.691860297570002558e-02
1.757987636631241912e-02
1.816469302789158746e-02
1.885828722789995027e-02
1.927497598951077862e-02
1.987760760289347672e-02
2.050785568830804095e-02
2.112706275999443051e-02
2.182158257574684512e-02
2.241192775372269352e-02
2.287585810193348834e-02
2.351573390340888636e-02
2.414877136034476734e-02
2.465212886423984173e-02
2.521905916998434805e-02
2.575478993752255974e-02
2.647226908849376059e-02
2.721518988450810639e-02
2.766174171164692552e-02
2.847056594880115199e-02
2.897694262021133227e-02
2.978337825336296874e-02
3.041745630248016141e-02
3.105998725545333627e-02
3.159433017962953727e-02
3.217503885385752938e-02
3.305126922538903500e-02
3.350174961961016606e-02
3.418794088580057178e-02
3.488302755319239168e-02
3.563893299609333098e-02
3.621515095749572311e-02
3.689124251706488167e-02
3.763325705298115054e-02
3.822589538297904710e-02
3.879808364273884536e-02
3.970265660040439570e-02
4.040249097587889082e-02
4.091430545753382830e-02
4.154718256513234564e-02
4.221082965260336550e-02
4.284082027164259898e-02
4.345394588097661881e-02
4.399550018420939068e-02
4.461198137638433536e-02
4.530403627825307922e-02
4.592568540053321158e-02
4.658729195558919400e-02
4.715921012029156145e-02
4.773360378933233505e-02
4.817742166725480502e-02
4.894901650499150492e-02
4.963661514283046472e-02
5.016908013645604569e-02
5.076137849031425731e-02
5.126795749362145216e-02
5.184028291819942069e-02
5.228424896370853503e-02
5.294025771941335279e-02
5.373222070892325064e-02
5.423300760227078854e-02
5.470942120778232720e-02
5.523510223196836932e-02
5.595769710026843313e-02
5.630853885973863271e-02
5.696072522518846881e-02
5.760325808149246996e-02
5.809965359389934747e-02
5.864977880207788985e-02
5.912884657498551633e-02
5.967676609859751125e-02
6.030211617726166651e-02
6.111087859613917317e-02
6.172373407448361604e-02
6.210630471360900628e-02
6.277372217444110447e-02
6.354242594405690170e-02
6.422554932290580609e-02
6.502833328316626194e-02
6.588683971256159566e-02
6.668975642188001984e-02
6.748187297942109808e-02
6.812676048954813268e-02
6.902781252799172762e-02
6.966546390283667733e-02
7.039313997198348716e-02
7.119775778514281228e-02
7.199803349522682083e-02
7.252296287770576555e-02
7.320774326839796231e-02
7.397634369956307410e-02
7.455440921599176818e-02
7.529429517281016615e-02
7.596756618208644340e-02
7.672178507740312625e-02
7.730840497470836681e-02
7.788670986487034043e-02
7.851560209072516727e-02
7.919474604334908463e-02
7.998772968704059849e-02
8.041627016953611928e-02
8.124425063292761706e-02
8.203690313681732960e-02
8.284707149065440035e-02
8.342483619162521791e-02
8.427561301970598606e-02
8.517536167637018707e-02
8.567857799264544383e-02
8.669354282922370203e-02
8.742063507764186170e-02
8.797540733902309285e-02
8.882629799776253776e-02
8.950682037841772853e-02
9.015471921567552727e-02
9.097295079399714268e-02
9.154327194229949782e-02
9.224205210072966565e-02
9.301557018901718266e-02
9.375884368994036322e-02
9.454598366284727717e-02
9.522102598724302425e-02
9.578477187181277941e-02
9.656018275205013879e-02
9.735443681366007240e-02
9.793459285387484670e-02
9.876436415893863341e-02
9.952247975594019636e-02
1.002655727891905713e-01
1.009172109829847841e-01
1.014969311337594604e-01
1.020455462883660402e-01
1.030316336656014187e-01
1.037602682534597420e-01
1.044556029031511457e-01
1.051902388904935037e-01
1.057346330857669159e-01
1.067138229710664632e-01
1.072614365104911371e-01
1.082070198484714751e-01
1.090610463383683282e-01
1.097239347419289857e-01
1.102495412783000006e-01
1.110007579369494124e-01
1.120345610652790924e-01
1.127420507178271691e-01
1.134694222344947434e-01
1.141571810692383337e-01
1.148072264715906954e-01
1.156572162189846154e-01
1.165278438160370911e-01
1.171536314607521945e-01
1.178780723898000815e-01
1.186055582248783935e-01
1.194734969640833810e-01
1.201804078432999745e-01
1.208913936224078611e-01
1.217809106491216653e-01
1.230122744007076108e-01
1.239138431838568977e-01
1.249357732446227942e-01
1.257630237552334052e-01
1.266644502967011476e-01
1.276822617565258611e-01
