0.000000000000000000e+00
4.557970019121171390e-04
1.238343756810422747e-03
2.018291858746579237e-03
2.945702053189336311e-03
4.109164599114478733e-03
5.207058626183425076e-03
6.553760644827377746e-03
7.559412149340971609e-03
8.841648639844379431e-03
1.033844658240212766e-02
1.174206261119792316e-02
1.315852238911219274e-02
1.454068976220668219e-02
1.620098628799837570e-02
1.774490249831472966e-02
1.936651814909140512e-02
2.110464622361973852e-02
2.238240161577209619e-02
2.404614704174434792e-02
2.566036753852785068e-02
2.753815042458285234e-02
2.907166763218782535e-02
3.085298681633474871e-02
3.252787078142915789e-02
3.418685165994617137e-02
3.573205443019844552e-02
3.742104865511919343e-02
3.894423036789618209e-02
4.036252683133056962e-02
4.204196902022516724e-02
4.349305347305687519e-02
4.509266042150983367e-02
4.670553054590698139e-02
4.826270813620681110e-02
4.975082367985805831e-02
5.116954296943276859e-02
5.270948056786295410e-02
5.448942447467430839e-02
5.568808225637411624e-02
5.712028574222216548e-02
5.856308906047758001e-02
6.008426711362346850e-02
6.136284530176538965e-02
6.289802351737705521e-02
6.436202368527688122e-02
6.582207531853612181e-02
6.734765921355290175e-02
6.890919204043655100e-02
7.041102076063054938e-02
7.198066821408133364e-02
7.344171702772683830e-02
7.494473452447181216e-02
7.627205273220027948e-02
7.801319586827304420e-02
7.957073934746716759e-02
8.124003426377868209e-02
8.277634404978329030e-02
8.441947668882221478e-02
8.583967225067823392e-02
8.732426050041652843e-02
8.879064299573258268e-02
9.024741746522835228e-02
9.191700228780064208e-02
9.330758725577936730e-02
9.485835692327526658e-02
9.636813009150557718e-02
9.797814475860633365e-02
9.926734708121642825e-02
1.007242811807458338e-01
1.019792393290259724e-01
1.033668271086582990e-01
1.047615611774475042e-01
1.065116679449218395e-01
1.080212826555495553e-01
1.095581180988247638e-01
1.108878758478795135e-01
1.125853436131976082e-01
1.139653537437652631e-01
1.154117580425904066e-01
1.170692945031035492e-01
1.188528837360820489e-01
1.199954930948337051e-01
1.215487411893292347e-01
1.231137769421692951e-01
1.245064365362580361e-01
1.258766611916257716e-01
1.270096589454681180e-01
1.287306447464402481e-01
1.303097005473787817e-01
1.317648596092197977e-01
1.334275336200363427e-01
1.349648071660354276e-01
1.363882419606596841e-01
1.379087183396237037e-01
1.396023648016111451e-01
1.413211381851837700e-01
1.428206156456894860e-01
1.442313128349042017e-01
1.456591751531277623e-01
1.472108832279062085e-01
1.488043715441165205e-01
1.503853295204180540e-01
1.518664530948399261e-01
1.531218034346153445e-01
1.546194318413114388e-01
1.561245719363881790e-01
1.576286104508142216e-01
1.593864187393378984e-01
1.610338520562990539e-01
1.629177865642859047e-01
1.647143892309728130e-01
1.668701338070803786e-01
1.687462550312091025e-01
1.704995197308818433e-01
1.726235820213233296e-01
1.745856102906273577e-01
1.765772012679605041e-01
1.783288580802846468e-01
1.803075387164909671e-01
1.821840546461359622e-01
1.840578220262827358e-01
1.859749602625555553e-01
1.876464581365695494e-01
1.894224737849015128e-01
1.911585259899339917e-01
1.929995330050005009e-01
1.947953732641636293e-01
1.963185683188015673e-01
1.983851580411908344e-01
2.000380594424129299e-01
2.019933694179414374e-01
2.038359202856696584e-01
2.055543567016826501e-01
2.073942398722010694e-01
2.090721388631564537e-01
2.111638120572081334e-01
2.128669394616053978e-01
2.148598179728153923e-01
2.167168772586904879e-01
2.184747523180803341e-01
2.201524427209307078e-01
2.218762142112211677e-01
2.237364907889016763e-01
2.253113130812920417e-01
2.274032124421410117e-01
2.293613631544246800e-01
2.309816138674563035e-01
2.330195464806834593e-01
2.348128324212410689e-01
2.365605179715757345e-01
2.380718681155684635e-01
2.398695995537423187e-01
2.416525682784822493e-01
2.432451156481860721e-01
2.449108341847008319e-01
2.464657383872861374e-01
2.481025356154944461e-01
2.499145698769780211e-01
2.517730127943735852e-01
2.535176597293684608e-01
2.553168680537893920e-01
2.570544663924394513e-01
2.588896436254799482e-01
2.605793115828021200e-01
2.623531474725027124e-01
2.640748266991792548e-01
2.657986198425490443e-01
2.678497702984188322e-01
2.695607386366134506e-01
2.714488831679346958e-01
2.732309757951867368e-01
2.747256230757173512e-01
2.767206445277921034e-01
2.783925228603081337e-01
2.801814590816391615e-01
2.818718251499703342e-01
2.835076098910818132e-01
2.852768882993856892e-01
2.870452905038263225e-01
2.892430969324806256e-01
2.910821652900494882e-01
2.931549889013638222e-01
2.948335915266682150e-01
2.967023022237711416e-01
2.989313210076431915e-01
3.008656265380977857e-01
3.027050617294406720e-01
3.043584495553162128e-01
3.064158221953761085e-01
3.084328580116206808e-01
3.104120715137241859e-01
3.123795831520723709e-01
3.140816401529917812e-01
3.161017287596195047e-01
3.180033052453126174e-01
3.198125045645596742e-01
3.216675285179277921e-01
3.235697156393797513e-01
3.252818322868336054e-01
