-1.937764608328507165e-06
-1.839703023875927101e-05
-2.501276707533861554e-05
-1.916976044924467715e-05
-1.726598340923146679e-05
-3.281798740317753982e-05
-3.984389909561514287e-05
-8.775402764626960561e-05
-1.107971202074509165e-04
-8.939893312032154427e-05
-1.118356040663570639e-04
-1.333877609539513287e-04
-1.331394891934678526e-04
-1.405026243475049341e-04
-1.674803200657493107e-04
-1.759485050882858559e-04
-1.517536367785510265e-04
-1.623955147849187597e-04
-1.955074143111801277e-04
-2.257002614811653984e-04
-2.442713016463926579e-04
-2.671141708390223357e-04
-3.241298727445496297e-04
-2.876223719354698005e-04
-3.250849611546868800e-04
-3.106830011248007395e-04
-3.346577413196882844e-04
-6.027186867143541349e-04
-6.142069550847395476e-04
-6.178980754683038867e-04
-2.296561269119479221e-04
-1.981576371932192160e-04
-1.616383391151998694e-04
-2.026439643501021237e-04
-1.502729631539523325e-04
-4.668614599268039456e-05
-7.471180366991347910e-05
-1.513710374467791553e-05
1.177991362482089244e-04
-7.246473167299427587e-06
2.322693827565558422e-04
4.291648385716939629e-04
5.517301472508506777e-04
4.909414610665407963e-04
3.731020299468923440e-04
4.918750154274675879e-04
4.177515286087896129e-04
3.752589088250601890e-04
4.331307061633538069e-04
4.338096666955948422e-04
2.737323857715523445e-04
3.451146503934410248e-04
4.922719889250970482e-04
6.611494078683222142e-04
5.822752218591631390e-04
1.657849526637278359e-04
4.869345771396638156e-05
2.786700839862987777e-05
-1.710672525376821795e-04
-4.200301354160274059e-04
-6.399052879046962516e-04
-5.695063755197793398e-04
-5.319975423034861706e-04
-5.501038787443235378e-04
-6.247883601275816545e-04
-7.969644112861828944e-04
-8.220177004716333613e-04
-8.852409924315907119e-04
-8.046503739791432963e-04
-8.694705975642591511e-04
-1.013734994856463345e-03
-1.231705186071962999e-03
-1.371880973422889838e-03
-1.284565891047861896e-03
-1.340842040853829076e-03
-1.408419287486140092e-03
-1.435883928500913953e-03
-1.464458196487328223e-03
-1.625143706917242525e-03
-1.848124347539226164e-03
-2.164230664710942165e-03
-2.549692536256031872e-03
-2.441899577661388321e-03
-2.710216172644663857e-03
-2.550725620181992781e-03
-2.526382506943036788e-03
-2.726594730646070275e-03
-2.905017133222997927e-03
-3.066530186245586265e-03
-3.269525955069241263e-03
-3.383437408309930561e-03
-3.540460941970025033e-03
-3.612904345885681323e-03
-3.661719790329698299e-03
-3.683714280484196024e-03
-3.790914830013036863e-03
-3.771449619783595608e-03
-3.752530695095401825e-03
-3.721555930631836873e-03
-3.609493510822403550e-03
-3.575436896980477286e-03
-3.833394192646721876e-03
-3.883574025913105743e-03
-3.994290209931250502e-03
-3.933749450112600243e-03
-3.949989008383170130e-03
-3.922991386765772859e-03
-3.814727237532622439e-03
-3.930238529981977535e-03
-3.847061393614126246e-03
-3.829209166383407137e-03
-3.846429542782914268e-03
-3.853288547823296994e-03
-3.787763349613726405e-03
-3.749395676258870935e-03
-3.739021860603486402e-03
-3.694562163047976355e-03
-3.713489219187238177e-03
-3.732304662982244281e-03
-3.812905611432881869e-03
-4.048255470181061355e-03
-4.208939037710024422e-03
-4.334476525301056427e-03
-4.393314932826797303e-03
-4.311488109316030659e-03
-4.366350995567813698e-03
-4.305343405903272469e-03
-4.381557136028391142e-03
-4.460498390628231391e-03
-4.539620157302692860e-03
-4.402754216627613459e-03
-4.549438986444442889e-03
-4.688192777550170831e-03
-4.790509361150441237e-03
-4.878685188636211478e-03
-4.787650965873524456e-03
-4.578958683843836752e-03
-4.762815998311964449e-03
-4.678061771137720370e-03
-4.667175341282359113e-03
-4.661399091340001632e-03
-4.605976961769897571e-03
-4.283852540787336238e-03
-4.103056692670747907e-03
-4.095214369137067933e-03
-4.098514896035965194e-03
-3.887888483902202097e-03
-4.052539520323250599e-03
-4.103132561589006855e-03
-4.048075747107304778e-03
-3.880718265421023716e-03
-3.802147265602684456e-03
-3.644851747594657354e-03
-3.815313692236088627e-03
-3.687147303821802780e-03
-3.689606566268821553e-03
-3.739300650359211886e-03
-3.557269455988887330e-03
-3.252329700501377374e-03
-3.224375754918185066e-03
-3.191134945595308636e-03
-3.164022305043090455e-03
-3.011972934693574189e-03
-3.071752086512447022e-03
-3.001720190482615180e-03
-2.922515250283197474e-03
-3.136139517764036100e-03
-3.026693788079626302e-03
-3.120012600021482285e-03
-3.099103929685043113e-03
-3.322319400155038238e-03
-3.202456377543683175e-03
-3.113234920029128716e-03
-3.049371425014157921e-03
-3.003367020042446711e-03
-3.078616776335252325e-03
-2.870932575859796998e-03
-2.651880887633240036e-03
-2.688562317764819909e-03
-2.828657644428744788e-03
-2.898810669819340546e-03
-2.906800798442077394e-03
-2.931624063137405756e-03
-2.991396082300923354e-03
-2.759405653023350169e-03
-2.811749830343046597e-03
-2.725672159947123419e-03
-2.770278401428072357e-03
-2.833917134950070249e-03
-2.579133509158282322e-03
-2.516161622750701099e-03
-2.611687040221966072e-03
-2.570633985520487386e-03
-2.318943335410494910e-03
-2.276555601852692234e-03
-2.280949370309315327e-03
-1.969530390923068808e-03
-1.903609852583088013e-03
-1.928342105323110900e-03
-1.776067331825004203e-03
