6.999999999999999929e-04
3.000000000000000062e-03
6.000000000000000125e-03
9.499999999999999764e-03
1.290000000000000001e-02
1.650000000000000078e-02
2.040000000000000147e-02
2.429999999999999868e-02
2.809999999999999998e-02
3.200000000000000067e-02
3.579999999999999849e-02
3.969999999999999918e-02
4.399999999999999745e-02
4.859999999999999737e-02
5.340000000000000302e-02
5.800000000000000294e-02
6.270000000000000573e-02
6.729999999999999871e-02
7.190000000000000557e-02
7.620000000000000384e-02
8.039999999999999925e-02
8.459999999999999465e-02
8.920000000000000151e-02
9.349999999999999978e-02
9.790000000000000091e-02
1.024000000000000049e-01
1.069999999999999979e-01
1.112999999999999962e-01
1.155999999999999944e-01
1.198000000000000037e-01
1.238999999999999962e-01
1.277999999999999969e-01
1.315999999999999948e-01
1.355999999999999983e-01
1.396000000000000019e-01
1.436000000000000054e-01
1.474999999999999922e-01
1.514000000000000068e-01
1.554999999999999993e-01
1.592999999999999972e-01
1.632000000000000117e-01
1.668999999999999928e-01
1.706999999999999906e-01
1.741999999999999937e-01
1.776000000000000079e-01
1.806999999999999995e-01
1.839000000000000079e-01
1.869999999999999996e-01
1.900999999999999912e-01
1.935999999999999943e-01
1.971999999999999864e-01
2.003999999999999948e-01
2.036000000000000032e-01
2.066000000000000059e-01
2.096999999999999975e-01
2.126000000000000112e-01
2.157000000000000028e-01
2.192999999999999949e-01
2.227000000000000091e-01
2.262000000000000122e-01
2.298999999999999932e-01
2.336000000000000021e-01
2.374999999999999889e-01
2.411999999999999977e-01
2.449000000000000066e-01
2.489000000000000101e-01
2.524000000000000132e-01
2.560999999999999943e-01
2.594000000000000195e-01
2.626999999999999891e-01
2.659000000000000252e-01
2.691000000000000059e-01
2.721000000000000085e-01
2.751000000000000112e-01
2.780000000000000249e-01
2.807999999999999940e-01
2.837999999999999967e-01
2.869999999999999774e-01
2.899999999999999800e-01
2.931000000000000272e-01
2.960999999999999743e-01
2.988000000000000100e-01
3.014000000000000012e-01
3.039000000000000035e-01
3.064999999999999947e-01
3.089999999999999969e-01
3.115999999999999881e-01
3.141999999999999793e-01
3.169000000000000150e-01
3.191999999999999837e-01
3.215000000000000080e-01
3.240000000000000102e-01
3.264000000000000234e-01
3.287999999999999812e-01
3.311999999999999944e-01
3.336000000000000076e-01
3.358999999999999764e-01
3.380000000000000226e-01
3.402000000000000024e-01
3.423999999999999821e-01
3.446000000000000174e-01
3.464999999999999747e-01
3.487000000000000099e-01
3.506000000000000227e-01
3.526000000000000245e-01
3.546000000000000263e-01
3.568000000000000060e-01
3.587000000000000188e-01
3.608000000000000096e-01
3.628000000000000114e-01
3.647000000000000242e-01
3.665999999999999814e-01
3.684999999999999942e-01
3.704000000000000070e-01
3.723000000000000198e-01
3.741999999999999771e-01
3.761999999999999789e-01
3.780999999999999917e-01
3.800000000000000044e-01
3.817999999999999727e-01
3.835000000000000075e-01
3.854000000000000203e-01
3.871999999999999886e-01
3.891000000000000014e-01
3.910000000000000142e-01
3.927999999999999825e-01
3.947999999999999843e-01
3.970000000000000195e-01
3.990000000000000213e-01
4.010000000000000231e-01
4.032999999999999918e-01
4.055000000000000271e-01
4.072999999999999954e-01
4.091000000000000192e-01
4.107999999999999985e-01
4.128000000000000003e-01
4.148999999999999910e-01
4.168999999999999928e-01
4.188000000000000056e-01
4.208000000000000074e-01
4.228000000000000091e-01
4.247000000000000219e-01
4.267000000000000237e-01
4.285999999999999810e-01
4.304000000000000048e-01
4.321999999999999731e-01
4.339000000000000079e-01
4.355999999999999872e-01
4.373000000000000220e-01
4.390999999999999903e-01
4.409000000000000141e-01
4.428000000000000269e-01
4.446999999999999842e-01
4.464000000000000190e-01
4.482999999999999763e-01
4.502999999999999781e-01
4.521999999999999909e-01
4.541000000000000036e-01
4.556999999999999940e-01
4.572999999999999843e-01
4.588999999999999746e-01
4.603999999999999759e-01
4.620000000000000218e-01
4.633999999999999786e-01
4.647999999999999909e-01
4.662000000000000033e-01
4.675000000000000266e-01
4.689999999999999725e-01
4.702999999999999958e-01
4.717000000000000082e-01
4.733999999999999875e-01
4.748999999999999888e-01
4.764999999999999791e-01
4.779999999999999805e-01
4.793999999999999928e-01
4.808999999999999941e-01
4.824999999999999845e-01
4.839999999999999858e-01
4.855999999999999761e-01
4.869999999999999885e-01
4.887000000000000233e-01
4.903000000000000136e-01
4.919000000000000039e-01
4.935999999999999832e-01
4.950999999999999845e-01
4.966999999999999749e-01
4.983000000000000207e-01
5.000000000000000000e-01
5.014999999999999458e-01
5.030999999999999917e-01
5.044999999999999485e-01
5.058000000000000274e-01
5.072999999999999732e-01
5.088000000000000300e-01
5.102999999999999758e-01
5.117000000000000437e-01
5.131000000000000005e-01
5.144999999999999574e-01
5.161000000000000032e-01
5.175999999999999490e-01
