1.000000000000000048e-04
1.000000000000000048e-04
2.000000000000000096e-04
2.000000000000000096e-04
1.000000000000000048e-04
1.000000000000000048e-04
1.000000000000000048e-04
0.000000000000000000e+00
2.000000000000000096e-04
4.000000000000000192e-04
5.999999999999999474e-04
8.000000000000000383e-04
1.100000000000000066e-03
1.399999999999999986e-03
1.699999999999999905e-03
2.099999999999999870e-03
2.500000000000000052e-03
3.000000000000000062e-03
3.500000000000000073e-03
4.199999999999999740e-03
4.799999999999999580e-03
5.599999999999999943e-03
6.400000000000000307e-03
7.199999999999999803e-03
7.900000000000000772e-03
8.699999999999999400e-03
9.499999999999999764e-03
1.020000000000000073e-02
1.129999999999999928e-02
1.209999999999999964e-02
1.290000000000000001e-02
1.349999999999999985e-02
1.420000000000000082e-02
1.490000000000000005e-02
1.549999999999999989e-02
1.629999999999999852e-02
1.710000000000000062e-02
1.779999999999999985e-02
1.849999999999999908e-02
1.930000000000000118e-02
2.029999999999999860e-02
2.110000000000000070e-02
2.189999999999999933e-02
2.280000000000000082e-02
2.369999999999999885e-02
2.479999999999999913e-02
2.570000000000000062e-02
2.670000000000000151e-02
2.769999999999999893e-02
2.860000000000000042e-02
2.949999999999999845e-02
3.049999999999999933e-02
3.139999999999999736e-02
3.230000000000000232e-02
3.300000000000000155e-02
3.379999999999999671e-02
3.470000000000000168e-02
3.549999999999999684e-02
3.620000000000000301e-02
3.699999999999999817e-02
3.780000000000000027e-02
3.860000000000000236e-02
3.939999999999999752e-02
4.030000000000000249e-02
4.120000000000000051e-02
4.209999999999999853e-02
4.299999999999999656e-02
4.379999999999999866e-02
4.449999999999999789e-02
4.549999999999999878e-02
4.660000000000000253e-02
4.750000000000000056e-02
4.850000000000000144e-02
4.939999999999999947e-02
5.029999999999999749e-02
5.120000000000000245e-02
5.199999999999999761e-02
5.279999999999999971e-02
5.360000000000000181e-02
5.439999999999999697e-02
5.519999999999999907e-02
5.609999999999999709e-02
5.700000000000000205e-02
5.790000000000000008e-02
5.890000000000000097e-02
5.990000000000000185e-02
6.090000000000000274e-02
6.189999999999999669e-02
6.279999999999999472e-02
6.389999999999999847e-02
6.510000000000000508e-02
6.600000000000000311e-02
6.700000000000000400e-02
6.790000000000000202e-02
6.890000000000000291e-02
6.980000000000000093e-02
7.080000000000000182e-02
7.180000000000000271e-02
7.270000000000000073e-02
7.349999999999999589e-02
7.439999999999999392e-02
7.530000000000000582e-02
7.610000000000000098e-02
7.689999999999999614e-02
7.760000000000000231e-02
7.839999999999999747e-02
7.920000000000000651e-02
7.989999999999999880e-02
8.060000000000000497e-02
8.129999999999999727e-02
8.200000000000000344e-02
8.269999999999999574e-02
8.340000000000000191e-02
8.400000000000000522e-02
8.469999999999999751e-02
8.530000000000000082e-02
8.590000000000000413e-02
8.659999999999999643e-02
8.719999999999999973e-02
8.780000000000000304e-02
8.849999999999999534e-02
8.899999999999999578e-02
8.959999999999999909e-02
9.030000000000000526e-02
9.080000000000000571e-02
9.149999999999999800e-02
9.210000000000000131e-02
9.270000000000000462e-02
9.329999999999999405e-02
9.389999999999999736e-02
9.450000000000000067e-02
9.520000000000000684e-02
9.600000000000000200e-02
9.650000000000000244e-02
9.719999999999999474e-02
9.790000000000000091e-02
9.869999999999999607e-02
9.940000000000000224e-02
1.001999999999999974e-01
1.009000000000000036e-01
1.015999999999999959e-01
1.023000000000000020e-01
1.030999999999999972e-01
1.038000000000000034e-01
1.045999999999999985e-01
1.052000000000000018e-01
1.058000000000000052e-01
1.063000000000000056e-01
1.069999999999999979e-01
1.076000000000000012e-01
1.083999999999999964e-01
1.092999999999999944e-01
1.101000000000000034e-01
1.108999999999999986e-01
1.116000000000000048e-01
1.121999999999999942e-01
1.130000000000000032e-01
1.136999999999999955e-01
1.144000000000000017e-01
1.150999999999999940e-01
1.155999999999999944e-01
1.161999999999999977e-01
1.168000000000000010e-01
1.173000000000000015e-01
1.179000000000000048e-01
1.181999999999999995e-01
1.188000000000000028e-01
1.194000000000000061e-01
1.199000000000000066e-01
1.204999999999999960e-01
1.212000000000000022e-01
1.218000000000000055e-01
1.223999999999999949e-01
1.229999999999999982e-01
1.233999999999999958e-01
1.238999999999999962e-01
1.242999999999999938e-01
1.247999999999999943e-01
1.252999999999999947e-01
1.259000000000000119e-01
1.264000000000000123e-01
1.269000000000000128e-01
1.274000000000000132e-01
1.280000000000000027e-01
1.285000000000000031e-01
1.288999999999999868e-01
1.292999999999999983e-01
1.297000000000000097e-01
1.300000000000000044e-01
1.303999999999999881e-01
1.307000000000000106e-01
1.310000000000000053e-01
1.315000000000000058e-01
1.318999999999999895e-01
1.323999999999999899e-01
1.328999999999999904e-01
1.335000000000000075e-01
1.340999999999999970e-01
1.345999999999999974e-01
1.350999999999999979e-01
