0.000000000000000000e+00
1.000000000000000048e-04
4.000000000000000192e-04
8.000000000000000383e-04
1.199999999999999895e-03
1.699999999999999905e-03
2.299999999999999961e-03
2.899999999999999800e-03
3.599999999999999901e-03
4.300000000000000003e-03
5.000000000000000104e-03
5.599999999999999943e-03
6.400000000000000307e-03
7.199999999999999803e-03
8.000000000000000167e-03
8.800000000000000530e-03
9.599999999999999159e-03
1.050000000000000065e-02
1.159999999999999920e-02
1.269999999999999948e-02
1.400000000000000029e-02
1.510000000000000057e-02
1.609999999999999973e-02
1.739999999999999880e-02
1.870000000000000134e-02
2.000000000000000042e-02
2.120000000000000009e-02
2.249999999999999917e-02
2.369999999999999885e-02
2.500000000000000139e-02
2.630000000000000046e-02
2.759999999999999953e-02
2.879999999999999921e-02
2.999999999999999889e-02
3.119999999999999857e-02
3.259999999999999704e-02
3.370000000000000079e-02
3.479999999999999760e-02
3.599999999999999728e-02
3.719999999999999696e-02
3.839999999999999664e-02
3.960000000000000325e-02
4.080000000000000293e-02
4.189999999999999974e-02
4.309999999999999942e-02
4.440000000000000197e-02
4.560000000000000164e-02
4.689999999999999725e-02
4.830000000000000265e-02
4.970000000000000112e-02
5.109999999999999959e-02
5.260000000000000092e-02
5.390000000000000346e-02
5.500000000000000028e-02
5.619999999999999996e-02
5.720000000000000084e-02
5.840000000000000052e-02
5.949999999999999734e-02
6.069999999999999701e-02
6.169999999999999790e-02
6.270000000000000573e-02
6.379999999999999560e-02
6.479999999999999649e-02
6.600000000000000311e-02
6.700000000000000400e-02
6.779999999999999916e-02
6.859999999999999432e-02
6.959999999999999520e-02
7.049999999999999323e-02
7.159999999999999698e-02
7.259999999999999787e-02
7.380000000000000449e-02
7.499999999999999722e-02
7.610000000000000098e-02
7.729999999999999372e-02
7.839999999999999747e-02
7.960000000000000409e-02
8.069999999999999396e-02
8.190000000000000058e-02
8.279999999999999860e-02
8.379999999999999949e-02
8.500000000000000611e-02
8.609999999999999598e-02
8.740000000000000546e-02
8.880000000000000393e-02
8.999999999999999667e-02
9.120000000000000329e-02
9.260000000000000175e-02
9.389999999999999736e-02
9.520000000000000684e-02
9.629999999999999671e-02
9.769999999999999518e-02
9.900000000000000466e-02
1.001999999999999974e-01
1.015000000000000069e-01
1.029000000000000054e-01
1.040999999999999981e-01
1.053000000000000047e-01
1.066000000000000003e-01
1.076000000000000012e-01
1.088999999999999968e-01
1.100000000000000006e-01
1.111000000000000043e-01
1.121999999999999942e-01
1.132999999999999979e-01
1.142999999999999988e-01
1.154000000000000026e-01
1.163000000000000006e-01
1.174999999999999933e-01
1.187000000000000000e-01
1.199000000000000066e-01
1.210999999999999993e-01
1.222000000000000031e-01
1.233000000000000068e-01
1.244999999999999996e-01
1.255000000000000004e-01
1.264000000000000123e-01
1.275000000000000022e-01
1.285999999999999921e-01
1.295999999999999930e-01
1.307000000000000106e-01
1.320000000000000062e-01
1.333000000000000018e-01
1.345000000000000084e-01
1.358000000000000040e-01
1.368999999999999939e-01
1.381000000000000005e-01
1.391999999999999904e-01
1.403000000000000080e-01
1.413999999999999979e-01
1.428000000000000103e-01
1.443000000000000116e-01
1.459000000000000019e-01
1.472999999999999865e-01
1.486000000000000099e-01
1.497999999999999887e-01
1.511000000000000121e-01
1.524000000000000077e-01
1.535999999999999865e-01
1.549999999999999989e-01
1.562999999999999945e-01
1.575999999999999901e-01
1.587999999999999967e-01
1.600999999999999923e-01
1.615000000000000047e-01
1.628000000000000003e-01
1.638000000000000012e-01
1.650000000000000078e-01
1.660999999999999976e-01
1.670999999999999985e-01
1.681999999999999884e-01
1.693000000000000060e-01
1.703000000000000069e-01
1.713999999999999968e-01
1.723999999999999977e-01
1.733999999999999986e-01
1.743999999999999995e-01
1.753000000000000114e-01
1.761999999999999955e-01
1.771000000000000074e-01
1.779000000000000026e-01
1.787999999999999867e-01
1.796000000000000096e-01
1.801999999999999991e-01
1.809999999999999942e-01
1.817000000000000004e-01
1.824999999999999956e-01
1.832999999999999907e-01
1.841000000000000136e-01
1.849000000000000088e-01
1.857000000000000040e-01
1.864000000000000101e-01
1.870999999999999885e-01
1.880000000000000004e-01
1.887999999999999956e-01
1.895000000000000018e-01
1.902000000000000079e-01
1.910000000000000031e-01
1.917000000000000093e-01
1.923999999999999877e-01
1.932999999999999996e-01
1.940000000000000058e-01
1.947000000000000119e-01
1.953000000000000014e-01
1.958999999999999908e-01
1.965999999999999970e-01
1.971999999999999864e-01
1.978999999999999926e-01
1.985000000000000098e-01
1.990999999999999992e-01
1.996999999999999886e-01
2.001999999999999891e-01
2.010000000000000120e-01
2.016999999999999904e-01
2.023999999999999966e-01
2.030000000000000138e-01
2.036999999999999922e-01
2.044999999999999873e-01
2.053000000000000103e-01
2.061999999999999944e-01
