2.000000000000000096e-04
2.999999999999999737e-04
5.000000000000000104e-04
5.999999999999999474e-04
8.000000000000000383e-04
1.000000000000000021e-03
1.199999999999999895e-03
1.299999999999999940e-03
1.600000000000000077e-03
-1.600000000000000077e-03
-1.699999999999999905e-03
-1.699999999999999905e-03
-1.899999999999999996e-03
-2.000000000000000042e-03
-2.099999999999999870e-03
-2.099999999999999870e-03
-2.299999999999999961e-03
-2.399999999999999790e-03
-2.399999999999999790e-03
-2.099999999999999870e-03
-1.899999999999999996e-03
-1.699999999999999905e-03
-1.500000000000000031e-03
-1.199999999999999895e-03
-1.000000000000000021e-03
-8.000000000000000383e-04
-5.999999999999999474e-04
-4.000000000000000192e-04
-2.000000000000000096e-04
0.000000000000000000e+00
2.000000000000000096e-04
2.999999999999999737e-04
4.000000000000000192e-04
4.000000000000000192e-04
4.000000000000000192e-04
5.000000000000000104e-04
5.000000000000000104e-04
5.000000000000000104e-04
5.000000000000000104e-04
5.000000000000000104e-04
5.000000000000000104e-04
5.999999999999999474e-04
5.000000000000000104e-04
5.999999999999999474e-04
5.000000000000000104e-04
5.000000000000000104e-04
5.999999999999999474e-04
6.999999999999999929e-04
6.999999999999999929e-04
6.999999999999999929e-04
5.999999999999999474e-04
5.999999999999999474e-04
6.999999999999999929e-04
5.999999999999999474e-04
5.999999999999999474e-04
5.999999999999999474e-04
6.999999999999999929e-04
6.999999999999999929e-04
6.999999999999999929e-04
6.999999999999999929e-04
5.999999999999999474e-04
4.000000000000000192e-04
2.999999999999999737e-04
2.999999999999999737e-04
2.000000000000000096e-04
1.000000000000000048e-04
-0.000000000000000000e+00
-1.000000000000000048e-04
-2.000000000000000096e-04
-2.999999999999999737e-04
-4.000000000000000192e-04
-2.999999999999999737e-04
-2.000000000000000096e-04
-2.000000000000000096e-04
-0.000000000000000000e+00
-0.000000000000000000e+00
1.000000000000000048e-04
1.000000000000000048e-04
2.000000000000000096e-04
1.000000000000000048e-04
0.000000000000000000e+00
0.000000000000000000e+00
-0.000000000000000000e+00
1.000000000000000048e-04
2.000000000000000096e-04
2.999999999999999737e-04
4.000000000000000192e-04
5.000000000000000104e-04
5.000000000000000104e-04
5.999999999999999474e-04
6.999999999999999929e-04
6.999999999999999929e-04
8.000000000000000383e-04
8.000000000000000383e-04
8.999999999999999754e-04
8.000000000000000383e-04
8.999999999999999754e-04
1.000000000000000021e-03
1.100000000000000066e-03
1.000000000000000021e-03
1.000000000000000021e-03
1.000000000000000021e-03
1.000000000000000021e-03
8.999999999999999754e-04
8.999999999999999754e-04
8.000000000000000383e-04
8.999999999999999754e-04
8.999999999999999754e-04
8.999999999999999754e-04
8.999999999999999754e-04
8.999999999999999754e-04
8.000000000000000383e-04
6.999999999999999929e-04
5.999999999999999474e-04
5.999999999999999474e-04
5.999999999999999474e-04
5.000000000000000104e-04
5.000000000000000104e-04
5.000000000000000104e-04
5.999999999999999474e-04
5.000000000000000104e-04
5.999999999999999474e-04
5.000000000000000104e-04
5.000000000000000104e-04
5.000000000000000104e-04
5.000000000000000104e-04
5.000000000000000104e-04
5.000000000000000104e-04
5.999999999999999474e-04
6.999999999999999929e-04
6.999999999999999929e-04
8.000000000000000383e-04
8.999999999999999754e-04
1.000000000000000021e-03
1.199999999999999895e-03
1.399999999999999986e-03
1.500000000000000031e-03
1.899999999999999996e-03
2.099999999999999870e-03
2.299999999999999961e-03
2.500000000000000052e-03
2.700000000000000143e-03
2.899999999999999800e-03
3.200000000000000153e-03
3.299999999999999982e-03
3.500000000000000073e-03
3.599999999999999901e-03
3.599999999999999901e-03
3.799999999999999992e-03
3.899999999999999821e-03
4.000000000000000083e-03
4.300000000000000003e-03
4.499999999999999660e-03
4.799999999999999580e-03
5.000000000000000104e-03
5.199999999999999761e-03
5.400000000000000286e-03
5.599999999999999943e-03
5.899999999999999863e-03
5.899999999999999863e-03
6.100000000000000387e-03
6.300000000000000044e-03
6.400000000000000307e-03
6.300000000000000044e-03
6.400000000000000307e-03
6.499999999999999702e-03
6.499999999999999702e-03
6.599999999999999964e-03
6.799999999999999621e-03
6.899999999999999883e-03
7.199999999999999803e-03
7.300000000000000065e-03
7.599999999999999985e-03
7.799999999999999642e-03
7.900000000000000772e-03
8.099999999999999561e-03
8.200000000000000691e-03
8.200000000000000691e-03
8.399999999999999481e-03
8.399999999999999481e-03
8.600000000000000006e-03
8.500000000000000611e-03
8.600000000000000006e-03
8.600000000000000006e-03
8.600000000000000006e-03
8.600000000000000006e-03
8.600000000000000006e-03
8.500000000000000611e-03
8.500000000000000611e-03
8.399999999999999481e-03
8.399999999999999481e-03
8.300000000000000086e-03
8.300000000000000086e-03
8.300000000000000086e-03
8.300000000000000086e-03
8.300000000000000086e-03
8.500000000000000611e-03
8.500000000000000611e-03
8.600000000000000006e-03
8.500000000000000611e-03
