0.000000000000000000e+00
2.999999999999999737e-04
5.999999999999999474e-04
1.199999999999999895e-03
1.899999999999999996e-03
2.700000000000000143e-03
3.599999999999999901e-03
4.700000000000000185e-03
5.700000000000000205e-03
7.100000000000000408e-03
8.600000000000000006e-03
1.009999999999999960e-02
1.159999999999999920e-02
1.349999999999999985e-02
1.569999999999999868e-02
1.789999999999999925e-02
2.019999999999999921e-02
2.249999999999999917e-02
2.489999999999999852e-02
2.740000000000000074e-02
3.020000000000000115e-02
3.289999999999999869e-02
3.529999999999999805e-02
3.780000000000000027e-02
4.019999999999999962e-02
4.279999999999999777e-02
4.519999999999999712e-02
4.719999999999999890e-02
4.929999999999999660e-02
5.120000000000000245e-02
5.310000000000000137e-02
5.500000000000000028e-02
5.670000000000000040e-02
5.859999999999999931e-02
6.049999999999999822e-02
6.239999999999999714e-02
6.419999999999999318e-02
6.600000000000000311e-02
6.779999999999999916e-02
6.980000000000000093e-02
7.159999999999999698e-02
7.340000000000000691e-02
7.520000000000000295e-02
7.710000000000000187e-02
7.879999999999999505e-02
8.050000000000000211e-02
8.219999999999999529e-02
8.390000000000000235e-02
8.559999999999999554e-02
8.709999999999999687e-02
8.870000000000000107e-02
9.009999999999999953e-02
9.139999999999999514e-02
9.270000000000000462e-02
9.410000000000000309e-02
9.539999999999999869e-02
9.669999999999999429e-02
9.790000000000000091e-02
9.900000000000000466e-02
1.001999999999999974e-01
1.011999999999999983e-01
1.019999999999999934e-01
1.029999999999999943e-01
1.039999999999999952e-01
1.049999999999999961e-01
1.058000000000000052e-01
1.067000000000000032e-01
1.074999999999999983e-01
1.083999999999999964e-01
1.093999999999999972e-01
1.102000000000000063e-01
1.111000000000000043e-01
1.118999999999999995e-01
1.127999999999999975e-01
1.136999999999999955e-01
1.145000000000000046e-01
1.152999999999999997e-01
1.161999999999999977e-01
1.170000000000000068e-01
1.178000000000000019e-01
1.185999999999999971e-01
1.194000000000000061e-01
1.202000000000000013e-01
1.212000000000000022e-01
1.221000000000000002e-01
1.228999999999999954e-01
1.239999999999999991e-01
1.248999999999999971e-01
1.260000000000000009e-01
1.272000000000000075e-01
1.283999999999999864e-01
1.295000000000000040e-01
1.307999999999999996e-01
1.320000000000000062e-01
1.332000000000000128e-01
1.343999999999999917e-01
1.355999999999999983e-01
1.368000000000000049e-01
1.378999999999999948e-01
1.391000000000000014e-01
1.403000000000000080e-01
1.414999999999999869e-01
1.426999999999999935e-01
1.438000000000000111e-01
1.449000000000000010e-01
1.459999999999999909e-01
1.471000000000000085e-01
1.481999999999999984e-01
1.491999999999999993e-01
1.502000000000000002e-01
1.514000000000000068e-01
1.524999999999999967e-01
1.534999999999999976e-01
1.544999999999999984e-01
1.554000000000000103e-01
1.562999999999999945e-01
1.572000000000000064e-01
1.580000000000000016e-01
1.587999999999999967e-01
1.595999999999999919e-01
1.603999999999999870e-01
1.612000000000000099e-01
1.620999999999999941e-01
1.628999999999999893e-01
1.638000000000000012e-01
1.645999999999999963e-01
1.655999999999999972e-01
1.665000000000000091e-01
1.673000000000000043e-01
1.681999999999999884e-01
1.691000000000000003e-01
1.701000000000000012e-01
1.710000000000000131e-01
1.718000000000000083e-01
1.729999999999999871e-01
1.739999999999999880e-01
1.751999999999999946e-01
1.764000000000000012e-01
1.776000000000000079e-01
1.786999999999999977e-01
1.797999999999999876e-01
1.809000000000000052e-01
1.819000000000000061e-01
1.829000000000000070e-01
1.839000000000000079e-01
1.849000000000000088e-01
1.859000000000000097e-01
1.867999999999999938e-01
1.879000000000000115e-01
1.889000000000000123e-01
1.900999999999999912e-01
1.912999999999999978e-01
1.923999999999999877e-01
1.937000000000000111e-01
1.945999999999999952e-01
1.955999999999999961e-01
1.965000000000000080e-01
1.975000000000000089e-01
1.985000000000000098e-01
1.993999999999999939e-01
2.003000000000000058e-01
2.011999999999999900e-01
2.023000000000000076e-01
2.033000000000000085e-01
2.043000000000000094e-01
2.053000000000000103e-01
2.063000000000000111e-01
2.073000000000000120e-01
2.083000000000000129e-01
2.094000000000000028e-01
2.104999999999999927e-01
2.114000000000000046e-01
2.124999999999999944e-01
2.134000000000000064e-01
2.142999999999999905e-01
2.152000000000000024e-01
2.162000000000000033e-01
2.170999999999999874e-01
2.179999999999999993e-01
2.189000000000000112e-01
2.197000000000000064e-01
2.204000000000000126e-01
2.212999999999999967e-01
2.220999999999999919e-01
2.228999999999999870e-01
2.237999999999999989e-01
2.247000000000000108e-01
2.255000000000000060e-01
2.263000000000000012e-01
2.270000000000000073e-01
2.278000000000000025e-01
2.285999999999999976e-01
2.293000000000000038e-01
2.300999999999999990e-01
2.308000000000000052e-01
2.316000000000000003e-01
2.323000000000000065e-01
2.331999999999999906e-01
2.341000000000000025e-01
2.348999999999999977e-01
