2.000000000000000096e-04
2.999999999999999737e-04
4.000000000000000192e-04
5.000000000000000104e-04
5.000000000000000104e-04
6.999999999999999929e-04
8.000000000000000383e-04
8.000000000000000383e-04
8.999999999999999754e-04
-8.000000000000000383e-04
-8.000000000000000383e-04
-8.000000000000000383e-04
-8.000000000000000383e-04
-8.000000000000000383e-04
-8.999999999999999754e-04
-8.000000000000000383e-04
-8.000000000000000383e-04
-8.000000000000000383e-04
-8.000000000000000383e-04
-4.000000000000000192e-04
-0.000000000000000000e+00
4.000000000000000192e-04
5.999999999999999474e-04
8.000000000000000383e-04
1.199999999999999895e-03
1.399999999999999986e-03
1.799999999999999951e-03
2.099999999999999870e-03
2.500000000000000052e-03
2.799999999999999972e-03
3.099999999999999891e-03
3.399999999999999811e-03
3.599999999999999901e-03
3.799999999999999992e-03
4.000000000000000083e-03
4.100000000000000346e-03
4.300000000000000003e-03
4.599999999999999922e-03
4.599999999999999922e-03
4.700000000000000185e-03
4.899999999999999842e-03
5.100000000000000366e-03
5.000000000000000104e-03
5.199999999999999761e-03
5.300000000000000024e-03
5.300000000000000024e-03
5.499999999999999681e-03
5.599999999999999943e-03
5.599999999999999943e-03
5.700000000000000205e-03
5.899999999999999863e-03
6.100000000000000387e-03
6.300000000000000044e-03
6.400000000000000307e-03
6.599999999999999964e-03
6.599999999999999964e-03
7.000000000000000146e-03
7.000000000000000146e-03
7.100000000000000408e-03
7.199999999999999803e-03
7.300000000000000065e-03
7.400000000000000328e-03
7.599999999999999985e-03
7.599999999999999985e-03
7.700000000000000247e-03
7.799999999999999642e-03
7.799999999999999642e-03
7.799999999999999642e-03
7.799999999999999642e-03
7.700000000000000247e-03
7.700000000000000247e-03
7.599999999999999985e-03
7.599999999999999985e-03
7.499999999999999722e-03
7.599999999999999985e-03
7.599999999999999985e-03
7.700000000000000247e-03
7.599999999999999985e-03
7.700000000000000247e-03
7.599999999999999985e-03
7.700000000000000247e-03
7.700000000000000247e-03
7.900000000000000772e-03
8.200000000000000691e-03
8.399999999999999481e-03
8.699999999999999400e-03
8.999999999999999320e-03
9.299999999999999239e-03
9.299999999999999239e-03
9.499999999999999764e-03
9.700000000000000289e-03
1.000000000000000021e-02
1.020000000000000073e-02
1.030000000000000013e-02
1.050000000000000065e-02
1.060000000000000005e-02
1.089999999999999997e-02
1.110000000000000049e-02
1.129999999999999928e-02
1.149999999999999981e-02
1.170000000000000033e-02
1.170000000000000033e-02
1.190000000000000085e-02
1.200000000000000025e-02
1.209999999999999964e-02
1.209999999999999964e-02
1.230000000000000017e-02
1.230000000000000017e-02
1.239999999999999956e-02
1.239999999999999956e-02
1.239999999999999956e-02
1.250000000000000069e-02
1.250000000000000069e-02
1.260000000000000009e-02
1.260000000000000009e-02
1.269999999999999948e-02
1.280000000000000061e-02
1.290000000000000001e-02
1.290000000000000001e-02
1.299999999999999940e-02
1.310000000000000053e-02
1.319999999999999993e-02
1.319999999999999993e-02
1.329999999999999932e-02
1.340000000000000045e-02
1.349999999999999985e-02
1.359999999999999924e-02
1.370000000000000037e-02
1.379999999999999977e-02
1.389999999999999916e-02
1.409999999999999969e-02
1.430000000000000021e-02
1.439999999999999961e-02
1.460000000000000013e-02
1.480000000000000066e-02
1.499999999999999944e-02
1.510000000000000057e-02
1.540000000000000049e-02
1.549999999999999989e-02
1.590000000000000094e-02
1.619999999999999912e-02
1.650000000000000078e-02
1.669999999999999957e-02
1.700000000000000122e-02
1.720000000000000001e-02
1.750000000000000167e-02
1.770000000000000046e-02
1.799999999999999864e-02
1.830000000000000029e-02
1.849999999999999908e-02
1.899999999999999953e-02
1.930000000000000118e-02
1.959999999999999937e-02
2.000000000000000042e-02
2.029999999999999860e-02
2.089999999999999844e-02
2.120000000000000009e-02
2.170000000000000054e-02
2.199999999999999872e-02
2.230000000000000038e-02
2.249999999999999917e-02
2.259999999999999856e-02
2.270000000000000143e-02
2.290000000000000022e-02
2.299999999999999961e-02
2.319999999999999840e-02
2.319999999999999840e-02
2.350000000000000006e-02
2.369999999999999885e-02
2.390000000000000110e-02
2.419999999999999929e-02
2.429999999999999868e-02
2.429999999999999868e-02
2.450000000000000094e-02
2.479999999999999913e-02
2.489999999999999852e-02
2.510000000000000078e-02
2.529999999999999957e-02
2.539999999999999897e-02
2.560000000000000123e-02
2.570000000000000062e-02
2.580000000000000002e-02
2.599999999999999881e-02
2.610000000000000167e-02
2.630000000000000046e-02
2.639999999999999986e-02
2.649999999999999925e-02
2.670000000000000151e-02
2.670000000000000151e-02
2.680000000000000090e-02
2.690000000000000030e-02
2.690000000000000030e-02
2.699999999999999969e-02
2.699999999999999969e-02
2.709999999999999909e-02
2.709999999999999909e-02
2.709999999999999909e-02
2.719999999999999848e-02
2.730000000000000135e-02
2.740000000000000074e-02
