6.000000000000000559e-04
1.399999999999999986e-03
2.499999999999999618e-03
3.900000000000000255e-03
5.400000000000000286e-03
7.099999999999999541e-03
8.999999999999999320e-03
1.089999999999999997e-02
1.239999999999999956e-02
1.049999999999999892e-02
1.279999999999999888e-02
1.540000000000000049e-02
1.799999999999999864e-02
2.069999999999999965e-02
2.380000000000000171e-02
2.670000000000000151e-02
2.949999999999999845e-02
3.269999999999999990e-02
3.610000000000000014e-02
4.059999999999999720e-02
4.540000000000000285e-02
5.010000000000000564e-02
5.470000000000000556e-02
5.929999999999999855e-02
6.440000000000001279e-02
6.909999999999999476e-02
7.480000000000000537e-02
7.960000000000000409e-02
8.480000000000000038e-02
8.999999999999999667e-02
9.479999999999999538e-02
9.949999999999999123e-02
1.040999999999999981e-01
1.082999999999999935e-01
1.126999999999999946e-01
1.170000000000000068e-01
1.212000000000000022e-01
1.253999999999999837e-01
1.295000000000000040e-01
1.338999999999999913e-01
1.382000000000000173e-01
1.426999999999999935e-01
1.468000000000000138e-01
1.509999999999999953e-01
1.549999999999999989e-01
1.591999999999999804e-01
1.634000000000000452e-01
1.675000000000000100e-01
1.717000000000000193e-01
1.762999999999999845e-01
1.805999999999999828e-01
1.851000000000000145e-01
1.894999999999999740e-01
1.938000000000000000e-01
1.980000000000000093e-01
2.020000000000000129e-01
2.056000000000000050e-01
2.096999999999999975e-01
2.134000000000000064e-01
2.167999999999999927e-01
2.204000000000000126e-01
2.239000000000000157e-01
2.271999999999999853e-01
2.305000000000000104e-01
2.338000000000000078e-01
2.369999999999999885e-01
2.404999999999999916e-01
2.434999999999999942e-01
2.464999999999999969e-01
2.497999999999999943e-01
2.524000000000000132e-01
2.553000000000000269e-01
2.581000000000000516e-01
2.615000000000000102e-01
2.648000000000000353e-01
2.676999999999999380e-01
2.708000000000000407e-01
2.737999999999999878e-01
2.766000000000000125e-01
2.798000000000000487e-01
2.822999999999999399e-01
2.853999999999999315e-01
2.880999999999999672e-01
2.912999999999999479e-01
2.948000000000000065e-01
2.983000000000000096e-01
3.016000000000000347e-01
3.047999999999999599e-01
3.083000000000000185e-01
3.115999999999999881e-01
3.148999999999999577e-01
3.180999999999999939e-01
3.213999999999999635e-01
3.241999999999999882e-01
3.271999999999999909e-01
3.301999999999999935e-01
3.327999999999999847e-01
3.356000000000000094e-01
3.386000000000000121e-01
3.412000000000000033e-01
3.436000000000000165e-01
3.462999999999999967e-01
3.488999999999999879e-01
3.513000000000000012e-01
3.535999999999999699e-01
3.559999999999999831e-01
3.582999999999999519e-01
3.605999999999999761e-01
3.629000000000000004e-01
3.650999999999999801e-01
3.673000000000000154e-01
3.695000000000000506e-01
3.716000000000000414e-01
3.737999999999999656e-01
3.760999999999999344e-01
3.781000000000000472e-01
3.802000000000000379e-01
3.822000000000000397e-01
3.844000000000000195e-01
3.865000000000000102e-01
3.881999999999999895e-01
3.898000000000000353e-01
3.921000000000000041e-01
3.940000000000000169e-01
3.961000000000000076e-01
3.982999999999999874e-01
4.002000000000000002e-01
4.027000000000000579e-01
4.049000000000000377e-01
4.075999999999999623e-01
4.101000000000000201e-01
4.130000000000000338e-01
4.159999999999999809e-01
4.194000000000000505e-01
4.231000000000000316e-01
4.268999999999999462e-01
4.304000000000000048e-01
4.339000000000000079e-01
4.375999999999999890e-01
4.415999999999999925e-01
4.455000000000000071e-01
4.491000000000000547e-01
4.526999999999999913e-01
4.562999999999999834e-01
4.595000000000000195e-01
4.623999999999999777e-01
4.655999999999999583e-01
4.685000000000000275e-01
4.717999999999999972e-01
4.749000000000000443e-01
4.782000000000000139e-01
4.822000000000000175e-01
4.862999999999999545e-01
4.902000000000000246e-01
4.939000000000000612e-01
4.979000000000000092e-01
5.019000000000000128e-01
5.059000000000000163e-01
5.098000000000000309e-01
5.130000000000000115e-01
5.162999999999999812e-01
5.195000000000000728e-01
5.222000000000001085e-01
5.252999999999999892e-01
5.283000000000001029e-01
5.311000000000000165e-01
5.342999999999999972e-01
5.372000000000000108e-01
5.404999999999999805e-01
5.436999999999999611e-01
5.468999999999999417e-01
5.500999999999999224e-01
5.532000000000001361e-01
5.561000000000000387e-01
5.587999999999999634e-01
5.616000000000000991e-01
5.646999999999999797e-01
5.675999999999999934e-01
5.705999999999999961e-01
5.735999999999999988e-01
5.761000000000000565e-01
5.790999999999999481e-01
5.816999999999999948e-01
5.841999999999999416e-01
5.864000000000000323e-01
5.887000000000000011e-01
5.907000000000000028e-01
5.927999999999999936e-01
5.953999999999999293e-01
5.973000000000000531e-01
5.991999999999999549e-01
6.009999999999999787e-01
6.031999999999999584e-01
6.051999999999999602e-01
6.072999999999999510e-01
6.095000000000000417e-01
6.115000000000000435e-01
6.138000000000000123e-01
6.162000000000000810e-01
6.183000000000000718e-01
