1.000000000000000048e-04
4.000000000000000192e-04
1.000000000000000021e-03
1.600000000000000077e-03
2.399999999999999790e-03
3.200000000000000153e-03
4.199999999999999740e-03
5.300000000000000024e-03
6.400000000000000307e-03
7.700000000000000247e-03
9.100000000000000450e-03
1.050000000000000065e-02
1.200000000000000025e-02
1.340000000000000045e-02
1.490000000000000005e-02
1.640000000000000138e-02
1.810000000000000150e-02
1.990000000000000102e-02
2.160000000000000114e-02
2.369999999999999885e-02
2.580000000000000002e-02
2.779999999999999832e-02
2.989999999999999949e-02
3.219999999999999946e-02
3.429999999999999716e-02
3.660000000000000059e-02
3.899999999999999994e-02
4.130000000000000338e-02
4.370000000000000273e-02
4.599999999999999922e-02
4.850000000000000144e-02
5.099999999999999672e-02
5.349999999999999895e-02
5.600000000000000117e-02
5.840000000000000052e-02
6.079999999999999988e-02
6.320000000000000617e-02
6.550000000000000266e-02
6.800000000000000488e-02
7.049999999999999323e-02
7.290000000000000646e-02
7.520000000000000295e-02
7.799999999999999989e-02
8.029999999999999638e-02
8.269999999999999574e-02
8.519999999999999796e-02
8.780000000000000304e-02
9.020000000000000240e-02
9.249999999999999889e-02
9.520000000000000684e-02
9.769999999999999518e-02
1.001999999999999974e-01
1.028000000000000025e-01
1.053000000000000047e-01
1.078999999999999959e-01
1.105000000000000010e-01
1.130000000000000032e-01
1.151999999999999968e-01
1.175999999999999962e-01
1.200999999999999984e-01
1.224999999999999978e-01
1.248999999999999971e-01
1.272999999999999965e-01
1.302000000000000102e-01
1.325999999999999956e-01
1.353000000000000036e-01
1.378999999999999948e-01
1.405000000000000138e-01
1.429999999999999882e-01
1.454999999999999905e-01
1.477999999999999869e-01
1.502999999999999892e-01
1.529999999999999971e-01
1.554999999999999993e-01
1.582999999999999963e-01
1.610000000000000042e-01
1.635999999999999954e-01
1.661999999999999866e-01
1.685000000000000109e-01
1.711000000000000021e-01
1.733999999999999986e-01
1.756000000000000061e-01
1.779999999999999916e-01
1.806000000000000105e-01
1.832999999999999907e-01
1.859999999999999987e-01
1.885000000000000009e-01
1.910000000000000031e-01
1.932999999999999996e-01
1.960000000000000075e-01
1.986999999999999877e-01
2.015000000000000124e-01
2.041999999999999926e-01
2.068000000000000116e-01
2.091999999999999971e-01
2.116000000000000103e-01
2.141000000000000125e-01
2.164999999999999980e-01
2.190000000000000002e-01
2.215000000000000024e-01
2.237999999999999989e-01
2.263000000000000012e-01
2.285000000000000087e-01
2.310000000000000109e-01
2.331999999999999906e-01
2.353999999999999981e-01
2.378000000000000114e-01
2.401999999999999968e-01
2.427999999999999881e-01
2.452999999999999903e-01
2.475999999999999868e-01
2.499000000000000110e-01
2.519000000000000128e-01
2.540999999999999925e-01
2.561999999999999833e-01
2.581999999999999851e-01
2.602999999999999758e-01
2.625000000000000111e-01
2.647999999999999798e-01
2.669000000000000261e-01
2.691999999999999948e-01
2.715000000000000191e-01
2.738999999999999768e-01
2.761000000000000121e-01
2.782999999999999918e-01
2.806000000000000161e-01
2.827000000000000068e-01
2.849999999999999756e-01
2.871000000000000218e-01
2.892000000000000126e-01
2.913999999999999924e-01
2.936000000000000276e-01
2.960999999999999743e-01
2.984999999999999876e-01
3.008000000000000118e-01
3.029000000000000026e-01
3.050999999999999823e-01
3.071999999999999731e-01
3.095999999999999863e-01
3.120999999999999885e-01
3.145000000000000018e-01
3.168000000000000260e-01
3.190999999999999948e-01
3.212999999999999745e-01
3.232999999999999763e-01
3.252999999999999781e-01
3.274000000000000243e-01
3.294000000000000261e-01
3.312999999999999834e-01
3.333999999999999742e-01
3.353999999999999759e-01
3.375000000000000222e-01
3.393999999999999795e-01
3.412000000000000033e-01
3.431000000000000161e-01
3.447999999999999954e-01
3.466000000000000192e-01
3.483999999999999875e-01
3.501000000000000223e-01
3.518000000000000016e-01
3.533999999999999919e-01
3.551000000000000267e-01
3.568000000000000060e-01
3.584999999999999853e-01
3.600999999999999757e-01
3.618000000000000105e-01
3.633000000000000118e-01
3.652000000000000246e-01
3.670999999999999819e-01
3.685999999999999832e-01
3.700999999999999845e-01
3.715999999999999859e-01
3.730999999999999872e-01
3.744999999999999996e-01
3.760999999999999899e-01
3.775000000000000022e-01
3.791999999999999815e-01
3.808000000000000274e-01
3.825000000000000067e-01
3.840999999999999970e-01
3.855999999999999983e-01
3.871999999999999886e-01
3.889000000000000234e-01
3.906000000000000028e-01
3.921999999999999931e-01
3.936000000000000054e-01
3.950000000000000178e-01
3.963999999999999746e-01
3.976999999999999980e-01
3.991999999999999993e-01
4.005000000000000226e-01
4.018999999999999795e-01
4.033999999999999808e-01
4.045000000000000262e-01
4.058999999999999830e-01
4.072000000000000064e-01
4.086000000000000187e-01
4.102000000000000091e-01
4.117999999999999994e-01
4.134999999999999787e-01
