2.000000000000000096e-04
2.999999999999999737e-04
5.000000000000000104e-04
6.999999999999999929e-04
8.000000000000000383e-04
1.000000000000000021e-03
1.199999999999999895e-03
1.299999999999999940e-03
1.399999999999999986e-03
-1.500000000000000031e-03
-1.600000000000000077e-03
-1.699999999999999905e-03
-1.699999999999999905e-03
-1.699999999999999905e-03
-1.799999999999999951e-03
-1.799999999999999951e-03
-1.899999999999999996e-03
-1.899999999999999996e-03
-2.000000000000000042e-03
-1.799999999999999951e-03
-1.600000000000000077e-03
-1.399999999999999986e-03
-1.199999999999999895e-03
-1.000000000000000021e-03
-8.999999999999999754e-04
-8.000000000000000383e-04
-5.999999999999999474e-04
-4.000000000000000192e-04
-2.000000000000000096e-04
-0.000000000000000000e+00
1.000000000000000048e-04
2.000000000000000096e-04
2.000000000000000096e-04
2.999999999999999737e-04
2.999999999999999737e-04
2.999999999999999737e-04
2.999999999999999737e-04
2.999999999999999737e-04
2.999999999999999737e-04
2.999999999999999737e-04
4.000000000000000192e-04
5.000000000000000104e-04
8.000000000000000383e-04
8.999999999999999754e-04
1.000000000000000021e-03
1.000000000000000021e-03
1.100000000000000066e-03
1.199999999999999895e-03
1.199999999999999895e-03
1.199999999999999895e-03
1.299999999999999940e-03
1.299999999999999940e-03
1.299999999999999940e-03
1.299999999999999940e-03
1.299999999999999940e-03
1.299999999999999940e-03
1.199999999999999895e-03
1.100000000000000066e-03
1.100000000000000066e-03
1.100000000000000066e-03
8.999999999999999754e-04
8.999999999999999754e-04
6.999999999999999929e-04
5.999999999999999474e-04
5.000000000000000104e-04
4.000000000000000192e-04
2.000000000000000096e-04
0.000000000000000000e+00
-1.000000000000000048e-04
-2.000000000000000096e-04
-4.000000000000000192e-04
-5.000000000000000104e-04
-6.999999999999999929e-04
-8.000000000000000383e-04
-8.999999999999999754e-04
-1.000000000000000021e-03
-1.000000000000000021e-03
-1.000000000000000021e-03
-1.000000000000000021e-03
-1.100000000000000066e-03
-1.199999999999999895e-03
-1.299999999999999940e-03
-1.299999999999999940e-03
-1.100000000000000066e-03
-1.000000000000000021e-03
-8.999999999999999754e-04
-8.000000000000000383e-04
-8.000000000000000383e-04
-5.999999999999999474e-04
-5.999999999999999474e-04
-5.000000000000000104e-04
-5.000000000000000104e-04
-4.000000000000000192e-04
-2.999999999999999737e-04
-2.000000000000000096e-04
-2.000000000000000096e-04
-1.000000000000000048e-04
-1.000000000000000048e-04
-0.000000000000000000e+00
0.000000000000000000e+00
0.000000000000000000e+00
0.000000000000000000e+00
-1.000000000000000048e-04
-1.000000000000000048e-04
-2.000000000000000096e-04
-2.999999999999999737e-04
-4.000000000000000192e-04
-4.000000000000000192e-04
-5.000000000000000104e-04
-5.000000000000000104e-04
-5.000000000000000104e-04
-5.999999999999999474e-04
-5.999999999999999474e-04
-6.999999999999999929e-04
-8.000000000000000383e-04
-8.999999999999999754e-04
-8.999999999999999754e-04
-8.999999999999999754e-04
-1.000000000000000021e-03
-1.100000000000000066e-03
-1.100000000000000066e-03
-1.299999999999999940e-03
-1.399999999999999986e-03
-1.399999999999999986e-03
-1.500000000000000031e-03
-1.600000000000000077e-03
-1.699999999999999905e-03
-1.699999999999999905e-03
-1.600000000000000077e-03
-1.699999999999999905e-03
-1.600000000000000077e-03
-1.600000000000000077e-03
-1.500000000000000031e-03
-1.500000000000000031e-03
-1.299999999999999940e-03
-1.100000000000000066e-03
-8.000000000000000383e-04
-5.000000000000000104e-04
-2.000000000000000096e-04
-0.000000000000000000e+00
2.999999999999999737e-04
5.999999999999999474e-04
8.000000000000000383e-04
1.100000000000000066e-03
1.299999999999999940e-03
1.500000000000000031e-03
1.799999999999999951e-03
2.000000000000000042e-03
2.200000000000000133e-03
2.399999999999999790e-03
2.799999999999999972e-03
3.099999999999999891e-03
3.399999999999999811e-03
3.700000000000000164e-03
4.000000000000000083e-03
4.300000000000000003e-03
4.499999999999999660e-03
4.700000000000000185e-03
4.899999999999999842e-03
5.100000000000000366e-03
5.199999999999999761e-03
5.499999999999999681e-03
5.599999999999999943e-03
5.700000000000000205e-03
5.899999999999999863e-03
6.000000000000000125e-03
6.199999999999999782e-03
6.400000000000000307e-03
6.499999999999999702e-03
6.700000000000000226e-03
7.000000000000000146e-03
7.199999999999999803e-03
7.300000000000000065e-03
7.400000000000000328e-03
7.599999999999999985e-03
7.599999999999999985e-03
7.900000000000000772e-03
8.000000000000000167e-03
8.200000000000000691e-03
8.300000000000000086e-03
8.500000000000000611e-03
8.600000000000000006e-03
8.699999999999999400e-03
8.699999999999999400e-03
8.899999999999999925e-03
8.999999999999999320e-03
9.100000000000000450e-03
9.199999999999999845e-03
9.100000000000000450e-03
9.199999999999999845e-03
9.100000000000000450e-03
9.100000000000000450e-03
9.100000000000000450e-03
9.100000000000000450e-03
9.199999999999999845e-03
9.100000000000000450e-03
9.199999999999999845e-03
9.299999999999999239e-03
9.299999999999999239e-03
9.400000000000000369e-03
