1.000000000000000048e-04
2.999999999999999737e-04
5.000000000000000104e-04
5.999999999999999474e-04
6.999999999999999929e-04
8.999999999999999754e-04
1.000000000000000021e-03
1.100000000000000066e-03
1.299999999999999940e-03
-1.299999999999999940e-03
-1.299999999999999940e-03
-1.299999999999999940e-03
-1.199999999999999895e-03
-1.199999999999999895e-03
-1.100000000000000066e-03
-1.000000000000000021e-03
-1.000000000000000021e-03
-1.000000000000000021e-03
-8.999999999999999754e-04
-5.999999999999999474e-04
-2.000000000000000096e-04
2.000000000000000096e-04
4.000000000000000192e-04
6.999999999999999929e-04
1.199999999999999895e-03
1.500000000000000031e-03
1.799999999999999951e-03
2.200000000000000133e-03
2.599999999999999881e-03
3.000000000000000062e-03
3.299999999999999982e-03
3.599999999999999901e-03
3.899999999999999821e-03
4.199999999999999740e-03
4.400000000000000265e-03
4.599999999999999922e-03
4.799999999999999580e-03
4.899999999999999842e-03
5.199999999999999761e-03
5.400000000000000286e-03
5.700000000000000205e-03
5.799999999999999600e-03
5.899999999999999863e-03
6.199999999999999782e-03
6.400000000000000307e-03
6.599999999999999964e-03
6.700000000000000226e-03
6.700000000000000226e-03
6.899999999999999883e-03
7.199999999999999803e-03
7.499999999999999722e-03
7.799999999999999642e-03
8.099999999999999561e-03
8.300000000000000086e-03
8.500000000000000611e-03
8.800000000000000530e-03
8.999999999999999320e-03
9.199999999999999845e-03
9.400000000000000369e-03
9.499999999999999764e-03
9.700000000000000289e-03
9.799999999999999684e-03
9.900000000000000813e-03
1.000000000000000021e-02
1.020000000000000073e-02
1.020000000000000073e-02
1.020000000000000073e-02
1.030000000000000013e-02
1.030000000000000013e-02
1.039999999999999952e-02
1.050000000000000065e-02
1.050000000000000065e-02
1.060000000000000005e-02
1.069999999999999944e-02
1.080000000000000057e-02
1.089999999999999997e-02
1.099999999999999936e-02
1.110000000000000049e-02
1.119999999999999989e-02
1.129999999999999928e-02
1.140000000000000041e-02
1.149999999999999981e-02
1.170000000000000033e-02
1.179999999999999973e-02
1.200000000000000025e-02
1.220000000000000077e-02
1.230000000000000017e-02
1.239999999999999956e-02
1.250000000000000069e-02
1.269999999999999948e-02
1.290000000000000001e-02
1.310000000000000053e-02
1.329999999999999932e-02
1.349999999999999985e-02
1.379999999999999977e-02
1.389999999999999916e-02
1.409999999999999969e-02
1.430000000000000021e-02
1.460000000000000013e-02
1.469999999999999953e-02
1.499999999999999944e-02
1.519999999999999997e-02
1.529999999999999936e-02
1.549999999999999989e-02
1.569999999999999868e-02
1.600000000000000033e-02
1.609999999999999973e-02
1.619999999999999912e-02
1.640000000000000138e-02
1.660000000000000017e-02
1.669999999999999957e-02
1.669999999999999957e-02
1.689999999999999836e-02
1.710000000000000062e-02
1.720000000000000001e-02
1.739999999999999880e-02
1.760000000000000106e-02
1.779999999999999985e-02
1.789999999999999925e-02
1.789999999999999925e-02
1.799999999999999864e-02
1.810000000000000150e-02
1.820000000000000090e-02
1.830000000000000029e-02
1.830000000000000029e-02
1.839999999999999969e-02
1.859999999999999848e-02
1.859999999999999848e-02
1.880000000000000074e-02
1.890000000000000013e-02
1.909999999999999892e-02
1.930000000000000118e-02
1.959999999999999937e-02
1.990000000000000102e-02
2.019999999999999921e-02
2.040000000000000147e-02
2.069999999999999965e-02
2.100000000000000130e-02
2.129999999999999949e-02
2.149999999999999828e-02
2.189999999999999933e-02
2.220000000000000098e-02
2.249999999999999917e-02
2.270000000000000143e-02
2.299999999999999961e-02
2.309999999999999901e-02
2.330000000000000127e-02
2.359999999999999945e-02
2.380000000000000171e-02
2.400000000000000050e-02
2.440000000000000155e-02
2.479999999999999913e-02
2.510000000000000078e-02
2.549999999999999836e-02
2.580000000000000002e-02
2.620000000000000107e-02
2.649999999999999925e-02
2.680000000000000090e-02
2.699999999999999969e-02
2.719999999999999848e-02
2.740000000000000074e-02
2.750000000000000014e-02
2.769999999999999893e-02
2.779999999999999832e-02
2.790000000000000119e-02
2.809999999999999998e-02
2.829999999999999877e-02
2.860000000000000042e-02
2.879999999999999921e-02
2.910000000000000087e-02
2.939999999999999905e-02
2.960000000000000131e-02
2.980000000000000010e-02
3.009999999999999828e-02
3.030000000000000054e-02
3.059999999999999873e-02
3.080000000000000099e-02
3.099999999999999978e-02
3.119999999999999857e-02
3.130000000000000143e-02
3.150000000000000022e-02
3.169999999999999901e-02
3.180000000000000188e-02
3.180000000000000188e-02
3.200000000000000067e-02
3.200000000000000067e-02
3.200000000000000067e-02
3.209999999999999659e-02
3.209999999999999659e-02
3.219999999999999946e-02
3.219999999999999946e-02
3.230000000000000232e-02
3.230000000000000232e-02
3.239999999999999825e-02
3.250000000000000111e-02
3.259999999999999704e-02
3.269999999999999990e-02
3.269999999999999990e-02
3.289999999999999869e-02
3.300000000000000155e-02
