2.000000000000000096e-04
2.999999999999999737e-04
5.000000000000000104e-04
6.999999999999999929e-04
8.000000000000000383e-04
8.999999999999999754e-04
1.199999999999999895e-03
1.199999999999999895e-03
1.399999999999999986e-03
-1.500000000000000031e-03
-1.500000000000000031e-03
-1.699999999999999905e-03
-1.799999999999999951e-03
-1.799999999999999951e-03
-1.799999999999999951e-03
-1.799999999999999951e-03
-1.899999999999999996e-03
-1.899999999999999996e-03
-1.799999999999999951e-03
-1.600000000000000077e-03
-1.299999999999999940e-03
-1.000000000000000021e-03
-8.999999999999999754e-04
-5.999999999999999474e-04
-4.000000000000000192e-04
-2.000000000000000096e-04
0.000000000000000000e+00
2.000000000000000096e-04
5.000000000000000104e-04
8.000000000000000383e-04
8.999999999999999754e-04
1.100000000000000066e-03
1.299999999999999940e-03
1.299999999999999940e-03
1.399999999999999986e-03
1.500000000000000031e-03
1.699999999999999905e-03
1.699999999999999905e-03
1.899999999999999996e-03
2.000000000000000042e-03
2.200000000000000133e-03
2.399999999999999790e-03
2.700000000000000143e-03
3.000000000000000062e-03
3.200000000000000153e-03
3.200000000000000153e-03
3.500000000000000073e-03
3.500000000000000073e-03
3.700000000000000164e-03
3.799999999999999992e-03
3.899999999999999821e-03
3.899999999999999821e-03
3.899999999999999821e-03
3.899999999999999821e-03
4.000000000000000083e-03
4.000000000000000083e-03
4.199999999999999740e-03
4.199999999999999740e-03
4.199999999999999740e-03
4.300000000000000003e-03
4.199999999999999740e-03
4.100000000000000346e-03
4.100000000000000346e-03
4.199999999999999740e-03
4.199999999999999740e-03
4.100000000000000346e-03
4.100000000000000346e-03
4.000000000000000083e-03
3.899999999999999821e-03
3.799999999999999992e-03
3.799999999999999992e-03
3.799999999999999992e-03
3.700000000000000164e-03
3.700000000000000164e-03
3.700000000000000164e-03
3.700000000000000164e-03
3.700000000000000164e-03
3.700000000000000164e-03
3.599999999999999901e-03
3.599999999999999901e-03
3.599999999999999901e-03
3.599999999999999901e-03
3.599999999999999901e-03
3.599999999999999901e-03
3.700000000000000164e-03
3.799999999999999992e-03
4.000000000000000083e-03
4.199999999999999740e-03
4.300000000000000003e-03
4.499999999999999660e-03
4.599999999999999922e-03
4.899999999999999842e-03
5.000000000000000104e-03
5.199999999999999761e-03
5.300000000000000024e-03
5.300000000000000024e-03
5.499999999999999681e-03
5.599999999999999943e-03
5.700000000000000205e-03
5.700000000000000205e-03
5.700000000000000205e-03
5.700000000000000205e-03
5.799999999999999600e-03
5.799999999999999600e-03
5.899999999999999863e-03
6.000000000000000125e-03
6.100000000000000387e-03
6.199999999999999782e-03
6.300000000000000044e-03
6.300000000000000044e-03
6.199999999999999782e-03
6.199999999999999782e-03
6.100000000000000387e-03
6.300000000000000044e-03
6.199999999999999782e-03
6.100000000000000387e-03
6.199999999999999782e-03
6.300000000000000044e-03
6.300000000000000044e-03
6.300000000000000044e-03
6.300000000000000044e-03
6.199999999999999782e-03
6.300000000000000044e-03
6.300000000000000044e-03
6.300000000000000044e-03
6.400000000000000307e-03
6.499999999999999702e-03
6.499999999999999702e-03
6.599999999999999964e-03
6.700000000000000226e-03
6.799999999999999621e-03
7.000000000000000146e-03
7.199999999999999803e-03
7.400000000000000328e-03
7.599999999999999985e-03
7.900000000000000772e-03
8.200000000000000691e-03
8.399999999999999481e-03
8.699999999999999400e-03
8.899999999999999925e-03
9.199999999999999845e-03
9.400000000000000369e-03
9.700000000000000289e-03
1.000000000000000021e-02
1.020000000000000073e-02
1.039999999999999952e-02
1.050000000000000065e-02
1.069999999999999944e-02
1.089999999999999997e-02
1.099999999999999936e-02
1.110000000000000049e-02
1.140000000000000041e-02
1.170000000000000033e-02
1.200000000000000025e-02
1.230000000000000017e-02
1.250000000000000069e-02
1.269999999999999948e-02
1.290000000000000001e-02
1.310000000000000053e-02
1.329999999999999932e-02
1.340000000000000045e-02
1.349999999999999985e-02
1.370000000000000037e-02
1.379999999999999977e-02
1.379999999999999977e-02
1.389999999999999916e-02
1.400000000000000029e-02
1.420000000000000082e-02
1.439999999999999961e-02
1.460000000000000013e-02
1.480000000000000066e-02
1.499999999999999944e-02
1.519999999999999997e-02
1.540000000000000049e-02
1.559999999999999928e-02
1.569999999999999868e-02
1.580000000000000154e-02
1.600000000000000033e-02
1.609999999999999973e-02
1.619999999999999912e-02
1.629999999999999852e-02
1.640000000000000138e-02
1.650000000000000078e-02
1.650000000000000078e-02
1.660000000000000017e-02
1.660000000000000017e-02
1.660000000000000017e-02
1.650000000000000078e-02
1.650000000000000078e-02
1.650000000000000078e-02
1.640000000000000138e-02
1.640000000000000138e-02
1.629999999999999852e-02
1.640000000000000138e-02
1.629999999999999852e-02
1.650000000000000078e-02
1.660000000000000017e-02
1.660000000000000017e-02
1.669999999999999957e-02
1.669999999999999957e-02
