1.000000000000000048e-04
2.999999999999999737e-04
4.000000000000000192e-04
5.000000000000000104e-04
5.000000000000000104e-04
5.000000000000000104e-04
5.999999999999999474e-04
5.000000000000000104e-04
5.999999999999999474e-04
-5.999999999999999474e-04
-5.999999999999999474e-04
-5.999999999999999474e-04
-5.000000000000000104e-04
-4.000000000000000192e-04
-2.999999999999999737e-04
-2.000000000000000096e-04
-2.000000000000000096e-04
-1.000000000000000048e-04
-0.000000000000000000e+00
2.000000000000000096e-04
5.999999999999999474e-04
1.000000000000000021e-03
1.299999999999999940e-03
1.600000000000000077e-03
2.000000000000000042e-03
2.399999999999999790e-03
2.899999999999999800e-03
3.299999999999999982e-03
3.700000000000000164e-03
4.100000000000000346e-03
4.499999999999999660e-03
4.899999999999999842e-03
5.199999999999999761e-03
5.499999999999999681e-03
5.799999999999999600e-03
6.100000000000000387e-03
6.300000000000000044e-03
6.499999999999999702e-03
6.799999999999999621e-03
7.000000000000000146e-03
7.300000000000000065e-03
7.499999999999999722e-03
7.700000000000000247e-03
7.900000000000000772e-03
8.200000000000000691e-03
8.500000000000000611e-03
8.800000000000000530e-03
8.899999999999999925e-03
9.100000000000000450e-03
9.400000000000000369e-03
9.700000000000000289e-03
1.000000000000000021e-02
1.039999999999999952e-02
1.069999999999999944e-02
1.089999999999999997e-02
1.110000000000000049e-02
1.149999999999999981e-02
1.179999999999999973e-02
1.200000000000000025e-02
1.220000000000000077e-02
1.230000000000000017e-02
1.250000000000000069e-02
1.269999999999999948e-02
1.290000000000000001e-02
1.299999999999999940e-02
1.319999999999999993e-02
1.329999999999999932e-02
1.340000000000000045e-02
1.359999999999999924e-02
1.370000000000000037e-02
1.379999999999999977e-02
1.389999999999999916e-02
1.409999999999999969e-02
1.430000000000000021e-02
1.439999999999999961e-02
1.450000000000000074e-02
1.480000000000000066e-02
1.499999999999999944e-02
1.519999999999999997e-02
1.540000000000000049e-02
1.559999999999999928e-02
1.590000000000000094e-02
1.609999999999999973e-02
1.650000000000000078e-02
1.689999999999999836e-02
1.720000000000000001e-02
1.750000000000000167e-02
1.779999999999999985e-02
1.810000000000000150e-02
1.839999999999999969e-02
1.880000000000000074e-02
1.919999999999999832e-02
1.959999999999999937e-02
2.000000000000000042e-02
2.040000000000000147e-02
2.079999999999999905e-02
2.129999999999999949e-02
2.160000000000000114e-02
2.189999999999999933e-02
2.210000000000000159e-02
2.239999999999999977e-02
2.270000000000000143e-02
2.290000000000000022e-02
2.319999999999999840e-02
2.350000000000000006e-02
2.390000000000000110e-02
2.419999999999999929e-02
2.450000000000000094e-02
2.479999999999999913e-02
2.500000000000000139e-02
2.529999999999999957e-02
2.560000000000000123e-02
2.589999999999999941e-02
2.610000000000000167e-02
2.630000000000000046e-02
2.639999999999999986e-02
2.659999999999999865e-02
2.680000000000000090e-02
2.699999999999999969e-02
2.709999999999999909e-02
2.740000000000000074e-02
2.750000000000000014e-02
2.769999999999999893e-02
2.809999999999999998e-02
2.829999999999999877e-02
2.850000000000000103e-02
2.869999999999999982e-02
2.889999999999999861e-02
2.929999999999999966e-02
2.970000000000000070e-02
2.999999999999999889e-02
3.070000000000000159e-02
3.130000000000000143e-02
3.180000000000000188e-02
3.230000000000000232e-02
3.289999999999999869e-02
3.330000000000000321e-02
3.379999999999999671e-02
3.429999999999999716e-02
3.490000000000000047e-02
3.549999999999999684e-02
3.599999999999999728e-02
3.670000000000000345e-02
3.719999999999999696e-02
3.780000000000000027e-02
3.839999999999999664e-02
3.899999999999999994e-02
3.950000000000000039e-02
4.000000000000000083e-02
4.059999999999999720e-02
4.120000000000000051e-02
4.179999999999999688e-02
4.240000000000000019e-02
4.320000000000000229e-02
4.390000000000000152e-02
4.440000000000000197e-02
4.490000000000000241e-02
4.540000000000000285e-02
4.599999999999999922e-02
4.649999999999999967e-02
4.689999999999999725e-02
4.739999999999999769e-02
4.780000000000000221e-02
4.819999999999999979e-02
4.870000000000000023e-02
4.920000000000000068e-02
4.970000000000000112e-02
5.009999999999999870e-02
5.070000000000000201e-02
5.120000000000000245e-02
5.160000000000000003e-02
5.210000000000000048e-02
5.240000000000000213e-02
5.279999999999999971e-02
5.319999999999999729e-02
5.360000000000000181e-02
5.399999999999999939e-02
5.439999999999999697e-02
5.480000000000000149e-02
5.510000000000000314e-02
5.539999999999999786e-02
5.580000000000000238e-02
5.619999999999999996e-02
5.659999999999999754e-02
5.680000000000000326e-02
5.709999999999999798e-02
5.739999999999999963e-02
5.770000000000000129e-02
5.790000000000000008e-02
5.820000000000000173e-02
5.840000000000000052e-02
5.870000000000000218e-02
5.899999999999999689e-02
5.920000000000000262e-02
5.960000000000000020e-02
5.979999999999999899e-02
6.010000000000000064e-02
6.040000000000000230e-02
6.079999999999999988e-02
6.119999999999999746e-02
