1.000000000000000048e-04
0.000000000000000000e+00
0.000000000000000000e+00
2.999999999999999737e-04
5.000000000000000104e-04
6.999999999999999929e-04
1.000000000000000021e-03
1.399999999999999986e-03
1.799999999999999951e-03
2.299999999999999961e-03
2.899999999999999800e-03
3.500000000000000073e-03
4.000000000000000083e-03
4.599999999999999922e-03
5.000000000000000104e-03
5.499999999999999681e-03
6.000000000000000125e-03
6.599999999999999964e-03
7.199999999999999803e-03
8.000000000000000167e-03
8.999999999999999320e-03
9.900000000000000813e-03
1.069999999999999944e-02
1.159999999999999920e-02
1.250000000000000069e-02
1.349999999999999985e-02
1.450000000000000074e-02
1.540000000000000049e-02
1.640000000000000138e-02
1.729999999999999941e-02
1.810000000000000150e-02
1.890000000000000013e-02
1.980000000000000163e-02
2.050000000000000086e-02
2.120000000000000009e-02
2.199999999999999872e-02
2.270000000000000143e-02
2.340000000000000066e-02
2.419999999999999929e-02
2.500000000000000139e-02
2.570000000000000062e-02
2.639999999999999986e-02
2.709999999999999909e-02
2.790000000000000119e-02
2.860000000000000042e-02
2.929999999999999966e-02
3.009999999999999828e-02
3.099999999999999978e-02
3.189999999999999780e-02
3.259999999999999704e-02
3.339999999999999913e-02
3.420000000000000123e-02
3.509999999999999926e-02
3.590000000000000135e-02
3.649999999999999772e-02
3.710000000000000103e-02
3.780000000000000027e-02
3.839999999999999664e-02
3.910000000000000281e-02
3.969999999999999918e-02
4.039999999999999841e-02
4.100000000000000172e-02
4.159999999999999809e-02
4.229999999999999732e-02
4.290000000000000063e-02
4.349999999999999700e-02
4.410000000000000031e-02
4.460000000000000075e-02
4.510000000000000120e-02
4.560000000000000164e-02
4.610000000000000209e-02
4.660000000000000253e-02
4.710000000000000298e-02
4.760000000000000342e-02
4.809999999999999692e-02
4.870000000000000023e-02
4.929999999999999660e-02
4.989999999999999991e-02
5.029999999999999749e-02
5.090000000000000080e-02
5.129999999999999838e-02
5.179999999999999882e-02
5.220000000000000334e-02
5.279999999999999971e-02
5.330000000000000016e-02
5.390000000000000346e-02
5.439999999999999697e-02
5.489999999999999741e-02
5.550000000000000072e-02
5.589999999999999830e-02
5.639999999999999875e-02
5.689999999999999919e-02
5.739999999999999963e-02
5.779999999999999721e-02
5.829999999999999766e-02
5.890000000000000097e-02
5.940000000000000141e-02
5.990000000000000185e-02
6.029999999999999943e-02
6.079999999999999988e-02
6.130000000000000032e-02
6.169999999999999790e-02
6.219999999999999835e-02
6.260000000000000286e-02
6.289999999999999758e-02
6.339999999999999802e-02
6.379999999999999560e-02
6.419999999999999318e-02
6.469999999999999363e-02
6.510000000000000508e-02
6.560000000000000553e-02
6.600000000000000311e-02
6.640000000000000069e-02
6.679999999999999827e-02
6.719999999999999585e-02
6.769999999999999629e-02
6.800000000000000488e-02
6.840000000000000246e-02
6.890000000000000291e-02
6.930000000000000049e-02
6.959999999999999520e-02
7.000000000000000666e-02
7.049999999999999323e-02
7.080000000000000182e-02
7.119999999999999940e-02
7.159999999999999698e-02
7.209999999999999742e-02
7.240000000000000602e-02
7.290000000000000646e-02
7.359999999999999876e-02
7.420000000000000207e-02
7.470000000000000251e-02
7.530000000000000582e-02
7.599999999999999811e-02
7.670000000000000429e-02
7.739999999999999658e-02
7.789999999999999702e-02
7.839999999999999747e-02
7.889999999999999791e-02
7.950000000000000122e-02
8.000000000000000167e-02
8.050000000000000211e-02
8.100000000000000255e-02
8.160000000000000586e-02
8.219999999999999529e-02
8.290000000000000147e-02
8.350000000000000477e-02
8.409999999999999420e-02
8.459999999999999465e-02
8.509999999999999509e-02
8.569999999999999840e-02
8.630000000000000171e-02
8.680000000000000215e-02
8.740000000000000546e-02
8.790000000000000591e-02
8.840000000000000635e-02
8.899999999999999578e-02
8.939999999999999336e-02
8.980000000000000482e-02
9.030000000000000526e-02
9.080000000000000571e-02
9.149999999999999800e-02
9.210000000000000131e-02
9.270000000000000462e-02
9.329999999999999405e-02
9.379999999999999449e-02
9.439999999999999780e-02
9.500000000000000111e-02
9.550000000000000155e-02
9.619999999999999385e-02
9.679999999999999716e-02
9.740000000000000047e-02
9.800000000000000377e-02
9.859999999999999321e-02
9.929999999999999938e-02
9.979999999999999982e-02
1.004000000000000031e-01
1.010999999999999954e-01
1.018000000000000016e-01
1.024999999999999939e-01
1.033000000000000029e-01
1.039000000000000062e-01
1.045999999999999985e-01
1.049999999999999961e-01
1.053999999999999937e-01
1.058000000000000052e-01
1.062000000000000027e-01
1.067000000000000032e-01
1.072000000000000036e-01
1.076000000000000012e-01
1.081000000000000016e-01
1.087000000000000050e-01
1.089999999999999997e-01
1.092999999999999944e-01
1.097000000000000058e-01
1.100000000000000006e-01
1.103999999999999981e-01
1.107999999999999957e-01
1.111000000000000043e-01
1.115000000000000019e-01
