1.000000000000000048e-04
2.999999999999999737e-04
6.999999999999999929e-04
1.199999999999999895e-03
1.899999999999999996e-03
2.599999999999999881e-03
3.500000000000000073e-03
4.599999999999999922e-03
5.499999999999999681e-03
6.400000000000000307e-03
7.599999999999999985e-03
8.999999999999999320e-03
1.030000000000000013e-02
1.170000000000000033e-02
1.319999999999999993e-02
1.469999999999999953e-02
1.619999999999999912e-02
1.750000000000000167e-02
1.880000000000000074e-02
2.040000000000000147e-02
2.220000000000000098e-02
2.390000000000000110e-02
2.560000000000000123e-02
2.719999999999999848e-02
2.889999999999999861e-02
3.080000000000000099e-02
3.259999999999999704e-02
3.429999999999999716e-02
3.590000000000000135e-02
3.749999999999999861e-02
3.910000000000000281e-02
4.080000000000000293e-02
4.240000000000000019e-02
4.399999999999999745e-02
4.549999999999999878e-02
4.689999999999999725e-02
4.819999999999999979e-02
4.950000000000000233e-02
5.079999999999999793e-02
5.199999999999999761e-02
5.340000000000000302e-02
5.480000000000000149e-02
5.630000000000000282e-02
5.759999999999999842e-02
5.899999999999999689e-02
6.029999999999999943e-02
6.160000000000000198e-02
6.289999999999999758e-02
6.400000000000000133e-02
6.529999999999999694e-02
6.640000000000000069e-02
6.769999999999999629e-02
6.890000000000000291e-02
7.000000000000000666e-02
7.109999999999999654e-02
7.230000000000000315e-02
7.349999999999999589e-02
7.470000000000000251e-02
7.599999999999999811e-02
7.720000000000000473e-02
7.850000000000000033e-02
7.969999999999999307e-02
8.079999999999999682e-02
8.200000000000000344e-02
8.300000000000000433e-02
8.409999999999999420e-02
8.519999999999999796e-02
8.640000000000000457e-02
8.749999999999999445e-02
8.890000000000000679e-02
8.999999999999999667e-02
9.110000000000000042e-02
9.220000000000000417e-02
9.329999999999999405e-02
9.439999999999999780e-02
9.560000000000000442e-02
9.669999999999999429e-02
9.769999999999999518e-02
9.869999999999999607e-02
9.979999999999999982e-02
1.008000000000000007e-01
1.018000000000000016e-01
1.029000000000000054e-01
1.042000000000000010e-01
1.054999999999999966e-01
1.068000000000000060e-01
1.078999999999999959e-01
1.091000000000000025e-01
1.102000000000000063e-01
1.115000000000000019e-01
1.127999999999999975e-01
1.139000000000000012e-01
1.147999999999999993e-01
1.158000000000000002e-01
1.170000000000000068e-01
1.179999999999999938e-01
1.189999999999999947e-01
1.199000000000000066e-01
1.208999999999999936e-01
1.218000000000000055e-01
1.227000000000000035e-01
1.234999999999999987e-01
1.244999999999999996e-01
1.255000000000000004e-01
1.262000000000000066e-01
1.270999999999999908e-01
1.277999999999999969e-01
1.285999999999999921e-01
1.295000000000000040e-01
1.302999999999999992e-01
1.310999999999999943e-01
1.318000000000000005e-01
1.325999999999999956e-01
1.333999999999999908e-01
1.340999999999999970e-01
1.348999999999999921e-01
1.356999999999999873e-01
1.363999999999999935e-01
1.371999999999999886e-01
1.380000000000000115e-01
1.386999999999999900e-01
1.393999999999999961e-01
1.403000000000000080e-01
1.413999999999999979e-01
1.423999999999999988e-01
1.433000000000000107e-01
1.441999999999999948e-01
1.449999999999999900e-01
1.461000000000000076e-01
1.469999999999999918e-01
1.479000000000000037e-01
1.487999999999999878e-01
1.497999999999999887e-01
1.507000000000000006e-01
1.517000000000000015e-01
1.527000000000000024e-01
1.537000000000000033e-01
1.547999999999999932e-01
1.559000000000000108e-01
1.570000000000000007e-01
1.580000000000000016e-01
1.590999999999999914e-01
1.602000000000000091e-01
1.612000000000000099e-01
1.622000000000000108e-01
1.632000000000000117e-01
1.640999999999999959e-01
1.652000000000000135e-01
1.660999999999999976e-01
1.670000000000000095e-01
1.678000000000000047e-01
1.686999999999999889e-01
1.696999999999999897e-01
1.706000000000000016e-01
1.715000000000000135e-01
1.724999999999999867e-01
1.733999999999999986e-01
1.741000000000000048e-01
1.749999999999999889e-01
1.756999999999999951e-01
1.764999999999999902e-01
1.773000000000000131e-01
1.781999999999999973e-01
1.789999999999999925e-01
1.797999999999999876e-01
1.806999999999999995e-01
1.814000000000000057e-01
1.822999999999999898e-01
1.831000000000000127e-01
1.837999999999999912e-01
1.847000000000000031e-01
1.855999999999999872e-01
1.864000000000000101e-01
1.872000000000000053e-01
1.880999999999999894e-01
1.890000000000000013e-01
1.897000000000000075e-01
1.905999999999999917e-01
1.915000000000000036e-01
1.922999999999999987e-01
1.932000000000000106e-01
1.940999999999999948e-01
1.948999999999999899e-01
1.957000000000000128e-01
1.963999999999999913e-01
1.970999999999999974e-01
1.976999999999999869e-01
1.983999999999999930e-01
1.990000000000000102e-01
1.995000000000000107e-01
2.001000000000000001e-01
2.006999999999999895e-01
2.013000000000000067e-01
2.018999999999999961e-01
2.026999999999999913e-01
2.033999999999999975e-01
2.041000000000000036e-01
2.048000000000000098e-01
2.054999999999999882e-01
2.063000000000000111e-01
