2.000000000000000096e-04
2.999999999999999737e-04
5.000000000000000104e-04
5.999999999999999474e-04
6.999999999999999929e-04
8.000000000000000383e-04
1.000000000000000021e-03
1.000000000000000021e-03
1.100000000000000066e-03
-1.199999999999999895e-03
-1.299999999999999940e-03
-1.299999999999999940e-03
-1.299999999999999940e-03
-1.299999999999999940e-03
-1.199999999999999895e-03
-1.199999999999999895e-03
-1.199999999999999895e-03
-1.100000000000000066e-03
-1.100000000000000066e-03
-8.000000000000000383e-04
-5.000000000000000104e-04
-2.999999999999999737e-04
-1.000000000000000048e-04
2.999999999999999737e-04
5.999999999999999474e-04
1.000000000000000021e-03
1.199999999999999895e-03
1.500000000000000031e-03
1.899999999999999996e-03
2.200000000000000133e-03
2.299999999999999961e-03
2.599999999999999881e-03
2.799999999999999972e-03
2.899999999999999800e-03
3.000000000000000062e-03
3.200000000000000153e-03
3.399999999999999811e-03
3.399999999999999811e-03
3.500000000000000073e-03
3.700000000000000164e-03
3.799999999999999992e-03
4.000000000000000083e-03
4.100000000000000346e-03
4.199999999999999740e-03
4.300000000000000003e-03
4.499999999999999660e-03
4.599999999999999922e-03
4.700000000000000185e-03
4.899999999999999842e-03
4.899999999999999842e-03
5.100000000000000366e-03
5.300000000000000024e-03
5.599999999999999943e-03
5.799999999999999600e-03
6.100000000000000387e-03
6.300000000000000044e-03
6.400000000000000307e-03
6.400000000000000307e-03
6.599999999999999964e-03
6.700000000000000226e-03
6.799999999999999621e-03
6.899999999999999883e-03
7.000000000000000146e-03
7.000000000000000146e-03
7.100000000000000408e-03
7.100000000000000408e-03
7.199999999999999803e-03
7.199999999999999803e-03
7.400000000000000328e-03
7.499999999999999722e-03
7.499999999999999722e-03
7.599999999999999985e-03
7.599999999999999985e-03
7.700000000000000247e-03
7.799999999999999642e-03
7.900000000000000772e-03
7.900000000000000772e-03
8.000000000000000167e-03
8.200000000000000691e-03
8.300000000000000086e-03
8.300000000000000086e-03
8.500000000000000611e-03
8.699999999999999400e-03
8.899999999999999925e-03
9.199999999999999845e-03
9.499999999999999764e-03
9.799999999999999684e-03
1.000000000000000021e-02
1.039999999999999952e-02
1.069999999999999944e-02
1.089999999999999997e-02
1.119999999999999989e-02
1.149999999999999981e-02
1.179999999999999973e-02
1.200000000000000025e-02
1.239999999999999956e-02
1.269999999999999948e-02
1.299999999999999940e-02
1.319999999999999993e-02
1.349999999999999985e-02
1.370000000000000037e-02
1.400000000000000029e-02
1.430000000000000021e-02
1.450000000000000074e-02
1.460000000000000013e-02
1.480000000000000066e-02
1.499999999999999944e-02
1.519999999999999997e-02
1.540000000000000049e-02
1.559999999999999928e-02
1.569999999999999868e-02
1.590000000000000094e-02
1.609999999999999973e-02
1.629999999999999852e-02
1.650000000000000078e-02
1.660000000000000017e-02
1.689999999999999836e-02
1.700000000000000122e-02
1.720000000000000001e-02
1.729999999999999941e-02
1.739999999999999880e-02
1.760000000000000106e-02
1.779999999999999985e-02
1.799999999999999864e-02
1.820000000000000090e-02
1.839999999999999969e-02
1.859999999999999848e-02
1.880000000000000074e-02
1.909999999999999892e-02
1.930000000000000118e-02
1.969999999999999876e-02
2.009999999999999981e-02
2.060000000000000026e-02
2.089999999999999844e-02
2.129999999999999949e-02
2.179999999999999993e-02
2.220000000000000098e-02
2.259999999999999856e-02
2.299999999999999961e-02
2.350000000000000006e-02
2.400000000000000050e-02
2.440000000000000155e-02
2.479999999999999913e-02
2.539999999999999897e-02
2.580000000000000002e-02
2.620000000000000107e-02
2.659999999999999865e-02
2.699999999999999969e-02
2.730000000000000135e-02
2.769999999999999893e-02
2.809999999999999998e-02
2.879999999999999921e-02
2.939999999999999905e-02
2.989999999999999949e-02
3.039999999999999994e-02
3.090000000000000038e-02
3.130000000000000143e-02
3.180000000000000188e-02
3.209999999999999659e-02
3.250000000000000111e-02
3.300000000000000155e-02
3.339999999999999913e-02
3.379999999999999671e-02
3.420000000000000123e-02
3.450000000000000289e-02
3.479999999999999760e-02
3.520000000000000212e-02
3.559999999999999970e-02
3.599999999999999728e-02
3.649999999999999772e-02
3.710000000000000103e-02
3.749999999999999861e-02
3.810000000000000192e-02
3.849999999999999950e-02
3.889999999999999708e-02
3.939999999999999752e-02
3.980000000000000204e-02
4.030000000000000249e-02
4.070000000000000007e-02
4.109999999999999765e-02
4.139999999999999930e-02
4.179999999999999688e-02
4.220000000000000140e-02
4.250000000000000305e-02
4.279999999999999777e-02
4.320000000000000229e-02
4.349999999999999700e-02
4.370000000000000273e-02
4.410000000000000031e-02
4.429999999999999910e-02
4.449999999999999789e-02
4.479999999999999954e-02
4.510000000000000120e-02
4.529999999999999999e-02
4.569999999999999757e-02
4.599999999999999922e-02
4.649999999999999967e-02
4.689999999999999725e-02
4.730000000000000177e-02
4.769999999999999934e-02
