0.000000000000000000e+00
5.000000000000000104e-04
1.199999999999999895e-03
2.200000000000000133e-03
3.299999999999999982e-03
4.499999999999999660e-03
5.799999999999999600e-03
7.100000000000000408e-03
8.399999999999999481e-03
9.599999999999999159e-03
1.099999999999999936e-02
1.260000000000000009e-02
1.430000000000000021e-02
1.590000000000000094e-02
1.760000000000000106e-02
1.919999999999999832e-02
2.089999999999999844e-02
2.259999999999999856e-02
2.440000000000000155e-02
2.639999999999999986e-02
2.840000000000000163e-02
3.030000000000000054e-02
3.230000000000000232e-02
3.409999999999999837e-02
3.620000000000000301e-02
3.839999999999999664e-02
4.100000000000000172e-02
4.309999999999999942e-02
4.510000000000000120e-02
4.739999999999999769e-02
4.970000000000000112e-02
5.179999999999999882e-02
5.399999999999999939e-02
5.600000000000000117e-02
5.790000000000000008e-02
5.999999999999999778e-02
6.210000000000000242e-02
6.419999999999999318e-02
6.600000000000000311e-02
6.809999999999999387e-02
6.990000000000000380e-02
7.169999999999999984e-02
7.359999999999999876e-02
7.549999999999999767e-02
7.729999999999999372e-02
7.920000000000000651e-02
8.100000000000000255e-02
8.309999999999999332e-02
8.500000000000000611e-02
8.699999999999999400e-02
8.899999999999999578e-02
9.089999999999999469e-02
9.289999999999999647e-02
9.489999999999999825e-02
9.679999999999999716e-02
9.859999999999999321e-02
1.004000000000000031e-01
1.023000000000000020e-01
1.040999999999999981e-01
1.058999999999999941e-01
1.077000000000000041e-01
1.096000000000000030e-01
1.115000000000000019e-01
1.132999999999999979e-01
1.150999999999999940e-01
1.169000000000000039e-01
1.187000000000000000e-01
1.204999999999999960e-01
1.223999999999999949e-01
1.242000000000000048e-01
1.257999999999999952e-01
1.275000000000000022e-01
1.292000000000000093e-01
1.310999999999999943e-01
1.330000000000000071e-01
1.346999999999999864e-01
1.365000000000000102e-01
1.383000000000000063e-01
1.400000000000000133e-01
1.418999999999999984e-01
1.434999999999999887e-01
1.451999999999999957e-01
1.466999999999999971e-01
1.484999999999999931e-01
1.502999999999999892e-01
1.521000000000000130e-01
1.539000000000000090e-01
1.555999999999999883e-01
1.572000000000000064e-01
1.587999999999999967e-01
1.603999999999999870e-01
1.617999999999999994e-01
1.633000000000000007e-01
1.647000000000000131e-01
1.661999999999999866e-01
1.675999999999999990e-01
1.688999999999999946e-01
1.701999999999999902e-01
1.716000000000000025e-01
1.729999999999999871e-01
1.743000000000000105e-01
1.756000000000000061e-01
1.771000000000000074e-01
1.784000000000000030e-01
1.796999999999999986e-01
1.809999999999999942e-01
1.822999999999999898e-01
1.834999999999999964e-01
1.847000000000000031e-01
1.859000000000000097e-01
1.872000000000000053e-01
1.884000000000000119e-01
1.897000000000000075e-01
1.910000000000000031e-01
1.923999999999999877e-01
1.937000000000000111e-01
1.948000000000000009e-01
1.960000000000000075e-01
1.973000000000000032e-01
1.985000000000000098e-01
1.995999999999999996e-01
2.006000000000000005e-01
2.020000000000000129e-01
2.033000000000000085e-01
2.046000000000000041e-01
2.059999999999999887e-01
2.071000000000000063e-01
2.086000000000000076e-01
2.099000000000000032e-01
2.114999999999999936e-01
2.129000000000000059e-01
2.142999999999999905e-01
2.157999999999999918e-01
2.175999999999999879e-01
2.195999999999999897e-01
2.215000000000000024e-01
2.232999999999999985e-01
2.250000000000000056e-01
2.267000000000000126e-01
2.285999999999999976e-01
2.303000000000000047e-01
2.318999999999999950e-01
2.336000000000000021e-01
2.351999999999999924e-01
2.366000000000000048e-01
2.379999999999999893e-01
2.394999999999999907e-01
2.409000000000000030e-01
2.424999999999999933e-01
2.439999999999999947e-01
2.454000000000000070e-01
2.470999999999999863e-01
2.489999999999999991e-01
2.505999999999999894e-01
2.523000000000000242e-01
2.540999999999999925e-01
2.558000000000000274e-01
2.575000000000000067e-01
2.594000000000000195e-01
2.609000000000000208e-01
2.626000000000000001e-01
2.641999999999999904e-01
2.655000000000000138e-01
2.671000000000000041e-01
2.686000000000000054e-01
2.701000000000000068e-01
2.716999999999999971e-01
2.731000000000000094e-01
2.747999999999999887e-01
2.762999999999999901e-01
2.777999999999999914e-01
2.792000000000000037e-01
2.807000000000000051e-01
2.821000000000000174e-01
2.832999999999999963e-01
2.846000000000000196e-01
2.861000000000000210e-01
2.874999999999999778e-01
2.888000000000000012e-01
2.902000000000000135e-01
2.913999999999999924e-01
2.928000000000000047e-01
2.942000000000000171e-01
2.955999999999999739e-01
2.968000000000000083e-01
2.980999999999999761e-01
2.993999999999999995e-01
3.005999999999999783e-01
3.020999999999999797e-01
3.034000000000000030e-01
3.044999999999999929e-01
3.057000000000000273e-01
3.069000000000000061e-01
3.079999999999999960e-01
3.090999999999999859e-01
3.103000000000000203e-01
3.114000000000000101e-01
3.125999999999999890e-01
3.138000000000000234e-01
3.149000000000000132e-01
