9.000000000000000838e-04
1.299999999999999940e-03
2.000000000000000042e-03
2.400000000000000223e-03
3.100000000000000325e-03
3.499999999999999639e-03
4.599999999999999922e-03
5.000000000000000104e-03
5.700000000000000205e-03
-4.300000000000000003e-03
-3.899999999999999821e-03
-4.099999999999999478e-03
-4.099999999999999478e-03
-3.599999999999999901e-03
-3.199999999999999720e-03
-2.800000000000000405e-03
-2.400000000000000223e-03
-2.299999999999999961e-03
-1.400000000000000203e-03
2.999999999999994858e-04
1.999999999999999608e-03
3.899999999999999821e-03
5.100000000000000366e-03
7.199999999999999803e-03
9.000000000000001055e-03
1.070000000000000118e-02
1.220000000000000077e-02
1.379999999999999977e-02
1.570000000000000215e-02
1.739999999999999880e-02
1.880000000000000074e-02
2.019999999999999921e-02
2.140000000000000235e-02
2.230000000000000038e-02
2.330000000000000127e-02
2.459999999999999687e-02
2.570000000000000409e-02
2.659999999999999865e-02
2.789999999999999772e-02
2.890000000000000208e-02
3.010000000000000175e-02
3.120000000000000204e-02
3.259999999999999704e-02
3.379999999999999671e-02
3.470000000000000168e-02
3.540000000000000091e-02
3.670000000000000345e-02
3.760000000000000148e-02
3.909999999999999587e-02
4.019999999999999268e-02
4.189999999999999974e-02
4.329999999999999821e-02
4.460000000000000075e-02
4.579999999999999349e-02
4.700000000000000011e-02
4.809999999999999692e-02
4.920000000000000068e-02
4.999999999999999584e-02
5.119999999999999551e-02
5.229999999999999927e-02
5.320000000000000423e-02
5.369999999999999774e-02
5.489999999999999741e-02
5.580000000000000238e-02
5.679999999999999633e-02
5.750000000000000250e-02
5.819999999999999479e-02
5.909999999999999282e-02
5.990000000000000185e-02
6.050000000000000516e-02
6.139999999999999625e-02
6.230000000000001509e-02
6.300000000000000044e-02
6.400000000000000133e-02
6.530000000000001081e-02
6.619999999999999496e-02
6.729999999999999871e-02
6.809999999999999387e-02
6.869999999999999718e-02
6.930000000000000049e-02
7.009999999999999565e-02
7.119999999999999940e-02
7.220000000000000029e-02
7.370000000000000162e-02
7.540000000000000868e-02
7.710000000000000187e-02
7.869999999999999218e-02
8.050000000000000211e-02
8.179999999999999771e-02
8.319999999999999618e-02
8.500000000000000611e-02
8.680000000000001603e-02
8.839999999999999247e-02
8.999999999999999667e-02
9.139999999999999514e-02
9.289999999999999647e-02
9.450000000000001454e-02
9.569999999999999341e-02
9.699999999999998901e-02
9.840000000000000135e-02
9.979999999999999982e-02
1.008000000000000146e-01
1.023000000000000020e-01
1.034000000000000058e-01
1.044999999999999957e-01
1.058999999999999941e-01
1.071999999999999897e-01
1.083000000000000074e-01
1.092999999999999944e-01
1.105000000000000010e-01
1.114999999999999741e-01
1.125000000000000028e-01
1.132000000000000089e-01
1.144000000000000017e-01
1.155000000000000054e-01
1.160999999999999949e-01
1.170999999999999958e-01
1.180000000000000077e-01
1.191000000000000114e-01
1.199000000000000066e-01
1.207000000000000017e-01
1.219000000000000083e-01
1.231999999999999762e-01
1.243000000000000077e-01
1.255000000000000004e-01
1.267999999999999960e-01
1.282000000000000084e-01
1.292000000000000093e-01
1.308999999999999886e-01
1.320999999999999674e-01
1.333999999999999908e-01
1.353999999999999926e-01
1.376000000000000001e-01
1.393999999999999961e-01
1.414999999999999869e-01
1.436999999999999944e-01
1.459999999999999909e-01
1.480000000000000204e-01
1.506000000000000116e-01
1.528000000000000191e-01
1.551000000000000156e-01
1.573999999999999844e-01
1.597999999999999976e-01
1.620000000000000051e-01
1.640999999999999681e-01
1.659999999999999809e-01
1.678999999999999937e-01
1.696999999999999897e-01
1.718000000000000083e-01
1.733999999999999986e-01
1.758000000000000118e-01
1.784999999999999920e-01
1.810999999999999832e-01
1.837000000000000022e-01
1.859000000000000097e-01
1.880999999999999894e-01
1.901000000000000190e-01
1.921999999999999820e-01
1.942000000000000115e-01
1.960999999999999965e-01
1.978999999999999648e-01
1.993999999999999939e-01
2.011000000000000287e-01
2.028000000000000080e-01
2.041000000000000036e-01
2.056999999999999940e-01
2.069999999999999896e-01
2.090000000000000191e-01
2.106999999999999984e-01
2.129999999999999949e-01
2.151000000000000134e-01
2.169000000000000095e-01
2.187999999999999945e-01
2.207999999999999685e-01
2.225000000000000311e-01
2.239000000000000434e-01
2.257000000000000117e-01
2.276999999999999857e-01
2.293000000000000038e-01
2.309000000000000219e-01
2.321999999999999897e-01
2.337999999999999801e-01
2.351999999999999924e-01
2.364999999999999880e-01
2.379999999999999893e-01
2.393000000000000127e-01
2.406000000000000083e-01
2.412999999999999867e-01
2.424000000000000044e-01
2.434000000000000052e-01
2.442000000000000004e-01
2.453000000000000180e-01
2.461000000000000132e-01
2.472000000000000031e-01
2.481000000000000150e-01
2.496000000000000163e-01
2.508000000000000229e-01
2.520000000000000018e-01
2.533000000000000251e-01
2.542000000000000370e-01
