2.000000000000000096e-04
2.999999999999999737e-04
2.999999999999999737e-04
4.000000000000000192e-04
4.000000000000000192e-04
4.000000000000000192e-04
5.000000000000000104e-04
5.000000000000000104e-04
4.000000000000000192e-04
-2.999999999999999737e-04
-1.000000000000000048e-04
1.000000000000000048e-04
2.000000000000000096e-04
2.999999999999999737e-04
5.999999999999999474e-04
8.999999999999999754e-04
1.199999999999999895e-03
1.500000000000000031e-03
1.799999999999999951e-03
2.299999999999999961e-03
2.799999999999999972e-03
3.299999999999999982e-03
3.799999999999999992e-03
4.300000000000000003e-03
4.899999999999999842e-03
5.400000000000000286e-03
5.899999999999999863e-03
6.400000000000000307e-03
7.000000000000000146e-03
7.499999999999999722e-03
7.900000000000000772e-03
8.399999999999999481e-03
8.800000000000000530e-03
9.100000000000000450e-03
9.499999999999999764e-03
9.700000000000000289e-03
9.900000000000000813e-03
1.020000000000000073e-02
1.050000000000000065e-02
1.089999999999999997e-02
1.149999999999999981e-02
1.209999999999999964e-02
1.250000000000000069e-02
1.299999999999999940e-02
1.340000000000000045e-02
1.389999999999999916e-02
1.430000000000000021e-02
1.460000000000000013e-02
1.499999999999999944e-02
1.540000000000000049e-02
1.580000000000000154e-02
1.640000000000000138e-02
1.679999999999999896e-02
1.729999999999999941e-02
1.779999999999999985e-02
1.810000000000000150e-02
1.859999999999999848e-02
1.899999999999999953e-02
1.930000000000000118e-02
1.949999999999999997e-02
1.980000000000000163e-02
2.009999999999999981e-02
2.019999999999999921e-02
2.040000000000000147e-02
2.060000000000000026e-02
2.069999999999999965e-02
2.089999999999999844e-02
2.110000000000000070e-02
2.120000000000000009e-02
2.139999999999999888e-02
2.149999999999999828e-02
2.160000000000000114e-02
2.179999999999999993e-02
2.199999999999999872e-02
2.220000000000000098e-02
2.230000000000000038e-02
2.249999999999999917e-02
2.270000000000000143e-02
2.290000000000000022e-02
2.309999999999999901e-02
2.330000000000000127e-02
2.359999999999999945e-02
2.380000000000000171e-02
2.409999999999999989e-02
2.450000000000000094e-02
2.479999999999999913e-02
2.510000000000000078e-02
2.549999999999999836e-02
2.599999999999999881e-02
2.649999999999999925e-02
2.690000000000000030e-02
2.740000000000000074e-02
2.790000000000000119e-02
2.829999999999999877e-02
2.860000000000000042e-02
2.900000000000000147e-02
2.939999999999999905e-02
2.980000000000000010e-02
3.020000000000000115e-02
3.049999999999999933e-02
3.070000000000000159e-02
3.109999999999999917e-02
3.139999999999999736e-02
3.160000000000000309e-02
3.180000000000000188e-02
3.209999999999999659e-02
3.230000000000000232e-02
3.259999999999999704e-02
3.280000000000000276e-02
3.309999999999999748e-02
3.320000000000000034e-02
3.350000000000000200e-02
3.359999999999999792e-02
3.389999999999999958e-02
3.409999999999999837e-02
3.420000000000000123e-02
3.440000000000000002e-02
3.459999999999999881e-02
3.459999999999999881e-02
3.479999999999999760e-02
3.490000000000000047e-02
3.500000000000000333e-02
3.509999999999999926e-02
3.520000000000000212e-02
3.529999999999999805e-02
3.540000000000000091e-02
3.559999999999999970e-02
3.570000000000000256e-02
3.590000000000000135e-02
3.610000000000000014e-02
3.629999999999999893e-02
3.670000000000000345e-02
3.699999999999999817e-02
3.740000000000000269e-02
3.769999999999999740e-02
3.810000000000000192e-02
3.830000000000000071e-02
3.869999999999999829e-02
3.910000000000000281e-02
3.950000000000000039e-02
3.980000000000000204e-02
4.009999999999999676e-02
4.039999999999999841e-02
4.070000000000000007e-02
4.100000000000000172e-02
4.130000000000000338e-02
4.159999999999999809e-02
4.179999999999999688e-02
4.220000000000000140e-02
4.250000000000000305e-02
4.279999999999999777e-02
4.329999999999999821e-02
4.379999999999999866e-02
4.429999999999999910e-02
4.460000000000000075e-02
4.510000000000000120e-02
4.549999999999999878e-02
4.590000000000000330e-02
4.619999999999999801e-02
4.660000000000000253e-02
4.689999999999999725e-02
4.719999999999999890e-02
4.739999999999999769e-02
4.769999999999999934e-02
4.789999999999999813e-02
4.819999999999999979e-02
4.859999999999999737e-02
4.889999999999999902e-02
4.929999999999999660e-02
4.970000000000000112e-02
5.009999999999999870e-02
5.040000000000000036e-02
5.070000000000000201e-02
5.099999999999999672e-02
5.129999999999999838e-02
5.160000000000000003e-02
5.190000000000000169e-02
5.210000000000000048e-02
5.249999999999999806e-02
5.269999999999999685e-02
5.290000000000000258e-02
5.330000000000000016e-02
5.349999999999999895e-02
5.369999999999999774e-02
5.390000000000000346e-02
5.399999999999999939e-02
5.410000000000000225e-02
5.430000000000000104e-02
5.449999999999999983e-02
5.469999999999999862e-02
5.480000000000000149e-02
5.489999999999999741e-02
5.510000000000000314e-02
5.519999999999999907e-02
5.539999999999999786e-02
5.559999999999999665e-02
5.580000000000000238e-02
5.600000000000000117e-02
5.619999999999999996e-02
5.639999999999999875e-02
