1.000000000000000048e-04
2.000000000000000096e-04
1.000000000000000048e-04
1.000000000000000048e-04
2.999999999999999737e-04
5.000000000000000104e-04
6.999999999999999929e-04
1.100000000000000066e-03
1.399999999999999986e-03
1.799999999999999951e-03
2.299999999999999961e-03
2.700000000000000143e-03
3.099999999999999891e-03
3.500000000000000073e-03
3.899999999999999821e-03
4.300000000000000003e-03
4.700000000000000185e-03
5.300000000000000024e-03
5.700000000000000205e-03
6.300000000000000044e-03
7.100000000000000408e-03
7.900000000000000772e-03
8.699999999999999400e-03
9.599999999999999159e-03
1.060000000000000005e-02
1.159999999999999920e-02
1.260000000000000009e-02
1.340000000000000045e-02
1.439999999999999961e-02
1.510000000000000057e-02
1.590000000000000094e-02
1.660000000000000017e-02
1.720000000000000001e-02
1.789999999999999925e-02
1.859999999999999848e-02
1.919999999999999832e-02
1.990000000000000102e-02
2.060000000000000026e-02
2.120000000000000009e-02
2.189999999999999933e-02
2.249999999999999917e-02
2.319999999999999840e-02
2.380000000000000171e-02
2.460000000000000034e-02
2.520000000000000018e-02
2.589999999999999941e-02
2.659999999999999865e-02
2.730000000000000135e-02
2.779999999999999832e-02
2.840000000000000163e-02
2.879999999999999921e-02
2.949999999999999845e-02
3.020000000000000115e-02
3.090000000000000038e-02
3.169999999999999901e-02
3.230000000000000232e-02
3.280000000000000276e-02
3.330000000000000321e-02
3.379999999999999671e-02
3.429999999999999716e-02
3.470000000000000168e-02
3.529999999999999805e-02
3.579999999999999849e-02
3.620000000000000301e-02
3.670000000000000345e-02
3.710000000000000103e-02
3.760000000000000148e-02
3.799999999999999906e-02
3.839999999999999664e-02
3.880000000000000115e-02
3.930000000000000160e-02
3.969999999999999918e-02
4.009999999999999676e-02
4.039999999999999841e-02
4.070000000000000007e-02
4.120000000000000051e-02
4.150000000000000216e-02
4.179999999999999688e-02
4.209999999999999853e-02
4.240000000000000019e-02
4.279999999999999777e-02
4.309999999999999942e-02
4.349999999999999700e-02
4.399999999999999745e-02
4.449999999999999789e-02
4.499999999999999833e-02
4.549999999999999878e-02
4.599999999999999922e-02
4.649999999999999967e-02
4.700000000000000011e-02
4.750000000000000056e-02
4.809999999999999692e-02
4.850000000000000144e-02
4.900000000000000189e-02
4.950000000000000233e-02
4.989999999999999991e-02
5.029999999999999749e-02
5.070000000000000201e-02
5.109999999999999959e-02
5.149999999999999717e-02
5.190000000000000169e-02
5.240000000000000213e-02
5.290000000000000258e-02
5.330000000000000016e-02
5.369999999999999774e-02
5.410000000000000225e-02
5.449999999999999983e-02
5.480000000000000149e-02
5.510000000000000314e-02
5.530000000000000193e-02
5.569999999999999951e-02
5.589999999999999830e-02
5.630000000000000282e-02
5.659999999999999754e-02
5.680000000000000326e-02
5.709999999999999798e-02
5.729999999999999677e-02
5.759999999999999842e-02
5.779999999999999721e-02
5.820000000000000173e-02
5.840000000000000052e-02
5.870000000000000218e-02
5.899999999999999689e-02
5.929999999999999855e-02
5.960000000000000020e-02
5.990000000000000185e-02
6.029999999999999943e-02
6.060000000000000109e-02
6.099999999999999867e-02
6.130000000000000032e-02
6.180000000000000077e-02
6.230000000000000121e-02
6.279999999999999472e-02
6.320000000000000617e-02
6.379999999999999560e-02
6.439999999999999891e-02
6.489999999999999936e-02
6.550000000000000266e-02
6.629999999999999782e-02
6.700000000000000400e-02
6.779999999999999916e-02
6.850000000000000533e-02
6.919999999999999762e-02
6.980000000000000093e-02
7.040000000000000424e-02
7.119999999999999940e-02
7.180000000000000271e-02
7.220000000000000029e-02
7.270000000000000073e-02
7.320000000000000118e-02
7.370000000000000162e-02
7.439999999999999392e-02
7.510000000000000009e-02
7.580000000000000626e-02
7.660000000000000142e-02
7.729999999999999372e-02
7.799999999999999989e-02
7.860000000000000320e-02
7.920000000000000651e-02
7.979999999999999594e-02
8.029999999999999638e-02
8.069999999999999396e-02
8.100000000000000255e-02
8.150000000000000300e-02
8.179999999999999771e-02
8.219999999999999529e-02
8.260000000000000675e-02
8.300000000000000433e-02
8.350000000000000477e-02
8.400000000000000522e-02
8.450000000000000566e-02
8.500000000000000611e-02
8.569999999999999840e-02
8.619999999999999885e-02
8.669999999999999929e-02
8.719999999999999973e-02
8.780000000000000304e-02
8.830000000000000349e-02
8.880000000000000393e-02
8.930000000000000437e-02
8.980000000000000482e-02
9.020000000000000240e-02
9.059999999999999998e-02
9.099999999999999756e-02
9.149999999999999800e-02
9.189999999999999558e-02
9.229999999999999316e-02
9.270000000000000462e-02
9.310000000000000220e-02
9.339999999999999691e-02
9.370000000000000551e-02
9.400000000000000022e-02
9.429999999999999494e-02
9.460000000000000353e-02
9.479999999999999538e-02
9.510000000000000397e-02
9.539999999999999869e-02
9.569999999999999341e-02
9.600000000000000200e-02
9.629999999999999671e-02
