1.200000000000000112e-03
4.500000000000000527e-03
9.399999999999998634e-03
1.540000000000000049e-02
2.179999999999999993e-02
2.839999999999999816e-02
3.590000000000000135e-02
4.379999999999999172e-02
5.150000000000000411e-02
5.799999999999999600e-02
6.700000000000000400e-02
7.670000000000000429e-02
8.679999999999998828e-02
9.790000000000000091e-02
1.090000000000000135e-01
1.199000000000000066e-01
1.307000000000000106e-01
1.410000000000000142e-01
1.510000000000000231e-01
1.612999999999999989e-01
1.718999999999999972e-01
1.823000000000000176e-01
1.932999999999999996e-01
2.033999999999999975e-01
2.139000000000000068e-01
2.244000000000000161e-01
2.352000000000000202e-01
2.450999999999999845e-01
2.550999999999999934e-01
2.651000000000000023e-01
2.746000000000000107e-01
2.837999999999999967e-01
2.927000000000000157e-01
3.015999999999999792e-01
3.108000000000000207e-01
3.195999999999999952e-01
3.278999999999999693e-01
3.361000000000000099e-01
3.442999999999999394e-01
3.521000000000000241e-01
3.603000000000000091e-01
3.679999999999999938e-01
3.760999999999999899e-01
3.832999999999999741e-01
3.904999999999999583e-01
3.972000000000000530e-01
4.043999999999999817e-01
4.109999999999999765e-01
4.178000000000000047e-01
4.247999999999999554e-01
4.320000000000000506e-01
4.387999999999999678e-01
4.455000000000000071e-01
4.518999999999999684e-01
4.583999999999999742e-01
4.647000000000000020e-01
4.714999999999999747e-01
4.784999999999999809e-01
4.853999999999999981e-01
4.924000000000000599e-01
4.997000000000000330e-01
5.067000000000000393e-01
5.138000000000000345e-01
5.206000000000000627e-01
5.268999999999999240e-01
5.338999999999999302e-01
5.404999999999999805e-01
5.473000000000000087e-01
5.534999999999999920e-01
5.601999999999999202e-01
5.664000000000001256e-01
5.726999999999999869e-01
5.793999999999999151e-01
5.856999999999999984e-01
5.919000000000000927e-01
5.979999999999999760e-01
6.043000000000000593e-01
6.106000000000000316e-01
6.169000000000000039e-01
6.235000000000000542e-01
6.296999999999999265e-01
6.355999999999999428e-01
6.414999999999999591e-01
6.479000000000000314e-01
6.545000000000000817e-01
6.610000000000000320e-01
6.674999999999999822e-01
6.737999999999999545e-01
6.802000000000000268e-01
6.860999999999999321e-01
6.918999999999999595e-01
6.977999999999999758e-01
7.034000000000000252e-01
7.090999999999999526e-01
7.151999999999999469e-01
7.210000000000000853e-01
7.268000000000000016e-01
7.319000000000001060e-01
7.372000000000000774e-01
7.427000000000000268e-01
7.477000000000000313e-01
7.525000000000000577e-01
7.579000000000001291e-01
7.627000000000000446e-01
7.676000000000000600e-01
7.724000000000000865e-01
7.772999999999999909e-01
7.820000000000000284e-01
7.870000000000000329e-01
7.915999999999999703e-01
7.966000000000000858e-01
8.013000000000000123e-01
8.062000000000000277e-01
8.110999999999999321e-01
8.157999999999999696e-01
8.205999999999999961e-01
8.252999999999999226e-01
8.297999999999999821e-01
8.342000000000000526e-01
8.386000000000000121e-01
8.426000000000000156e-01
8.468999999999999861e-01
8.512999999999999456e-01
8.558999999999999941e-01
8.606000000000000316e-01
8.647000000000000242e-01
8.692999999999999616e-01
8.739999999999999991e-01
8.789000000000001256e-01
8.837000000000000410e-01
8.891000000000000014e-01
8.948000000000000398e-01
9.002999999999999892e-01
9.054999999999999716e-01
9.106999999999999540e-01
9.163000000000000034e-01
9.218999999999999417e-01
9.276999999999999691e-01
9.334000000000000075e-01
9.395000000000001128e-01
9.451999999999999291e-01
9.508999999999999675e-01
9.566999999999999948e-01
9.623000000000000442e-01
9.677000000000001156e-01
9.733000000000000540e-01
9.785999999999999144e-01
9.838000000000000078e-01
9.889000000000000012e-01
9.940999999999999837e-01
9.990999999999998771e-01
1.004699999999999926e+00
1.010499999999999954e+00
1.015800000000000036e+00
1.021400000000000086e+00
1.027200000000000113e+00
1.032699999999999951e+00
1.038100000000000023e+00
1.043399999999999883e+00
1.048200000000000021e+00
1.052799999999999958e+00
1.057600000000000096e+00
1.062500000000000000e+00
1.066899999999999959e+00
1.071499999999999897e+00
1.076000000000000068e+00
1.080100000000000060e+00
1.084799999999999764e+00
1.089399999999999924e+00
1.094100000000000072e+00
1.099299999999999944e+00
1.104100000000000081e+00
1.108999999999999986e+00
1.113699999999999912e+00
1.118299999999999850e+00
1.122999999999999998e+00
1.127799999999999914e+00
1.132499999999999840e+00
1.137200000000000211e+00
1.141400000000000192e+00
1.146200000000000108e+00
1.150800000000000045e+00
1.155299999999999994e+00
1.160100000000000131e+00
1.164500000000000091e+00
1.168900000000000050e+00
1.173300000000000010e+00
1.177599999999999980e+00
1.181699999999999751e+00
1.185699999999999754e+00
1.189499999999999780e+00
1.193099999999999827e+00
1.196900000000000075e+00
1.200699999999999878e+00
1.205199999999999827e+00
1.209200000000000053e+00
1.213299999999999823e+00
1.217600000000000016e+00
1.222399999999999931e+00
1.226899999999999880e+00
