1.144409179687500000e-05
3.814697265625000000e-05
5.722045898437500000e-05
-0.000000000000000000e+00
4.196166992187500000e-05
1.335144042968750000e-04
1.487731933593750000e-04
2.136230468750000000e-04
2.632141113281250000e-04
2.403259277343750000e-04
3.089904785156250000e-04
3.433227539062500000e-04
3.013610839843750000e-04
3.623962402343750000e-04
4.844665527343750000e-04
4.463195800781250000e-04
5.569458007812500000e-04
6.713867187500000000e-04
7.247924804687500000e-04
8.392333984375000000e-04
9.422302246093750000e-04
1.075744628906250000e-03
1.152038574218750000e-03
1.296997070312500000e-03
1.399993896484375000e-03
1.399993896484375000e-03
1.525878906250000000e-03
1.705169677734375000e-03
1.758575439453125000e-03
1.743316650390625000e-03
1.724243164062500000e-03
1.792907714843750000e-03
1.918792724609375000e-03
2.113342285156250000e-03
2.285003662109375000e-03
2.521514892578125000e-03
2.754211425781250000e-03
2.956390380859375000e-03
3.108978271484375000e-03
3.231048583984375000e-03
3.376007080078125000e-03
3.601074218750000000e-03
3.837585449218750000e-03
4.047393798828125000e-03
4.226684570312500000e-03
4.352569580078125000e-03
4.554748535156250000e-03
4.814147949218750000e-03
5.092620849609375000e-03
5.214691162109375000e-03
5.237579345703125000e-03
5.397796630859375000e-03
5.588531494140625000e-03
5.725860595703125000e-03
5.836486816406250000e-03
6.000518798828125000e-03
6.141662597656250000e-03
6.244659423828125000e-03
6.317138671875000000e-03
6.439208984375000000e-03
6.626129150390625000e-03
6.896972656250000000e-03
7.083892822265625000e-03
7.259368896484375000e-03
7.423400878906250000e-03
7.598876953125000000e-03
7.865905761718750000e-03
8.029937744140625000e-03
8.178710937500000000e-03
8.434295654296875000e-03
8.590698242187500000e-03
8.804321289062500000e-03
9.006500244140625000e-03
9.136199951171875000e-03
9.387969970703125000e-03
9.555816650390625000e-03
9.780883789062500000e-03
9.956359863281250000e-03
1.015472412109375000e-02
1.033782958984375000e-02
1.050186157226562500e-02
1.068115234375000000e-02
1.084518432617187500e-02
1.106643676757812500e-02
1.123046875000000000e-02
1.152038574218750000e-02
1.185226440429687500e-02
1.205444335937500000e-02
1.223754882812500000e-02
1.237869262695312500e-02
1.261138916015625000e-02
1.301574707031250000e-02
1.334762573242187500e-02
1.363372802734375000e-02
1.396179199218750000e-02
1.427078247070312500e-02
1.456069946289062500e-02
1.490020751953125000e-02
1.523590087890625000e-02
1.555633544921875000e-02
1.591110229492187500e-02
1.617431640625000000e-02
1.645278930664062500e-02
1.673889160156250000e-02
1.700973510742187500e-02
1.727676391601562500e-02
1.756286621093750000e-02
1.783370971679687500e-02
1.816940307617187500e-02
1.855850219726562500e-02
1.889801025390625000e-02
1.919174194335937500e-02
1.932525634765625000e-02
1.957321166992187500e-02
1.989746093750000000e-02
2.026748657226562500e-02
2.059555053710937500e-02
2.087783813476562500e-02
2.111816406250000000e-02
2.139663696289062500e-02
2.169799804687500000e-02
2.201080322265625000e-02
2.224731445312500000e-02
2.257919311523437500e-02
2.293014526367187500e-02
2.319335937500000000e-02
2.346038818359375000e-02
2.371978759765625000e-02
2.397918701171875000e-02
2.426147460937500000e-02
2.466201782226562500e-02
2.501678466796875000e-02
2.540588378906250000e-02
2.577590942382812500e-02
2.608871459960937500e-02
2.644348144531250000e-02
2.661895751953125000e-02
2.690505981445312500e-02
2.716064453125000000e-02
2.758026123046875000e-02
2.798461914062500000e-02
2.833938598632812500e-02
2.870178222656250000e-02
2.902221679687500000e-02
2.918624877929687500e-02
2.940368652343750000e-02
2.972030639648437500e-02
3.010559082031250000e-02
3.052520751953125000e-02
3.101730346679687500e-02
3.142166137695312500e-02
3.175354003906250000e-02
3.200531005859375000e-02
3.236007690429687500e-02
3.270721435546875000e-02
3.303909301757812500e-02
3.332138061523437500e-02
3.364181518554687500e-02
3.406524658203125000e-02
3.452682495117187500e-02
3.503036499023437500e-02
3.549957275390625000e-02
3.593826293945312500e-02
3.636550903320312500e-02
3.677749633789062500e-02
3.715133666992187500e-02
3.748703002929687500e-02
3.782653808593750000e-02
3.822708129882812500e-02
3.865814208984375000e-02
3.899002075195312500e-02
3.929519653320312500e-02
3.967285156250000000e-02
3.996658325195312500e-02
4.032897949218750000e-02
4.071426391601562500e-02
4.121017456054687500e-02
4.167175292968750000e-02
4.203414916992187500e-02
4.242706298828125000e-02
4.283142089843750000e-02
4.327392578125000000e-02
4.355239868164062500e-02
4.389572143554687500e-02
4.436492919921875000e-02
4.476547241210937500e-02
4.522705078125000000e-02
4.573440551757812500e-02
4.600143432617187500e-02
4.640960693359375000e-02
4.683685302734375000e-02
4.714584350585937500e-02
4.758453369140625000e-02
4.793930053710937500e-02
4.819488525390625000e-02
4.850006103515625000e-02
4.892730712890625000e-02
4.942321777343750000e-02
4.990768432617187500e-02
5.033874511718750000e-02
