3.814697265625000000e-06
4.959106445312500000e-05
1.525878906250000000e-04
2.365112304687500000e-04
4.844665527343750000e-04
9.651184082031250000e-04
1.502990722656250000e-03
1.972198486328125000e-03
2.445220947265625000e-03
2.902984619140625000e-03
3.433227539062500000e-03
3.890991210937500000e-03
4.268646240234375000e-03
4.680633544921875000e-03
5.069732666015625000e-03
5.329132080078125000e-03
5.722045898437500000e-03
6.011962890625000000e-03
6.317138671875000000e-03
6.786346435546875000e-03
7.205963134765625000e-03
7.541656494140625000e-03
7.949829101562500000e-03
8.453369140625000000e-03
8.850097656250000000e-03
9.006500244140625000e-03
9.243011474609375000e-03
9.582519531250000000e-03
9.998321533203125000e-03
1.023864746093750000e-02
1.042175292968750000e-02
1.068496704101562500e-02
1.105880737304687500e-02
1.140975952148437500e-02
1.169967651367187500e-02
1.200485229492187500e-02
1.240158081054687500e-02
1.272201538085937500e-02
1.294326782226562500e-02
1.321029663085937500e-02
1.357269287109375000e-02
1.388549804687500000e-02
1.413345336914062500e-02
1.431655883789062500e-02
1.453781127929687500e-02
1.475524902343750000e-02
1.508331298828125000e-02
1.540756225585937500e-02
1.573944091796875000e-02
1.589965820312500000e-02
1.591873168945312500e-02
1.615142822265625000e-02
1.643753051757812500e-02
1.673507690429687500e-02
1.696395874023437500e-02
1.718902587890625000e-02
1.747131347656250000e-02
1.771926879882812500e-02
1.784896850585937500e-02
1.799392700195312500e-02
1.811599731445312500e-02
1.834487915039062500e-02
1.850891113281250000e-02
1.856994628906250000e-02
1.865768432617187500e-02
1.882553100585937500e-02
1.901626586914062500e-02
1.921463012695312500e-02
1.936721801757812500e-02
1.955795288085937500e-02
1.959991455078125000e-02
1.977157592773437500e-02
1.996612548828125000e-02
2.015686035156250000e-02
2.034759521484375000e-02
2.056121826171875000e-02
2.082443237304687500e-02
2.101516723632812500e-02
2.118682861328125000e-02
2.137374877929687500e-02
2.148818969726562500e-02
2.179718017578125000e-02
2.203750610351562500e-02
2.232742309570312500e-02
2.259445190429687500e-02
2.281951904296875000e-02
2.310180664062500000e-02
2.323913574218750000e-02
2.343750000000000000e-02
2.356338500976562500e-02
2.383041381835937500e-02
2.411651611328125000e-02
2.439117431640625000e-02
2.464294433593750000e-02
2.496337890625000000e-02
2.531051635742187500e-02
2.561187744140625000e-02
2.582931518554687500e-02
2.615737915039062500e-02
2.648544311523437500e-02
2.673339843750000000e-02
2.696228027343750000e-02
2.710723876953125000e-02
2.727127075195312500e-02
2.752304077148437500e-02
2.775955200195312500e-02
2.799606323242187500e-02
2.819442749023437500e-02
2.842330932617187500e-02
2.866744995117187500e-02
2.888107299804687500e-02
2.916336059570312500e-02
2.932739257812500000e-02
2.952957153320312500e-02
2.980422973632812500e-02
3.017807006835937500e-02
3.061294555664062500e-02
3.087234497070312500e-02
3.106689453125000000e-02
3.134918212890625000e-02
3.155899047851562500e-02
3.182983398437500000e-02
3.196334838867187500e-02
3.217697143554687500e-02
3.238677978515625000e-02
3.254699707031250000e-02
3.275680541992187500e-02
3.296279907226562500e-02
3.314590454101562500e-02
3.334426879882812500e-02
3.357696533203125000e-02
3.374862670898437500e-02
3.397369384765625000e-02
3.418731689453125000e-02
3.449630737304687500e-02
3.482437133789062500e-02
3.496551513671875000e-02
3.507995605468750000e-02
3.513336181640625000e-02
3.530883789062500000e-02
3.551864624023437500e-02
3.572845458984375000e-02
3.594589233398437500e-02
3.610229492187500000e-02
3.607940673828125000e-02
3.604507446289062500e-02
3.612136840820312500e-02
3.621292114257812500e-02
3.638076782226562500e-02
3.657913208007812500e-02
3.679656982421875000e-02
3.692626953125000000e-02
3.697967529296875000e-02
3.709030151367187500e-02
3.714752197265625000e-02
3.726577758789062500e-02
3.729629516601562500e-02
3.738403320312500000e-02
3.757476806640625000e-02
3.766250610351562500e-02
3.769683837890625000e-02
3.781509399414062500e-02
3.796005249023437500e-02
3.816986083984375000e-02
3.843688964843750000e-02
3.853988647460937500e-02
3.871536254882812500e-02
3.885269165039062500e-02
3.900146484375000000e-02
3.916168212890625000e-02
3.929138183593750000e-02
3.941345214843750000e-02
3.964614868164062500e-02
3.983306884765625000e-02
4.002761840820312500e-02
4.013442993164062500e-02
4.032135009765625000e-02
4.048919677734375000e-02
4.059600830078125000e-02
4.084396362304687500e-02
4.111099243164062500e-02
4.139709472656250000e-02
4.143905639648437500e-02
4.153442382812500000e-02
4.170608520507812500e-02
4.180145263671875000e-02
4.206848144531250000e-02
4.224395751953125000e-02
4.233551025390625000e-02
4.254913330078125000e-02
4.277038574218750000e-02
4.283142089843750000e-02
4.294204711914062500e-02
4.310226440429687500e-02
4.314804077148437500e-02
4.319763183593750000e-02
4.330444335937500000e-02
4.354476928710937500e-02
4.380035400390625000e-02
4.408264160156250000e-02
