1.525878906250000000e-05
9.155273437500000000e-05
9.536743164062500000e-05
5.722045898437500000e-05
1.296997070312500000e-04
2.708435058593750000e-04
2.899169921875000000e-04
2.784729003906250000e-04
3.623962402343750000e-04
3.929138183593750000e-04
5.493164062500000000e-04
5.836486816406250000e-04
5.531311035156250000e-04
6.370544433593750000e-04
7.095336914062500000e-04
7.019042968750000000e-04
9.040832519531250000e-04
1.033782958984375000e-03
1.125335693359375000e-03
1.289367675781250000e-03
1.441955566406250000e-03
1.621246337890625000e-03
1.693725585937500000e-03
1.842498779296875000e-03
1.956939697265625000e-03
1.888275146484375000e-03
1.899719238281250000e-03
1.976013183593750000e-03
2.021789550781250000e-03
2.086639404296875000e-03
2.155303955078125000e-03
2.250671386718750000e-03
2.376556396484375000e-03
2.609252929687500000e-03
2.696990966796875000e-03
2.872467041015625000e-03
3.097534179687500000e-03
3.318786621093750000e-03
3.490447998046875000e-03
3.673553466796875000e-03
3.826141357421875000e-03
3.982543945312500000e-03
4.169464111328125000e-03
4.322052001953125000e-03
4.467010498046875000e-03
4.604339599609375000e-03
4.909515380859375000e-03
5.172729492187500000e-03
5.413055419921875000e-03
5.512237548828125000e-03
5.550384521484375000e-03
5.805969238281250000e-03
6.111145019531250000e-03
6.412506103515625000e-03
6.649017333984375000e-03
6.916046142578125000e-03
7.194519042968750000e-03
7.381439208984375000e-03
7.572174072265625000e-03
7.770538330078125000e-03
7.991790771484375000e-03
8.266448974609375000e-03
8.560180664062500000e-03
8.857727050781250000e-03
9.048461914062500000e-03
9.269714355468750000e-03
9.483337402343750000e-03
9.624481201171875000e-03
9.769439697265625000e-03
9.960174560546875000e-03
1.018142700195312500e-02
1.044082641601562500e-02
1.068496704101562500e-02
1.088333129882812500e-02
1.117706298828125000e-02
1.142120361328125000e-02
1.177215576171875000e-02
1.203155517578125000e-02
1.223754882812500000e-02
1.258087158203125000e-02
1.293945312500000000e-02
1.328277587890625000e-02
1.346969604492187500e-02
1.377105712890625000e-02
1.410675048828125000e-02
1.435852050781250000e-02
1.469039916992187500e-02
1.492691040039062500e-02
1.515579223632812500e-02
1.539993286132812500e-02
1.567459106445312500e-02
1.598358154296875000e-02
1.632308959960937500e-02
1.657104492187500000e-02
1.692199707031250000e-02
1.731109619140625000e-02
1.757812500000000000e-02
1.800155639648437500e-02
1.843261718750000000e-02
1.879882812500000000e-02
1.918411254882812500e-02
1.951980590820312500e-02
1.977157592773437500e-02
2.007293701171875000e-02
2.047729492187500000e-02
2.084350585937500000e-02
2.120208740234375000e-02
2.162551879882812500e-02
2.210235595703125000e-02
2.264022827148437500e-02
2.307891845703125000e-02
2.351379394531250000e-02
2.379226684570312500e-02
2.408218383789062500e-02
2.439498901367187500e-02
2.483749389648437500e-02
2.532958984375000000e-02
2.577972412109375000e-02
2.619171142578125000e-02
2.666854858398437500e-02
2.714920043945312500e-02
2.761459350585937500e-02
2.800750732421875000e-02
2.843475341796875000e-02
2.888488769531250000e-02
2.919387817382812500e-02
2.954483032226562500e-02
2.995300292968750000e-02
3.038406372070312500e-02
3.084564208984375000e-02
3.128814697265625000e-02
3.170013427734375000e-02
3.211212158203125000e-02
3.238677978515625000e-02
3.273010253906250000e-02
3.319549560546875000e-02
3.352355957031250000e-02
3.387832641601562500e-02
3.409957885742187500e-02
3.440093994140625000e-02
3.488540649414062500e-02
3.536605834960937500e-02
3.588104248046875000e-02
3.632354736328125000e-02
3.667068481445312500e-02
3.689193725585937500e-02
3.725051879882812500e-02
3.770065307617187500e-02
3.820419311523437500e-02
3.867721557617187500e-02
3.915023803710937500e-02
3.966522216796875000e-02
4.013824462890625000e-02
4.059982299804687500e-02
4.101943969726562500e-02
4.143905639648437500e-02
4.182434082031250000e-02
4.220581054687500000e-02
4.271316528320312500e-02
4.319000244140625000e-02
4.362487792968750000e-02
4.404449462890625000e-02
4.452896118164062500e-02
4.502487182617187500e-02
4.558563232421875000e-02
4.595565795898437500e-02
4.633712768554687500e-02
4.680633544921875000e-02
4.732513427734375000e-02
4.781341552734375000e-02
4.830551147460937500e-02
4.875946044921875000e-02
4.917144775390625000e-02
4.971694946289062500e-02
5.023193359375000000e-02
5.068588256835937500e-02
5.125427246093750000e-02
5.186080932617187500e-02
5.242919921875000000e-02
5.305099487304687500e-02
5.358886718750000000e-02
5.413818359375000000e-02
5.453491210937500000e-02
5.500030517578125000e-02
5.546188354492187500e-02
5.597686767578125000e-02
5.658721923828125000e-02
5.704116821289062500e-02
5.745697021484375000e-02
5.799102783203125000e-02
5.839920043945312500e-02
5.880737304687500000e-02
5.931854248046875000e-02
5.989837646484375000e-02
6.053161621093750000e-02
6.107330322265625000e-02
6.168365478515625000e-02
6.235885620117187500e-02
6.304550170898437500e-02
6.363296508789062500e-02
