2.136230468750000000e-04
6.752014160156250000e-04
1.373291015625000000e-03
2.281188964843750000e-03
3.673553466796875000e-03
5.474090576171875000e-03
7.690429687500000000e-03
1.021194458007812500e-02
1.335144042968750000e-02
1.701736450195312500e-02
2.086639404296875000e-02
2.530670166015625000e-02
3.060913085937500000e-02
3.686904907226562500e-02
4.403686523437500000e-02
5.175399780273437500e-02
6.069183349609375000e-02
7.051849365234375000e-02
8.060073852539062500e-02
9.095001220703125000e-02
1.016883850097656250e-01
1.121139526367187500e-01
1.224327087402343750e-01
1.331901550292968750e-01
1.440162658691406250e-01
1.547355651855468750e-01
1.652793884277343750e-01
1.757507324218750000e-01
1.860466003417968750e-01
1.964530944824218750e-01
2.066688537597656250e-01
2.167434692382812500e-01
2.264595031738281250e-01
2.363319396972656250e-01
2.458648681640625000e-01
2.554359436035156250e-01
2.646560668945312500e-01
2.736320495605468750e-01
2.826232910156250000e-01
2.913169860839843750e-01
2.997856140136718750e-01
3.082046508789062500e-01
3.164176940917968750e-01
3.244857788085937500e-01
3.325462341308593750e-01
3.404922485351562500e-01
3.481292724609375000e-01
3.559646606445312500e-01
3.636817932128906250e-01
3.712272644042968750e-01
3.785629272460937500e-01
3.859252929687500000e-01
3.932304382324218750e-01
4.003944396972656250e-01
4.074287414550781250e-01
4.144897460937500000e-01
4.212646484375000000e-01
4.278907775878906250e-01
4.344177246093750000e-01
4.407615661621093750e-01
4.470481872558593750e-01
4.532775878906250000e-01
4.593505859375000000e-01
4.651908874511718750e-01
4.709701538085937500e-01
4.769134521484375000e-01
4.827804565429687500e-01
4.884147644042968750e-01
4.942283630371093750e-01
4.998016357421875000e-01
5.052680969238281250e-01
5.107803344726562500e-01
5.160560607910156250e-01
5.212821960449218750e-01
5.267066955566406250e-01
5.322532653808593750e-01
5.376968383789062500e-01
5.430908203125000000e-01
5.482215881347656250e-01
5.535240173339843750e-01
5.588569641113281250e-01
5.640945434570312500e-01
5.695343017578125000e-01
5.750541687011718750e-01
5.804214477539062500e-01
5.856666564941406250e-01
5.910301208496093750e-01
5.962600708007812500e-01
6.015434265136718750e-01
6.065254211425781250e-01
6.116561889648437500e-01
6.170501708984375000e-01
6.224632263183593750e-01
6.276054382324218750e-01
6.330871582031250000e-01
6.383323669433593750e-01
6.436233520507812500e-01
6.489868164062500000e-01
6.540908813476562500e-01
6.591873168945312500e-01
6.642684936523437500e-01
6.692047119140625000e-01
6.741752624511718750e-01
6.790771484375000000e-01
6.839485168457031250e-01
6.888236999511718750e-01
6.935195922851562500e-01
6.982116699218750000e-01
7.029113769531250000e-01
7.076950073242187500e-01
7.122726440429687500e-01
7.170066833496093750e-01
7.214927673339843750e-01
7.260208129882812500e-01
7.306137084960937500e-01
7.353973388671875000e-01
7.402801513671875000e-01
7.449417114257812500e-01
7.495765686035156250e-01
7.542648315429687500e-01
7.588272094726562500e-01
7.633285522460937500e-01
7.677421569824218750e-01
7.721443176269531250e-01
7.765693664550781250e-01
7.808876037597656250e-01
7.852096557617187500e-01
7.895889282226562500e-01
7.940025329589843750e-01
7.985725402832031250e-01
8.031158447265625000e-01
8.077049255371093750e-01
8.122825622558593750e-01
8.166770935058593750e-01
8.209571838378906250e-01
8.253669738769531250e-01
8.295402526855468750e-01
8.337707519531250000e-01
8.380470275878906250e-01
8.423233032226562500e-01
8.466529846191406250e-01
8.509902954101562500e-01
8.555870056152343750e-01
8.599624633789062500e-01
8.642387390136718750e-01
8.684959411621093750e-01
8.731422424316406250e-01
8.776741027832031250e-01
8.821945190429687500e-01
8.866920471191406250e-01
8.911857604980468750e-01
8.955383300781250000e-01
9.000396728515625000e-01
9.045829772949218750e-01
9.090805053710937500e-01
9.136734008789062500e-01
9.182357788085937500e-01
9.229621887207031250e-01
9.275703430175781250e-01
9.321975708007812500e-01
9.368324279785156250e-01
9.415893554687500000e-01
9.464073181152343750e-01
9.510612487792968750e-01
9.557456970214843750e-01
9.601135253906250000e-01
9.646682739257812500e-01
9.692802429199218750e-01
9.740142822265625000e-01
9.787979125976562500e-01
9.835090637207031250e-01
9.882011413574218750e-01
9.928169250488281250e-01
9.973678588867187500e-01
1.002040863037109375e+00
1.006618499755859375e+00
1.011222839355468750e+00
1.015949249267578125e+00
1.020809173583984375e+00
1.025714874267578125e+00
1.030410766601562500e+00
1.035175323486328125e+00
1.039993286132812500e+00
1.044841766357421875e+00
1.050018310546875000e+00
1.055160522460937500e+00
1.060356140136718750e+00
1.065708160400390625e+00
1.071109771728515625e+00
1.076816558837890625e+00
1.082332611083984375e+00
1.087917327880859375e+00
1.093532562255859375e+00
1.099308013916015625e+00
1.105033874511718750e+00
1.110679626464843750e+00
1.116367340087890625e+00
1.122013092041015625e+00
1.127792358398437500e+00
1.133243560791015625e+00
