5.722045898437500000e-05
2.059936523437500000e-04
4.348754882812500000e-04
7.209777832031250000e-04
1.277923583984375000e-03
2.037048339843750000e-03
2.834320068359375000e-03
3.803253173828125000e-03
4.959106445312500000e-03
6.114959716796875000e-03
7.633209228515625000e-03
9.220123291015625000e-03
1.114654541015625000e-02
1.340866088867187500e-02
1.589965820312500000e-02
1.856613159179687500e-02
2.141189575195312500e-02
2.438735961914062500e-02
2.750396728515625000e-02
3.073501586914062500e-02
3.409576416015625000e-02
3.763198852539062500e-02
4.117965698242187500e-02
4.476547241210937500e-02
4.829788208007812500e-02
5.176162719726562500e-02
5.527496337890625000e-02
5.903625488281250000e-02
6.291580200195312500e-02
6.665802001953125000e-02
7.037353515625000000e-02
7.423400878906250000e-02
7.809066772460937500e-02
8.206176757812500000e-02
8.605575561523437500e-02
9.025573730468750000e-02
9.468841552734375000e-02
9.931564331054687500e-02
1.041374206542968750e-01
1.092338562011718750e-01
1.145210266113281250e-01
1.200141906738281250e-01
1.256294250488281250e-01
1.310195922851562500e-01
1.365203857421875000e-01
1.418724060058593750e-01
1.473884582519531250e-01
1.528625488281250000e-01
1.584701538085937500e-01
1.640701293945312500e-01
1.697540283203125000e-01
1.755256652832031250e-01
1.811828613281250000e-01
1.867942810058593750e-01
1.923179626464843750e-01
1.978721618652343750e-01
2.035026550292968750e-01
2.091789245605468750e-01
2.148666381835937500e-01
2.206230163574218750e-01
2.267265319824218750e-01
2.329406738281250000e-01
2.392044067382812500e-01
2.454147338867187500e-01
2.516860961914062500e-01
2.579994201660156250e-01
2.643928527832031250e-01
2.707366943359375000e-01
2.772521972656250000e-01
2.837829589843750000e-01
2.904663085937500000e-01
2.972450256347656250e-01
3.039398193359375000e-01
3.105010986328125000e-01
3.171577453613281250e-01
3.238906860351562500e-01
3.307571411132812500e-01
3.376464843750000000e-01
3.445854187011718750e-01
3.516120910644531250e-01
3.585166931152343750e-01
3.653907775878906250e-01
3.723297119140625000e-01
3.793869018554687500e-01
3.864173889160156250e-01
3.934936523437500000e-01
4.006347656250000000e-01
4.076309204101562500e-01
4.143943786621093750e-01
4.210624694824218750e-01
4.279441833496093750e-01
4.349822998046875000e-01
4.421386718750000000e-01
4.493637084960937500e-01
4.565696716308593750e-01
4.639244079589843750e-01
4.710617065429687500e-01
4.784622192382812500e-01
4.859161376953125000e-01
4.932708740234375000e-01
5.004043579101562500e-01
5.075874328613281250e-01
5.146903991699218750e-01
5.217247009277343750e-01
5.286941528320312500e-01
5.354957580566406250e-01
5.422782897949218750e-01
5.488891601562500000e-01
5.553512573242187500e-01
5.619163513183593750e-01
5.685653686523437500e-01
5.752029418945312500e-01
5.814590454101562500e-01
5.877113342285156250e-01
5.938644409179687500e-01
6.001396179199218750e-01
6.062850952148437500e-01
6.123046875000000000e-01
6.182250976562500000e-01
6.242179870605468750e-01
6.302642822265625000e-01
6.363182067871093750e-01
6.421737670898437500e-01
6.481285095214843750e-01
6.541099548339843750e-01
6.599044799804687500e-01
6.656799316406250000e-01
6.714935302734375000e-01
6.773872375488281250e-01
6.832618713378906250e-01
6.891098022460937500e-01
6.949081420898437500e-01
7.008094787597656250e-01
7.065734863281250000e-01
7.122726440429687500e-01
7.179603576660156250e-01
7.235183715820312500e-01
7.291297912597656250e-01
7.349128723144531250e-01
7.408866882324218750e-01
7.468986511230468750e-01
7.528953552246093750e-01
7.590141296386718750e-01
7.650146484375000000e-01
7.708625793457031250e-01
7.767410278320312500e-01
7.828788757324218750e-01
7.890014648437500000e-01
7.951545715332031250e-01
8.013420104980468750e-01
8.074150085449218750e-01
8.135986328125000000e-01
8.196907043457031250e-01
8.258476257324218750e-01
8.318557739257812500e-01
8.378868103027343750e-01
8.437461853027343750e-01
8.496437072753906250e-01
8.554763793945312500e-01
8.612098693847656250e-01
8.668899536132812500e-01
8.726730346679687500e-01
8.783912658691406250e-01
8.842201232910156250e-01
8.899726867675781250e-01
8.955802917480468750e-01
9.011993408203125000e-01
9.066772460937500000e-01
9.123039245605468750e-01
9.178771972656250000e-01
9.232597351074218750e-01
9.285812377929687500e-01
9.338150024414062500e-01
9.389915466308593750e-01
9.441528320312500000e-01
9.492111206054687500e-01
9.541549682617187500e-01
9.590606689453125000e-01
9.638633728027343750e-01
9.687309265136718750e-01
9.734802246093750000e-01
9.782142639160156250e-01
9.828262329101562500e-01
9.874992370605468750e-01
9.923248291015625000e-01
9.969749450683593750e-01
1.001705169677734375e+00
1.006359100341796875e+00
1.010833740234375000e+00
1.015293121337890625e+00
1.019706726074218750e+00
1.024021148681640625e+00
1.028537750244140625e+00
1.032909393310546875e+00
1.037227630615234375e+00
1.041618347167968750e+00
1.046085357666015625e+00
1.050605773925781250e+00
1.055076599121093750e+00
1.059478759765625000e+00
