6.103515625000000000e-05
1.792907714843750000e-04
4.577636718750000000e-04
7.591247558593750000e-04
1.232147216796875000e-03
1.705169677734375000e-03
2.178192138671875000e-03
2.777099609375000000e-03
3.345489501953125000e-03
3.963470458984375000e-03
4.760742187500000000e-03
5.508422851562500000e-03
6.191253662109375000e-03
6.984710693359375000e-03
7.972717285156250000e-03
9.071350097656250000e-03
1.021194458007812500e-02
1.138687133789062500e-02
1.243591308593750000e-02
1.358413696289062500e-02
1.499176025390625000e-02
1.649856567382812500e-02
1.781463623046875000e-02
1.908493041992187500e-02
2.028656005859375000e-02
2.144622802734375000e-02
2.288436889648437500e-02
2.434158325195312500e-02
2.587509155273437500e-02
2.713394165039062500e-02
2.832412719726562500e-02
2.975082397460937500e-02
3.135299682617187500e-02
3.287887573242187500e-02
3.436279296875000000e-02
3.589248657226562500e-02
3.740692138671875000e-02
3.900909423828125000e-02
4.064178466796875000e-02
4.214477539062500000e-02
4.362106323242187500e-02
4.519271850585937500e-02
4.678344726562500000e-02
4.832839965820312500e-02
4.980468750000000000e-02
5.142593383789062500e-02
5.313491821289062500e-02
5.486679077148437500e-02
5.654907226562500000e-02
5.817794799804687500e-02
5.960845947265625000e-02
6.138229370117187500e-02
6.305313110351562500e-02
6.464004516601562500e-02
6.622695922851562500e-02
6.795883178710937500e-02
6.957626342773437500e-02
7.109832763671875000e-02
7.260894775390625000e-02
7.461547851562500000e-02
7.653808593750000000e-02
7.830429077148437500e-02
8.010101318359375000e-02
8.179473876953125000e-02
8.356094360351562500e-02
8.528518676757812500e-02
8.698272705078125000e-02
8.864593505859375000e-02
9.033203125000000000e-02
9.207153320312500000e-02
9.396743774414062500e-02
9.587860107421875000e-02
9.784698486328125000e-02
9.982681274414062500e-02
1.017913818359375000e-01
1.036415100097656250e-01
1.055946350097656250e-01
1.075553894042968750e-01
1.095085144042968750e-01
1.115036010742187500e-01
1.135177612304687500e-01
1.154861450195312500e-01
1.173400878906250000e-01
1.194381713867187500e-01
1.214714050292968750e-01
1.235198974609375000e-01
1.254539489746093750e-01
1.274032592773437500e-01
1.295433044433593750e-01
1.316719055175781250e-01
1.335906982421875000e-01
1.355476379394531250e-01
1.375236511230468750e-01
1.393470764160156250e-01
1.412506103515625000e-01
1.431045532226562500e-01
1.448745727539062500e-01
1.466751098632812500e-01
1.484451293945312500e-01
1.501083374023437500e-01
1.518287658691406250e-01
1.534614562988281250e-01
1.550102233886718750e-01
1.568336486816406250e-01
1.588745117187500000e-01
1.608200073242187500e-01
1.626167297363281250e-01
1.643142700195312500e-01
1.661529541015625000e-01
1.681098937988281250e-01
1.700859069824218750e-01
1.720390319824218750e-01
1.737403869628906250e-01
1.755294799804687500e-01
1.773147583007812500e-01
1.791114807128906250e-01
1.809082031250000000e-01
1.826248168945312500e-01
1.842842102050781250e-01
1.859588623046875000e-01
1.877059936523437500e-01
1.895103454589843750e-01
1.912384033203125000e-01
1.929550170898437500e-01
1.947135925292968750e-01
1.964721679687500000e-01
1.983070373535156250e-01
2.002487182617187500e-01
2.020645141601562500e-01
2.039489746093750000e-01
2.058181762695312500e-01
2.075920104980468750e-01
2.094917297363281250e-01
2.112388610839843750e-01
2.128715515136718750e-01
2.145462036132812500e-01
2.162132263183593750e-01
2.178421020507812500e-01
2.194099426269531250e-01
2.211685180664062500e-01
2.228012084960937500e-01
2.244796752929687500e-01
2.261657714843750000e-01
2.279701232910156250e-01
2.296981811523437500e-01
2.314720153808593750e-01
2.332077026367187500e-01
2.350234985351562500e-01
2.367515563964843750e-01
2.386322021484375000e-01
2.404899597167968750e-01
2.422866821289062500e-01
2.440223693847656250e-01
2.458229064941406250e-01
2.475318908691406250e-01
2.492637634277343750e-01
2.509002685546875000e-01
2.524566650390625000e-01
2.540130615234375000e-01
2.556495666503906250e-01
2.572593688964843750e-01
2.589225769042968750e-01
2.605628967285156250e-01
2.621040344238281250e-01
2.636566162109375000e-01
2.651405334472656250e-01
2.666702270507812500e-01
2.682571411132812500e-01
2.697448730468750000e-01
2.712478637695312500e-01
2.727012634277343750e-01
2.742385864257812500e-01
2.758178710937500000e-01
2.773933410644531250e-01
2.789840698242187500e-01
2.803573608398437500e-01
2.818946838378906250e-01
2.835044860839843750e-01
2.850341796875000000e-01
2.866020202636718750e-01
2.881011962890625000e-01
2.895660400390625000e-01
2.908172607421875000e-01
2.921371459960937500e-01
2.934532165527343750e-01
2.947807312011718750e-01
2.960968017578125000e-01
2.974281311035156250e-01
2.986717224121093750e-01
3.000869750976562500e-01
3.015136718750000000e-01
3.028068542480468750e-01
3.042449951171875000e-01
3.055915832519531250e-01
3.068466186523437500e-01
3.081054687500000000e-01
3.094711303710937500e-01
3.110466003417968750e-01
3.124847412109375000e-01
3.138275146484375000e-01
