1.411437988281250000e-04
5.226135253906250000e-04
1.377105712890625000e-03
2.220153808593750000e-03
3.295898437500000000e-03
4.486083984375000000e-03
5.779266357421875000e-03
7.167816162109375000e-03
8.659362792968750000e-03
1.025772094726562500e-02
1.206970214843750000e-02
1.394653320312500000e-02
1.589965820312500000e-02
1.809310913085937500e-02
2.016830444335937500e-02
2.236557006835937500e-02
2.475738525390625000e-02
2.710342407226562500e-02
2.944946289062500000e-02
3.176879882812500000e-02
3.435134887695312500e-02
3.699493408203125000e-02
3.942871093750000000e-02
4.209136962890625000e-02
4.462814331054687500e-02
4.700469970703125000e-02
4.953765869140625000e-02
5.216598510742187500e-02
5.490112304687500000e-02
5.783081054687500000e-02
6.092453002929687500e-02
6.381607055664062500e-02
6.673431396484375000e-02
6.951522827148437500e-02
7.224273681640625000e-02
7.518768310546875000e-02
7.844543457031250000e-02
8.149337768554687500e-02
8.456802368164062500e-02
8.756637573242187500e-02
9.041213989257812500e-02
9.331893920898437500e-02
9.613418579101562500e-02
9.907531738281250000e-02
1.020965576171875000e-01
1.050872802734375000e-01
1.083145141601562500e-01
1.115036010742187500e-01
1.146621704101562500e-01
1.177482604980468750e-01
1.206130981445312500e-01
1.235656738281250000e-01
1.267318725585937500e-01
1.296081542968750000e-01
1.323852539062500000e-01
1.352729797363281250e-01
1.381072998046875000e-01
1.408615112304687500e-01
1.435508728027343750e-01
1.461448669433593750e-01
1.488647460937500000e-01
1.516609191894531250e-01
1.545906066894531250e-01
1.576385498046875000e-01
1.605606079101562500e-01
1.632881164550781250e-01
1.660041809082031250e-01
1.687126159667968750e-01
1.717033386230468750e-01
1.746215820312500000e-01
1.773071289062500000e-01
1.801528930664062500e-01
1.831932067871093750e-01
1.860237121582031250e-01
1.888389587402343750e-01
1.916770935058593750e-01
1.945877075195312500e-01
1.975631713867187500e-01
2.007751464843750000e-01
2.041397094726562500e-01
2.073135375976562500e-01
2.105216979980468750e-01
2.136688232421875000e-01
2.169303894042968750e-01
2.200584411621093750e-01
2.230682373046875000e-01
2.260437011718750000e-01
2.290000915527343750e-01
2.321319580078125000e-01
2.350959777832031250e-01
2.378845214843750000e-01
2.408065795898437500e-01
2.439193725585937500e-01
2.471618652343750000e-01
2.502784729003906250e-01
2.531127929687500000e-01
2.560195922851562500e-01
2.588653564453125000e-01
2.617874145507812500e-01
2.646331787109375000e-01
2.676048278808593750e-01
2.704696655273437500e-01
2.732658386230468750e-01
2.760505676269531250e-01
2.788009643554687500e-01
2.814331054687500000e-01
2.840728759765625000e-01
2.866516113281250000e-01
2.891731262207031250e-01
2.916870117187500000e-01
2.942848205566406250e-01
2.969169616699218750e-01
2.995109558105468750e-01
3.021659851074218750e-01
3.048019409179687500e-01
3.076095581054687500e-01
3.102416992187500000e-01
3.127059936523437500e-01
3.151702880859375000e-01
3.176231384277343750e-01
3.199691772460937500e-01
3.222923278808593750e-01
3.244514465332031250e-01
3.267440795898437500e-01
3.290367126464843750e-01
3.312835693359375000e-01
3.334693908691406250e-01
3.357963562011718750e-01
3.381004333496093750e-01
3.404312133789062500e-01
3.427810668945312500e-01
3.451957702636718750e-01
3.475646972656250000e-01
3.499069213867187500e-01
3.522529602050781250e-01
3.546943664550781250e-01
3.570289611816406250e-01
3.591957092285156250e-01
3.612251281738281250e-01
3.632507324218750000e-01
3.654174804687500000e-01
3.673706054687500000e-01
3.693237304687500000e-01
3.712882995605468750e-01
3.731651306152343750e-01
3.750076293945312500e-01
3.769149780273437500e-01
3.788490295410156250e-01
3.808822631835937500e-01
3.829193115234375000e-01
3.849143981933593750e-01
3.867950439453125000e-01
3.887176513671875000e-01
3.906593322753906250e-01
3.925857543945312500e-01
3.946075439453125000e-01
3.965339660644531250e-01
3.984870910644531250e-01
4.004249572753906250e-01
4.024047851562500000e-01
4.043731689453125000e-01
4.062690734863281250e-01
4.081802368164062500e-01
4.102363586425781250e-01
4.123191833496093750e-01
4.142417907714843750e-01
4.161109924316406250e-01
4.179420471191406250e-01
4.197807312011718750e-01
4.216423034667968750e-01
4.233398437500000000e-01
4.250411987304687500e-01
4.267959594726562500e-01
4.284858703613281250e-01
4.302139282226562500e-01
4.319000244140625000e-01
4.335899353027343750e-01
4.352493286132812500e-01
4.368133544921875000e-01
4.384078979492187500e-01
4.400138854980468750e-01
4.416389465332031250e-01
4.431610107421875000e-01
4.449844360351562500e-01
4.468193054199218750e-01
4.486236572265625000e-01
4.503402709960937500e-01
4.519767761230468750e-01
4.536209106445312500e-01
4.554519653320312500e-01
4.573059082031250000e-01
4.590110778808593750e-01
4.606704711914062500e-01
4.622993469238281250e-01
4.638557434082031250e-01
4.655303955078125000e-01
4.672393798828125000e-01
4.692192077636718750e-01
4.711036682128906250e-01
4.729118347167968750e-01
