3.433227539062500000e-04
1.132965087890625000e-03
2.479553222656250000e-03
4.207611083984375000e-03
6.221771240234375000e-03
8.769989013671875000e-03
1.173019409179687500e-02
1.502227783203125000e-02
1.907730102539062500e-02
2.360153198242187500e-02
2.873229980468750000e-02
3.412246704101562500e-02
3.997421264648437500e-02
4.626846313476562500e-02
5.266189575195312500e-02
5.963897705078125000e-02
6.727600097656250000e-02
7.524490356445312500e-02
8.332824707031250000e-02
9.169006347656250000e-02
1.008110046386718750e-01
1.106147766113281250e-01
1.205101013183593750e-01
1.307067871093750000e-01
1.413345336914062500e-01
1.519966125488281250e-01
1.632957458496093750e-01
1.747436523437500000e-01
1.865119934082031250e-01
1.989555358886718750e-01
2.121696472167968750e-01
2.256317138671875000e-01
2.392044067382812500e-01
2.526245117187500000e-01
2.663993835449218750e-01
2.801513671875000000e-01
2.944450378417968750e-01
3.083610534667968750e-01
3.223648071289062500e-01
3.363571166992187500e-01
3.503150939941406250e-01
3.641662597656250000e-01
3.777503967285156250e-01
3.911590576171875000e-01
4.047737121582031250e-01
4.181709289550781250e-01
4.319305419921875000e-01
4.457511901855468750e-01
4.593505859375000000e-01
4.729995727539062500e-01
4.869499206542968750e-01
5.010375976562500000e-01
5.152091979980468750e-01
5.289840698242187500e-01
5.424690246582031250e-01
5.561141967773437500e-01
5.697708129882812500e-01
5.838356018066406250e-01
5.977745056152343750e-01
6.115608215332031250e-01
6.252288818359375000e-01
6.390190124511718750e-01
6.530647277832031250e-01
6.674728393554687500e-01
6.819763183593750000e-01
6.963462829589843750e-01
7.107238769531250000e-01
7.250671386718750000e-01
7.398719787597656250e-01
7.546310424804687500e-01
7.691230773925781250e-01
7.834968566894531250e-01
7.979888916015625000e-01
8.125419616699218750e-01
8.269615173339843750e-01
8.411407470703125000e-01
8.554954528808593750e-01
8.700561523437500000e-01
8.849830627441406250e-01
8.999404907226562500e-01
9.145126342773437500e-01
9.290428161621093750e-01
9.435501098632812500e-01
9.582481384277343750e-01
9.728317260742187500e-01
9.874229431152343750e-01
1.001987457275390625e+00
1.016704559326171875e+00
1.031330108642578125e+00
1.045791625976562500e+00
1.059875488281250000e+00
1.074012756347656250e+00
1.088020324707031250e+00
1.102153778076171875e+00
1.116065979003906250e+00
1.129909515380859375e+00
1.143676757812500000e+00
1.157463073730468750e+00
1.171081542968750000e+00
1.184478759765625000e+00
1.197860717773437500e+00
1.211303710937500000e+00
1.224731445312500000e+00
1.238052368164062500e+00
1.251251220703125000e+00
1.264148712158203125e+00
1.276901245117187500e+00
1.289901733398437500e+00
1.302867889404296875e+00
1.315650939941406250e+00
1.328536987304687500e+00
1.341503143310546875e+00
1.354328155517578125e+00
1.366989135742187500e+00
1.379856109619140625e+00
1.392555236816406250e+00
1.405315399169921875e+00
1.417938232421875000e+00
1.430660247802734375e+00
1.443149566650390625e+00
1.455528259277343750e+00
1.467792510986328125e+00
1.480022430419921875e+00
1.492355346679687500e+00
1.504581451416015625e+00
1.516677856445312500e+00
1.528717041015625000e+00
1.540737152099609375e+00
1.552665710449218750e+00
1.564559936523437500e+00
1.576473236083984375e+00
1.588436126708984375e+00
1.600475311279296875e+00
1.612411499023437500e+00
1.624473571777343750e+00
1.636775970458984375e+00
1.648883819580078125e+00
1.660743713378906250e+00
1.672576904296875000e+00
1.684383392333984375e+00
1.696338653564453125e+00
1.703022003173828125e+00
1.711570739746093750e+00
1.721153259277343750e+00
1.737495422363281250e+00
1.752094268798828125e+00
1.765510559082031250e+00
1.776947021484375000e+00
1.787528991699218750e+00
1.797416687011718750e+00
1.806850433349609375e+00
1.815490722656250000e+00
1.823554992675781250e+00
1.831665039062500000e+00
1.839126586914062500e+00
1.846485137939453125e+00
1.853256225585937500e+00
1.860202789306640625e+00
1.867149353027343750e+00
1.873733520507812500e+00
1.879581451416015625e+00
1.886070251464843750e+00
1.893421173095703125e+00
1.900341033935546875e+00
1.907283782958984375e+00
1.913665771484375000e+00
1.919872283935546875e+00
1.926174163818359375e+00
1.932304382324218750e+00
1.939289093017578125e+00
1.947486877441406250e+00
1.956283569335937500e+00
1.965721130371093750e+00
1.975990295410156250e+00
1.985748291015625000e+00
1.996692657470703125e+00
2.008029937744140625e+00
2.019996643066406250e+00
2.032131195068359375e+00
2.044239044189453125e+00
2.057846069335937500e+00
2.070480346679687500e+00
2.082893371582031250e+00
2.096576690673828125e+00
2.110851287841796875e+00
2.126888275146484375e+00
2.143161773681640625e+00
2.160587310791015625e+00
2.179672241210937500e+00
2.198329925537109375e+00
2.214454650878906250e+00
2.234565734863281250e+00
2.255172729492187500e+00
2.276515960693359375e+00
2.297500610351562500e+00
2.322326660156250000e+00
2.348411560058593750e+00
2.371936798095703125e+00
2.400917053222656250e+00
2.429470062255859375e+00
