5.989074707031250000e-04
2.197265625000000000e-03
5.081176757812500000e-03
9.071350097656250000e-03
1.467895507812500000e-02
2.161407470703125000e-02
2.925872802734375000e-02
3.789520263671875000e-02
4.753494262695312500e-02
5.776596069335937500e-02
6.899261474609375000e-02
8.103561401367187500e-02
9.379577636718750000e-02
1.077003479003906250e-01
1.230392456054687500e-01
1.394538879394531250e-01
1.572685241699218750e-01
1.768379211425781250e-01
1.971969604492187500e-01
2.176437377929687500e-01
2.382011413574218750e-01
2.587547302246093750e-01
2.793540954589843750e-01
3.005599975585937500e-01
3.216819763183593750e-01
3.426742553710937500e-01
3.636665344238281250e-01
3.849525451660156250e-01
4.064025878906250000e-01
4.274063110351562500e-01
4.483184814453125000e-01
4.691886901855468750e-01
4.901008605957031250e-01
5.111846923828125000e-01
5.320243835449218750e-01
5.525856018066406250e-01
5.730895996093750000e-01
5.938568115234375000e-01
6.146392822265625000e-01
6.356048583984375000e-01
6.567153930664062500e-01
6.780204772949218750e-01
6.993141174316406250e-01
7.200241088867187500e-01
7.412948608398437500e-01
7.625198364257812500e-01
7.833328247070312500e-01
8.040199279785156250e-01
8.247222900390625000e-01
8.449363708496093750e-01
8.650703430175781250e-01
8.853378295898437500e-01
9.054260253906250000e-01
9.253349304199218750e-01
9.449958801269531250e-01
9.641799926757812500e-01
9.834861755371093750e-01
1.002777099609375000e+00
1.022247314453125000e+00
1.041702270507812500e+00
1.060916900634765625e+00
1.079986572265625000e+00
1.099212646484375000e+00
1.118526458740234375e+00
1.137680053710937500e+00
1.156726837158203125e+00
1.175785064697265625e+00
1.194656372070312500e+00
1.213474273681640625e+00
1.232482910156250000e+00
1.250946044921875000e+00
1.269283294677734375e+00
1.287853240966796875e+00
1.306270599365234375e+00
1.325149536132812500e+00
1.343902587890625000e+00
1.362854003906250000e+00
1.381412506103515625e+00
1.399806976318359375e+00
1.418014526367187500e+00
1.436035156250000000e+00
1.453865051269531250e+00
1.472064971923828125e+00
1.490703582763671875e+00
1.509120941162109375e+00
1.527690887451171875e+00
1.546268463134765625e+00
1.564556121826171875e+00
1.582530975341796875e+00
1.600994110107421875e+00
1.618923187255859375e+00
1.636657714843750000e+00
1.655117034912109375e+00
1.673210144042968750e+00
1.691020965576171875e+00
1.709514617919921875e+00
1.727939605712890625e+00
1.746055603027343750e+00
1.764839172363281250e+00
1.783409118652343750e+00
1.801971435546875000e+00
1.820301055908203125e+00
1.838352203369140625e+00
1.856399536132812500e+00
1.874546051025390625e+00
1.892551422119140625e+00
1.910373687744140625e+00
1.927898406982421875e+00
1.945217132568359375e+00
1.962604522705078125e+00
1.979705810546875000e+00
1.996505737304687500e+00
2.013107299804687500e+00
2.029670715332031250e+00
2.046432495117187500e+00
2.063385009765625000e+00
2.080276489257812500e+00
2.096961975097656250e+00
2.113563537597656250e+00
2.130313873291015625e+00
2.147060394287109375e+00
2.163722991943359375e+00
2.180046081542968750e+00
2.196540832519531250e+00
2.213008880615234375e+00
2.229660034179687500e+00
2.246364593505859375e+00
2.263088226318359375e+00
2.279750823974609375e+00
2.296939849853515625e+00
2.314064025878906250e+00
2.331237792968750000e+00
2.348361968994140625e+00
2.365463256835937500e+00
2.382465362548828125e+00
2.399311065673828125e+00
2.416023254394531250e+00
2.432727813720703125e+00
2.449459075927734375e+00
2.466411590576171875e+00
2.483333587646484375e+00
2.500446319580078125e+00
2.517559051513671875e+00
2.534473419189453125e+00
2.551574707031250000e+00
2.568740844726562500e+00
2.586177825927734375e+00
2.603813171386718750e+00
2.621238708496093750e+00
2.638637542724609375e+00
2.656261444091796875e+00
2.673877716064453125e+00
2.691642761230468750e+00
2.709739685058593750e+00
2.727703094482421875e+00
2.745449066162109375e+00
2.763134002685546875e+00
2.780735015869140625e+00
2.798217773437500000e+00
2.815746307373046875e+00
2.833423614501953125e+00
2.850738525390625000e+00
2.868038177490234375e+00
2.885391235351562500e+00
2.902843475341796875e+00
2.919803619384765625e+00
2.936958312988281250e+00
2.954643249511718750e+00
2.972114562988281250e+00
2.989772796630859375e+00
3.007137298583984375e+00
3.024539947509765625e+00
3.041904449462890625e+00
3.059333801269531250e+00
3.076992034912109375e+00
3.094425201416015625e+00
3.111782073974609375e+00
3.129066467285156250e+00
3.146366119384765625e+00
3.163539886474609375e+00
3.180446624755859375e+00
3.197563171386718750e+00
3.214839935302734375e+00
3.232421875000000000e+00
3.250293731689453125e+00
3.268051147460937500e+00
3.286159515380859375e+00
3.304794311523437500e+00
3.323268890380859375e+00
3.341861724853515625e+00
3.360610961914062500e+00
3.379600524902343750e+00
3.398544311523437500e+00
3.417148590087890625e+00
3.436187744140625000e+00
3.455059051513671875e+00
3.473899841308593750e+00
3.493019104003906250e+00
3.512516021728515625e+00
3.532272338867187500e+00
