3.433227539062500000e-05
1.182556152343750000e-04
2.326965332031250000e-04
3.623962402343750000e-04
5.493164062500000000e-04
8.354187011718750000e-04
1.174926757812500000e-03
1.548767089843750000e-03
2.079010009765625000e-03
2.563476562500000000e-03
3.208160400390625000e-03
3.826141357421875000e-03
4.501342773437500000e-03
5.378723144531250000e-03
6.271362304687500000e-03
7.236480712890625000e-03
8.316040039062500000e-03
9.494781494140625000e-03
1.067733764648437500e-02
1.203536987304687500e-02
1.365661621093750000e-02
1.535797119140625000e-02
1.707458496093750000e-02
1.883316040039062500e-02
2.064895629882812500e-02
2.249145507812500000e-02
2.441787719726562500e-02
2.642822265625000000e-02
2.842330932617187500e-02
3.041839599609375000e-02
3.237533569335937500e-02
3.440093994140625000e-02
3.660202026367187500e-02
3.881835937500000000e-02
4.121398925781250000e-02
4.372024536132812500e-02
4.636383056640625000e-02
4.912185668945312500e-02
5.167007446289062500e-02
5.430221557617187500e-02
5.691146850585937500e-02
5.950927734375000000e-02
6.208419799804687500e-02
6.476593017578125000e-02
6.744384765625000000e-02
7.004165649414062500e-02
7.282638549804687500e-02
7.565689086914062500e-02
7.853317260742187500e-02
8.144760131835937500e-02
8.430099487304687500e-02
8.729171752929687500e-02
9.033203125000000000e-02
9.326553344726562500e-02
9.638214111328125000e-02
9.970474243164062500e-02
1.032867431640625000e-01
1.071128845214843750e-01
1.109466552734375000e-01
1.147956848144531250e-01
1.187248229980468750e-01
1.227302551269531250e-01
1.267280578613281250e-01
1.307487487792968750e-01
1.348648071289062500e-01
1.390151977539062500e-01
1.432037353515625000e-01
1.473121643066406250e-01
1.516227722167968750e-01
1.560325622558593750e-01
1.603622436523437500e-01
1.647529602050781250e-01
1.691932678222656250e-01
1.736373901367187500e-01
1.781883239746093750e-01
1.824874877929687500e-01
1.869430541992187500e-01
1.915817260742187500e-01
1.963310241699218750e-01
2.013244628906250000e-01
2.062644958496093750e-01
2.112617492675781250e-01
2.161674499511718750e-01
2.211608886718750000e-01
2.262382507324218750e-01
2.311820983886718750e-01
2.364158630371093750e-01
2.414703369140625000e-01
2.465324401855468750e-01
2.513809204101562500e-01
2.563056945800781250e-01
2.612228393554687500e-01
2.661056518554687500e-01
2.708663940429687500e-01
2.757225036621093750e-01
2.806320190429687500e-01
2.856330871582031250e-01
2.905426025390625000e-01
2.956390380859375000e-01
3.006935119628906250e-01
3.058052062988281250e-01
3.107490539550781250e-01
3.157157897949218750e-01
3.205680847167968750e-01
3.255996704101562500e-01
3.305931091308593750e-01
3.355712890625000000e-01
3.406257629394531250e-01
3.457298278808593750e-01
3.508338928222656250e-01
3.557929992675781250e-01
3.607406616210937500e-01
3.655776977539062500e-01
3.705749511718750000e-01
3.755493164062500000e-01
3.806648254394531250e-01
3.857841491699218750e-01
3.909721374511718750e-01
3.960723876953125000e-01
4.013290405273437500e-01
4.065093994140625000e-01
4.116210937500000000e-01
4.165763854980468750e-01
4.216270446777343750e-01
4.266128540039062500e-01
4.315757751464843750e-01
4.366149902343750000e-01
4.416656494140625000e-01
4.466247558593750000e-01
4.516258239746093750e-01
4.565124511718750000e-01
4.613800048828125000e-01
4.663581848144531250e-01
4.712677001953125000e-01
4.762382507324218750e-01
4.812202453613281250e-01
4.861259460449218750e-01
4.911308288574218750e-01
4.960556030273437500e-01
5.008888244628906250e-01
5.057144165039062500e-01
5.106430053710937500e-01
5.156288146972656250e-01
5.205459594726562500e-01
5.254859924316406250e-01
5.304145812988281250e-01
5.352287292480468750e-01
5.400733947753906250e-01
5.450668334960937500e-01
5.500717163085937500e-01
5.550270080566406250e-01
5.600509643554687500e-01
5.649414062500000000e-01
5.698165893554687500e-01
5.746002197265625000e-01
5.793457031250000000e-01
5.841407775878906250e-01
5.888748168945312500e-01
5.937118530273437500e-01
5.986518859863281250e-01
6.035766601562500000e-01
6.083602905273437500e-01
6.131553649902343750e-01
6.179122924804687500e-01
6.226844787597656250e-01
6.272392272949218750e-01
6.317825317382812500e-01
6.362113952636718750e-01
6.407356262207031250e-01
6.451988220214843750e-01
6.496276855468750000e-01
6.540794372558593750e-01
6.583976745605468750e-01
6.626358032226562500e-01
6.669692993164062500e-01
6.711959838867187500e-01
6.755676269531250000e-01
6.799812316894531250e-01
6.843833923339843750e-01
6.888122558593750000e-01
6.931381225585937500e-01
6.975288391113281250e-01
7.017517089843750000e-01
7.060470581054687500e-01
7.103767395019531250e-01
7.146987915039062500e-01
7.190856933593750000e-01
7.233963012695312500e-01
7.275810241699218750e-01
7.317085266113281250e-01
7.359123229980468750e-01
7.400474548339843750e-01
7.442359924316406250e-01
7.483978271484375000e-01
7.526283264160156250e-01
7.568626403808593750e-01
7.610626220703125000e-01
7.653045654296875000e-01
7.696456909179687500e-01
7.739028930664062500e-01
