3.433227539062500000e-05
1.258850097656250000e-04
2.670288085937500000e-04
3.776550292968750000e-04
6.027221679687500000e-04
8.583068847656250000e-04
1.197814941406250000e-03
1.441955566406250000e-03
1.689910888671875000e-03
1.918792724609375000e-03
2.296447753906250000e-03
2.552032470703125000e-03
2.822875976562500000e-03
3.307342529296875000e-03
3.799438476562500000e-03
4.032135009765625000e-03
4.413604736328125000e-03
4.909515380859375000e-03
5.512237548828125000e-03
6.103515625000000000e-03
6.671905517578125000e-03
7.259368896484375000e-03
7.694244384765625000e-03
8.266448974609375000e-03
8.800506591796875000e-03
9.265899658203125000e-03
9.780883789062500000e-03
1.036453247070312500e-02
1.094055175781250000e-02
1.179885864257812500e-02
1.257705688476562500e-02
1.327514648437500000e-02
1.394271850585937500e-02
1.472091674804687500e-02
1.551055908203125000e-02
1.634216308593750000e-02
1.715087890625000000e-02
1.789474487304687500e-02
1.853942871093750000e-02
1.919555664062500000e-02
1.985931396484375000e-02
2.059173583984375000e-02
2.138900756835937500e-02
2.212905883789062500e-02
2.298355102539062500e-02
2.368927001953125000e-02
2.437973022460937500e-02
2.509307861328125000e-02
2.581787109375000000e-02
2.667999267578125000e-02
2.728652954101562500e-02
2.804565429687500000e-02
2.884674072265625000e-02
2.956390380859375000e-02
3.028869628906250000e-02
3.112411499023437500e-02
3.182220458984375000e-02
3.263854980468750000e-02
3.339385986328125000e-02
3.416824340820312500e-02
3.495407104492187500e-02
3.580474853515625000e-02
3.668212890625000000e-02
3.746414184570312500e-02
3.825378417968750000e-02
3.902053833007812500e-02
3.992843627929687500e-02
4.078674316406250000e-02
4.161453247070312500e-02
4.253768920898437500e-02
4.356765747070312500e-02
4.459762573242187500e-02
4.552841186523437500e-02
4.642868041992187500e-02
4.730606079101562500e-02
4.820251464843750000e-02
4.920959472656250000e-02
5.016708374023437500e-02
5.120849609375000000e-02
5.227279663085937500e-02
5.332183837890625000e-02
5.435562133789062500e-02
5.535125732421875000e-02
5.640029907226562500e-02
5.738067626953125000e-02
5.832672119140625000e-02
5.937576293945312500e-02
6.039428710937500000e-02
6.139755249023437500e-02
6.246566772460937500e-02
6.357192993164062500e-02
6.472778320312500000e-02
6.595611572265625000e-02
6.702041625976562500e-02
6.809997558593750000e-02
6.919097900390625000e-02
7.019805908203125000e-02
7.119750976562500000e-02
7.215499877929687500e-02
7.313156127929687500e-02
7.400131225585937500e-02
7.480621337890625000e-02
7.566452026367187500e-02
7.656097412109375000e-02
7.756423950195312500e-02
7.854461669921875000e-02
7.944488525390625000e-02
8.042144775390625000e-02
8.149337768554687500e-02
8.265686035156250000e-02
8.374023437500000000e-02
8.478546142578125000e-02
8.564376831054687500e-02
8.651733398437500000e-02
8.750534057617187500e-02
8.860397338867187500e-02
8.970260620117187500e-02
9.073257446289062500e-02
9.180068969726562500e-02
9.292984008789062500e-02
9.403610229492187500e-02
9.514999389648437500e-02
9.619903564453125000e-02
9.737014770507812500e-02
9.861373901367187500e-02
9.970855712890625000e-02
1.008071899414062500e-01
1.019630432128906250e-01
1.030349731445312500e-01
1.041336059570312500e-01
1.052207946777343750e-01
1.061820983886718750e-01
1.073036193847656250e-01
1.083564758300781250e-01
1.093597412109375000e-01
1.105346679687500000e-01
1.115646362304687500e-01
1.126060485839843750e-01
1.135826110839843750e-01
1.145439147949218750e-01
1.156005859375000000e-01
1.166954040527343750e-01
1.178627014160156250e-01
1.189765930175781250e-01
1.199569702148437500e-01
1.209144592285156250e-01
1.219444274902343750e-01
1.230545043945312500e-01
1.241760253906250000e-01
1.252822875976562500e-01
1.263084411621093750e-01
1.273040771484375000e-01
1.282768249511718750e-01
1.293334960937500000e-01
1.303749084472656250e-01
1.314506530761718750e-01
1.324958801269531250e-01
1.335563659667968750e-01
1.347236633300781250e-01
1.357917785644531250e-01
1.369056701660156250e-01
1.380310058593750000e-01
1.391258239746093750e-01
1.403656005859375000e-01
1.416397094726562500e-01
1.427917480468750000e-01
1.438331604003906250e-01
1.448745727539062500e-01
1.458740234375000000e-01
1.469001770019531250e-01
1.479759216308593750e-01
1.490058898925781250e-01
1.500129699707031250e-01
1.509704589843750000e-01
1.521034240722656250e-01
1.530609130859375000e-01
1.539802551269531250e-01
1.549720764160156250e-01
1.558876037597656250e-01
1.568756103515625000e-01
1.578636169433593750e-01
1.588745117187500000e-01
1.599121093750000000e-01
1.609764099121093750e-01
1.620407104492187500e-01
1.630363464355468750e-01
1.641960144042968750e-01
1.652946472167968750e-01
1.662139892578125000e-01
1.671066284179687500e-01
1.681060791015625000e-01
1.691284179687500000e-01
1.702537536621093750e-01
1.713180541992187500e-01
1.723327636718750000e-01
1.732597351074218750e-01
1.743164062500000000e-01
1.754074096679687500e-01
1.764144897460937500e-01
1.773834228515625000e-01
