1.907348632812500000e-04
6.027221679687500000e-04
1.182556152343750000e-03
1.674652099609375000e-03
2.647399902343750000e-03
3.715515136718750000e-03
4.768371582031250000e-03
6.145477294921875000e-03
7.812500000000000000e-03
9.212493896484375000e-03
1.131057739257812500e-02
1.321029663085937500e-02
1.516342163085937500e-02
1.750183105468750000e-02
2.010726928710937500e-02
2.280807495117187500e-02
2.603149414062500000e-02
2.941894531250000000e-02
3.252029418945312500e-02
3.610229492187500000e-02
4.035949707031250000e-02
4.477691650390625000e-02
4.883193969726562500e-02
5.328750610351562500e-02
5.770111083984375000e-02
6.168746948242187500e-02
6.645584106445312500e-02
7.151794433593750000e-02
7.685852050781250000e-02
8.168029785156250000e-02
8.638763427734375000e-02
9.172821044921875000e-02
9.769058227539062500e-02
1.036415100097656250e-01
1.096649169921875000e-01
1.160888671875000000e-01
1.225967407226562500e-01
1.291694641113281250e-01
1.359024047851562500e-01
1.427650451660156250e-01
1.498603820800781250e-01
1.571006774902343750e-01
1.643676757812500000e-01
1.714286804199218750e-01
1.788253784179687500e-01
1.861801147460937500e-01
1.942481994628906250e-01
2.025070190429687500e-01
2.106285095214843750e-01
2.184600830078125000e-01
2.254714965820312500e-01
2.340354919433593750e-01
2.427711486816406250e-01
2.513618469238281250e-01
2.599372863769531250e-01
2.690238952636718750e-01
2.784080505371093750e-01
2.869987487792968750e-01
2.955894470214843750e-01
3.049812316894531250e-01
3.141784667968750000e-01
3.232231140136718750e-01
3.318367004394531250e-01
3.405113220214843750e-01
3.492279052734375000e-01
3.578033447265625000e-01
3.665580749511718750e-01
3.747978210449218750e-01
3.831825256347656250e-01
3.919601440429687500e-01
4.004745483398437500e-01
4.094009399414062500e-01
4.185256958007812500e-01
4.276199340820312500e-01
4.366912841796875000e-01
4.452972412109375000e-01
4.545364379882812500e-01
4.630813598632812500e-01
4.717102050781250000e-01
4.803886413574218750e-01
4.889183044433593750e-01
4.975128173828125000e-01
5.056533813476562500e-01
5.142631530761718750e-01
5.225830078125000000e-01
5.308532714843750000e-01
5.394668579101562500e-01
5.478210449218750000e-01
5.564651489257812500e-01
5.651016235351562500e-01
5.737266540527343750e-01
5.824623107910156250e-01
5.913085937500000000e-01
5.998191833496093750e-01
6.084251403808593750e-01
6.169853210449218750e-01
6.256561279296875000e-01
6.341171264648437500e-01
6.431541442871093750e-01
6.518554687500000000e-01
6.604156494140625000e-01
6.687431335449218750e-01
6.768417358398437500e-01
6.853179931640625000e-01
6.940574645996093750e-01
7.026443481445312500e-01
7.110557556152343750e-01
7.197456359863281250e-01
7.287063598632812500e-01
7.378311157226562500e-01
7.470741271972656250e-01
7.564048767089843750e-01
7.648391723632812500e-01
7.737007141113281250e-01
7.828750610351562500e-01
7.921295166015625000e-01
8.017578125000000000e-01
8.111610412597656250e-01
8.201828002929687500e-01
8.292617797851562500e-01
8.383750915527343750e-01
8.475570678710937500e-01
8.564186096191406250e-01
8.657035827636718750e-01
8.753204345703125000e-01
8.845062255859375000e-01
8.937988281250000000e-01
9.031600952148437500e-01
9.123268127441406250e-01
9.216766357421875000e-01
9.308929443359375000e-01
9.401893615722656250e-01
9.498863220214843750e-01
9.588394165039062500e-01
9.679260253906250000e-01
9.774169921875000000e-01
9.861984252929687500e-01
9.950523376464843750e-01
1.003376007080078125e+00
1.012001037597656250e+00
1.020740509033203125e+00
1.029827117919921875e+00
1.039020538330078125e+00
1.047813415527343750e+00
1.056259155273437500e+00
1.064579010009765625e+00
1.073486328125000000e+00
1.082298278808593750e+00
1.091041564941406250e+00
1.100086212158203125e+00
1.109031677246093750e+00
1.117630004882812500e+00
1.126064300537109375e+00
1.134578704833984375e+00
1.142620086669921875e+00
1.150974273681640625e+00
1.158924102783203125e+00
1.166893005371093750e+00
1.175296783447265625e+00
1.183479309082031250e+00
1.191654205322265625e+00
1.199871063232421875e+00
1.208148956298828125e+00
1.216251373291015625e+00
1.224563598632812500e+00
1.232242584228515625e+00
1.240085601806640625e+00
1.248233795166015625e+00
1.256397247314453125e+00
1.264465332031250000e+00
1.272335052490234375e+00
1.280166625976562500e+00
1.288314819335937500e+00
1.296272277832031250e+00
1.304439544677734375e+00
1.312084197998046875e+00
1.320091247558593750e+00
1.328357696533203125e+00
1.336040496826171875e+00
1.344009399414062500e+00
1.351928710937500000e+00
1.359725952148437500e+00
1.366958618164062500e+00
1.374637603759765625e+00
1.382637023925781250e+00
1.390453338623046875e+00
1.398490905761718750e+00
1.406250000000000000e+00
1.413505554199218750e+00
1.421234130859375000e+00
1.428947448730468750e+00
1.436279296875000000e+00
1.443992614746093750e+00
1.451435089111328125e+00
1.458621978759765625e+00
1.465896606445312500e+00
1.473445892333984375e+00
1.481533050537109375e+00
1.489360809326171875e+00
1.496936798095703125e+00
