1.144409179687500000e-05
2.670288085937500000e-05
7.629394531250000000e-05
7.629394531250000000e-05
1.525878906250000000e-04
2.059936523437500000e-04
2.250671386718750000e-04
2.937316894531250000e-04
4.196166992187500000e-04
3.967285156250000000e-04
4.997253417968750000e-04
4.730224609375000000e-04
4.196166992187500000e-04
4.425048828125000000e-04
6.408691406250000000e-04
7.362365722656250000e-04
8.735656738281250000e-04
9.803771972656250000e-04
1.056671142578125000e-03
1.209259033203125000e-03
1.407623291015625000e-03
1.541137695312500000e-03
1.667022705078125000e-03
1.815795898437500000e-03
1.945495605468750000e-03
2.025604248046875000e-03
2.235412597656250000e-03
2.388000488281250000e-03
2.483367919921875000e-03
2.471923828125000000e-03
2.395629882812500000e-03
2.368927001953125000e-03
2.460479736328125000e-03
2.696990966796875000e-03
2.853393554687500000e-03
3.021240234375000000e-03
3.158569335937500000e-03
3.326416015625000000e-03
3.540039062500000000e-03
3.742218017578125000e-03
3.894805908203125000e-03
4.192352294921875000e-03
4.501342773437500000e-03
4.623413085937500000e-03
4.776000976562500000e-03
4.947662353515625000e-03
5.157470703125000000e-03
5.382537841796875000e-03
5.592346191406250000e-03
5.664825439453125000e-03
5.615234375000000000e-03
5.802154541015625000e-03
5.996704101562500000e-03
6.092071533203125000e-03
6.362915039062500000e-03
6.523132324218750000e-03
6.652832031250000000e-03
6.729125976562500000e-03
6.824493408203125000e-03
6.950378417968750000e-03
7.087707519531250000e-03
7.270812988281250000e-03
7.518768310546875000e-03
7.572174072265625000e-03
7.602691650390625000e-03
7.701873779296875000e-03
7.926940917968750000e-03
7.995605468750000000e-03
8.125305175781250000e-03
8.277893066406250000e-03
8.388519287109375000e-03
8.522033691406250000e-03
8.777618408203125000e-03
8.945465087890625000e-03
9.132385253906250000e-03
9.235382080078125000e-03
9.384155273437500000e-03
9.559631347656250000e-03
9.704589843750000000e-03
9.952545166015625000e-03
1.025772094726562500e-02
1.044082641601562500e-02
1.056671142578125000e-02
1.072311401367187500e-02
1.086044311523437500e-02
1.102828979492187500e-02
1.128005981445312500e-02
1.145172119140625000e-02
1.159667968750000000e-02
1.170349121093750000e-02
1.183700561523437500e-02
1.209640502929687500e-02
1.238632202148437500e-02
1.267623901367187500e-02
1.297378540039062500e-02
1.319885253906250000e-02
1.336669921875000000e-02
1.356887817382812500e-02
1.382446289062500000e-02
1.407623291015625000e-02
1.440429687500000000e-02
1.472473144531250000e-02
1.507568359375000000e-02
1.545333862304687500e-02
1.582336425781250000e-02
1.616668701171875000e-02
1.654815673828125000e-02
1.686859130859375000e-02
1.727676391601562500e-02
1.771163940429687500e-02
1.801300048828125000e-02
1.829528808593750000e-02
1.842880249023437500e-02
1.870346069335937500e-02
1.897430419921875000e-02
1.941680908203125000e-02
1.983642578125000000e-02
2.019500732421875000e-02
2.058029174804687500e-02
2.098846435546875000e-02
2.136230468750000000e-02
2.173614501953125000e-02
2.202224731445312500e-02
2.241897583007812500e-02
2.285385131835937500e-02
2.319335937500000000e-02
2.357101440429687500e-02
2.394485473632812500e-02
2.439880371093750000e-02
2.483749389648437500e-02
2.529144287109375000e-02
2.571868896484375000e-02
2.616882324218750000e-02
2.642059326171875000e-02
2.667999267578125000e-02
2.701568603515625000e-02
2.717590332031250000e-02
2.746582031250000000e-02
2.772521972656250000e-02
2.796554565429687500e-02
2.821350097656250000e-02
2.846527099609375000e-02
2.879333496093750000e-02
2.896881103515625000e-02
2.909469604492187500e-02
2.923202514648437500e-02
2.941131591796875000e-02
2.957534790039062500e-02
2.977752685546875000e-02
3.005981445312500000e-02
3.030014038085937500e-02
3.048324584960937500e-02
3.075027465820312500e-02
3.110504150390625000e-02
3.125762939453125000e-02
3.144836425781250000e-02
3.164672851562500000e-02
3.177261352539062500e-02
3.200531005859375000e-02
3.224182128906250000e-02
3.257751464843750000e-02
3.288269042968750000e-02
3.314208984375000000e-02
3.340148925781250000e-02
3.368377685546875000e-02
3.381347656250000000e-02
3.393554687500000000e-02
3.407287597656250000e-02
3.429412841796875000e-02
3.450012207031250000e-02
3.470611572265625000e-02
3.490447998046875000e-02
3.517532348632812500e-02
3.539657592773437500e-02
3.570556640625000000e-02
3.597640991210937500e-02
3.619003295898437500e-02
3.637695312500000000e-02
3.653717041015625000e-02
3.673934936523437500e-02
3.694915771484375000e-02
3.717422485351562500e-02
3.730010986328125000e-02
3.744125366210937500e-02
3.767776489257812500e-02
3.792953491210937500e-02
3.815460205078125000e-02
3.836822509765625000e-02
3.847122192382812500e-02
3.865051269531250000e-02
3.887939453125000000e-02
3.911209106445312500e-02
3.937149047851562500e-02
3.956985473632812500e-02
3.977966308593750000e-02
3.987121582031250000e-02
4.006958007812500000e-02
4.035949707031250000e-02
4.059219360351562500e-02
4.084014892578125000e-02
