6.484985351562500000e-05
2.059936523437500000e-04
3.280639648437500000e-04
4.272460937500000000e-04
5.493164062500000000e-04
7.019042968750000000e-04
8.316040039062500000e-04
9.880065917968750000e-04
1.274108886718750000e-03
1.533508300781250000e-03
1.838684082031250000e-03
2.090454101562500000e-03
2.307891845703125000e-03
2.651214599609375000e-03
2.929687500000000000e-03
3.269195556640625000e-03
3.707885742187500000e-03
4.169464111328125000e-03
4.566192626953125000e-03
5.084991455078125000e-03
5.672454833984375000e-03
6.340026855468750000e-03
6.950378417968750000e-03
7.682800292968750000e-03
8.441925048828125000e-03
9.128570556640625000e-03
9.803771972656250000e-03
1.050186157226562500e-02
1.121139526367187500e-02
1.190948486328125000e-02
1.252746582031250000e-02
1.329040527343750000e-02
1.415252685546875000e-02
1.506805419921875000e-02
1.599884033203125000e-02
1.711654663085937500e-02
1.822280883789062500e-02
1.930999755859375000e-02
2.039718627929687500e-02
2.149200439453125000e-02
2.252197265625000000e-02
2.368164062500000000e-02
2.492523193359375000e-02
2.608489990234375000e-02
2.731704711914062500e-02
2.844238281250000000e-02
2.964019775390625000e-02
3.098678588867187500e-02
3.236389160156250000e-02
3.366851806640625000e-02
3.471755981445312500e-02
3.617858886718750000e-02
3.759002685546875000e-02
3.899765014648437500e-02
4.042434692382812500e-02
4.208374023437500000e-02
4.381179809570312500e-02
4.531860351562500000e-02
4.682159423828125000e-02
4.842758178710937500e-02
5.009841918945312500e-02
5.182266235351562500e-02
5.358886718750000000e-02
5.537796020507812500e-02
5.710601806640625000e-02
5.889892578125000000e-02
6.078720092773437500e-02
6.256484985351562500e-02
6.439971923828125000e-02
6.633758544921875000e-02
6.802368164062500000e-02
7.008361816406250000e-02
7.226943969726562500e-02
7.410430908203125000e-02
7.592773437500000000e-02
7.807922363281250000e-02
8.021163940429687500e-02
8.246612548828125000e-02
8.469772338867187500e-02
8.695983886718750000e-02
8.921051025390625000e-02
9.169387817382812500e-02
9.394073486328125000e-02
9.660720825195312500e-02
9.938812255859375000e-02
1.021842956542968750e-01
1.050682067871093750e-01
1.077384948730468750e-01
1.105957031250000000e-01
1.136779785156250000e-01
1.167411804199218750e-01
1.199989318847656250e-01
1.231765747070312500e-01
1.264114379882812500e-01
1.300239562988281250e-01
1.332511901855468750e-01
1.362648010253906250e-01
1.391220092773437500e-01
1.420783996582031250e-01
1.450004577636718750e-01
1.479721069335937500e-01
1.507759094238281250e-01
1.533546447753906250e-01
1.558570861816406250e-01
1.584701538085937500e-01
1.611480712890625000e-01
1.636161804199218750e-01
1.663131713867187500e-01
1.690368652343750000e-01
1.717109680175781250e-01
1.744422912597656250e-01
1.769905090332031250e-01
1.793212890625000000e-01
1.818237304687500000e-01
1.843070983886718750e-01
1.868095397949218750e-01
1.894264221191406250e-01
1.919174194335937500e-01
1.942710876464843750e-01
1.967964172363281250e-01
1.993827819824218750e-01
2.019348144531250000e-01
2.043571472167968750e-01
2.067108154296875000e-01
2.092704772949218750e-01
2.115783691406250000e-01
2.140808105468750000e-01
2.165412902832031250e-01
2.188529968261718750e-01
2.212867736816406250e-01
2.237014770507812500e-01
2.259330749511718750e-01
2.283630371093750000e-01
2.305374145507812500e-01
2.327575683593750000e-01
2.352027893066406250e-01
2.375030517578125000e-01
2.396850585937500000e-01
2.417526245117187500e-01
2.439193725585937500e-01
2.461013793945312500e-01
2.483444213867187500e-01
2.506179809570312500e-01
2.529220581054687500e-01
2.548904418945312500e-01
2.569313049316406250e-01
2.591514587402343750e-01
2.614364624023437500e-01
2.638397216796875000e-01
2.662773132324218750e-01
2.686538696289062500e-01
2.709846496582031250e-01
2.731399536132812500e-01
2.751922607421875000e-01
2.771644592285156250e-01
2.792472839355468750e-01
2.814254760742187500e-01
2.835807800292968750e-01
2.858963012695312500e-01
2.882232666015625000e-01
2.905006408691406250e-01
2.927589416503906250e-01
2.949943542480468750e-01
2.973937988281250000e-01
2.996711730957031250e-01
3.017997741699218750e-01
3.038444519042968750e-01
3.060035705566406250e-01
3.082084655761718750e-01
3.103332519531250000e-01
3.124198913574218750e-01
3.145523071289062500e-01
3.166351318359375000e-01
3.187065124511718750e-01
3.208007812500000000e-01
3.226623535156250000e-01
3.245964050292968750e-01
3.266868591308593750e-01
3.287010192871093750e-01
3.307342529296875000e-01
3.326492309570312500e-01
3.345718383789062500e-01
3.363838195800781250e-01
3.382682800292968750e-01
3.401947021484375000e-01
3.419952392578125000e-01
3.439712524414062500e-01
3.458328247070312500e-01
3.475608825683593750e-01
3.495178222656250000e-01
3.515396118164062500e-01
3.532943725585937500e-01
3.552322387695312500e-01
3.571052551269531250e-01
3.588981628417968750e-01
3.607406616210937500e-01
3.626022338867187500e-01
3.644790649414062500e-01
3.663291931152343750e-01
3.681716918945312500e-01
