-0.000000000000000000e+00
1.525878906250000000e-05
1.907348632812500000e-05
-4.959106445312500000e-05
1.907348632812500000e-05
4.577636718750000000e-05
7.629394531250000000e-06
-3.051757812500000000e-05
-2.288818359375000000e-05
-3.051757812500000000e-05
-7.629394531250000000e-06
-8.392333984375000000e-05
-1.716613769531250000e-04
-2.098083496093750000e-04
-2.059936523437500000e-04
-2.670288085937500000e-04
-1.487731933593750000e-04
-6.484985351562500000e-05
-7.247924804687500000e-05
-3.433227539062500000e-05
2.670288085937500000e-05
1.068115234375000000e-04
1.182556152343750000e-04
2.288818359375000000e-04
3.089904785156250000e-04
2.555847167968750000e-04
3.166198730468750000e-04
3.852844238281250000e-04
3.547668457031250000e-04
3.356933593750000000e-04
3.013610839843750000e-04
2.899169921875000000e-04
3.700256347656250000e-04
4.425048828125000000e-04
5.187988281250000000e-04
5.989074707031250000e-04
6.523132324218750000e-04
7.171630859375000000e-04
8.468627929687500000e-04
9.231567382812500000e-04
9.460449218750000000e-04
1.091003417968750000e-03
1.220703125000000000e-03
1.235961914062500000e-03
1.258850097656250000e-03
1.167297363281250000e-03
1.270294189453125000e-03
1.415252685546875000e-03
1.533508300781250000e-03
1.552581787109375000e-03
1.502990722656250000e-03
1.647949218750000000e-03
1.861572265625000000e-03
1.930236816406250000e-03
1.884460449218750000e-03
1.941680908203125000e-03
1.953125000000000000e-03
1.941680908203125000e-03
1.949310302734375000e-03
2.014160156250000000e-03
2.029418945312500000e-03
2.113342285156250000e-03
2.124786376953125000e-03
2.105712890625000000e-03
2.101898193359375000e-03
2.220153808593750000e-03
2.315521240234375000e-03
2.288818359375000000e-03
2.395629882812500000e-03
2.372741699218750000e-03
2.277374267578125000e-03
2.323150634765625000e-03
2.380371093750000000e-03
2.353668212890625000e-03
2.449035644531250000e-03
2.479553222656250000e-03
2.525329589843750000e-03
2.571105957031250000e-03
2.624511718750000000e-03
2.735137939453125000e-03
2.815246582031250000e-03
2.925872802734375000e-03
2.902984619140625000e-03
3.009796142578125000e-03
3.093719482421875000e-03
3.158569335937500000e-03
3.364562988281250000e-03
3.356933593750000000e-03
3.429412841796875000e-03
3.471374511718750000e-03
3.532409667968750000e-03
3.696441650390625000e-03
3.780364990234375000e-03
3.849029541015625000e-03
3.971099853515625000e-03
4.055023193359375000e-03
4.085540771484375000e-03
4.177093505859375000e-03
4.436492919921875000e-03
4.627227783203125000e-03
4.764556884765625000e-03
4.802703857421875000e-03
4.871368408203125000e-03
4.936218261718750000e-03
5.123138427734375000e-03
5.340576171875000000e-03
5.424499511718750000e-03
5.558013916015625000e-03
5.634307861328125000e-03
5.821228027343750000e-03
6.053924560546875000e-03
6.206512451171875000e-03
6.240844726562500000e-03
6.343841552734375000e-03
6.446838378906250000e-03
6.656646728515625000e-03
6.912231445312500000e-03
7.102966308593750000e-03
7.228851318359375000e-03
7.392883300781250000e-03
7.488250732421875000e-03
7.644653320312500000e-03
7.751464843750000000e-03
7.949829101562500000e-03
8.121490478515625000e-03
8.274078369140625000e-03
8.411407470703125000e-03
8.552551269531250000e-03
8.644104003906250000e-03
8.747100830078125000e-03
8.892059326171875000e-03
9.017944335937500000e-03
9.216308593750000000e-03
9.330749511718750000e-03
9.429931640625000000e-03
9.574890136718750000e-03
9.620666503906250000e-03
9.742736816406250000e-03
9.761810302734375000e-03
9.883880615234375000e-03
9.998321533203125000e-03
1.007461547851562500e-02
1.015472412109375000e-02
1.016235351562500000e-02
1.008605957031250000e-02
1.001739501953125000e-02
1.000595092773437500e-02
1.005935668945312500e-02
1.009750366210937500e-02
1.020050048828125000e-02
1.029586791992187500e-02
1.036834716796875000e-02
1.029586791992187500e-02
1.030731201171875000e-02
1.031494140625000000e-02
1.030349731445312500e-02
1.026535034179687500e-02
1.023101806640625000e-02
1.029586791992187500e-02
1.031875610351562500e-02
1.037216186523437500e-02
1.045227050781250000e-02
1.053237915039062500e-02
1.058959960937500000e-02
1.062393188476562500e-02
1.051330566406250000e-02
1.047515869140625000e-02
1.043701171875000000e-02
1.042938232421875000e-02
1.049041748046875000e-02
1.045989990234375000e-02
1.039123535156250000e-02
1.042556762695312500e-02
1.042938232421875000e-02
1.043319702148437500e-02
1.037979125976562500e-02
1.045989990234375000e-02
1.055145263671875000e-02
1.054763793945312500e-02
1.058578491210937500e-02
1.058959960937500000e-02
1.059722900390625000e-02
1.051330566406250000e-02
1.047134399414062500e-02
1.050186157226562500e-02
1.055145263671875000e-02
1.065063476562500000e-02
1.073074340820312500e-02
1.066207885742187500e-02
1.067733764648437500e-02
1.069259643554687500e-02
1.060485839843750000e-02
1.065826416015625000e-02
1.069259643554687500e-02
1.065826416015625000e-02
1.063919067382812500e-02
1.063919067382812500e-02
1.073455810546875000e-02
1.082611083984375000e-02
1.097488403320312500e-02
