1.525878906250000000e-05
3.051757812500000000e-05
5.722045898437500000e-05
4.196166992187500000e-05
1.182556152343750000e-04
1.907348632812500000e-04
2.250671386718750000e-04
2.441406250000000000e-04
3.929138183593750000e-04
4.882812500000000000e-04
5.950927734375000000e-04
6.103515625000000000e-04
6.065368652343750000e-04
6.980895996093750000e-04
7.591247558593750000e-04
8.087158203125000000e-04
1.007080078125000000e-03
1.174926757812500000e-03
1.338958740234375000e-03
1.483917236328125000e-03
1.655578613281250000e-03
1.823425292968750000e-03
1.991271972656250000e-03
2.155303955078125000e-03
2.346038818359375000e-03
2.426147460937500000e-03
2.624511718750000000e-03
2.883911132812500000e-03
3.028869628906250000e-03
3.120422363281250000e-03
3.238677978515625000e-03
3.414154052734375000e-03
3.734588623046875000e-03
4.009246826171875000e-03
4.249572753906250000e-03
4.573822021484375000e-03
4.867553710937500000e-03
5.184173583984375000e-03
5.554199218750000000e-03
5.893707275390625000e-03
6.252288818359375000e-03
6.610870361328125000e-03
6.950378417968750000e-03
7.167816162109375000e-03
7.434844970703125000e-03
7.682800292968750000e-03
8.049011230468750000e-03
8.441925048828125000e-03
8.869171142578125000e-03
9.212493896484375000e-03
9.445190429687500000e-03
9.746551513671875000e-03
1.005554199218750000e-02
1.033020019531250000e-02
1.058197021484375000e-02
1.091766357421875000e-02
1.127243041992187500e-02
1.152420043945312500e-02
1.186370849609375000e-02
1.222610473632812500e-02
1.254272460937500000e-02
1.296615600585937500e-02
1.334762573242187500e-02
1.364135742187500000e-02
1.395034790039062500e-02
1.433181762695312500e-02
1.470565795898437500e-02
1.506423950195312500e-02
1.549148559570312500e-02
1.595306396484375000e-02
1.628875732421875000e-02
1.668930053710937500e-02
1.717758178710937500e-02
1.755523681640625000e-02
1.799011230468750000e-02
1.838684082031250000e-02
1.882171630859375000e-02
1.923370361328125000e-02
1.965713500976562500e-02
2.006912231445312500e-02
2.058029174804687500e-02
2.109527587890625000e-02
2.149581909179687500e-02
2.198410034179687500e-02
2.245330810546875000e-02
2.301788330078125000e-02
2.367401123046875000e-02
2.426910400390625000e-02
2.488327026367187500e-02
2.542495727539062500e-02
2.600097656250000000e-02
2.658843994140625000e-02
2.717208862304687500e-02
2.784347534179687500e-02
2.855682373046875000e-02
2.923965454101562500e-02
2.976989746093750000e-02
3.033065795898437500e-02
3.096389770507812500e-02
3.167724609375000000e-02
3.234100341796875000e-02
3.290176391601562500e-02
3.347015380859375000e-02
3.409576416015625000e-02
3.475952148437500000e-02
3.545379638671875000e-02
3.604125976562500000e-02
3.671646118164062500e-02
3.741073608398437500e-02
3.810882568359375000e-02
3.886032104492187500e-02
3.959274291992187500e-02
4.019165039062500000e-02
4.078674316406250000e-02
4.138183593750000000e-02
4.208374023437500000e-02
4.285812377929687500e-02
4.365539550781250000e-02
4.440307617187500000e-02
4.526138305664062500e-02
4.605102539062500000e-02
4.684829711914062500e-02
4.751205444335937500e-02
4.831695556640625000e-02
4.909515380859375000e-02
4.978179931640625000e-02
5.054855346679687500e-02
5.138778686523437500e-02
5.214309692382812500e-02
5.293273925781250000e-02
5.376434326171875000e-02
5.458450317382812500e-02
5.548477172851562500e-02
5.620956420898437500e-02
5.694961547851562500e-02
5.778884887695312500e-02
5.857467651367187500e-02
5.932998657226562500e-02
6.005096435546875000e-02
6.084060668945312500e-02
6.166839599609375000e-02
6.256103515625000000e-02
6.348419189453125000e-02
6.428909301757812500e-02
6.498718261718750000e-02
6.576156616210937500e-02
6.660079956054687500e-02
6.745147705078125000e-02
6.832504272460937500e-02
6.924819946289062500e-02
7.022857666015625000e-02
7.117462158203125000e-02
7.204055786132812500e-02
7.303237915039062500e-02
7.400131225585937500e-02
7.503128051757812500e-02
7.611846923828125000e-02
7.712173461914062500e-02
7.819366455078125000e-02
7.918167114257812500e-02
8.015441894531250000e-02
8.110427856445312500e-02
8.203506469726562500e-02
8.296585083007812500e-02
8.402633666992187500e-02
8.493804931640625000e-02
8.580398559570312500e-02
8.665466308593750000e-02
8.759689331054687500e-02
8.850860595703125000e-02
8.936309814453125000e-02
9.021759033203125000e-02
9.107971191406250000e-02
9.195327758789062500e-02
9.289550781250000000e-02
9.375762939453125000e-02
9.473419189453125000e-02
9.565353393554687500e-02
9.649658203125000000e-02
9.741973876953125000e-02
9.824371337890625000e-02
9.912490844726562500e-02
9.988403320312500000e-02
1.007690429687500000e-01
1.016616821289062500e-01
1.025581359863281250e-01
1.034622192382812500e-01
1.042938232421875000e-01
1.050529479980468750e-01
1.059951782226562500e-01
1.069679260253906250e-01
1.077499389648437500e-01
1.086273193359375000e-01
1.094818115234375000e-01
1.103706359863281250e-01
1.112174987792968750e-01
1.121215820312500000e-01
1.130714416503906250e-01
1.140403747558593750e-01
1.150360107421875000e-01
