2.288818359375000000e-05
8.010864257812500000e-05
1.525878906250000000e-04
1.640319824218750000e-04
3.395080566406250000e-04
4.920959472656250000e-04
6.103515625000000000e-04
7.858276367187500000e-04
1.060485839843750000e-03
1.228332519531250000e-03
1.487731933593750000e-03
1.712799072265625000e-03
1.960754394531250000e-03
2.285003662109375000e-03
2.609252929687500000e-03
2.876281738281250000e-03
3.311157226562500000e-03
3.791809082031250000e-03
4.261016845703125000e-03
4.825592041015625000e-03
5.485534667968750000e-03
6.183624267578125000e-03
6.855010986328125000e-03
7.575988769531250000e-03
8.316040039062500000e-03
9.033203125000000000e-03
9.815216064453125000e-03
1.065444946289062500e-02
1.149368286132812500e-02
1.226425170898437500e-02
1.308822631835937500e-02
1.408386230468750000e-02
1.514053344726562500e-02
1.626205444335937500e-02
1.747512817382812500e-02
1.868438720703125000e-02
1.986694335937500000e-02
2.103042602539062500e-02
2.224349975585937500e-02
2.346420288085937500e-02
2.473068237304687500e-02
2.596282958984375000e-02
2.716064453125000000e-02
2.841186523437500000e-02
2.964782714843750000e-02
3.088378906250000000e-02
3.230667114257812500e-02
3.368759155273437500e-02
3.511428833007812500e-02
3.659057617187500000e-02
3.796768188476562500e-02
3.959655761718750000e-02
4.117965698242187500e-02
4.288101196289062500e-02
4.453659057617187500e-02
4.629135131835937500e-02
4.801177978515625000e-02
4.959869384765625000e-02
5.132675170898437500e-02
5.318832397460937500e-02
5.508804321289062500e-02
5.692291259765625000e-02
5.872344970703125000e-02
6.047439575195312500e-02
6.231689453125000000e-02
6.416320800781250000e-02
6.605529785156250000e-02
6.790161132812500000e-02
6.980895996093750000e-02
7.166290283203125000e-02
7.360458374023437500e-02
7.574844360351562500e-02
7.803344726562500000e-02
8.021545410156250000e-02
8.257293701171875000e-02
8.487701416015625000e-02
8.728408813476562500e-02
8.957672119140625000e-02
9.183502197265625000e-02
9.401702880859375000e-02
9.613037109375000000e-02
9.823608398437500000e-02
1.002655029296875000e-01
1.024513244628906250e-01
1.045837402343750000e-01
1.067047119140625000e-01
1.088714599609375000e-01
1.110916137695312500e-01
1.134071350097656250e-01
1.156921386718750000e-01
1.180191040039062500e-01
1.204338073730468750e-01
1.228103637695312500e-01
1.251945495605468750e-01
1.276397705078125000e-01
1.301536560058593750e-01
1.327209472656250000e-01
1.352386474609375000e-01
1.379776000976562500e-01
1.407508850097656250e-01
1.434516906738281250e-01
1.461448669433593750e-01
1.489295959472656250e-01
1.517028808593750000e-01
1.545486450195312500e-01
1.574172973632812500e-01
1.602745056152343750e-01
1.632270812988281250e-01
1.662559509277343750e-01
1.692390441894531250e-01
1.722450256347656250e-01
1.753005981445312500e-01
1.782569885253906250e-01
1.812858581542968750e-01
1.844215393066406250e-01
1.875495910644531250e-01
1.907424926757812500e-01
1.938171386718750000e-01
1.967811584472656250e-01
1.998596191406250000e-01
2.029457092285156250e-01
2.060813903808593750e-01
2.092781066894531250e-01
2.125625610351562500e-01
2.159919738769531250e-01
2.193603515625000000e-01
2.227172851562500000e-01
2.260246276855468750e-01
2.293052673339843750e-01
2.327308654785156250e-01
2.360916137695312500e-01
2.394981384277343750e-01
2.429580688476562500e-01
2.462844848632812500e-01
2.497215270996093750e-01
2.533226013183593750e-01
2.568092346191406250e-01
2.602310180664062500e-01
2.635231018066406250e-01
2.667961120605468750e-01
2.701568603515625000e-01
2.736129760742187500e-01
2.771110534667968750e-01
2.805175781250000000e-01
2.838592529296875000e-01
2.871093750000000000e-01
2.905349731445312500e-01
2.939758300781250000e-01
2.973937988281250000e-01
3.008460998535156250e-01
3.042526245117187500e-01
3.075790405273437500e-01
3.109359741210937500e-01
3.142166137695312500e-01
3.174247741699218750e-01
3.207664489746093750e-01
3.240203857421875000e-01
3.272666931152343750e-01
3.305778503417968750e-01
3.338317871093750000e-01
3.370590209960937500e-01
3.402900695800781250e-01
3.435783386230468750e-01
3.467674255371093750e-01
3.500061035156250000e-01
3.531532287597656250e-01
3.562812805175781250e-01
3.594627380371093750e-01
3.627395629882812500e-01
3.659858703613281250e-01
3.691635131835937500e-01
3.723754882812500000e-01
3.756027221679687500e-01
3.788146972656250000e-01
3.821296691894531250e-01
3.854446411132812500e-01
3.888549804687500000e-01
3.923263549804687500e-01
3.956298828125000000e-01
3.990821838378906250e-01
4.025726318359375000e-01
4.060516357421875000e-01
4.094467163085937500e-01
4.129371643066406250e-01
4.164924621582031250e-01
4.200935363769531250e-01
4.237251281738281250e-01
4.272117614746093750e-01
4.306144714355468750e-01
4.340896606445312500e-01
4.375915527343750000e-01
4.409904479980468750e-01
4.444427490234375000e-01
4.477539062500000000e-01
4.511070251464843750e-01
4.545631408691406250e-01
4.580268859863281250e-01
4.615402221679687500e-01
4.650001525878906250e-01
4.684333801269531250e-01
