8.773803710937500000e-05
2.365112304687500000e-04
4.119873046875000000e-04
4.272460937500000000e-04
8.201599121093750000e-04
1.190185546875000000e-03
1.358032226562500000e-03
1.461029052734375000e-03
1.827239990234375000e-03
2.010345458984375000e-03
2.658843994140625000e-03
2.769470214843750000e-03
2.819061279296875000e-03
3.170013427734375000e-03
3.517150878906250000e-03
3.650665283203125000e-03
4.333496093750000000e-03
5.088806152343750000e-03
5.630493164062500000e-03
6.469726562500000000e-03
7.190704345703125000e-03
7.999420166015625000e-03
8.518218994140625000e-03
9.410858154296875000e-03
1.047515869140625000e-02
1.090240478515625000e-02
1.170730590820312500e-02
1.254272460937500000e-02
1.327133178710937500e-02
1.395797729492187500e-02
1.445388793945312500e-02
1.517486572265625000e-02
1.642608642578125000e-02
1.764297485351562500e-02
1.873397827148437500e-02
2.010345458984375000e-02
2.154159545898437500e-02
2.285385131835937500e-02
2.419281005859375000e-02
2.537536621093750000e-02
2.661132812500000000e-02
2.824401855468750000e-02
2.964782714843750000e-02
3.052520751953125000e-02
3.161621093750000000e-02
3.258895874023437500e-02
3.415679931640625000e-02
3.577423095703125000e-02
3.753662109375000000e-02
3.872680664062500000e-02
3.932189941406250000e-02
4.056167602539062500e-02
4.197692871093750000e-02
4.297637939453125000e-02
4.409790039062500000e-02
4.558563232421875000e-02
4.699325561523437500e-02
4.814910888671875000e-02
4.938125610351562500e-02
5.077362060546875000e-02
5.231857299804687500e-02
5.408477783203125000e-02
5.559921264648437500e-02
5.686569213867187500e-02
5.812835693359375000e-02
5.940628051757812500e-02
6.084060668945312500e-02
6.212997436523437500e-02
6.364059448242187500e-02
6.524658203125000000e-02
6.654739379882812500e-02
6.833267211914062500e-02
7.014846801757812500e-02
7.155990600585937500e-02
7.325744628906250000e-02
7.457351684570312500e-02
7.640075683593750000e-02
7.821273803710937500e-02
8.003997802734375000e-02
8.198928833007812500e-02
8.391571044921875000e-02
8.604049682617187500e-02
8.781433105468750000e-02
8.989334106445312500e-02
9.187316894531250000e-02
9.400558471679687500e-02
9.646606445312500000e-02
9.852600097656250000e-02
1.004257202148437500e-01
1.021728515625000000e-01
1.041374206542968750e-01
1.066474914550781250e-01
1.090354919433593750e-01
1.112251281738281250e-01
1.136360168457031250e-01
1.161193847656250000e-01
1.182441711425781250e-01
1.203422546386718750e-01
1.228332519531250000e-01
1.255149841308593750e-01
1.279335021972656250e-01
1.301994323730468750e-01
1.323890686035156250e-01
1.347007751464843750e-01
1.372795104980468750e-01
1.396865844726562500e-01
1.418495178222656250e-01
1.442604064941406250e-01
1.467170715332031250e-01
1.493530273437500000e-01
1.518821716308593750e-01
1.545219421386718750e-01
1.563529968261718750e-01
1.584167480468750000e-01
1.607856750488281250e-01
1.635437011718750000e-01
1.665382385253906250e-01
1.691856384277343750e-01
1.717643737792968750e-01
1.746788024902343750e-01
1.774635314941406250e-01
1.803359985351562500e-01
1.828994750976562500e-01
1.856155395507812500e-01
1.884727478027343750e-01
1.908187866210937500e-01
1.935768127441406250e-01
1.963272094726562500e-01
1.988945007324218750e-01
2.015457153320312500e-01
2.043685913085937500e-01
2.071647644042968750e-01
2.102661132812500000e-01
2.128410339355468750e-01
2.155952453613281250e-01
2.188034057617187500e-01
2.214660644531250000e-01
2.242279052734375000e-01
2.266807556152343750e-01
2.292861938476562500e-01
2.321128845214843750e-01
2.352943420410156250e-01
2.380943298339843750e-01
2.410011291503906250e-01
2.434844970703125000e-01
2.457618713378906250e-01
2.485351562500000000e-01
2.515830993652343750e-01
2.543563842773437500e-01
2.577476501464843750e-01
2.609786987304687500e-01
2.641105651855468750e-01
2.668876647949218750e-01
2.701263427734375000e-01
2.731552124023437500e-01
2.761001586914062500e-01
2.792243957519531250e-01
2.823448181152343750e-01
2.859115600585937500e-01
2.891616821289062500e-01
2.925109863281250000e-01
2.959480285644531250e-01
2.992820739746093750e-01
3.025016784667968750e-01
3.057365417480468750e-01
3.084144592285156250e-01
3.111572265625000000e-01
3.139457702636718750e-01
3.169479370117187500e-01
3.200035095214843750e-01
3.228797912597656250e-01
3.257598876953125000e-01
3.285751342773437500e-01
3.313026428222656250e-01
3.343734741210937500e-01
3.368835449218750000e-01
3.395462036132812500e-01
3.425140380859375000e-01
3.454055786132812500e-01
3.483314514160156250e-01
3.511314392089843750e-01
3.537063598632812500e-01
3.556327819824218750e-01
3.579902648925781250e-01
3.607978820800781250e-01
3.634490966796875000e-01
3.663902282714843750e-01
3.690185546875000000e-01
3.710289001464843750e-01
3.736686706542968750e-01
3.764991760253906250e-01
3.791923522949218750e-01
3.819770812988281250e-01
3.845558166503906250e-01
3.869934082031250000e-01
3.895759582519531250e-01
3.922691345214843750e-01
3.953208923339843750e-01
3.982391357421875000e-01
4.012184143066406250e-01
