-3.814697265625000000e-06
7.629394531250000000e-06
1.525878906250000000e-05
-3.051757812500000000e-05
-1.907348632812500000e-05
-1.525878906250000000e-05
1.525878906250000000e-05
6.866455078125000000e-05
1.411437988281250000e-04
9.918212890625000000e-05
1.792907714843750000e-04
1.754760742187500000e-04
1.869201660156250000e-04
2.708435058593750000e-04
3.204345703125000000e-04
2.746582031250000000e-04
3.204345703125000000e-04
3.662109375000000000e-04
4.348754882812500000e-04
5.836486816406250000e-04
7.629394531250000000e-04
9.040832519531250000e-04
9.727478027343750000e-04
1.186370849609375000e-03
1.403808593750000000e-03
1.476287841796875000e-03
1.686096191406250000e-03
1.903533935546875000e-03
2.178192138671875000e-03
2.368927001953125000e-03
2.479553222656250000e-03
2.605438232421875000e-03
2.807617187500000000e-03
2.944946289062500000e-03
3.044128417968750000e-03
3.273010253906250000e-03
3.528594970703125000e-03
3.749847412109375000e-03
3.990173339843750000e-03
4.299163818359375000e-03
4.627227783203125000e-03
4.909515380859375000e-03
5.138397216796875000e-03
5.290985107421875000e-03
5.523681640625000000e-03
5.664825439453125000e-03
5.996704101562500000e-03
6.351470947265625000e-03
6.645202636718750000e-03
6.832122802734375000e-03
6.866455078125000000e-03
7.133483886718750000e-03
7.408142089843750000e-03
7.549285888671875000e-03
7.667541503906250000e-03
7.873535156250000000e-03
8.064270019531250000e-03
8.171081542968750000e-03
8.243560791015625000e-03
8.373260498046875000e-03
8.480072021484375000e-03
8.670806884765625000e-03
8.857727050781250000e-03
9.010314941406250000e-03
9.124755859375000000e-03
9.250640869140625000e-03
9.426116943359375000e-03
9.536743164062500000e-03
9.593963623046875000e-03
9.757995605468750000e-03
9.830474853515625000e-03
1.004791259765625000e-02
1.026153564453125000e-02
1.044082641601562500e-02
1.068115234375000000e-02
1.077651977539062500e-02
1.095581054687500000e-02
1.110839843750000000e-02
1.124572753906250000e-02
1.138305664062500000e-02
1.147079467773437500e-02
1.160430908203125000e-02
1.162719726562500000e-02
1.170730590820312500e-02
1.177978515625000000e-02
1.185607910156250000e-02
1.210021972656250000e-02
1.226043701171875000e-02
1.246643066406250000e-02
1.262283325195312500e-02
1.284408569335937500e-02
1.305007934570312500e-02
1.327896118164062500e-02
1.343536376953125000e-02
1.368331909179687500e-02
1.399230957031250000e-02
1.423263549804687500e-02
1.439285278320312500e-02
1.461029052734375000e-02
1.478195190429687500e-02
1.489639282226562500e-02
1.506042480468750000e-02
1.520538330078125000e-02
1.529693603515625000e-02
1.543426513671875000e-02
1.551437377929687500e-02
1.559448242187500000e-02
1.568222045898437500e-02
1.583862304687500000e-02
1.599121093750000000e-02
1.618576049804687500e-02
1.643371582031250000e-02
1.646041870117187500e-02
1.646804809570312500e-02
1.654052734375000000e-02
1.668548583984375000e-02
1.689147949218750000e-02
1.702117919921875000e-02
1.716613769531250000e-02
1.731872558593750000e-02
1.739120483398437500e-02
1.747894287109375000e-02
1.747131347656250000e-02
1.755905151367187500e-02
1.776123046875000000e-02
1.784515380859375000e-02
1.796340942382812500e-02
1.810836791992187500e-02
1.822662353515625000e-02
1.829528808593750000e-02
1.838302612304687500e-02
1.845169067382812500e-02
1.857757568359375000e-02
1.866531372070312500e-02
1.877975463867187500e-02
1.893234252929687500e-02
1.899337768554687500e-02
1.911163330078125000e-02
1.907348632812500000e-02
1.907730102539062500e-02
1.917266845703125000e-02
1.931381225585937500e-02
1.947402954101562500e-02
1.956558227539062500e-02
1.948165893554687500e-02
1.943969726562500000e-02
1.954269409179687500e-02
1.961135864257812500e-02
1.974868774414062500e-02
1.992034912109375000e-02
2.008438110351562500e-02
2.018356323242187500e-02
2.016830444335937500e-02
2.019119262695312500e-02
2.018356323242187500e-02
2.021789550781250000e-02
2.018737792968750000e-02
2.023696899414062500e-02
2.033233642578125000e-02
2.041244506835937500e-02
2.048110961914062500e-02
2.054595947265625000e-02
2.051544189453125000e-02
2.058029174804687500e-02
2.066802978515625000e-02
2.066040039062500000e-02
2.071380615234375000e-02
2.089309692382812500e-02
2.101135253906250000e-02
2.103805541992187500e-02
2.099609375000000000e-02
2.096557617187500000e-02
2.100753784179687500e-02
2.104187011718750000e-02
2.112579345703125000e-02
2.116394042968750000e-02
2.122116088867187500e-02
2.128219604492187500e-02
2.132034301757812500e-02
2.139663696289062500e-02
2.145004272460937500e-02
2.152633666992187500e-02
2.149963378906250000e-02
2.159500122070312500e-02
2.174377441406250000e-02
2.188491821289062500e-02
2.208709716796875000e-02
2.228546142578125000e-02
2.236175537109375000e-02
2.248001098632812500e-02
2.263259887695312500e-02
2.261734008789062500e-02
2.269744873046875000e-02
2.275466918945312500e-02
2.280044555664062500e-02
2.281570434570312500e-02
2.293777465820312500e-02
2.307128906250000000e-02
2.316284179687500000e-02
2.323532104492187500e-02
