-0.000000000000000000e+00
7.629394531250000000e-06
-3.814697265625000000e-06
-6.866455078125000000e-05
-4.196166992187500000e-05
3.433227539062500000e-05
-2.288818359375000000e-05
-7.247924804687500000e-05
-1.907348632812500000e-05
-6.866455078125000000e-05
-1.144409179687500000e-04
-1.754760742187500000e-04
-1.335144042968750000e-04
-1.525878906250000000e-04
-1.335144042968750000e-04
-1.602172851562500000e-04
-1.144409179687500000e-04
-7.629394531250000000e-05
-4.959106445312500000e-05
1.144409179687500000e-05
8.010864257812500000e-05
1.335144042968750000e-04
4.959106445312500000e-05
8.392333984375000000e-05
1.411437988281250000e-04
3.433227539062500000e-05
-1.144409179687500000e-05
2.288818359375000000e-05
9.536743164062500000e-05
1.182556152343750000e-04
1.907348632812500000e-05
-3.814697265625000000e-06
5.722045898437500000e-05
8.392333984375000000e-05
6.866455078125000000e-05
1.602172851562500000e-04
1.831054687500000000e-04
2.326965332031250000e-04
2.326965332031250000e-04
2.937316894531250000e-04
4.081726074218750000e-04
4.997253417968750000e-04
5.836486816406250000e-04
5.264282226562500000e-04
5.950927734375000000e-04
5.836486816406250000e-04
6.256103515625000000e-04
6.637573242187500000e-04
7.019042968750000000e-04
6.980895996093750000e-04
6.370544433593750000e-04
6.637573242187500000e-04
7.667541503906250000e-04
7.591247558593750000e-04
7.286071777343750000e-04
7.476806640625000000e-04
8.010864257812500000e-04
8.125305175781250000e-04
7.438659667968750000e-04
7.247924804687500000e-04
6.828308105468750000e-04
6.942749023437500000e-04
6.370544433593750000e-04
5.302429199218750000e-04
4.577636718750000000e-04
3.471374511718750000e-04
2.975463867187500000e-04
2.632141113281250000e-04
1.220703125000000000e-04
3.814697265625000000e-05
-6.866455078125000000e-05
-7.247924804687500000e-05
-7.629394531250000000e-05
-1.716613769531250000e-04
-1.335144042968750000e-04
-1.983642578125000000e-04
-1.411437988281250000e-04
-1.602172851562500000e-04
-1.716613769531250000e-04
-1.792907714843750000e-04
-1.945495605468750000e-04
-1.564025878906250000e-04
-2.326965332031250000e-04
-1.792907714843750000e-04
-1.525878906250000000e-04
-2.288818359375000000e-05
1.831054687500000000e-04
2.021789550781250000e-04
1.678466796875000000e-04
8.010864257812500000e-05
1.144409179687500000e-04
2.136230468750000000e-04
3.356933593750000000e-04
3.547668457031250000e-04
4.653930664062500000e-04
5.836486816406250000e-04
6.179809570312500000e-04
6.256103515625000000e-04
7.019042968750000000e-04
8.049011230468750000e-04
8.506774902343750000e-04
9.574890136718750000e-04
1.091003417968750000e-03
1.178741455078125000e-03
1.277923583984375000e-03
1.338958740234375000e-03
1.346588134765625000e-03
1.396179199218750000e-03
1.541137695312500000e-03
1.644134521484375000e-03
1.647949218750000000e-03
1.693725585937500000e-03
1.483917236328125000e-03
1.434326171875000000e-03
1.422882080078125000e-03
1.457214355468750000e-03
1.636505126953125000e-03
1.716613769531250000e-03
1.743316650390625000e-03
1.827239990234375000e-03
1.850128173828125000e-03
1.869201660156250000e-03
1.804351806640625000e-03
1.842498779296875000e-03
1.941680908203125000e-03
1.926422119140625000e-03
1.991271972656250000e-03
2.063751220703125000e-03
2.082824707031250000e-03
2.113342285156250000e-03
2.208709716796875000e-03
2.304077148437500000e-03
2.490997314453125000e-03
2.559661865234375000e-03
2.613067626953125000e-03
2.712249755859375000e-03
2.601623535156250000e-03
2.590179443359375000e-03
2.540588378906250000e-03
2.487182617187500000e-03
2.502441406250000000e-03
2.582550048828125000e-03
2.643585205078125000e-03
2.689361572265625000e-03
2.586364746093750000e-03
2.441406250000000000e-03
2.407073974609375000e-03
2.449035644531250000e-03
2.471923828125000000e-03
2.517700195312500000e-03
2.571105957031250000e-03
2.548217773437500000e-03
2.487182617187500000e-03
2.388000488281250000e-03
2.281188964843750000e-03
2.246856689453125000e-03
2.170562744140625000e-03
2.174377441406250000e-03
2.174377441406250000e-03
2.197265625000000000e-03
2.201080322265625000e-03
2.197265625000000000e-03
2.216339111328125000e-03
2.185821533203125000e-03
2.220153808593750000e-03
2.151489257812500000e-03
2.059936523437500000e-03
1.968383789062500000e-03
2.014160156250000000e-03
2.033233642578125000e-03
1.995086669921875000e-03
1.991271972656250000e-03
1.979827880859375000e-03
1.853942871093750000e-03
1.785278320312500000e-03
1.686096191406250000e-03
1.625061035156250000e-03
1.632690429687500000e-03
1.560211181640625000e-03
1.537322998046875000e-03
1.544952392578125000e-03
1.422882080078125000e-03
1.186370849609375000e-03
1.049041748046875000e-03
9.422302246093750000e-04
8.583068847656250000e-04
8.583068847656250000e-04
7.972717285156250000e-04
6.523132324218750000e-04
5.989074707031250000e-04
6.065368652343750000e-04
5.035400390625000000e-04
5.111694335937500000e-04
4.997253417968750000e-04
5.187988281250000000e-04
5.302429199218750000e-04
5.187988281250000000e-04
6.027221679687500000e-04
6.370544433593750000e-04
6.065368652343750000e-04
