-0.000000000000000000e+00
3.814697265625000000e-06
-7.629394531250000000e-06
-6.484985351562500000e-05
-1.907348632812500000e-05
-3.814697265625000000e-06
-4.577636718750000000e-05
-1.144409179687500000e-04
-9.155273437500000000e-05
-1.144409179687500000e-04
-5.340576171875000000e-05
-1.068115234375000000e-04
-1.754760742187500000e-04
-2.555847167968750000e-04
-2.746582031250000000e-04
-3.776550292968750000e-04
-3.280639648437500000e-04
-2.899169921875000000e-04
-3.128051757812500000e-04
-2.136230468750000000e-04
-2.365112304687500000e-04
-2.212524414062500000e-04
-2.403259277343750000e-04
-1.831054687500000000e-04
-9.918212890625000000e-05
-2.326965332031250000e-04
-2.479553222656250000e-04
-2.365112304687500000e-04
-2.555847167968750000e-04
-2.632141113281250000e-04
-2.975463867187500000e-04
-3.128051757812500000e-04
-3.051757812500000000e-04
-3.433227539062500000e-04
-3.662109375000000000e-04
-2.326965332031250000e-04
-1.068115234375000000e-04
-2.288818359375000000e-05
1.907348632812500000e-05
4.196166992187500000e-05
1.296997070312500000e-04
2.822875976562500000e-04
3.700256347656250000e-04
4.005432128906250000e-04
3.585815429687500000e-04
2.975463867187500000e-04
3.700256347656250000e-04
4.386901855468750000e-04
5.645751953125000000e-04
5.989074707031250000e-04
4.959106445312500000e-04
4.730224609375000000e-04
4.768371582031250000e-04
4.005432128906250000e-04
3.089904785156250000e-04
3.967285156250000000e-04
5.302429199218750000e-04
5.493164062500000000e-04
5.607604980468750000e-04
6.065368652343750000e-04
6.752014160156250000e-04
7.705688476562500000e-04
8.583068847656250000e-04
8.964538574218750000e-04
8.354187011718750000e-04
8.354187011718750000e-04
8.621215820312500000e-04
8.850097656250000000e-04
9.155273437500000000e-04
9.155273437500000000e-04
9.574890136718750000e-04
1.148223876953125000e-03
1.224517822265625000e-03
1.216888427734375000e-03
1.266479492187500000e-03
1.232147216796875000e-03
1.270294189453125000e-03
1.327514648437500000e-03
1.392364501953125000e-03
1.464843750000000000e-03
1.525878906250000000e-03
1.659393310546875000e-03
1.667022705078125000e-03
1.754760742187500000e-03
1.895904541015625000e-03
1.991271972656250000e-03
2.124786376953125000e-03
2.166748046875000000e-03
2.155303955078125000e-03
2.086639404296875000e-03
2.010345458984375000e-03
2.159118652343750000e-03
2.208709716796875000e-03
2.201080322265625000e-03
2.231597900390625000e-03
2.258300781250000000e-03
2.246856689453125000e-03
2.250671386718750000e-03
2.334594726562500000e-03
2.418518066406250000e-03
2.464294433593750000e-03
2.471923828125000000e-03
2.452850341796875000e-03
2.403259277343750000e-03
2.475738525390625000e-03
2.517700195312500000e-03
2.452850341796875000e-03
2.464294433593750000e-03
2.490997314453125000e-03
2.536773681640625000e-03
2.506256103515625000e-03
2.487182617187500000e-03
2.288818359375000000e-03
2.201080322265625000e-03
2.193450927734375000e-03
2.235412597656250000e-03
2.391815185546875000e-03
2.414703369140625000e-03
2.464294433593750000e-03
2.578735351562500000e-03
2.647399902343750000e-03
2.708435058593750000e-03
2.769470214843750000e-03
2.826690673828125000e-03
2.960205078125000000e-03
2.960205078125000000e-03
2.983093261718750000e-03
3.005981445312500000e-03
2.983093261718750000e-03
3.047943115234375000e-03
3.101348876953125000e-03
3.173828125000000000e-03
3.276824951171875000e-03
3.246307373046875000e-03
3.265380859375000000e-03
3.414154052734375000e-03
3.433227539062500000e-03
3.509521484375000000e-03
3.482818603515625000e-03
3.433227539062500000e-03
3.463745117187500000e-03
3.425598144531250000e-03
3.337860107421875000e-03
3.295898437500000000e-03
3.219604492187500000e-03
3.101348876953125000e-03
3.055572509765625000e-03
3.154754638671875000e-03
3.097534179687500000e-03
3.131866455078125000e-03
3.196716308593750000e-03
3.128051757812500000e-03
3.047943115234375000e-03
2.979278564453125000e-03
2.815246582031250000e-03
2.704620361328125000e-03
2.593994140625000000e-03
2.487182617187500000e-03
2.475738525390625000e-03
2.479553222656250000e-03
2.483367919921875000e-03
2.552032470703125000e-03
2.635955810546875000e-03
2.635955810546875000e-03
2.719879150390625000e-03
2.685546875000000000e-03
2.586364746093750000e-03
2.544403076171875000e-03
2.532958984375000000e-03
2.567291259765625000e-03
2.605438232421875000e-03
2.593994140625000000e-03
2.548217773437500000e-03
2.521514892578125000e-03
2.567291259765625000e-03
2.506256103515625000e-03
2.464294433593750000e-03
2.426147460937500000e-03
2.346038818359375000e-03
2.330780029296875000e-03
2.277374267578125000e-03
2.147674560546875000e-03
1.930236816406250000e-03
1.762390136718750000e-03
1.689910888671875000e-03
1.605987548828125000e-03
1.609802246093750000e-03
1.583099365234375000e-03
1.461029052734375000e-03
1.419067382812500000e-03
1.438140869140625000e-03
1.369476318359375000e-03
1.335144042968750000e-03
1.258850097656250000e-03
1.216888427734375000e-03
1.148223876953125000e-03
1.113891601562500000e-03
1.209259033203125000e-03
1.235961914062500000e-03
1.224517822265625000e-03
