9.918212890625000000e-05
3.051757812500000000e-04
4.844665527343750000e-04
6.752014160156250000e-04
9.307861328125000000e-04
1.243591308593750000e-03
1.586914062500000000e-03
2.006530761718750000e-03
2.494812011718750000e-03
2.994537353515625000e-03
3.612518310546875000e-03
4.261016845703125000e-03
4.970550537109375000e-03
5.798339843750000000e-03
6.782531738281250000e-03
7.801055908203125000e-03
9.014129638671875000e-03
1.026535034179687500e-02
1.142501831054687500e-02
1.271057128906250000e-02
1.419448852539062500e-02
1.572799682617187500e-02
1.732254028320312500e-02
1.903152465820312500e-02
2.082824707031250000e-02
2.253341674804687500e-02
2.445220947265625000e-02
2.649307250976562500e-02
2.853775024414062500e-02
3.059387207031250000e-02
3.271865844726562500e-02
3.498840332031250000e-02
3.750610351562500000e-02
4.011917114257812500e-02
4.280471801757812500e-02
4.574966430664062500e-02
4.877853393554687500e-02
5.173873901367187500e-02
5.475616455078125000e-02
5.798339843750000000e-02
6.137847900390625000e-02
6.492233276367187500e-02
6.863784790039062500e-02
7.226181030273437500e-02
7.629394531250000000e-02
8.024215698242187500e-02
8.428192138671875000e-02
8.852767944335937500e-02
9.276580810546875000e-02
9.692382812500000000e-02
1.008338928222656250e-01
1.052856445312500000e-01
1.099395751953125000e-01
1.146583557128906250e-01
1.194381713867187500e-01
1.243133544921875000e-01
1.296463012695312500e-01
1.346626281738281250e-01
1.396179199218750000e-01
1.445465087890625000e-01
1.493263244628906250e-01
1.541061401367187500e-01
1.584739685058593750e-01
1.631317138671875000e-01
1.676483154296875000e-01
1.720809936523437500e-01
1.765060424804687500e-01
1.806335449218750000e-01
1.848068237304687500e-01
1.892929077148437500e-01
1.934738159179687500e-01
1.975822448730468750e-01
2.016868591308593750e-01
2.058715820312500000e-01
2.098350524902343750e-01
2.136917114257812500e-01
2.178115844726562500e-01
2.214241027832031250e-01
2.251586914062500000e-01
2.289772033691406250e-01
2.327041625976562500e-01
2.365150451660156250e-01
2.403450012207031250e-01
2.440834045410156250e-01
2.476997375488281250e-01
2.512931823730468750e-01
2.550430297851562500e-01
2.586822509765625000e-01
2.622375488281250000e-01
2.658615112304687500e-01
2.695274353027343750e-01
2.731399536132812500e-01
2.768478393554687500e-01
2.805175781250000000e-01
2.840652465820312500e-01
2.875137329101562500e-01
2.911872863769531250e-01
2.947463989257812500e-01
2.985267639160156250e-01
3.021507263183593750e-01
3.057250976562500000e-01
3.091621398925781250e-01
3.124656677246093750e-01
3.159179687500000000e-01
3.192749023437500000e-01
3.225708007812500000e-01
3.259162902832031250e-01
3.294639587402343750e-01
3.329429626464843750e-01
3.364868164062500000e-01
3.401908874511718750e-01
3.438453674316406250e-01
3.473815917968750000e-01
3.511276245117187500e-01
3.549690246582031250e-01
3.587074279785156250e-01
3.626098632812500000e-01
3.665771484375000000e-01
3.703613281250000000e-01
3.741340637207031250e-01
3.779258728027343750e-01
3.816528320312500000e-01
3.852005004882812500e-01
3.890113830566406250e-01
3.927726745605468750e-01
3.964271545410156250e-01
4.000091552734375000e-01
4.035530090332031250e-01
4.071311950683593750e-01
4.106788635253906250e-01
4.141273498535156250e-01
4.176826477050781250e-01
4.213409423828125000e-01
4.248046875000000000e-01
4.283447265625000000e-01
4.319152832031250000e-01
4.351692199707031250e-01
4.385948181152343750e-01
4.419212341308593750e-01
4.452972412109375000e-01
4.486236572265625000e-01
4.520606994628906250e-01
4.554481506347656250e-01
4.586257934570312500e-01
4.619407653808593750e-01
4.650611877441406250e-01
4.683990478515625000e-01
4.715919494628906250e-01
4.747505187988281250e-01
4.778556823730468750e-01
4.810180664062500000e-01
4.840545654296875000e-01
4.871444702148437500e-01
4.902496337890625000e-01
4.930877685546875000e-01
4.960250854492187500e-01
4.989204406738281250e-01
5.017852783203125000e-01
5.048217773437500000e-01
5.077438354492187500e-01
5.107536315917968750e-01
5.137557983398437500e-01
5.168266296386718750e-01
5.198402404785156250e-01
5.228996276855468750e-01
5.258407592773437500e-01
5.287666320800781250e-01
5.317153930664062500e-01
5.347251892089843750e-01
5.376510620117187500e-01
5.406150817871093750e-01
5.434455871582031250e-01
5.464439392089843750e-01
5.492897033691406250e-01
5.521392822265625000e-01
5.548973083496093750e-01
5.576324462890625000e-01
5.604400634765625000e-01
5.630187988281250000e-01
5.655822753906250000e-01
5.682296752929687500e-01
5.708541870117187500e-01
5.733489990234375000e-01
5.759239196777343750e-01
5.785446166992187500e-01
5.810623168945312500e-01
5.836486816406250000e-01
5.861320495605468750e-01
5.885162353515625000e-01
5.909767150878906250e-01
5.933799743652343750e-01
5.958251953125000000e-01
5.983161926269531250e-01
6.008338928222656250e-01
6.031494140625000000e-01
6.054267883300781250e-01
6.077728271484375000e-01
6.102752685546875000e-01
6.127891540527343750e-01
6.151962280273437500e-01
