3.051757812500000000e-05
6.484985351562500000e-05
1.029968261718750000e-04
1.144409179687500000e-04
1.983642578125000000e-04
3.547668457031250000e-04
4.692077636718750000e-04
5.264282226562500000e-04
6.637573242187500000e-04
7.400512695312500000e-04
8.888244628906250000e-04
9.613037109375000000e-04
1.026153564453125000e-03
1.224517822265625000e-03
1.335144042968750000e-03
1.499176025390625000e-03
1.762390136718750000e-03
1.991271972656250000e-03
2.193450927734375000e-03
2.464294433593750000e-03
2.727508544921875000e-03
3.044128417968750000e-03
3.269195556640625000e-03
3.658294677734375000e-03
4.020690917968750000e-03
4.268646240234375000e-03
4.608154296875000000e-03
5.020141601562500000e-03
5.401611328125000000e-03
5.783081054687500000e-03
6.069183349609375000e-03
6.408691406250000000e-03
6.839752197265625000e-03
7.198333740234375000e-03
7.575988769531250000e-03
8.148193359375000000e-03
8.754730224609375000e-03
9.250640869140625000e-03
9.769439697265625000e-03
1.027297973632812500e-02
1.084518432617187500e-02
1.150894165039062500e-02
1.211929321289062500e-02
1.265716552734375000e-02
1.329803466796875000e-02
1.401519775390625000e-02
1.471328735351562500e-02
1.540374755859375000e-02
1.621246337890625000e-02
1.685714721679687500e-02
1.740646362304687500e-02
1.810836791992187500e-02
1.887130737304687500e-02
1.954269409179687500e-02
2.016830444335937500e-02
2.085876464843750000e-02
2.156066894531250000e-02
2.221298217773437500e-02
2.285766601562500000e-02
2.361679077148437500e-02
2.442169189453125000e-02
2.527618408203125000e-02
2.605056762695312500e-02
2.681732177734375000e-02
2.760696411132812500e-02
2.833938598632812500e-02
2.915954589843750000e-02
2.995681762695312500e-02
3.086853027343750000e-02
3.183746337890625000e-02
3.279876708984375000e-02
3.387069702148437500e-02
3.487777709960937500e-02
3.580093383789062500e-02
3.680419921875000000e-02
3.781890869140625000e-02
3.900527954101562500e-02
4.014587402343750000e-02
4.126358032226562500e-02
4.236984252929687500e-02
4.344940185546875000e-02
4.461288452148437500e-02
4.580307006835937500e-02
4.711914062500000000e-02
4.827117919921875000e-02
4.945755004882812500e-02
5.077362060546875000e-02
5.195999145507812500e-02
5.324554443359375000e-02
5.458450317382812500e-02
5.591964721679687500e-02
5.729293823242187500e-02
5.865478515625000000e-02
5.989456176757812500e-02
6.119155883789062500e-02
6.249237060546875000e-02
6.386184692382812500e-02
6.510925292968750000e-02
6.645584106445312500e-02
6.774902343750000000e-02
6.907272338867187500e-02
7.038879394531250000e-02
7.175064086914062500e-02
7.320785522460937500e-02
7.481765747070312500e-02
7.638168334960937500e-02
7.792663574218750000e-02
7.938003540039062500e-02
8.084487915039062500e-02
8.230590820312500000e-02
8.366775512695312500e-02
8.509826660156250000e-02
8.630371093750000000e-02
8.763122558593750000e-02
8.894729614257812500e-02
9.036636352539062500e-02
9.181594848632812500e-02
9.323501586914062500e-02
9.463500976562500000e-02
9.612274169921875000e-02
9.761428833007812500e-02
9.902191162109375000e-02
1.003952026367187500e-01
1.018600463867187500e-01
1.033477783203125000e-01
1.047134399414062500e-01
1.061439514160156250e-01
1.076126098632812500e-01
1.091613769531250000e-01
1.106033325195312500e-01
1.120185852050781250e-01
1.133422851562500000e-01
1.146850585937500000e-01
1.159667968750000000e-01
1.173973083496093750e-01
1.189422607421875000e-01
1.203880310058593750e-01
1.218414306640625000e-01
1.232109069824218750e-01
1.245803833007812500e-01
1.260490417480468750e-01
1.276092529296875000e-01
1.291770935058593750e-01
1.306838989257812500e-01
1.320571899414062500e-01
1.334266662597656250e-01
1.349334716796875000e-01
1.365165710449218750e-01
1.380424499511718750e-01
1.396064758300781250e-01
1.411399841308593750e-01
1.426506042480468750e-01
1.441383361816406250e-01
1.457138061523437500e-01
1.472702026367187500e-01
1.488914489746093750e-01
1.504249572753906250e-01
1.519699096679687500e-01
1.536445617675781250e-01
1.553039550781250000e-01
1.571044921875000000e-01
1.589355468750000000e-01
1.606903076171875000e-01
1.624794006347656250e-01
1.642684936523437500e-01
1.658172607421875000e-01
1.674613952636718750e-01
1.691436767578125000e-01
1.707534790039062500e-01
1.725196838378906250e-01
1.742630004882812500e-01
1.760063171386718750e-01
1.777877807617187500e-01
1.795578002929687500e-01
1.813964843750000000e-01
1.832504272460937500e-01
1.850242614746093750e-01
1.868438720703125000e-01
1.886482238769531250e-01
1.905174255371093750e-01
1.924438476562500000e-01
1.943550109863281250e-01
1.961021423339843750e-01
1.979713439941406250e-01
1.998786926269531250e-01
2.017402648925781250e-01
2.036285400390625000e-01
2.055282592773437500e-01
2.073020935058593750e-01
2.091751098632812500e-01
2.111282348632812500e-01
2.130279541015625000e-01
2.149963378906250000e-01
2.168807983398437500e-01
2.187080383300781250e-01
2.206192016601562500e-01
2.224884033203125000e-01
2.244606018066406250e-01
2.263984680175781250e-01
2.283592224121093750e-01
