-0.000000000000000000e+00
1.907348632812500000e-05
4.196166992187500000e-05
2.288818359375000000e-05
8.773803710937500000e-05
2.174377441406250000e-04
2.593994140625000000e-04
2.975463867187500000e-04
4.577636718750000000e-04
5.950927734375000000e-04
8.735656738281250000e-04
1.113891601562500000e-03
1.316070556640625000e-03
1.716613769531250000e-03
2.040863037109375000e-03
2.353668212890625000e-03
2.815246582031250000e-03
3.288269042968750000e-03
3.673553466796875000e-03
4.062652587890625000e-03
4.371643066406250000e-03
4.703521728515625000e-03
4.901885986328125000e-03
5.157470703125000000e-03
5.493164062500000000e-03
5.767822265625000000e-03
6.084442138671875000e-03
6.401062011718750000e-03
6.675720214843750000e-03
6.912231445312500000e-03
7.007598876953125000e-03
7.205963134765625000e-03
7.476806640625000000e-03
7.743835449218750000e-03
8.029937744140625000e-03
8.270263671875000000e-03
8.563995361328125000e-03
8.850097656250000000e-03
9.120941162109375000e-03
9.395599365234375000e-03
9.704589843750000000e-03
9.983062744140625000e-03
1.026535034179687500e-02
1.045989990234375000e-02
1.068496704101562500e-02
1.086425781250000000e-02
1.133346557617187500e-02
1.166534423828125000e-02
1.196670532226562500e-02
1.207733154296875000e-02
1.219940185546875000e-02
1.248550415039062500e-02
1.274871826171875000e-02
1.293182373046875000e-02
1.313400268554687500e-02
1.345825195312500000e-02
1.365280151367187500e-02
1.386260986328125000e-02
1.406478881835937500e-02
1.422119140625000000e-02
1.440811157226562500e-02
1.464843750000000000e-02
1.478576660156250000e-02
1.490402221679687500e-02
1.507568359375000000e-02
1.518249511718750000e-02
1.538467407226562500e-02
1.549530029296875000e-02
1.566696166992187500e-02
1.587295532226562500e-02
1.596450805664062500e-02
1.620101928710937500e-02
1.636886596679687500e-02
1.645660400390625000e-02
1.667785644531250000e-02
1.676177978515625000e-02
1.696395874023437500e-02
1.713180541992187500e-02
1.731491088867187500e-02
1.763534545898437500e-02
1.784896850585937500e-02
1.802444458007812500e-02
1.808166503906250000e-02
1.822662353515625000e-02
1.839065551757812500e-02
1.865386962890625000e-02
1.892852783203125000e-02
1.904678344726562500e-02
1.921463012695312500e-02
1.935958862304687500e-02
1.943588256835937500e-02
1.961517333984375000e-02
1.978683471679687500e-02
1.993179321289062500e-02
2.011489868164062500e-02
2.033233642578125000e-02
2.051162719726562500e-02
2.066040039062500000e-02
2.094268798828125000e-02
2.111053466796875000e-02
2.127838134765625000e-02
2.134323120117187500e-02
2.148818969726562500e-02
2.163314819335937500e-02
2.182769775390625000e-02
2.194213867187500000e-02
2.217483520507812500e-02
2.251434326171875000e-02
2.270126342773437500e-02
2.289962768554687500e-02
2.308273315429687500e-02
2.330017089843750000e-02
2.336883544921875000e-02
2.354812622070312500e-02
2.379989624023437500e-02
2.404785156250000000e-02
2.422714233398437500e-02
2.434921264648437500e-02
2.453994750976562500e-02
2.477645874023437500e-02
2.501296997070312500e-02
2.525329589843750000e-02
2.534866333007812500e-02
2.550506591796875000e-02
2.570343017578125000e-02
2.583694458007812500e-02
2.603530883789062500e-02
2.623367309570312500e-02
2.641296386718750000e-02
2.659225463867187500e-02
2.676391601562500000e-02
2.696990966796875000e-02
2.719116210937500000e-02
2.741241455078125000e-02
2.763366699218750000e-02
2.784347534179687500e-02
2.795791625976562500e-02
2.804183959960937500e-02
2.811813354492187500e-02
2.831268310546875000e-02
2.849578857421875000e-02
2.867889404296875000e-02
2.888488769531250000e-02
2.902984619140625000e-02
2.909469604492187500e-02
2.914428710937500000e-02
2.927398681640625000e-02
2.937698364257812500e-02
2.948760986328125000e-02
2.968978881835937500e-02
2.988433837890625000e-02
2.999496459960937500e-02
3.006744384765625000e-02
3.022766113281250000e-02
3.030395507812500000e-02
3.041076660156250000e-02
3.062438964843750000e-02
3.081130981445312500e-02
3.099441528320312500e-02
3.118515014648437500e-02
3.134155273437500000e-02
3.149795532226562500e-02
3.174972534179687500e-02
3.188323974609375000e-02
3.199005126953125000e-02
3.200912475585937500e-02
3.208923339843750000e-02
3.215789794921875000e-02
3.226470947265625000e-02
3.245544433593750000e-02
3.258895874023437500e-02
3.272247314453125000e-02
3.284835815429687500e-02
3.293991088867187500e-02
3.309631347656250000e-02
3.322982788085937500e-02
3.335571289062500000e-02
3.345870971679687500e-02
3.349304199218750000e-02
3.356170654296875000e-02
3.357315063476562500e-02
3.371429443359375000e-02
3.369903564453125000e-02
3.372192382812500000e-02
3.379440307617187500e-02
3.383255004882812500e-02
3.391647338867187500e-02
3.407287597656250000e-02
3.407287597656250000e-02
3.422164916992187500e-02
3.440475463867187500e-02
3.454208374023437500e-02
3.467559814453125000e-02
3.482818603515625000e-02
3.500366210937500000e-02
3.514480590820312500e-02
3.535079956054687500e-02
3.559875488281250000e-02
3.581237792968750000e-02
3.590774536132812500e-02
