3.051757812500000000e-05
1.449584960937500000e-04
4.272460937500000000e-04
9.536743164062500000e-04
1.716613769531250000e-03
2.704620361328125000e-03
3.757476806640625000e-03
4.817962646484375000e-03
6.072998046875000000e-03
7.335662841796875000e-03
8.636474609375000000e-03
9.956359863281250000e-03
1.121139526367187500e-02
1.248931884765625000e-02
1.377487182617187500e-02
1.493835449218750000e-02
1.623153686523437500e-02
1.761627197265625000e-02
1.905822753906250000e-02
2.062225341796875000e-02
2.208709716796875000e-02
2.361679077148437500e-02
2.506256103515625000e-02
2.655792236328125000e-02
2.816390991210937500e-02
2.977371215820312500e-02
3.133010864257812500e-02
3.286361694335937500e-02
3.442001342773437500e-02
3.603744506835937500e-02
3.782272338867187500e-02
3.956604003906250000e-02
4.118728637695312500e-02
4.286193847656250000e-02
4.460144042968750000e-02
4.645538330078125000e-02
4.838562011718750000e-02
5.031204223632812500e-02
5.215072631835937500e-02
5.405044555664062500e-02
5.609512329101562500e-02
5.805587768554687500e-02
5.995941162109375000e-02
6.192016601562500000e-02
6.397247314453125000e-02
6.603240966796875000e-02
6.813430786132812500e-02
7.023239135742187500e-02
7.228851318359375000e-02
7.437515258789062500e-02
7.646179199218750000e-02
7.863616943359375000e-02
8.087158203125000000e-02
8.295440673828125000e-02
8.500671386718750000e-02
8.706283569335937500e-02
8.908843994140625000e-02
9.096145629882812500e-02
9.278869628906250000e-02
9.476089477539062500e-02
9.672164916992187500e-02
9.876251220703125000e-02
1.007270812988281250e-01
1.026954650878906250e-01
1.045951843261718750e-01
1.064529418945312500e-01
1.084251403808593750e-01
1.103858947753906250e-01
1.124839782714843750e-01
1.145362854003906250e-01
1.164970397949218750e-01
1.183853149414062500e-01
1.202774047851562500e-01
1.221199035644531250e-01
1.239738464355468750e-01
1.258010864257812500e-01
1.278381347656250000e-01
1.298141479492187500e-01
1.316833496093750000e-01
1.335945129394531250e-01
1.355857849121093750e-01
1.375732421875000000e-01
1.394500732421875000e-01
1.414833068847656250e-01
1.434783935546875000e-01
1.455116271972656250e-01
1.476287841796875000e-01
1.496925354003906250e-01
1.516838073730468750e-01
1.535606384277343750e-01
1.553993225097656250e-01
1.573905944824218750e-01
1.593818664550781250e-01
1.613769531250000000e-01
1.633834838867187500e-01
1.655158996582031250e-01
1.675109863281250000e-01
1.694793701171875000e-01
1.714172363281250000e-01
1.732254028320312500e-01
1.750831604003906250e-01
1.768913269042968750e-01
1.786613464355468750e-01
1.805572509765625000e-01
1.825675964355468750e-01
1.845130920410156250e-01
1.864395141601562500e-01
1.883354187011718750e-01
1.901702880859375000e-01
1.920242309570312500e-01
1.939506530761718750e-01
1.959457397460937500e-01
1.977691650390625000e-01
1.996879577636718750e-01
2.016792297363281250e-01
2.037544250488281250e-01
2.059783935546875000e-01
2.081604003906250000e-01
2.103576660156250000e-01
2.127532958984375000e-01
2.152786254882812500e-01
2.179489135742187500e-01
2.206993103027343750e-01
2.235527038574218750e-01
2.264556884765625000e-01
2.294158935546875000e-01
2.324485778808593750e-01
2.355194091796875000e-01
2.387847900390625000e-01
2.420310974121093750e-01
2.453384399414062500e-01
2.487792968750000000e-01
2.522354125976562500e-01
2.556877136230468750e-01
2.591781616210937500e-01
2.626647949218750000e-01
2.660446166992187500e-01
2.694511413574218750e-01
2.728767395019531250e-01
2.763137817382812500e-01
2.796058654785156250e-01
2.830238342285156250e-01
2.864265441894531250e-01
2.897338867187500000e-01
2.928810119628906250e-01
2.960968017578125000e-01
2.995071411132812500e-01
3.028602600097656250e-01
3.062438964843750000e-01
3.098030090332031250e-01
3.133354187011718750e-01
3.168792724609375000e-01
3.202095031738281250e-01
3.235511779785156250e-01
3.268775939941406250e-01
3.302688598632812500e-01
3.336982727050781250e-01
3.371086120605468750e-01
3.406715393066406250e-01
3.443298339843750000e-01
3.478775024414062500e-01
3.515243530273437500e-01
3.551864624023437500e-01
3.588409423828125000e-01
3.625450134277343750e-01
3.661231994628906250e-01
3.698043823242187500e-01
3.735885620117187500e-01
3.773384094238281250e-01
3.811569213867187500e-01
3.849449157714843750e-01
3.888282775878906250e-01
3.927078247070312500e-01
3.964462280273437500e-01
4.003257751464843750e-01
4.041709899902343750e-01
4.081192016601562500e-01
4.121475219726562500e-01
4.161605834960937500e-01
4.202003479003906250e-01
4.242439270019531250e-01
4.284248352050781250e-01
4.326477050781250000e-01
4.370231628417968750e-01
4.415969848632812500e-01
4.461784362792968750e-01
4.508132934570312500e-01
4.555816650390625000e-01
4.603195190429687500e-01
4.652976989746093750e-01
4.703254699707031250e-01
4.753265380859375000e-01
4.805793762207031250e-01
4.859313964843750000e-01
4.913673400878906250e-01
4.969139099121093750e-01
5.025749206542968750e-01
5.085296630859375000e-01
5.144958496093750000e-01
5.206565856933593750e-01
