7.249180997229918468e-03
5.046912936288089346e-03
8.844635346260388414e-03
1.412407218836565434e-02
1.953612451523545693e-02
2.507791360110803863e-02
3.074658844875346672e-02
3.653933083102493817e-02
4.245334520775623233e-02
4.848586124653739976e-02
5.463413886426593535e-02
6.089545562326870859e-02
6.726713193905818622e-02
7.374649831024931990e-02
8.033092304709142650e-02
8.701779462603878579e-02
9.380453177285320854e-02
1.006885784210526380e-01
1.076674062326869880e-01
1.147385120775623324e-01
1.218994205540166326e-01
1.291476764265928334e-01
1.364808647922438056e-01
1.438965883933518430e-01
1.513924751800554414e-01
1.589661783102493120e-01
1.666153937950138608e-01
1.743378201662049987e-01
1.821312013296399468e-01
1.899932963157895116e-01
1.979219019667590451e-01
2.059148277285318684e-01
2.139699183379501490e-01
2.220850513019390626e-01
2.302581142105263323e-01
2.384870324653740048e-01
2.467697591966759307e-01
2.551042727423822876e-01
2.634885716066482919e-01
2.719206895844875627e-01
2.803986806371191465e-01
2.889206239335180282e-01
2.974846364542936272e-01
3.060888503047091702e-01
3.147314328808864525e-01
3.234105717451524198e-01
3.321244796675900668e-01
3.408714047091413457e-01
3.496496176177286141e-01
3.584574042659279813e-01
3.672930984210527328e-01
3.761550464542936512e-01
3.850416224653739894e-01
3.939512282825485268e-01
4.028822959833794903e-01
4.118332828531857115e-01
4.208026688642659829e-01
4.297889642382272668e-01
4.387907044044321858e-01
4.478064474792244343e-01
4.568347919113573963e-01
4.658743462326870310e-01
4.749237517451524448e-01
4.839816850415513683e-01
4.930468327977839404e-01
5.021179270637120551e-01
5.111937074515235935e-01
5.202729513850417042e-01
5.293544640166206738e-01
5.384370782271469258e-01
5.475196369806094587e-01
5.566010311357341145e-01
5.656801691966758527e-01
5.747559798337951165e-01
5.838274370914128264e-01
5.928935150138504584e-01
6.019532355401663315e-01
6.110056458171745364e-01
6.200498081163435815e-01
6.290848149584488125e-01
6.381097916343491105e-01
6.471238861218837624e-01
6.561262716066482703e-01
6.651161540443214504e-01
6.740927570360111254e-01
6.830553369529086538e-01
6.920031753739612768e-01
7.009355790858726731e-01
7.098518851246538031e-01
7.187514532132965872e-01
7.276336682825486069e-01
7.364979505540166782e-01
7.453437353739612581e-01
7.541704984210526597e-01
7.629777229362882940e-01
7.717649400554018602e-01
7.805316935180055538e-01
7.892775598337951060e-01
7.980021356786703990e-01
8.067050504986150727e-01
8.153859564265930615e-01
8.240445383656510581e-01
8.326804988642660943e-01
8.412935757617729937e-01
8.498835321052633507e-01
8.584501511080333547e-01
8.669932437119113322e-01
8.755126561495845117e-01
8.840082522991691283e-01
8.924799262880888095e-01
9.009275999722992090e-01
9.093512229362883392e-01
9.177507624099724426e-01
9.261262209141275514e-01
9.344776261772854697e-01
9.428050361772855048e-01
9.511085240166206045e-01
9.593882006094183179e-01
9.676441945152356450e-01
9.758766746260389979e-01
9.840858199168975862e-01
9.922718446537398540e-01
1.000434988310249462e+00
1.008575523130194052e+00
1.016693739002770158e+00
1.024789951024930756e+00
1.032864514626038899e+00
1.040917795318559769e+00
1.048950196426592818e+00
1.056962141440443093e+00
1.064954084099723142e+00
1.072926508393351908e+00
1.080879915955678783e+00
1.088814843711911617e+00
1.096731843711911347e+00
1.104631510858725907e+00
1.112514447617728885e+00
1.120381306869806526e+00
1.128232744016620437e+00
1.136069452271468272e+00
1.143892155096952967e+00
1.151701593601108131e+00
1.159498541662050020e+00
1.167283808448753568e+00
1.175058203130193935e+00
1.182822587811634518e+00
1.190577834681440850e+00
1.198324863822714859e+00
1.206064592797784218e+00
1.213797987063711892e+00
1.221526029722991735e+00
1.229249734127423999e+00
1.236970133795014082e+00
1.244688305096953052e+00
1.252405326925207785e+00
1.260122331108033400e+00
1.267840451994460160e+00
1.275560869307479583e+00
1.283284772853185540e+00
1.291013397811634267e+00
1.298747989445983464e+00
1.306489828310249290e+00
1.314240217645429532e+00
1.322000488421052777e+00
1.329772006897507186e+00
1.337556146897507015e+00
1.345354325096953296e+00
1.353167978337950439e+00
1.360998573711911463e+00
1.368847600997229907e+00
1.376716577700831223e+00
1.384607051578947701e+00
1.392520588033241191e+00
1.400458787756233114e+00
1.408423281689751061e+00
1.416415710858725863e+00
1.424437756620498652e+00
1.432491123019390855e+00
1.440577544349030958e+00
1.448698777590027964e+00
1.456856604930748089e+00
1.465052833767313212e+00
1.473289309307479256e+00
1.481567886842105608e+00
1.489890467036011135e+00
1.498258960637119275e+00
1.506675313684210815e+00
1.515141502465374046e+00
1.523659510831025132e+00
1.532231373047091783e+00
1.540859138504155235e+00
1.549544879279778575e+00
1.558290705263158271e+00
1.567098743988919907e+00
1.575971150720221869e+00
1.584910110969529384e+00
1.593917837977839591e+00
1.602996567673130368e+00
1.612148556149584744e+00
1.621376102354570747e+00
