3.549327700831026149e-04
2.672022160664819981e-06
3.640983102493075638e-04
7.450832963988919836e-04
1.139993047091412753e-03
1.548537673130194166e-03
1.970434847645429616e-03
2.405397202216066899e-03
2.853144930747922910e-03
3.313395706371191803e-03
3.785877285318560003e-03
4.270314903047091847e-03
4.766431274238228273e-03
5.273961717451524159e-03
5.792639030470915322e-03
6.322193490304710284e-03
6.862367977839336705e-03
7.412897811634349896e-03
7.973525872576178383e-03
8.544000083102494883e-03
9.124060803324101493e-03
9.713460997229920318e-03
1.031195362880886479e-02
1.091928914127424100e-02
1.153522301939058359e-02
1.215951831024930999e-02
1.279193049861496179e-02
1.343222515235457243e-02
1.408016783933518229e-02
1.473552412742382481e-02
1.539806714681440578e-02
1.606756750692520802e-02
1.674380085872576376e-02
1.742654537396122125e-02
1.811557922437673565e-02
1.881068310249307471e-02
1.951164022160664993e-02
2.021824135734072436e-02
2.093027476454293462e-02
2.164752617728532211e-02
2.236979645429363131e-02
2.309687637119113568e-02
2.382856678670360398e-02
2.456466603878116814e-02
2.530498002770083590e-02
2.604931213296399206e-02
2.679747077562327079e-02
2.754926437673130626e-02
2.830450639889197165e-02
2.906301030470914357e-02
2.982459711911358141e-02
3.058908030470914446e-02
3.135628592797784497e-02
3.212603753462604100e-02
3.289815867036011837e-02
3.367248044321330402e-02
3.444883396121883878e-02
3.522705285318560725e-02
3.600697074792244545e-02
3.678842883656509993e-02
3.757126578947369427e-02
3.835532279778394033e-02
3.914044861495846045e-02
3.992648695290859640e-02
4.071329160664820257e-02
4.150071132963989440e-02
4.228860243767313537e-02
4.307682124653739592e-02
4.386522911357341320e-02
4.465368235457064378e-02
4.544204988919668675e-02
4.623019559556786756e-02
4.701799091412742909e-02
4.780530224376731974e-02
4.859200606648200055e-02
4.937797634349030962e-02
5.016309207756233790e-02
5.094723479224377849e-02
5.173028349030472234e-02
5.251212725761773142e-02
5.329265013850415650e-02
5.407174626038781934e-02
5.484930218836565202e-02
5.562521457063712704e-02
5.639938005540166138e-02
5.717170033240998039e-02
5.794207204986150800e-02
5.871040193905818078e-02
5.947659673130194918e-02
6.024056315789474286e-02
6.100221299168975819e-02
6.176146052631580063e-02
6.251821753462605269e-02
6.327240587257618176e-02
6.402394235457065097e-02
6.477275135734074374e-02
6.551875725761772962e-02
6.626188947368422122e-02
6.700207238227147422e-02
6.773924296398893541e-02
6.847333567867036619e-02
6.920428246537396744e-02
6.993202534626040412e-02
7.065650634349031345e-02
7.137766747922438815e-02
7.209545329639889533e-02
7.280981590027701955e-02
7.352070235457064395e-02
7.422806980609419902e-02
7.493187036011081381e-02
7.563206116343491880e-02
7.632860440443213490e-02
7.702146227146815238e-02
7.771059947368420817e-02
7.839598072022160857e-02
7.907757828254848020e-02
7.975536191135736142e-02
8.042930891966761087e-02
8.109939157894738293e-02
8.176559224376732382e-02
8.242788822714683383e-02
8.308626692520777735e-02
8.374071321329640272e-02
8.439121448753464372e-02
8.503776066481995299e-02
8.568034670360112626e-02
8.631896504155124605e-02
8.695361315789475187e-02
8.758429609418284800e-02
8.821101132963991842e-02
8.883376390581719517e-02
8.945256138504156795e-02
9.006741385041552861e-02
9.067833390581719888e-02
9.128533163434902897e-02
9.188842720221607197e-02
9.248763573407203786e-02
9.308298243767315627e-02
9.367448747922439700e-02
9.426217858725763343e-02
9.484608096952910905e-02
9.542622739612190153e-02
9.600265063711911628e-02
9.657538598337951641e-02
9.714446872576178171e-02
9.770994171745153722e-02
9.827184277008310653e-02
9.883022229916897661e-02
9.938512063711912869e-02
9.993659072022162415e-02
1.004846854847645521e-01
1.010294553462603995e-01
1.015709582825484875e-01
1.021092522714681650e-01
1.026443978116343692e-01
1.031764579224376949e-01
1.037055006648199551e-01
1.042315915789473746e-01
1.047548012465374101e-01
1.052752027700831067e-01
1.057928717728532086e-01
1.063078838781163632e-01
1.068203197506925467e-01
1.073302600554016800e-01
1.078377930193906015e-01
1.083429993074792319e-01
1.088459721883656695e-01
1.093468024099723129e-01
1.098455832409972466e-01
1.103424129916897589e-01
1.108373849307479342e-01
1.113306024099723207e-01
1.118221713019390828e-01
1.123121924376731529e-01
1.128007767313019688e-01
1.132880325761772972e-01
1.137740734072022197e-01
1.142590151800554343e-01
1.147429713296398979e-01
1.152260653739612395e-01
1.157084183102493197e-01
1.161901511357340822e-01
1.166713949307479348e-01
1.171522757340720394e-01
1.176329246260388040e-01
1.181134777285318821e-01
1.185940661218836817e-01
1.190748334903047184e-01
1.195559184764543037e-01
1.200374647645429671e-01
1.205196135180055528e-01
1.210025185041551377e-01
1.214863234072022374e-01
1.219711870360111056e-01
1.224572606371191336e-01
1.229447004986149727e-01
1.234336654293628904e-01
1.239243218005540298e-01
1.244168284210526582e-01
1.249113541828255070e-01
