2.192081606648199794e-03
1.620773019390582071e-03
1.033855789473684316e-03
4.315063711911357831e-04
1.861038227146814730e-04
8.188008587257618928e-04
1.466410803324099971e-03
2.128767285318560170e-03
2.805698891966759267e-03
3.497039252077562780e-03
4.202627036011080848e-03
4.922293351800554294e-03
5.655879390581718819e-03
6.403221301939059432e-03
7.164162797783934361e-03
7.938542548476456781e-03
8.726206786703601809e-03
9.527001745152356704e-03
1.034077113573407362e-02
1.116736623268698228e-02
1.200663326869806126e-02
1.285842855955678793e-02
1.372259833795014261e-02
1.459900144044321522e-02
1.548749166204986191e-02
1.638792531855956178e-02
1.730016376731301903e-02
1.822406584487534786e-02
1.915949542936288066e-02
2.010631135734072122e-02
2.106438002770083182e-02
2.203357036011080808e-02
2.301374623268698238e-02
2.400478160664820323e-02
2.500654288088642943e-02
2.601890401662050253e-02
2.704173645429363421e-02
2.807491919667590846e-02
2.911832872576177941e-02
3.017183900277008515e-02
3.123533407202216255e-02
3.230869545706371859e-02
3.339180216066482687e-02
3.448454074792244028e-02
3.558679778393351867e-02
3.669845983379502186e-02
3.781941598337950489e-02
3.894955531855956443e-02
4.008876944598338543e-02
4.123695249307479660e-02
4.239399858725761971e-02
4.355980689750692941e-02
4.473427155124654053e-02
4.591729423822715067e-02
4.710877412742383447e-02
4.830861542936287778e-02
4.951671983379501985e-02
5.073299407202216255e-02
5.195734235457064032e-02
5.318967897506926557e-02
5.442990814404433109e-02
5.567794163434904020e-02
5.693369373961219837e-02
5.819708127423823402e-02
5.946801601108034352e-02
6.074641728531856438e-02
6.203220191135734585e-02
6.332529426592799215e-02
6.462561116343491785e-02
6.593307950138505014e-02
6.724762365650970020e-02
6.856916800554017921e-02
6.989764196675901653e-02
7.123297747922438528e-02
7.257510144044322653e-02
7.392394578947368566e-02
7.527944750692522335e-02
7.664154105263160099e-02
7.801016088642660773e-02
7.938524903047093628e-02
8.076674498614959397e-02
8.215458573407202758e-02
8.354872085872577792e-02
8.494908734072022238e-02
8.635563728531855943e-02
8.776831523545707003e-02
8.918707077562328112e-02
9.061185601108034948e-02
9.204261800554017214e-02
9.347931390581717959e-02
9.492189833795015852e-02
9.637032844875347004e-02
9.782455886426594249e-02
9.928455429362882667e-02
1.007502693628808954e-01
1.022216713019390710e-01
1.036987222991689883e-01
1.051813870637119258e-01
1.066696353462603941e-01
1.081634318559557134e-01
1.096627488642659548e-01
1.111675561218836567e-01
1.126778309418282609e-01
1.141935405540166343e-01
1.157146673130194092e-01
1.172411885318559721e-01
1.187730764819944773e-01
1.203103185595568031e-01
1.218528945983379658e-01
1.234007894736842276e-01
1.249539830193905909e-01
1.265124676731302078e-01
1.280762283102493126e-01
1.296452548476454414e-01
1.312195397229917182e-01
1.327990728531855957e-01
1.343838517174515412e-01
1.359738662326869796e-01
1.375691189196676101e-01
1.391696072576177334e-01
1.407753312465374051e-01
1.423862883656509815e-01
1.440024861772853382e-01
1.456239272022160913e-01
1.472506190027700890e-01
1.488825691412742624e-01
1.505197826592797883e-01
1.521622746814404736e-01
1.538100578116343431e-01
1.554631396121883835e-01
1.571215427700831113e-01
1.587852773684210739e-01
1.604543660941828709e-01
1.621288240720221430e-01
1.638086765096953279e-01
1.654939435734072428e-01
1.671846504709141590e-01
1.688808224099723476e-01
1.705824871191136127e-01
1.722896723268698416e-01
1.740024082825484819e-01
1.757207252354570926e-01
1.774446584764543255e-01
1.791742432963989162e-01
1.809095124653739839e-01
1.826505037950138521e-01
1.843972601385041599e-01
1.861498193074792862e-01
1.879082241551246757e-01
1.896725175346260506e-01
1.914427473407202818e-01
1.932189539058171979e-01
1.950011926869806289e-01
1.967895090581717743e-01
1.985839559556786815e-01
2.003845837950138653e-01
2.021914480332410169e-01
2.040046066481994436e-01
2.058241125761773316e-01
2.076500263157895210e-01
2.094824083656509905e-01
2.113213192243767746e-01
2.131668244321329730e-01
2.150189870083102917e-01
2.168778724930748580e-01
2.187435489473684436e-01
2.206160869529086299e-01
2.224955545706371607e-01
2.243820274238227663e-01
2.262755760941828620e-01
2.281762762049861781e-01
2.300842059002770612e-01
2.319994433240997467e-01
2.339220666204986643e-01
2.358521564542936655e-01
2.377897985318559726e-01
2.397350760387812196e-01
2.416880721606648463e-01
2.436488776454293903e-01
2.456175781994460183e-01
2.475942645706371570e-01
2.495790300277008766e-01
2.515719678393352199e-01
2.535731712742382848e-01
2.555827386426592907e-01
2.576007632132964464e-01
2.596273483379502034e-01
2.616625948476454244e-01
2.637066035734073055e-01
2.657594753462604320e-01
2.678213210803324640e-01
2.698922441274238526e-01
2.719723554016620914e-01
2.740617607756233309e-01
2.761605736842105974e-01
2.782689050415513288e-01
2.803868733240997835e-01
2.825145894459833995e-01
2.846521744044321900e-01
2.867997466759003578e-01
