9.364504986149586960e-04
2.238657977839335345e-03
5.390650941828255445e-03
8.519661994459835214e-03
1.162582473684210457e-02
1.470927024930748089e-02
1.777013465373961446e-02
2.080855155124654299e-02
2.382465202216067085e-02
2.681857218836565179e-02
2.979044313019390752e-02
3.274040096952909179e-02
3.566857930747923539e-02
3.857510922437673573e-02
4.146012684210526739e-02
4.432376576177285421e-02
4.716615958448754781e-02
4.998743939058172825e-02
5.278774382271468613e-02
5.556720144044322018e-02
5.832595088642660019e-02
6.106412324099724093e-02
6.378185210526317317e-02
6.647927360110804373e-02
6.915652132963989729e-02
7.181372637119114166e-02
7.445102484764544448e-02
7.706855288088644562e-02
7.966644155124655291e-02
8.224482445983380408e-02
8.480383772853186675e-02
8.734361747922439467e-02
8.986429227146816578e-02
9.236600074792244985e-02
9.484887650969531236e-02
9.731305063711911951e-02
9.975866177285319658e-02
1.021858409972299514e-01
1.045947244321329822e-01
1.069854456786703684e-01
1.093581408587257775e-01
1.117129410526316036e-01
1.140499823822714864e-01
1.163694009695290937e-01
1.186713304155124910e-01
1.209559018005540304e-01
1.232232562880886673e-01
1.254735224376731517e-01
1.277068363711911514e-01
1.299233342105263478e-01
1.321231495567867231e-01
1.343064185318559589e-01
1.364732722160665046e-01
1.386238492520775745e-01
1.407582832409972617e-01
1.428767103047091369e-01
1.449792615235457049e-01
1.470660730193906196e-01
1.491372809141274514e-01
1.511930213296398817e-01
1.532334253462604157e-01
1.552586316066482119e-01
1.572687737119113638e-01
1.592639852631579367e-01
1.612444023822715011e-01
1.632101611911357664e-01
1.651613952908587701e-01
1.670982382825484946e-01
1.690208313296398812e-01
1.709293029916897633e-01
1.728237919113573828e-01
1.747044316897507221e-01
1.765713584487534904e-01
1.784247057894736976e-01
1.802646123545706691e-01
1.820912117451523871e-01
1.839046375623268892e-01
1.857050284487535008e-01
1.874925180055402041e-01
1.892672398337950368e-01
1.910293325761772965e-01
1.927789298337950485e-01
1.945161677285318913e-01
1.962411823822714785e-01
1.979541073961219033e-01
1.996550814127424078e-01
2.013442355124653860e-01
2.030217108587258068e-01
2.046876385318559810e-01
2.063421571745152616e-01
2.079854003878116586e-01
2.096175042936288535e-01
2.112386075346260883e-01
2.128488411911357570e-01
2.144483439058172125e-01
2.160372518005540532e-01
2.176156984764542890e-01
2.191838225761773284e-01
2.207417577008310705e-01
2.222896424930748405e-01
2.238276105540166483e-01
2.253557980055402032e-01
2.268743409695291313e-01
2.283833780886426745e-01
2.298830429639889816e-01
2.313734691966759516e-01
2.328547979501385534e-01
2.343271628254847971e-01
2.357907024653740080e-01
2.372455479501385245e-01
2.386918404432133434e-01
2.401297135457064191e-01
2.415593033795014055e-01
2.429807485872576556e-01
2.443941852908587675e-01
2.457997470914127791e-01
2.471975726315789879e-01
2.485877980332410198e-01
2.499705568975069403e-01
2.513459903878116908e-01
2.527142321052631702e-01
2.540754206925208147e-01
2.554296897506925790e-01
2.567771779224377049e-01
2.581180213296399573e-01
2.594523560941828233e-01
2.607803208587258226e-01
2.621020492243767985e-01
2.634176798337950487e-01
2.647273488088642823e-01
2.660311947922437970e-01
2.673293513850415470e-01
2.686219572299169411e-01
2.699091484487535220e-01
2.711910636842105871e-01
2.724678365373961464e-01
2.737396081717451968e-01
2.750065121883656927e-01
2.762686872299169871e-01
2.775262694182826229e-01
2.787793948753462536e-01
2.800282022437673435e-01
2.812728301662050234e-01
2.825134122437673589e-01
2.837500871191136476e-01
2.849829909141274875e-01
2.862122647922437646e-01
2.874380398337950671e-01
2.886604597229917579e-01
2.898796555401662589e-01
2.910957684487535113e-01
2.923089370914127572e-01
2.935192950692521174e-01
2.947269785041551904e-01
2.959321310803324501e-01
2.971348863988919620e-01
2.983353805817174909e-01
2.995337547922437560e-01
3.007301426315789894e-01
3.019246827423823221e-01
3.031175162880886953e-01
3.043087768698061191e-01
3.054986006094183026e-01
3.066871311911357756e-01
3.078744996952908486e-01
3.090608498060942178e-01
3.102463151246537820e-01
3.114310342936288389e-01
3.126151459556786860e-01
3.137987862326870325e-01
3.149820962880887087e-01
3.161652097229917247e-01
3.173482677008310771e-01
3.185314063434903642e-01
3.197147642936288281e-01
3.208984776731302335e-01
3.220826876454294108e-01
3.232675303324100691e-01
3.244531443767313394e-01
3.256396659002770422e-01
3.268272360664820630e-01
3.280159909972299448e-01
3.292060693351801515e-01
3.303976097229917031e-01
3.315907508033241746e-01
3.327856286980609979e-01
3.339823820498615814e-01
3.351811520221606999e-01
3.363820722160664745e-01
3.375852837950139573e-01
3.387909279224377013e-01
3.399991356786704055e-01
3.412100532686980769e-01
3.424238142936288365e-01
3.436405573961219262e-01
3.448604237396121763e-01
3.460835469252078189e-01
3.473100731578948053e-01
3.485401335180055571e-01
3.497738691689751267e-01
