1.514658448753462936e-04
3.020418559556787490e-04
4.649671468144045416e-04
6.401358448753463430e-04
8.274471191135736401e-04
1.026795096952908644e-03
1.238076426592797825e-03
1.461187756232687224e-03
1.696025734072022229e-03
1.942481966759002955e-03
2.200458144044321798e-03
2.469845872576178006e-03
2.750544321329640145e-03
3.042447617728532595e-03
3.345452409972300093e-03
3.659455346260388677e-03
3.984353074792244820e-03
4.320039722991690298e-03
4.666411939058172885e-03
5.023368891966759411e-03
5.390802188365651296e-03
5.768613518005540931e-03
6.156691966759004174e-03
6.554941745152355510e-03
6.963251939058172531e-03
7.381524238227147629e-03
7.809652770083103449e-03
8.247534182825486462e-03
8.695062603878117580e-03
9.152137202216067968e-03
9.618654626038782365e-03
1.009451152354570898e-02
1.057960202216066785e-02
1.107382277008310545e-02
1.157707041551246652e-02
1.208924412742382395e-02
1.261023803324099954e-02
1.313994626038781331e-02
1.367827049861496114e-02
1.422510487534626132e-02
1.478034603878116728e-02
1.534389063711911680e-02
1.591563531855955810e-02
1.649547673130194111e-02
1.708331152354571059e-02
1.767903382271468135e-02
1.828254531855956141e-02
1.889373761772853225e-02
1.951251240997230185e-02
2.013876382271468160e-02
2.077238598337950715e-02
2.141328058171745527e-02
2.206134174515235469e-02
2.271646612188366054e-02
2.337855288088643013e-02
2.404749614958449216e-02
2.472319257617729138e-02
2.540554132963989201e-02
2.609443653739612276e-02
2.678977988919668124e-02
2.749146299168975585e-02
2.819938501385041776e-02
2.891344260387812212e-02
2.963353493074792275e-02
3.035955612188366223e-02
3.109140282548476797e-02
3.182897421052632153e-02
3.257216692520775725e-02
3.332087761772854068e-02
3.407500293628809573e-02
3.483443952908587410e-02
3.559908656509696429e-02
3.636884069252077634e-02
3.714359855955678968e-02
3.792325681440444213e-02
3.870771210526316453e-02
3.949686360110803846e-02
4.029060542936288569e-02
4.108883927977839690e-02
4.189145927977840078e-02
4.269836459833795811e-02
4.350944936288089065e-02
4.432461526315790296e-02
4.514375642659280985e-02
4.596676950138504220e-02
4.679355617728533229e-02
4.762400806094183037e-02
4.845802684210526179e-02
4.929551168975070119e-02
5.013635421052632657e-02
5.098045609418283552e-02
5.182771146814404983e-02
5.267802202216067403e-02
5.353128188365650908e-02
5.438739022160665737e-02
5.524624368421053588e-02
5.610774144044321926e-02
5.697178013850415917e-02
5.783825642659280730e-02
5.870706695290859450e-02
5.957811340720223225e-02
6.045128991689751458e-02
6.132649817174515988e-02
6.220362977839336005e-02
6.308258894736842870e-02
6.396326728531856465e-02
6.484556648199446549e-02
6.572938318559558291e-02
6.661461656509697071e-02
6.750116074792245069e-02
6.838891742382273431e-02
6.927778324099723162e-02
7.016765736842106582e-02
7.105843393351801707e-02
7.195001210526316693e-02
7.284229357340721300e-02
7.373516994459836105e-02
7.462854542936288305e-02
7.552231415512465629e-02
7.641637529085873459e-02
7.731062548476455576e-02
7.820496390581718749e-02
7.909928972299169747e-02
7.999349958448755127e-02
8.088749265927978882e-02
8.178116559556788956e-02
8.267441504155124965e-02
8.356714268698063608e-02
8.445924770083104716e-02
8.535062168975071639e-02
8.624116886426594353e-02
8.713078587257618024e-02
8.801936936288090596e-02
8.890681850415513288e-02
8.979303246537397032e-02
9.067790789473685609e-02
9.156134396121885788e-02
9.244323983379502951e-02
9.332349216066483655e-02
9.420200011080334668e-02
9.507866033240998382e-02
9.595337451523547334e-02
9.682603930747923915e-02
9.769655387811636282e-02
9.856481487534628216e-02
9.943072146814406487e-02
1.002941728254847648e-01
1.011550681163435050e-01
1.020133039889196819e-01
1.028687796121883768e-01
1.037213916343490278e-01
1.045710442659279760e-01
1.054176291135734272e-01
1.062610503878116536e-01
1.071012022160664906e-01
1.079379888088642797e-01
1.087713017728532128e-01
1.096010453185595757e-01
1.104271160941828339e-01
1.112494107479224392e-01
1.120678334903047191e-01
1.128822759279778515e-01
1.136926422714681639e-01
1.144988316897506964e-01
1.153007383102493261e-01
1.160982638227146951e-01
1.168913048753462830e-01
1.176797656786703755e-01
1.184635378393351923e-01
1.192425255678670470e-01
1.200166280332410212e-01
1.207857393628809090e-01
1.215497612465374078e-01
1.223085928531855993e-01
1.230621358725762088e-01
1.238102819113573450e-01
1.245529377008310484e-01
1.252899973684210855e-01
1.260213626038781398e-01
1.267469300554016909e-01
1.274666014127423808e-01
1.281802733240997305e-01
1.288878474792244100e-01
1.295892205263158015e-01
1.302842916343490420e-01
1.309729624930748293e-01
1.316551297506925455e-01
1.323306925761773001e-01
1.329995526592797905e-01
1.336616091689750707e-01
1.343167562326869902e-01
1.349649005817174785e-01
1.356059363434903298e-01
1.362397626869806255e-01
1.368662813019390634e-01
1.374853913573407527e-01
1.380969895013850757e-01
1.387009799445983738e-01
1.392972568144044410e-01
1.398857243213296742e-01
