2.530694371191136161e-02
1.907657451523546085e-02
1.279323878116343620e-02
6.459028753462604279e-03
7.601650969529086840e-05
6.353746038781164437e-03
1.282823218836565138e-02
1.934543288088642898e-02
2.590336678670360215e-02
3.250006770083103264e-02
3.913359966759002995e-02
4.580204185595568300e-02
5.250349864265928951e-02
5.923609457063713085e-02
6.599797939058173191e-02
7.278732301939058735e-02
7.960231554016621025e-02
8.644117224376730857e-02
9.330212858725762948e-02
1.001834427146814643e-01
1.070833954570637320e-01
1.140002878116343765e-01
1.209324459833795162e-01
1.278782138227146925e-01
1.348359603878116764e-01
1.418040749030471115e-01
1.487809718005540238e-01
1.557650856786703952e-01
1.627548687811634642e-01
1.697488036011080836e-01
1.767453902770083074e-01
1.837431491135734507e-01
1.907406256232687392e-01
1.977363854847645763e-01
2.047290195844875815e-01
2.117171389750693022e-01
2.186993723545706814e-01
2.256743786703601373e-01
2.326408319944598679e-01
2.395974316066482590e-01
2.465428994736842683e-01
2.534759777285318649e-01
2.603954286703601406e-01
2.673000448476454682e-01
2.741886314127424118e-01
2.810600187257618066e-01
2.879130623545707035e-01
2.947466355124654380e-01
3.015596366204986167e-01
3.083509867867036403e-01
3.151196222437673833e-01
3.218645094736842793e-01
3.285846326038781573e-01
3.352789984487534736e-01
3.419466390304709558e-01
3.485866014958448611e-01
3.551979632409972276e-01
3.617798193074792668e-01
3.683312849030471736e-01
3.748515029639889473e-01
3.813396315512466161e-01
3.877948564542936793e-01
3.942163811080332536e-01
4.006034341551247269e-01
4.069552694459834252e-01
4.132711509141275275e-01
4.195503803047091473e-01
4.257922669252077741e-01
4.319961528531856554e-01
4.381613978116344343e-01
4.442873816897507377e-01
4.503735070637119864e-01
4.564192067590028823e-01
4.624239211634350033e-01
4.683871234349031853e-01
4.743083094182826698e-01
4.801869875623269168e-01
4.860226965650970010e-01
4.918149927700831703e-01
4.975634602493075320e-01
5.032676981994460563e-01
5.089273335457064062e-01
5.145420108587257513e-01
5.201113973961218884e-01
5.256351881440444185e-01
5.311130906925207729e-01
5.365448403601109639e-01
5.419301976731303316e-01
5.472689382825485227e-01
5.525608605263159223e-01
5.578057929916898638e-01
5.630035768698061771e-01
5.681540785595569076e-01
5.732571871468143954e-01
5.783128144044321628e-01
5.833208922714682165e-01
5.882813778947368899e-01
5.931942435457064899e-01
5.980594942659280822e-01
6.028771477008311175e-01
6.076472467036012626e-01
6.123698568144044785e-01
6.170450662603879088e-01
6.216729834349031814e-01
6.262537394182826622e-01
6.307874879778394561e-01
6.352744055678670732e-01
6.397146862880886964e-01
6.441085519667589798e-01
6.484562420775624725e-01
6.527580238227147502e-01
6.570141795290860287e-01
6.612250167313019622e-01
6.653908656509696096e-01
6.695120791966758800e-01
6.735890304432133879e-01
6.776221126315790100e-01
6.816117467313019818e-01
6.855583713573407678e-01
6.894624478116344601e-01
6.933244600831026672e-01
6.971449148476455138e-01
7.009243389473684971e-01
7.046632844321329969e-01
7.083623209972299550e-01
7.120220435457065289e-01
7.156430671468144711e-01
7.192260320775624161e-01
7.227715962603877831e-01
7.262804428254847622e-01
7.297532775900278379e-01
7.331908240166206125e-01
7.365938307756233483e-01
7.399630717451524120e-01
7.432993334072024449e-01
7.466034350138506248e-01
7.498762134626039133e-01
7.531185207756233568e-01
7.563312467867038258e-01
7.595152863711912561e-01
7.626715671745153413e-01
7.658010344875346709e-01
7.689046588088643830e-01
7.719834308033243220e-01
7.750383638227148486e-01
7.780704888642658856e-01
7.810808671745153031e-01
7.840705751246538346e-01
7.870407142936289846e-01
7.899924089473685518e-01
7.929268009972300080e-01
7.958450600831025179e-01
7.987483734903046972e-01
8.016379537119115994e-01
8.045150334072024290e-01
8.073808679224377949e-01
8.102367327700832345e-01
8.130839286703601676e-01
8.159237790304709748e-01
8.187576249030472653e-01
8.215868300277009428e-01
8.244127833518005710e-01
8.272368965096953408e-01
8.300605987811635611e-01
8.328853421329641682e-01
8.357126037396123142e-01
8.385438834626040006e-01
8.413806962880887585e-01
8.442245899722993219e-01
8.470771223545708883e-01
8.499398815235457150e-01
8.528144732132965089e-01
8.557025308864267821e-01
8.586057056509696084e-01
8.615256687811636560e-01
8.644641192797785090e-01
8.674227737950138684e-01
8.704033691412743634e-01
8.734076749030472708e-01
8.764374682271469652e-01
8.794945565096954354e-01
8.825807698337950757e-01
8.856979584487536528e-01
8.888479927700831951e-01
8.920327709418284234e-01
8.952542037119113338e-01
8.985142320775625357e-01
9.018148172022162345e-01
9.051579404155125630e-01
9.085456057340721703e-01
9.119798423822715883e-01
9.154626947091414335e-01
9.189962373130194928e-01
9.225825599168976376e-01
9.262237774515237332e-01
9.299220275346261610e-01
9.336794704709143744e-01
9.374982842105263892e-01
9.413806719113575472e-01
9.453288594182827076e-01
