1.015219695290858889e-03
3.524825761772853983e-04
3.226340720221607247e-04
1.009885734072022432e-03
1.709037977839335167e-03
2.419851329639889376e-03
3.142093878116343844e-03
3.875531191135735045e-03
4.619933878116344941e-03
5.375072548476455062e-03
6.140722853185596325e-03
6.916657922437673654e-03
7.702655927977840496e-03
8.498495041551248561e-03
9.303960997229918442e-03
1.011883196675900445e-02
1.094289620498615188e-02
1.177593692520775837e-02
1.261774994459833980e-02
1.346812099722991853e-02
1.432684842105263340e-02
1.519372047091412971e-02
1.606853800554016928e-02
1.695110188365651221e-02
1.784121044321329910e-02
1.873866706371191126e-02
1.964327764542936339e-02
2.055484808864265975e-02
2.147318681440443452e-02
2.239810728531856435e-02
2.332942044321330288e-02
2.426693975069252676e-02
2.521048371191136200e-02
2.615987335180056106e-02
2.711492465373961311e-02
2.807546116343490397e-02
2.904131146814405151e-02
3.001229659279778736e-02
3.098825016620499265e-02
3.196900077562327136e-02
3.295437952908587820e-02
3.394422257617728950e-02
3.493836354570637598e-02
3.593664614958449327e-02
3.693890653739612812e-02
3.794498842105263614e-02
3.895473551246537297e-02
3.996799404432133801e-02
4.098461277008311199e-02
4.200444296398892635e-02
4.302733590027701255e-02
4.405314285318559508e-02
4.508172518005540419e-02
4.611293667590028733e-02
4.714663869806094698e-02
4.818269512465375021e-02
4.922096731301939254e-02
5.026132418282548697e-02
5.130362961218837281e-02
5.234775504155125131e-02
5.339357443213297444e-02
5.444095922437673651e-02
5.548978590027701246e-02
5.653993346260388630e-02
5.759127839335180521e-02
5.864370725761773595e-02
5.969709905817174866e-02
6.075134036011081012e-02
6.180632024930748925e-02
6.286192781163435495e-02
6.391805465373961992e-02
6.497459490304709206e-02
6.603144268698060704e-02
6.708849465373961651e-02
6.814565249307480421e-02
6.920281537396122395e-02
7.025988750692523099e-02
7.131677562326871334e-02
7.237338645429364226e-02
7.342962673130194740e-02
7.448541074792246197e-02
7.554064775623270389e-02
7.659525709141276617e-02
7.764915556786704254e-02
7.870226000000000999e-02
7.975449224376733592e-02
8.080577415512466000e-02
8.185603263157895104e-02
8.290519457063713626e-02
8.395318939058173113e-02
8.499994398891967673e-02
8.604539534626040598e-02
8.708947540166205037e-02
8.813212365650971436e-02
8.917327709141274761e-02
9.021287772853187059e-02
9.125086759002770664e-02
9.228719121883657839e-02
9.332179315789473906e-02
9.435462551246538709e-02
9.538563786703602165e-02
9.641477980609419740e-02
9.744201099722993309e-02
9.846728354570639941e-02
9.949055711911358735e-02
1.005117913850415573e-01
1.015309510526315739e-01
1.025479983102493137e-01
1.035629003878116572e-01
1.045756245152354713e-01
1.055861429639889382e-01
1.065944254847645545e-01
1.076004468698061045e-01
1.086041844321329886e-01
1.096056154847645514e-01
1.106047198614958649e-01
1.116014799168975197e-01
1.125958805263158058e-01
1.135879040443213417e-01
1.145775429085872793e-01
1.155647845152354691e-01
1.165496213019390631e-01
1.175320482271468292e-01
1.185120577285318916e-01
1.194896523268698108e-01
1.204648269806094379e-01
1.214375867313019636e-01
1.224079340997230175e-01
1.233758741274238457e-01
1.243414143767313240e-01
1.253045649307479303e-01
1.262653383933518003e-01
1.272237473684210696e-01
1.281798069806094342e-01
1.291335348753462620e-01
1.300849512188365920e-01
1.310340736565097086e-01
1.319809324376731430e-01
1.329255452077562349e-01
1.338679447368421316e-01
1.348081587534626369e-01
1.357462175069252264e-01
1.366821537673130471e-01
1.376160053462603949e-01
1.385478075346260607e-01
1.394775981440443402e-01
1.404054200277008446e-01
1.413313185595568289e-01
1.422553315512465610e-01
1.431775144598338156e-01
1.440979101385041761e-01
1.450165715235457176e-01
1.459335490304709548e-01
1.468489031578947279e-01
1.477626843213296626e-01
1.486749580609418586e-01
1.495857773130194190e-01
1.504952101385041707e-01
1.514033195567867363e-01
1.523101736288088870e-01
1.532158378947368615e-01
1.541203854570637466e-01
1.550238894182825733e-01
1.559264203601108123e-01
1.568280589473684539e-01
1.577288808033241174e-01
1.586289691135734092e-01
1.595284020221607035e-01
1.604272677562326999e-01
1.613256520221606760e-01
1.622236405263158265e-01
1.631213265373961663e-01
1.640188008033241218e-01
1.649161565927977913e-01
1.658134922160665048e-01
1.667109034626039210e-01
1.676084911634349306e-01
1.685063586703601235e-01
1.694046093351800897e-01
1.703033490304709519e-01
1.712026836288088882e-01
1.721027265650969806e-01
1.730035862326870233e-01
1.739053785872576308e-01
1.748082195844875841e-01
1.757122277008310585e-01
1.766175188919667793e-01
1.775242191966759087e-01
1.784324496121883763e-01
1.793423361772853442e-01
1.802540074515235624e-01
1.811675919944598645e-01
1.820832234072022326e-01
1.830010327700830886e-01
1.839211562049861692e-01
1.848437298337950729e-01
1.857688973407202182e-01
1.866967948476454253e-01
1.876275685595568121e-01
1.885613646814404687e-01
