7.190033518005541427e-04
3.206174515235457492e-04
7.666182825484765839e-05
4.727966759002770903e-04
8.677467590027702167e-04
1.261474265927977831e-03
1.653938864265928335e-03
2.045107783933518362e-03
2.434940692520775989e-03
2.823402299168975647e-03
3.210462354570637472e-03
3.596080526315789758e-03
3.980226565096953509e-03
4.362867700831025465e-03
4.743971163434904104e-03
5.123506703601108693e-03
5.501441551246539011e-03
5.877747977839336418e-03
6.252395734072022787e-03
6.625357091412742948e-03
6.996601800554017037e-03
7.366107174515237541e-03
7.733842963988921126e-03
8.099786481994459414e-03
8.463912520775624532e-03
8.826193351800555240e-03
9.186611329639890813e-03
9.545138725761773482e-03
9.901755373961221296e-03
1.025644110803324190e-02
1.060917576177285333e-02
1.095993664819944896e-02
1.130870612188365938e-02
1.165546653739612387e-02
1.200020024930748344e-02
1.234288961218836696e-02
1.268351698060942064e-02
1.302206975069252273e-02
1.335853027700831253e-02
1.369288847645429470e-02
1.402512670360111027e-02
1.435523487534626219e-02
1.468320038781163565e-02
1.500901063711911586e-02
1.533265806094183045e-02
1.565413005540166463e-02
1.597342157894737075e-02
1.629051750692520756e-02
1.660541783933518201e-02
1.691810997229916888e-02
1.722859138504155563e-02
1.753685451523545949e-02
1.784289684210526444e-02
1.814671080332410161e-02
1.844829639889197098e-02
1.874765110803324614e-02
1.904476988919668115e-02
1.933965526315789898e-02
1.963230470914127668e-02
1.992271822714681770e-02
2.021089833795014154e-02
2.049684504155125167e-02
2.078056085872576411e-02
2.106205335180055468e-02
2.134132000000000390e-02
2.161837088642659666e-02
2.189320601108033643e-02
2.216583545706371505e-02
2.243626678670360489e-02
2.270450504155125185e-02
2.297055778393352135e-02
2.323443509695291218e-02
2.349614706371191616e-02
2.375570376731302169e-02
2.401311781163435050e-02
2.426839675900277146e-02
2.452155825484765225e-02
2.477261238227147083e-02
2.502157426592798231e-02
2.526845650969529455e-02
2.551327675900277175e-02
2.575605265927978157e-02
2.599679681440443535e-02
2.623552939058172023e-02
2.647226803324100042e-02
2.670703290858726306e-02
2.693984418282548837e-02
2.717071950138504749e-02
2.739968155124654012e-02
2.762675049861496382e-02
2.785195155124654473e-02
2.807530739612188950e-02
2.829684324099723466e-02
2.851657925207756739e-02
2.873454567867036666e-02
2.895076772853185862e-02
2.916527060941829022e-02
2.937808457063711964e-02
2.958923481994460078e-02
2.979875160664820222e-02
3.000666518005540642e-02
3.021300831024931188e-02
3.041780620498615167e-02
3.062109667590028061e-02
3.082290997229917423e-02
3.102328138504155744e-02
3.122224116343490924e-02
3.141982459833795455e-02
3.161607202216067114e-02
3.181101620498615751e-02
3.200469243767313510e-02
3.219714357340720118e-02
3.238840238227147506e-02
3.257851171745153318e-02
3.276750939058171996e-02
3.295543825484764655e-02
3.314233864265928031e-02
3.332825088642659556e-02
3.351321783933518261e-02
3.369728739612188467e-02
3.388049736842105308e-02
3.406289817174516094e-02
3.424453013850416172e-02
3.442544368421052853e-02
3.460568670360111843e-02
3.478530204986150093e-02
3.496434265927977902e-02
3.514285390581717988e-02
3.532089124653740170e-02
3.549850005540166470e-02
3.567573326869806494e-02
3.585264382271468458e-02
3.602928213296398979e-02
3.620570617728532253e-02
3.638196637119114202e-02
3.655811817174516032e-02
3.673421955678670553e-02
3.691032598337951054e-02
3.708649290858725966e-02
3.726277831024930876e-02
3.743924268698061580e-02
3.761594149584487901e-02
3.779294027700832309e-02
3.797029700831025534e-02
3.814807218836566149e-02
3.832632883656510170e-02
3.850512745152355476e-02
3.868453609418283368e-02
3.886461778393352634e-02
3.904543554016620677e-02
3.922705742382272265e-02
3.940954645429363412e-02
3.959297321329640490e-02
3.977740576177286186e-02
3.996290963988920197e-02
4.014955542936288202e-02
4.033741371191136571e-02
4.052655759002770502e-02
4.071705260387811776e-02
4.090897689750692956e-02
4.110240105263159027e-02
4.129739817174515881e-02
4.149404387811634481e-02
4.169241127423823495e-02
4.189257850415513407e-02
4.209462119113574485e-02
4.229861495844875613e-02
4.250464047091413039e-02
4.271277335180055645e-02
4.292309678670360590e-02
4.313568639889197448e-02
4.335062789473684980e-02
4.356799941828255057e-02
4.378788415512465532e-02
4.401036781163435163e-02
4.423552853185597211e-02
4.446345454293629262e-02
4.469422903047091944e-02
4.492794022160665618e-02
4.516467382271469044e-02
4.540451806094183973e-02
4.564755612188366868e-02
4.589388379501385673e-02
4.614358426592798240e-02
4.639675332409972514e-02
4.665347667590027947e-02
4.691385011080333178e-02
4.717796437673130866e-02
4.744591022160665056e-02
4.771778595567868070e-02
4.799368232686981872e-02
4.827369512465375101e-02
4.855792265927977996e-02
4.884646072022161278e-02
4.913940257617729901e-02
4.943685409972300299e-02
4.973890603878116518e-02
5.004566426592799155e-02
5.035722457063712687e-02
5.067369030470914720e-02
