1.850980332409972440e-04
9.851569252077563808e-04
1.773534542936288597e-03
2.550372049861495977e-03
3.315810609418283397e-03
4.069986343490305039e-03
4.813042936288089609e-03
5.545113988919668328e-03
6.266335623268699286e-03
6.976849002770083887e-03
7.676787728531857258e-03
8.366285401662050189e-03
9.045478144044322502e-03
9.714499556786704987e-03
1.037348072022160721e-02
1.102255775623268812e-02
1.166185670360110962e-02
1.229151368421052722e-02
1.291165725761773096e-02
1.352241346260387930e-02
1.412391590027700997e-02
1.471629060941828486e-02
1.529966362880886763e-02
1.587416351800554140e-02
1.643991631578947329e-02
1.699704554016620919e-02
1.754567470914127764e-02
1.808593238227147390e-02
1.861793703601108060e-02
1.914181470914127700e-02
1.965768387811634918e-02
2.016566806094183262e-02
2.066588573407202728e-02
2.115845789473684568e-02
2.164350049861496136e-02
2.212113706371191327e-02
2.259148102493075544e-02
2.305464833795014060e-02
2.351076000000000207e-02
2.395992440443213758e-02
2.440226254847645618e-02
2.483788786703601537e-02
2.526690875346260939e-02
2.568944368421052782e-02
2.610559853185595927e-02
2.651548925207756341e-02
2.691922675900277132e-02
2.731691440443213478e-02
2.770866814404432388e-02
2.809459385041551682e-02
2.847479991689751133e-02
2.884939221606648563e-02
2.921847662049861793e-02
2.958215900277008995e-02
2.994054523545706947e-02
3.029373867036011178e-02
3.064184265927978601e-02
3.098496055401662314e-02
3.132319318559557281e-02
3.165664390581717641e-02
3.198541102493075022e-02
3.230959537396121961e-02
3.262929778393352381e-02
3.294461404432133533e-02
3.325564498614959341e-02
3.356248387811635453e-02
3.386523155124654405e-02
3.416398127423823233e-02
3.445882631578948280e-02
3.474986498614959091e-02
3.503718803324100406e-02
3.532088872576177874e-02
3.560106033240997836e-02
3.587779360110803645e-02
3.615117927977839346e-02
3.642130811634349680e-02
3.668826833795014314e-02
3.695214817174515692e-02
3.721303836565097167e-02
3.747102462603878192e-02
3.772619265927978222e-02
3.797863069252078311e-02
3.822842191135734230e-02
3.847564950138505219e-02
3.872040168975070251e-02
3.896275662049862587e-02
3.920280000000000986e-02
3.944061249307480310e-02
3.967627224376732431e-02
3.990986495844875415e-02
4.014146626038781612e-02
4.037115681440443804e-02
4.059901476454294555e-02
4.082511573407202055e-02
4.104953786703601643e-02
4.127235678670360119e-02
4.149364811634349837e-02
4.171348495844875992e-02
4.193194545706371151e-02
4.214909767313020084e-02
4.236501722991690977e-02
4.257977470914127427e-02
4.279344321329640183e-02
4.300609080332410544e-02
4.321778806094183495e-02
4.342860304709141722e-02
4.363860634349030904e-02
4.384786349030471431e-02
4.405644254847645991e-02
4.426440905817175669e-02
4.447182855955678776e-02
4.467876407202216182e-02
4.488528365650969881e-02
4.509145033240998662e-02
4.529732207756233253e-02
4.550296695290859117e-02
4.570844041551246767e-02
4.591380800554016595e-02
4.611912518005540501e-02
4.632445495844875888e-02
4.652985279778393962e-02
4.673537919667589829e-02
4.694108961218836779e-02
4.714704202216066925e-02
4.735328936288088486e-02
4.755988709141274751e-02
4.776689066481995538e-02
4.797435554016620668e-02
4.818232961218836541e-02
4.839087085872576660e-02
4.860002465373961661e-02
4.880984645429363444e-02
4.902038415512465636e-02
4.923168565096953941e-02
4.944380387811635191e-02
4.965678421052632796e-02
4.987067202216067391e-02
5.008551772853186285e-02
5.030136418282548511e-02
5.051825927977839775e-02
5.073624335180056122e-02
5.095536177285319573e-02
5.117565991689750765e-02
5.139717811634349903e-02
5.161995922437673245e-02
5.184404357340720998e-02
5.206946897506926214e-02
5.229627828254848620e-02
5.252450678670361056e-02
5.275419734072023248e-02
5.298538271468145044e-02
5.321810324099723877e-02
5.345239168975070287e-02
5.368828587257618717e-02
5.392581855955679709e-02
5.416502504155125408e-02
5.440593808864266356e-02
5.464859047091413791e-02
5.489301243767313876e-02
5.513923675900277849e-02
5.538729368421053262e-02
5.563721094182826760e-02
5.588901878116344507e-02
5.614274745152355445e-02
5.639841963988920237e-02
5.665606811634350121e-02
5.691571304709142076e-02
5.717738468144045044e-02
5.744110570637119689e-02
5.770690132963989666e-02
5.797479423822716332e-02
5.824480459833796669e-02
5.851695761772854332e-02
5.879127346260389075e-02
5.906777229916897881e-02
5.934647681440444189e-02
5.962739961218836704e-02
5.991056590027701162e-02
6.019598828254849043e-02
6.048368944598338931e-02
6.077367947368422091e-02
6.106597601108033901e-02
6.136059670360111823e-02
6.165755415512466642e-02
6.195686096952909838e-02
6.225852975069252199e-02
6.256257310249307979e-02
6.286900362880887272e-02
6.317783141274238567e-02
6.348906653739613826e-02
6.380271656509696465e-02
6.411879157894738446e-02
6.443729914127424574e-02
6.475824429362882217e-02
6.508163963988920775e-02
6.540748518005541634e-02
6.573578595567867999e-02
6.606655204986150443e-02
6.639978094182827362e-02
6.673547767313020573e-02
