2.471733933518005782e-03
1.517053185595568189e-03
5.548504432132964287e-04
4.147457340720222445e-04
1.391604265927978050e-03
2.375594072022161208e-03
3.366584072022160961e-03
4.364453268698061106e-03
5.369070581717452946e-03
6.380315013850416592e-03
7.398060526315791002e-03
8.422186121883657589e-03
9.452570803324100365e-03
1.048909609418282630e-02
1.153164099722991769e-02
1.258009207756232914e-02
1.363432833795013947e-02
1.469424138504155271e-02
1.575971274238227235e-02
1.683063149584487772e-02
1.790688925207756590e-02
1.898837257617728633e-02
2.007497559556787117e-02
2.116658991689750885e-02
2.226310966759002807e-02
2.336443149584487705e-02
2.447045204986150052e-02
2.558106545706371679e-02
2.669617592797783948e-02
2.781567759002770424e-02
2.893947717451523724e-02
3.006747637119113956e-02
3.119957939058172480e-02
3.233568792243767670e-02
3.347571373961218816e-02
3.461956105263157973e-02
3.576713911357341097e-02
3.691835969529086436e-02
3.807313204986150640e-02
3.923137299168975162e-02
4.039299177285318732e-02
4.155790520775623498e-02
4.272603011080332996e-02
4.389728329639890070e-02
4.507158662049862152e-02
4.624885437673131872e-02
4.742901598337950775e-02
4.861198825484765174e-02
4.979769556786704104e-02
5.098606481994460982e-02
5.217702038781164148e-02
5.337049421052632303e-02
5.456640814404432882e-02
5.576469916897507095e-02
5.696529418282549745e-02
5.816813016620499266e-02
5.937313653739613450e-02
6.058024775623269131e-02
6.178940584487535581e-02
6.300054274238227336e-02
6.421360047091413670e-02
6.542851601108035098e-02
6.664523642659279934e-02
6.786369869806094246e-02
6.908384736842106133e-02
7.030562950138503908e-02
7.152898963988919834e-02
7.275387736842105213e-02
7.398023975069253910e-02
7.520802637119115841e-02
7.643719185595568288e-02
7.766768326869806505e-02
7.889945775623270763e-02
8.013247246537398560e-02
8.136667950138505578e-02
8.260203601108036253e-02
8.383850418282549899e-02
8.507604116343492340e-02
8.631461166204987268e-02
8.755417282548477731e-02
8.879469188365653187e-02
9.003613354570637328e-02
9.127846504155125162e-02
9.252165108033241769e-02
9.376566141274240984e-02
9.501046578947369703e-02
9.625603648199448914e-02
9.750234324099725514e-02
9.874936337950139531e-02
9.999706916897509179e-02
1.012454379224377032e-01
1.024944444321329862e-01
1.037440710526315868e-01
1.049942976177285492e-01
1.062451014404432181e-01
1.074964673961218836e-01
1.087483778393351919e-01
1.100008201662049934e-01
1.112537767313019482e-01
1.125072374515235507e-01
1.137611897229917068e-01
1.150156259833795130e-01
1.162705336288088753e-01
1.175259076177285478e-01
1.187817378670360247e-01
1.200380243767313337e-01
1.212947570637119277e-01
1.225519384487534780e-01
1.238095660110803548e-01
1.250676372299169281e-01
1.263261546260388002e-01
1.275851207202216286e-01
1.288445380332410017e-01
1.301044116066482070e-01
1.313647464819944766e-01
1.326255527423823022e-01
1.338868354293628882e-01
1.351486071468144257e-01
1.364108779778393510e-01
1.376736580055401837e-01
1.389369623545706478e-01
1.402008061495844948e-01
1.414652045152354765e-01
1.427301750969529326e-01
1.439957380609418469e-01
1.452619085318559711e-01
1.465287091966759325e-01
1.477961652631579192e-01
1.490642943767312989e-01
1.503331267867036025e-01
1.516026851800554298e-01
1.528729998060942008e-01
1.541440933518005985e-01
1.554160011080332748e-01
1.566887508033241172e-01
1.579623752077562449e-01
1.592369070914127771e-01
1.605123817451523660e-01
1.617888344598338302e-01
1.630663030470914654e-01
1.643448253185595676e-01
1.656244416066482150e-01
1.669051922437673197e-01
1.681871175623268766e-01
1.694702629362880852e-01
1.707546712188365845e-01
1.720403903047091898e-01
1.733274655678670451e-01
1.746159449030471045e-01
1.759058812465374433e-01
1.771973199722991776e-01
1.784903165373961653e-01
1.797849238781163705e-01
1.810811949307479518e-01
1.823791851523546004e-01
1.836789550415512673e-01
1.849805600554016716e-01
1.862840581717451760e-01
1.875895149307479637e-01
1.888969857894737259e-01
1.902065388088643172e-01
1.915182370083102770e-01
1.928321459279778438e-01
1.941483336288089001e-01
1.954668656509695734e-01
1.967878125761773067e-01
1.981112449861496261e-01
1.994372359833795072e-01
2.007658561495845040e-01
2.020971836288088797e-01
2.034312915235457209e-01
2.047682554570637303e-01
2.061081560941828428e-01
2.074510690581717609e-01
2.087970800554017070e-01
2.101462672299169165e-01
2.114987137673130235e-01
2.128545078947368663e-01
2.142137302770083240e-01
2.155764691412742906e-01
2.169428127146814933e-01
2.183128517451523865e-01
2.196866744598338639e-01
2.210643741274238572e-01
2.224460440166205200e-01
2.238317748753463066e-01
2.252216675346260522e-01
2.266158152631579381e-01
2.280143163711911836e-01
2.294172716897507069e-01
2.308247795290858939e-01
2.322369432409972512e-01
2.336538661772853409e-01
2.350756516897507253e-01
2.365024031301939389e-01
2.379342288919667758e-01
2.393712398891967019e-01
2.408135394736842516e-01
2.422612410803324789e-01
2.437144581440443547e-01
