2.886875429362881305e-03
2.010484930747922627e-03
1.857047839335180259e-03
1.874390775623268821e-03
2.379327340720222093e-03
3.599138227146814802e-03
4.922356371191136983e-03
6.273509750692522063e-03
7.652202603878117092e-03
9.058039168975070415e-03
1.049063376731302136e-02
1.194958811634349270e-02
1.343451653739612464e-02
1.494503083102493093e-02
1.648074783933518167e-02
1.804127936288088888e-02
1.962624980609418632e-02
2.123527349030470898e-02
2.286796977839335512e-02
2.452397567867035943e-02
2.620289542936288588e-02
2.790436855955679210e-02
2.962802199445983831e-02
3.137348770083103061e-02
3.314038756232687288e-02
3.492836867036011594e-02
3.673705038781164417e-02
3.856608484764543349e-02
4.041509897506925797e-02
4.228373734072023160e-02
4.417164451523546143e-02
4.607846254847645234e-02
4.800383601108033915e-02
4.994740947368421502e-02
5.190883759002770659e-02
5.388776745152354386e-02
5.588384867036011450e-02
5.789673590027701738e-02
5.992609135734072723e-02
6.197156717451524771e-02
6.403282556786704660e-02
6.610952119113573666e-02
6.820132130193906628e-02
7.030788811634350322e-02
7.242889393351802096e-02
7.456399340720222535e-02
7.671287144044322548e-02
7.887518520775624320e-02
8.105061457063712782e-02
8.323883434903046885e-02
8.543951936288089744e-02
8.765234191135735931e-02
8.987699445983381163e-02
9.211314930747924179e-02
9.436049387811636102e-02
9.661870551246538874e-02
9.888747919667592590e-02
1.011664973130194101e-01
1.034554523268698262e-01
1.057540417451523634e-01
1.080619479501385288e-01
1.103788709695290998e-01
1.127045083102493350e-01
1.150385600000000119e-01
1.173807210249307592e-01
1.197306964542936558e-01
1.220881913573407251e-01
1.244529108033241016e-01
1.268245598614958780e-01
1.292028436011080639e-01
1.315874822160665036e-01
1.339781832963989061e-01
1.363746569529085961e-01
1.387766259002770342e-01
1.411838027700831333e-01
1.435959052354570664e-01
1.460126585318559933e-01
1.484337803324100036e-01
1.508590009141274613e-01
1.532880429916897713e-01
1.557206318005540102e-01
1.581565051800554178e-01
1.605953833240997553e-01
1.630370040720222069e-01
1.654811002216066418e-01
1.679274121329640268e-01
1.703756700831025317e-01
1.728256219944598326e-01
1.752770107479224571e-01
1.777295666204986302e-01
1.801830501385041639e-01
1.826371966204986264e-01
1.850917590304709259e-01
1.875464827700831227e-01
1.900011233240997688e-01
1.924554336565097445e-01
1.949091692520776020e-01
1.973620881163435092e-01
1.998139457340720737e-01
2.022645026315789685e-01
2.047135218559557046e-01
2.071607664542936544e-01
2.096060045152354778e-01
2.120489990858726026e-01
2.144895232963989207e-01
2.169273401939058321e-01
2.193622279501385164e-01
2.217939596952908654e-01
2.242223136011081142e-01
2.266470602770083442e-01
2.290679854570637497e-01
2.314848647922437830e-01
2.338974890581717869e-01
2.363056313850415702e-01
2.387090800277008595e-01
2.411076333240997627e-01
2.435010669252078153e-01
2.458891791689750972e-01
2.482717633518005951e-01
2.506486102493075130e-01
2.530195156786704258e-01
2.553842830193905900e-01
2.577427106094182796e-01
2.600945917451524259e-01
2.624397398891966660e-01
2.647779584210526727e-01
2.671090456786703871e-01
2.694328126038781912e-01
2.717490827423823530e-01
2.740576468698061596e-01
2.763583310526316339e-01
2.786509487534626350e-01
2.809353159556786661e-01
2.832112486426593412e-01
2.854785703601108171e-01
2.877371021329640510e-01
2.899866649861496670e-01
2.922270900277008643e-01
2.944581957617729007e-01
2.966798233795014395e-01
2.988917913850415720e-01
3.010939359279778404e-01
3.032860906371191989e-01
3.054680967036011441e-01
3.076397877562327410e-01
3.098009974238227771e-01
3.119515719390581476e-01
3.140913550138504373e-01
3.162201878393351984e-01
3.183379141274238489e-01
3.204443901939058037e-01
3.225394597506925365e-01
3.246229740720221746e-01
3.266947819113574236e-01
3.287547446260388195e-01
3.308027160110803555e-01
3.328385523822715575e-01
3.348621150969529614e-01
3.368732655124653808e-01
3.388718624653739853e-01
3.408577824376731735e-01
3.428308767036011284e-01
3.447910217451524151e-01
3.467380915235457328e-01
3.486719499168975944e-01
3.505924708864266437e-01
3.524995309141275013e-01
3.543930115235457978e-01
3.562727841551246999e-01
3.581387353739612367e-01
3.599907416620499179e-01
3.618286845429363185e-01
3.636524606648200431e-01
3.654619439889197352e-01
3.672570362049862314e-01
3.690376137950139301e-01
3.708035809695291452e-01
3.725548242936289611e-01
3.742912429362881821e-01
3.760127335457064679e-01
3.777191952908587336e-01
3.794105273407202272e-01
3.810866339058171515e-01
3.827474191966758754e-01
3.843927874238227682e-01
3.860226503601109083e-01
3.876369096952909654e-01
3.892354822437673612e-01
3.908182797783933404e-01
3.923852241551247233e-01
3.939362145429363693e-01
3.954711803601108633e-01
3.969900409418283260e-01
3.984927181440444111e-01
3.999791338227147164e-01
4.014492073130194738e-01
4.029028705540166899e-01
4.043400529639890051e-01
4.057606814404433049e-01
4.071646879224377624e-01
