1.050671883656509927e-03
7.840595290858726977e-04
5.164136565096953116e-04
2.477922437673130184e-04
2.173916897506925422e-05
2.921301662049862261e-04
5.633177285318560724e-04
8.352463988919668668e-04
1.107860720221606971e-03
1.381107756232687273e-03
1.654932049861496026e-03
1.929280664819944986e-03
2.204100664819944825e-03
2.479341634349030692e-03
2.754953157894737305e-03
3.030887340720222339e-03
3.307093767313019645e-03
3.583522022160665239e-03
3.860131772853186115e-03
4.136870083102493593e-03
4.413696620498615969e-03
4.690566011080333012e-03
4.967435401662050054e-03
5.244259418282548602e-03
5.521000249307479041e-03
5.797615041551246705e-03
6.074063462603878152e-03
6.350307700831026372e-03
6.626307423822715321e-03
6.902029861495845645e-03
7.177437202216068596e-03
7.452489113573408132e-03
7.727157867036012553e-03
8.001405650969531380e-03
8.275202216066483013e-03
8.548512271468146004e-03
8.821308088642660847e-03
9.093556897506927320e-03
9.365230969529085917e-03
9.636300055401664580e-03
9.906738947368423295e-03
1.017651991689750776e-02
1.044561775623269011e-02
1.071400725761773032e-02
1.098166321329640052e-02
1.124856293628808887e-02
1.151468626038781341e-02
1.178000797783933760e-02
1.204451044321329725e-02
1.230817349030471040e-02
1.257097947368421287e-02
1.283290822714681576e-02
1.309394210526316008e-02
1.335406598337950460e-02
1.361326725761773104e-02
1.387152828254847869e-02
1.412883897506925397e-02
1.438518168975069268e-02
1.464054634349030645e-02
1.489492537396121946e-02
1.514830617728532038e-02
1.540067867036011215e-02
1.565203781163435406e-02
1.590237351800554214e-02
1.615167822714681789e-02
1.639995193905817439e-02
1.664718204986150030e-02
1.689337108033241164e-02
1.713851398891966943e-02
1.738260825484764724e-02
1.762565135734072211e-02
1.786764833795014343e-02
1.810859163434903191e-02
1.834848880886426684e-02
1.858733986149584821e-02
1.882514983379501503e-02
1.906192124653739717e-02
1.929765662049861760e-02
1.953236603878116470e-02
1.976605454293629133e-02
1.999872969529086289e-02
2.023039905817174827e-02
2.046107271468144279e-02
2.069076074792243827e-02
2.091947576177285995e-02
2.114722531855955934e-02
2.137402706371191452e-02
2.159989360110803683e-02
2.182483753462604106e-02
2.204887650969529489e-02
2.227202565096953260e-02
2.249430260387812186e-02
2.271572501385041645e-02
2.293631304709141394e-02
2.315608434903047505e-02
2.337506160664820296e-02
2.359326498614958828e-02
2.381071969529086063e-02
2.402744590027701063e-02
2.424346880886426789e-02
2.445881362880886895e-02
2.467350808864266290e-02
2.488757739612188630e-02
2.510104675900277221e-02
2.531395146814404903e-02
2.552631421052631647e-02
2.573817027700831331e-02
2.594954739612188518e-02
2.616048085872576395e-02
2.637100091412742861e-02
2.658114285318560061e-02
2.679094196675900832e-02
2.700043354570637669e-02
2.720965288088643061e-02
2.741863778393352144e-02
2.762742858725762349e-02
2.783606058171745473e-02
2.804457914127424581e-02
2.825301955678670776e-02
2.846142720221606776e-02
2.866984493074792306e-02
2.887831307479224799e-02
2.908687952908587532e-02
2.929558966759003222e-02
2.950448634349030902e-02
2.971361997229917187e-02
2.992303592797784101e-02
3.013278462603878605e-02
3.034291396121883977e-02
3.055347939058172119e-02
3.076452628808865053e-02
3.097611011080332946e-02
3.118828379501385750e-02
3.140110279778393632e-02
3.161461753462604246e-02
3.182888850415513393e-02
3.204397116343490892e-02
3.225992349030471634e-02
3.247680094182826133e-02
3.269466653739612483e-02
3.291357825484764882e-02
3.313359911357340731e-02
3.335478961218837218e-02
3.357721529085873347e-02
3.380093412742382619e-02
3.402601670360111408e-02
3.425252603878117114e-02
3.448052767313019434e-02
3.471009218836565435e-02
3.494128260387812518e-02
3.517417202216066574e-02
3.540882850415513067e-02
3.564532515235457194e-02
3.588373002770083725e-02
3.612411875346260848e-02
3.636656191135734933e-02
3.661113512465374864e-02
3.685791653739613205e-02
3.710697673130194246e-02
3.735839637119114237e-02
3.761225360110803662e-02
3.786862404432133483e-02
3.812759088642660166e-02
3.838922975069252591e-02
3.865362886426593203e-02
3.892086385041551577e-02
3.919102041551247168e-02
3.946418174515235744e-02
3.974043354570638148e-02
4.001986152354571058e-02
4.030255390581717612e-02
4.058859387811634967e-02
4.087807470914128077e-02
4.117108210526315704e-02
4.146770429362882371e-02
4.176803958448754156e-02
4.207217368421052595e-02
4.238019986149585416e-02
4.269221390581718484e-02
4.300830908587258139e-02
4.332858119113573714e-02
4.365312349030471550e-02
4.398203933518006481e-02
4.431542199445984154e-02
4.465337229916898493e-02
4.499598855955679044e-02
4.534337160664820426e-02
4.569562479224376778e-02
4.605284642659280420e-02
4.641514490304710083e-02
4.678262105263158999e-02
4.715538074792244294e-02
4.753352986149585874e-02
4.791717678670360386e-02
4.830642739612189818e-02
4.870138756232687827e-02
4.910217324099724195e-02
4.950888778393352369e-02
4.992164714681441434e-02
5.034056224376732419e-02
