2.972206204986150256e-03
3.472360858725762230e-03
4.072305457063712421e-03
4.770146897506925832e-03
5.564009722991689923e-03
6.452033601108034255e-03
7.432373324099723552e-03
8.503203850415513160e-03
9.662715263157895321e-03
1.090911529085872647e-02
1.224062678670360255e-02
1.365548772853185724e-02
1.515195878116343611e-02
1.672831069252078001e-02
1.838283437673130655e-02
2.011383587257617803e-02
2.191964138504155432e-02
2.379858972299169276e-02
2.574903734072022179e-02
2.776936085872576399e-02
2.985794698060942332e-02
3.201320257617729093e-02
3.423355468144045205e-02
3.651744041551247683e-02
3.886331958448754204e-02
4.126966459833795314e-02
4.373496803324100624e-02
4.625773254847645455e-02
4.883648853185596633e-02
5.146976889196677035e-02
5.415613678670360559e-02
5.689416545706372369e-02
5.968244326869806549e-02
6.251957875346260407e-02
6.540419556786704336e-02
6.833493249307480422e-02
7.131045099722992109e-02
7.432942515235457792e-02
7.739054163434905265e-02
8.049250980609419515e-02
8.363405667590027848e-02
8.681391681440443764e-02
9.003085504155125540e-02
9.328363869806095832e-02
9.657106285318560468e-02
9.989193518005541617e-02
1.032450784764542967e-01
1.066293357063712033e-01
1.100435624376731453e-01
1.134866318836565274e-01
1.169574374238227382e-01
1.204548875623268900e-01
1.239779034072022307e-01
1.275254287534626219e-01
1.310964200000000190e-01
1.346898537119113892e-01
1.383047190581717656e-01
1.419400228531856045e-01
1.455947920775623461e-01
1.492680663157895105e-01
1.529589053185595737e-01
1.566663839612188469e-01
1.603895897229917211e-01
1.641276327700831317e-01
1.678796383933518210e-01
1.716447495290859271e-01
1.754221217174515846e-01
1.792109281440443513e-01
1.830103621606648523e-01
1.868196347645429689e-01
1.906379670360111023e-01
1.944646002216066927e-01
1.982987932132964093e-01
2.021398225484764832e-01
2.059869798891967307e-01
2.098395695013850759e-01
2.136969208587257696e-01
2.175583735180055545e-01
2.214232872022161014e-01
2.252910342382271613e-01
2.291610071191136078e-01
2.330326159833795152e-01
2.369052835734072049e-01
2.407784527977839539e-01
2.446515842105263516e-01
2.485241484487535069e-01
2.523956413573407165e-01
2.562655688642659357e-01
2.601334570637119370e-01
2.639988496952909158e-01
2.678613005817174764e-01
2.717203887534626605e-01
2.755757058448753960e-01
2.794268611357341170e-01
2.832734765096953655e-01
2.871151965373962001e-01
2.909516809141274307e-01
2.947826044598338413e-01
2.986076571191135787e-01
3.024265490027701064e-01
3.062390053462604733e-01
3.100447665096953132e-01
3.138435955401662758e-01
3.176352655678670867e-01
3.214195698891966768e-01
3.251963169252077845e-01
3.289653302216066777e-01
3.327264534903047744e-01
3.364795455678670222e-01
3.402244829362881529e-01
3.439611572022160946e-01
3.476894776177285595e-01
3.514093710803324888e-01
3.551207770914127648e-01
3.588236553185596422e-01
3.625179855955679709e-01
3.662037553185596428e-01
3.698809745706371777e-01
3.735496736011081342e-01
3.772098902216067251e-01
3.808616849307480123e-01
3.845051333518006431e-01
3.881403287534626600e-01
3.917673795290859129e-01
3.953864117174515358e-01
3.989975690027701138e-01
4.026010127146814610e-01
4.061969142659280774e-01
4.097854677562327019e-01
4.133668849307479687e-01
4.169413901385042309e-01
4.205092253739612929e-01
4.240706527977839424e-01
4.276259471745152974e-01
4.311753983933518386e-01
4.347193215512465958e-01
4.382580367867036641e-01
4.417918919667590538e-01
4.453212475623268829e-01
4.488464741274239000e-01
4.523679674238227366e-01
4.558861383379501642e-01
4.594014128808865394e-01
4.629142347091413368e-01
4.664250600831025828e-01
4.699343704709141867e-01
4.734426523822715671e-01
4.769504225761773686e-01
4.804582053739612779e-01
4.839665402216066781e-01
4.874759917728532788e-01
4.909871347645430317e-01
4.945005615789474507e-01
4.980168822437673892e-01
5.015367244321330409e-01
5.050607309418283508e-01
5.085895647368421368e-01
5.121238963434904257e-01
5.156644240166206039e-01
5.192118560941828553e-01
5.227669185595569257e-01
5.263303575623269337e-01
5.299029293351801284e-01
5.334854127977840532e-01
5.370786045152355914e-01
5.406833086149585021e-01
5.443003569529086816e-01
5.479305889473684577e-01
5.515748692243768181e-01
5.552340724930747706e-01
5.589090911080333290e-01
5.626008375900277692e-01
5.663102370637119742e-01
5.700382348199447557e-01
5.737857912742383437e-01
5.775538844875346411e-01
5.813435051246538254e-01
5.851556640166205581e-01
5.889913896398893955e-01
5.928517281163435682e-01
5.967377356509696584e-01
6.006504911357342102e-01
6.045910885872576301e-01
6.085606396675902197e-01
6.125602686426593335e-01
6.165911224653740641e-01
6.206543606925208900e-01
6.247511630470914401e-01
6.288827193351801403e-01
6.330502420498616001e-01
6.372549588088642913e-01
6.414981123545706598e-01
6.457809655955679684e-01
6.501047965650970095e-01
6.544708959002771831e-01
6.588805769252078504e-01
6.633351680886426793e-01
6.678360129639889786e-01
6.723844702493075864e-01
6.769819188088643802e-01
