0.259410 
2.012804 
4.275264 
6.527985 
8.770980 
11.004264 
13.227852 
15.441758 
17.645999 
19.840592 
22.025552 
24.200898 
26.366647 
28.522817 
30.669427 
32.806496 
34.934044 
37.052090 
39.160657 
41.259763 
43.349432 
45.429685 
47.500545 
49.562034 
51.614176 
53.656995 
55.690515 
57.714761 
59.729758 
61.735533 
63.732111 
65.719519 
67.697785 
69.666935 
71.626998 
73.578004 
75.519980 
77.452956 
79.376963 
81.292031 
83.198191 
85.095474 
86.983913 
88.863539 
90.734385 
92.596486 
94.449874 
96.294584 
98.130651 
99.958110 
101.776996 
103.587347 
105.389197 
107.182586 
108.967549 
110.744126 
112.512354 
114.272274 
116.023923 
117.767343 
119.502573 
121.229654 
122.948629 
124.659538 
126.362425 
128.057331 
129.744300 
131.423375 
133.094602 
134.758025 
136.413688 
138.061637 
139.701919 
141.334580 
142.959667 
144.577228 
146.187310 
147.789962 
149.385233 
150.973172 
152.553830 
154.127256 
155.693501 
157.252617 
158.804655 
160.349668 
161.887707 
163.418828 
164.943082 
166.460524 
167.971210 
169.475193 
170.972529 
172.463275 
173.947486 
175.425220 
176.896535 
178.361487 
179.820136 
181.272540 
182.718759 
184.158852 
185.592880 
187.020903 
188.442982 
189.859179 
191.269557 
192.674178 
194.073105 
195.466401 
196.854131 
198.236359 
199.613150 
200.984570 
202.350684 
203.711559 
205.067261 
206.417859 
207.763419 
209.104010 
210.439701 
211.770562 
213.096661 
214.418068 
215.734856 
217.047094 
218.354854 
219.658209 
220.957230 
222.251991 
223.542566 
224.829028 
226.111451 
227.389911 
228.664483 
229.935242 
231.202266 
232.465630 
233.725413 
234.981691 
236.234543 
237.484048 
238.730284 
239.973332 
241.213272 
242.450183 
243.684147 
244.915246 
246.143562 
247.369176 
248.592172 
249.812634 
251.030644 
252.246288 
253.459650 
254.670816 
255.879871 
257.086901 
258.291994 
259.495236 
260.696715 
261.896518 
263.094736 
264.291456 
265.486769 
266.680763 
267.873531 
269.065162 
270.255748 
271.445381 
272.634153 
273.822157 
275.009487 
276.196236 
277.382498 
278.568368 
279.753942 
280.939315 
282.124583 
283.309843 
284.495191 
285.680726 
286.866545 
288.052747 
289.239431 
290.426696 
291.614643 
292.803371 
293.992981 
295.183575 
296.375255 
297.568123 
298.762281 
299.957833 
301.154882 
302.353534 
303.553891 
304.756060 
305.960145 
307.166254 
