10.039348 
7.567740 
5.075120 
2.562318 
0.030156 
2.520552 
5.089002 
7.674397 
10.275951 
12.892884 
15.524428 
18.169821 
20.828311 
23.499154 
26.181616 
28.874971 
31.578501 
34.291498 
37.013262 
39.743102 
42.480336 
45.224290 
47.974300 
50.729709 
53.489870 
56.254144 
59.021902 
61.792523 
64.565393 
67.339910 
70.115479 
72.891513 
75.667435 
78.442676 
81.216677 
83.988887 
86.758762 
89.525770 
92.289385 
95.049091 
97.804381 
100.554756 
103.299725 
106.038809 
108.771534 
111.497436 
114.216061 
116.926962 
119.629702 
122.323853 
125.008993 
127.684712 
130.350607 
133.006284 
135.651359 
138.285454 
140.908203 
143.519247 
146.118235 
148.704827 
151.278689 
153.839498 
156.386938 
158.920703 
161.440497 
163.946028 
166.437019 
168.913196 
171.374298 
173.820071 
176.250269 
178.664655 
181.063004 
183.445094 
185.810716 
188.159670 
190.491761 
192.806806 
195.104629 
197.385065 
199.647955 
201.893151 
204.120512 
206.329906 
208.521212 
210.694314 
212.849107 
214.985496 
217.103392 
219.202715 
221.283397 
223.345375 
225.388596 
227.413016 
229.418600 
231.405321 
233.373162 
235.322112 
237.252173 
239.163352 
241.055666 
242.929141 
244.783812 
246.619722 
248.436923 
250.235476 
252.015451 
253.776925 
255.519986 
257.244729 
258.951260 
260.639691 
262.310144 
263.962750 
265.597649 
267.214989 
268.814926 
270.397627 
271.963266 
273.512026 
275.044099 
276.559686 
278.058996 
279.542248 
281.009668 
282.461492 
283.897964 
285.319338 
286.725875 
288.117846 
289.495531 
290.859217 
292.209201 
293.545790 
294.869296 
296.180044 
297.478366 
298.764600 
300.039099 
301.302218 
302.554325 
303.795795 
305.027013 
306.248372 
307.460274 
308.663128 
309.857355 
311.043382 
312.221646 
313.392593 
314.556676 
315.714359 
316.866113 
318.012419 
319.153766 
320.290652 
321.423583 
322.553075 
323.679653 
324.803849 
325.926204 
327.047269 
328.167604 
329.287776 
330.408361 
331.529945 
332.653123 
333.778496 
334.906678 
336.038287 
337.173953 
338.314313 
339.460015 
340.611714 
341.770073 
342.935766 
344.109474 
345.291886 
346.483704 
347.685633 
348.898390 
350.122701 
351.359300 
352.608929 
353.872341 
355.150294 
356.443558 
357.752911 
359.079139 
360.423037 
361.785410 
363.167069 
364.568837 
365.991543 
367.436026 
368.903134 
370.393724 
371.908660 
373.448816 
375.015075 
