0.538095 
0.387632 
0.237221 
0.086860 
0.063450 
0.213711 
0.363923 
0.514087 
0.664203 
0.814272 
0.964295 
1.114270 
1.264200 
1.414084 
1.563922 
1.713715 
1.863463 
2.013166 
2.162823 
2.312435 
2.462002 
2.611523 
2.760999 
2.910429 
3.059812 
3.209150 
3.358440 
3.507684 
3.656879 
3.806026 
3.955124 
4.104173 
4.253172 
4.402119 
4.551015 
4.699858 
4.848648 
4.997383 
5.146063 
5.294687 
5.443253 
5.591760 
5.740207 
5.888593 
6.036917 
6.185177 
6.333372 
6.481500 
6.629560 
6.777550 
6.925469 
7.073314 
7.221086 
7.368780 
7.516397 
7.663933 
7.811388 
7.958758 
8.106043 
8.253239 
8.400346 
8.547360 
8.694279 
8.841102 
8.987825 
9.134448 
9.280966 
9.427378 
9.573681 
9.719872 
9.865950 
10.011911 
10.157752 
10.303471 
10.449065 
10.594531 
10.739867 
10.885068 
11.030133 
11.175058 
11.319839 
11.464475 
11.608961 
11.753294 
11.897471 
12.041489 
12.185343 
12.329032 
12.472550 
12.615895 
12.759063 
12.902050 
13.044853 
13.187467 
13.329889 
13.472115 
13.614141 
13.755963 
13.897577 
14.038979 
14.180164 
14.321129 
14.461869 
14.602381 
14.742658 
14.882699 
15.022496 
15.162048 
15.301348 
15.440392 
15.579175 
15.717693 
15.855942 
15.993915 
16.131609 
16.269019 
16.406139 
16.542964 
16.679490 
16.815711 
16.951622 
17.087219 
17.222495 
17.357445 
17.492064 
17.626347 
17.760288 
17.893882 
18.027123 
18.160005 
18.292523 
18.424671 
18.556444 
18.687834 
18.818838 
18.949448 
19.079659 
19.209464 
19.338858 
19.467835 
19.596388 
19.724511 
19.852197 
19.979441 
20.106237 
20.232577 
20.358455 
20.483864 
20.608799 
20.733252 
20.857217 
20.980687 
21.103656 
21.226115 
21.348059 
21.469481 
21.590373 
21.710729 
21.830541 
21.949802 
22.068506 
22.186644 
22.304210 
22.421197 
22.537596 
22.653400 
22.768602 
22.883195 
22.997171 
23.110521 
23.223239 
23.335316 
23.446746 
23.557519 
23.667629 
23.777066 
23.885824 
23.993894 
24.101267 
24.207937 
24.313894 
24.419131 
24.523638 
24.627408 
24.730433 
24.832703 
24.934210 
25.034946 
25.134903 
25.234071 
25.332441 
25.430005 
25.526755 
25.622681 
25.717774 
25.812025 
25.905426 
25.997967 
26.089640 
26.180434 
