0.416718 
0.204747 
0.009136 
0.224893 
0.442489 
0.661887 
0.883051 
1.105946 
1.330537 
1.556789 
1.784666 
2.014136 
2.245162 
2.477712 
2.711752 
2.947248 
3.184168 
3.422478 
3.662146 
3.903140 
4.145428 
4.388978 
4.633758 
4.879737 
5.126885 
5.375171 
5.624564 
5.875035 
6.126552 
6.379088 
6.632612 
6.887096 
7.142511 
7.398827 
7.656018 
7.914055 
8.172911 
8.432557 
8.692968 
8.954116 
9.215974 
9.478516 
9.741716 
10.005549 
10.269989 
10.535010 
10.800588 
11.066697 
11.333315 
11.600415 
11.867975 
12.135971 
12.404380 
12.673178 
12.942343 
13.211852 
13.481682 
13.751813 
14.022222 
14.292888 
14.563789 
14.834905 
15.106215 
15.377698 
15.649336 
15.921107 
16.192992 
16.464973 
16.737029 
17.009142 
17.281295 
17.553467 
17.825643 
18.097804 
18.369932 
18.642010 
18.914023 
19.185952 
19.457783 
19.729498 
20.001082 
20.272520 
20.543796 
20.814895 
21.085803 
21.356506 
21.626988 
21.897237 
22.167239 
22.436981 
22.706448 
22.975630 
23.244512 
23.513083 
23.781331 
24.049245 
24.316812 
24.584022 
24.850864 
25.117327 
25.383401 
25.649075 
25.914341 
26.179187 
26.443607 
26.707589 
26.971126 
27.234209 
27.496830 
27.758981 
28.020654 
28.281842 
28.542538 
28.802736 
29.062427 
29.321608 
29.580270 
29.838409 
30.096019 
30.353095 
30.609632 
30.865626 
31.121071 
31.375964 
31.630301 
31.884079 
32.137294 
32.389943 
32.642023 
32.893532 
33.144468 
33.394829 
33.644613 
33.893818 
34.142445 
34.390490 
34.637955 
34.884839 
35.131141 
35.376863 
35.622004 
35.866565 
36.110548 
36.353953 
36.596782 
36.839037 
37.080721 
37.321835 
37.562382 
37.802366 
38.041788 
38.280654 
38.518966 
38.756729 
38.993947 
39.230624 
39.466766 
39.702377 
39.937463 
40.172029 
40.406081 
40.639626 
40.872670 
41.105220 
41.337282 
41.568865 
41.799975 
42.030620 
42.260808 
42.490549 
42.719850 
42.948720 
43.177168 
43.405205 
43.632839 
43.860080 
44.086940 
44.313427 
44.539554 
44.765331 
44.990770 
45.215882 
45.440678 
45.665172 
45.889376 
46.113302 
46.336962 
46.560372 
46.783543 
47.006490 
47.229227 
47.451768 
47.674128 
47.896321 
48.118362 
48.340268 
48.562053 
48.783734 
49.005327 
49.226849 
