0.371493 
0.888083 
2.138489 
3.379778 
4.612003 
5.835216 
7.049471 
8.254821 
9.451318 
10.639016 
11.817967 
12.988225 
14.149843 
15.302873 
16.447369 
17.583384 
18.710971 
19.830182 
20.941072 
22.043692 
23.138097 
24.224339 
25.302471 
26.372547 
27.434620 
28.488742 
29.534967 
30.573349 
31.603940 
32.626793 
33.641962 
34.649501 
35.649461 
36.641897 
37.626862 
38.604408 
39.574590 
40.537460 
41.493072 
42.441479 
43.382735 
44.316892 
45.244004 
46.164125 
47.077308 
47.983605 
48.883072 
49.775760 
50.661723 
51.541015 
52.413689 
53.279799 
54.139397 
54.992538 
55.839275 
56.679662 
57.513751 
58.341596 
59.163251 
59.978770 
60.788205 
61.591611 
62.389041 
63.180548 
63.966186 
64.746009 
65.520070 
66.288422 
67.051121 
67.808218 
68.559768 
69.305824 
70.046440 
70.781669 
71.511566 
72.236184 
72.955576 
73.669797 
74.378900 
75.082938 
75.781966 
76.476037 
77.165205 
77.849524 
78.529047 
79.203829 
79.873922 
80.539382 
81.200261 
81.856614 
82.508494 
83.155955 
83.799052 
84.437837 
85.072365 
85.702690 
86.328865 
86.950945 
87.568983 
88.183034 
88.793151 
89.399388 
90.001799 
90.600439 
91.195361 
91.786618 
92.374266 
92.958358 
93.538949 
94.116091 
94.689840 
95.260249 
95.827372 
96.391264 
96.951979 
97.509570 
98.064092 
98.615599 
99.164144 
99.709783 
100.252569 
100.792557 
101.329800 
101.864353 
102.396270 
102.925605 
103.452413 
103.976747 
104.498662 
105.018212 
105.535452 
106.050435 
106.563216 
107.073849 
107.582389 
108.088889 
108.593405 
109.095990 
109.596699 
110.095586 
110.592705 
111.088111 
111.581859 
112.074002 
112.564595 
113.053692 
113.541349 
114.027618 
114.512556 
114.996215 
115.478651 
115.959919 
116.440072 
116.919164 
117.397252 
117.874389 
118.350629 
118.826028 
119.300639 
119.774517 
120.247718 
120.720295 
121.192302 
121.663796 
122.134829 
122.605458 
123.075736 
123.545718 
124.015459 
124.485013 
124.954436 
125.423781 
125.893104 
126.362459 
126.831901 
127.301484 
127.771264 
128.241295 
128.711632 
129.182329 
129.653442 
130.125025 
130.597133 
131.069821 
131.543144 
132.017156 
132.491912 
132.967468 
133.443877 
133.921195 
134.399478 
134.878778 
135.359153 
135.840656 
136.323342 
136.807267 
137.292484 
137.779051 
138.267020 
138.756447 
