0.073429 
0.390815 
0.703567 
1.011741 
1.315393 
1.614577 
1.909350 
2.199765 
2.485876 
2.767739 
3.045407 
3.318933 
3.588371 
3.853774 
4.115194 
4.372685 
4.626297 
4.876084 
5.122097 
5.364386 
5.603004 
5.838001 
6.069427 
6.297333 
6.521769 
6.742784 
6.960427 
7.174749 
7.385797 
7.593621 
7.798268 
7.999787 
8.198225 
8.393630 
8.586048 
8.775528 
8.962115 
9.145855 
9.326796 
9.504981 
9.680458 
9.853272 
10.023466 
10.191087 
10.356177 
10.518782 
10.678946 
10.836710 
10.992120 
11.145218 
11.296047 
11.444649 
11.591066 
11.735340 
11.877513 
12.017626 
12.155720 
12.291836 
12.426014 
12.558295 
12.688718 
12.817323 
12.944150 
13.069237 
13.192624 
13.314348 
13.434449 
13.552964 
13.669930 
13.785386 
13.899368 
14.011913 
14.123058 
14.232839 
14.341292 
14.448453 
14.554357 
14.659039 
14.762535 
14.864879 
14.966105 
15.066248 
15.165341 
15.263417 
15.360511 
15.456654 
15.551880 
15.646221 
15.739708 
15.832375 
15.924252 
16.015371 
16.105763 
16.195458 
16.284487 
16.372880 
16.460667 
16.547877 
16.634541 
16.720686 
16.806342 
16.891537 
16.976300 
17.060658 
17.144639 
17.228270 
17.311579 
17.394592 
17.477336 
17.559837 
17.642121 
17.724213 
17.806140 
17.887927 
17.969597 
18.051177 
18.132689 
18.214159 
18.295609 
18.377064 
18.458546 
18.540079 
18.621685 
18.703387 
18.785206 
18.867164 
18.949283 
19.031585 
19.114089 
19.196818 
19.279790 
19.363027 
19.446548 
19.530372 
19.614520 
19.699010 
19.783860 
19.869090 
19.954717 
20.040760 
20.127235 
20.214160 
20.301553 
20.389430 
20.477808 
20.566703 
20.656130 
20.746106 
20.836645 
20.927764 
21.019476 
21.111797 
21.204740 
21.298320 
21.392550 
21.487444 
21.583015 
21.679276 
21.776239 
21.873917 
21.972322 
22.071465 
22.171358 
22.272013 
22.373439 
22.475649 
22.578651 
22.682457 
22.787076 
22.892518 
22.998792 
23.105906 
23.213870 
23.322692 
23.432380 
23.542943 
23.654386 
23.766719 
23.879947 
23.994079 
24.109119 
24.225074 
24.341951 
24.459755 
24.578491 
24.698164 
24.818779 
24.940341 
25.062854 
25.186322 
25.310748 
25.436136 
25.562489 
25.689809 
25.818101 
25.947365 
26.077603 
26.208819 
26.341012 
26.474184 
