0.980545 
0.601820 
0.220111 
0.164531 
0.552054 
0.942406 
1.335535 
1.731393 
2.129928 
2.531092 
2.934835 
3.341109 
3.749866 
4.161059 
4.574640 
4.990564 
5.408783 
5.829254 
6.251930 
6.676767 
7.103722 
7.532750 
7.963809 
8.396856 
8.831849 
9.268747 
9.707509 
10.148093 
10.590461 
11.034571 
11.480386 
11.927867 
12.376976 
12.827674 
13.279926 
13.733694 
14.188942 
14.645635 
15.103737 
15.563215 
16.024033 
16.486158 
16.949557 
17.414197 
17.880047 
18.347073 
18.815247 
19.284536 
19.754910 
20.226340 
20.698796 
21.172251 
21.646674 
22.122040 
22.598320 
23.075489 
23.553519 
24.032384 
24.512061 
24.992523 
25.473747 
25.955708 
26.438385 
26.921753 
27.405790 
27.890475 
28.375786 
28.861703 
29.348205 
29.835272 
30.322886 
30.811026 
31.299675 
31.788816 
32.278430 
32.768500 
33.259011 
33.749946 
34.241291 
34.733029 
35.225147 
35.717631 
36.210468 
36.703644 
37.197147 
37.690965 
38.185087 
38.679501 
39.174198 
39.669167 
40.164399 
40.659884 
41.155615 
41.651584 
42.147782 
42.644203 
43.140840 
43.637688 
44.134740 
44.631992 
45.129439 
45.627078 
46.124904 
46.622915 
47.121107 
47.619480 
48.118030 
48.616758 
49.115663 
49.614744 
50.114002 
50.613438 
51.113053 
51.612849 
52.112828 
52.612994 
53.113349 
53.613898 
54.114645 
54.615594 
55.116751 
55.618122 
56.119713 
56.621531 
57.123584 
57.625878 
58.128422 
58.631226 
59.134297 
59.637647 
60.141285 
60.645223 
61.149470 
61.654040 
62.158944 
62.664195 
63.169806 
63.675791 
64.182164 
64.688940 
65.196134 
65.703762 
66.211840 
66.720384 
67.229412 
67.738941 
68.248990 
68.759577 
69.270721 
69.782443 
70.294761 
70.807697 
71.321272 
71.835507 
72.350424 
72.866047 
73.382398 
73.899500 
74.417379 
74.936057 
75.455561 
75.975916 
76.497148 
77.019284 
77.542350 
78.066374 
78.591384 
79.117409 
79.644477 
80.172619 
80.701864 
81.232242 
81.763785 
82.296523 
82.830490 
83.365717 
83.902237 
84.440085 
84.979293 
85.519896 
86.061929 
86.605428 
87.150428 
87.696966 
88.245079 
88.794803 
89.346178 
89.899241 
90.454031 
91.010588 
91.568951 
92.129161 
92.691259 
93.255286 
93.821283 
94.389293 
94.959360 
95.531525 
96.105833 
96.682329 
