0.869606 
0.642966 
0.410134 
0.171180 
0.073828 
0.324821 
0.581730 
0.844489 
1.113030 
1.387287 
1.667196 
1.952690 
2.243706 
2.540179 
2.842047 
3.149246 
3.461715 
3.779393 
4.102218 
4.430131 
4.763071 
5.100981 
5.443800 
5.791472 
6.143939 
6.501144 
6.863032 
7.229547 
7.600635 
7.976240 
8.356309 
8.740790 
9.129629 
9.522776 
9.920178 
10.321785 
10.727546 
11.137413 
11.551337 
11.969268 
12.391160 
12.816966 
13.246638 
13.680131 
14.117400 
14.558400 
15.003087 
15.451417 
15.903347 
16.358835 
16.817839 
17.280319 
17.746233 
18.215542 
18.688206 
19.164187 
19.643446 
20.125946 
20.611649 
21.100521 
21.592524 
22.087623 
22.585784 
23.086974 
23.591158 
24.098304 
24.608379 
25.121353 
25.637193 
26.155870 
26.677354 
27.201615 
27.728625 
28.258357 
28.790782 
29.325873 
29.863605 
30.403952 
30.946888 
31.492390 
32.040434 
32.590995 
33.144053 
33.699583 
34.257566 
34.817980 
35.380805 
35.946022 
36.513610 
37.083552 
37.655830 
38.230427 
38.807325 
39.386510 
39.967964 
40.551674 
41.137625 
41.725803 
42.316196 
42.908790 
43.503574 
44.100536 
44.699667 
45.300954 
45.904390 
46.509966 
47.117671 
47.727500 
48.339445 
48.953500 
49.569657 
50.187913 
50.808262 
51.430700 
52.055224 
52.681830 
53.310517 
53.941281 
54.574123 
55.209042 
55.846038 
56.485110 
57.126261 
57.769492 
58.414806 
59.062206 
59.711694 
60.363276 
61.016957 
61.672740 
62.330634 
62.990643 
63.652776 
64.317039 
64.983442 
65.651993 
66.322702 
66.995579 
67.670635 
68.347881 
69.027329 
69.708991 
70.392881 
71.079013 
71.767400 
72.458057 
73.151001 
73.846247 
74.543812 
75.243713 
75.945969 
76.650596 
77.357616 
78.067047 
78.778910 
79.493225 
80.210014 
80.929300 
81.651104 
82.375450 
83.102362 
83.831864 
84.563982 
85.298741 
86.036167 
86.776287 
87.519129 
88.264720 
89.013090 
89.764267 
90.518281 
91.275163 
92.034944 
92.797655 
93.563328 
94.331997 
95.103695 
95.878455 
96.656313 
97.437303 
98.221461 
99.008824 
99.799429 
100.593313 
101.390515 
102.191072 
102.995025 
103.802414 
104.613279 
105.427660 
106.245601 
107.067143 
107.892330 
108.721204 
109.553810 
110.390192 
111.230397 
112.074469 
112.922456 
113.774405 
