0.269995 
0.218695 
0.709440 
1.202152 
1.696745 
2.193132 
2.691228 
3.190949 
3.692212 
4.194933 
4.699031 
5.204425 
5.711036 
6.218783 
6.727589 
7.237377 
7.748070 
8.259592 
8.771869 
9.284826 
9.798391 
10.312491 
10.827056 
11.342015 
11.857298 
12.372836 
12.888562 
13.404409 
13.920311 
14.436203 
14.952020 
15.467698 
15.983176 
16.498392 
17.013284 
17.527793 
18.041860 
18.555426 
19.068435 
19.580829 
20.092553 
20.603552 
21.113772 
21.623161 
22.131666 
22.639236 
23.145820 
23.651370 
24.155836 
24.659170 
25.161326 
25.662258 
26.161920 
26.660268 
27.157259 
27.652850 
28.147000 
28.639667 
29.130812 
29.620395 
30.108379 
30.594725 
31.079398 
31.562362 
32.043583 
32.523025 
33.000657 
33.476446 
33.950361 
34.422372 
34.892448 
35.360562 
35.826686 
36.290792 
36.752855 
37.212850 
37.670751 
38.126537 
38.580184 
39.031670 
39.480975 
39.928079 
40.372963 
40.815608 
41.255997 
41.694114 
42.129943 
42.563470 
42.994680 
43.423561 
43.850100 
44.274287 
44.696110 
45.115561 
45.532630 
45.947310 
46.359595 
46.769477 
47.176953 
47.582017 
47.984666 
48.384898 
48.782710 
49.178103 
49.571077 
49.961631 
50.349768 
50.735492 
51.118804 
51.499710 
51.878215 
52.254325 
52.628047 
52.999389 
53.368360 
53.734970 
54.099228 
54.461147 
54.820738 
55.178015 
55.532992 
55.885683 
56.236104 
56.584273 
56.930206 
57.273921 
57.615438 
57.954778 
58.291960 
58.627007 
58.959941 
59.290787 
59.619568 
59.946310 
60.271038 
60.593781 
60.914565 
61.233421 
61.550376 
61.865462 
62.178711 
62.490154 
62.799824 
63.107757 
63.413985 
63.718546 
64.021476 
64.322813 
64.622593 
64.920858 
65.217647 
65.513001 
65.806961 
66.099572 
66.390875 
66.680916 
66.969739 
67.257392 
67.543921 
67.829373 
68.113799 
68.397247 
68.679768 
68.961413 
69.242236 
69.522288 
69.801623 
70.080298 
70.358367 
70.635887 
70.912916 
71.189512 
71.465734 
71.741642 
72.017298 
72.292762 
72.568099 
72.843371 
73.118643 
73.393980 
73.669449 
73.945116 
74.221050 
74.497318 
74.773992 
75.051141 
75.328837 
75.607153 
75.886160 
76.165934 
76.446550 
76.728082 
77.010608 
77.294205 
77.578952 
77.864927 
78.152211 
78.440886 
78.731032 
79.022732 
