0.285231 
0.127190 
0.030412 
0.187560 
0.344238 
0.500431 
0.656123 
0.811301 
0.965949 
1.120053 
1.273601 
1.426577 
1.578969 
1.730764 
1.881949 
2.032512 
2.182440 
2.331722 
2.480346 
2.628301 
2.775575 
2.922159 
3.068041 
3.213212 
3.357662 
3.501380 
3.644359 
3.786588 
3.928059 
4.068764 
4.208695 
4.347843 
4.486201 
4.623762 
4.760519 
4.896465 
5.031593 
5.165898 
5.299373 
5.432014 
5.563814 
5.694769 
5.824874 
5.954124 
6.082516 
6.210045 
6.336709 
6.462502 
6.587424 
6.711470 
6.834639 
6.956928 
7.078336 
7.198860 
7.318500 
7.437255 
7.555123 
7.672105 
7.788200 
7.903408 
8.017730 
8.131166 
8.243717 
8.355386 
8.466172 
8.576079 
8.685107 
8.793260 
8.900541 
9.006952 
9.112496 
9.217177 
9.320999 
9.423966 
9.526083 
9.627353 
9.727783 
9.827377 
9.926141 
10.024080 
10.121201 
10.217511 
10.313015 
10.407721 
10.501636 
10.594768 
10.687125 
10.778714 
10.869544 
10.959623 
11.048961 
11.137567 
11.225451 
11.312621 
11.399089 
11.484865 
11.569959 
11.654383 
11.738147 
11.821263 
11.903743 
11.985600 
12.066844 
12.147490 
12.227550 
12.307038 
12.385966 
12.464348 
12.542200 
12.619535 
12.696367 
12.772713 
12.848586 
12.924003 
12.998979 
13.073531 
13.147675 
13.221427 
13.294804 
13.367825 
13.440505 
13.512864 
13.584918 
13.656687 
13.728190 
13.799444 
13.870470 
13.941286 
14.011914 
14.082372 
14.152681 
14.222862 
14.292935 
14.362923 
14.432846 
14.502726 
14.572586 
14.642448 
14.712334 
14.782267 
14.852271 
14.922368 
14.992584 
15.062942 
15.133466 
15.204181 
15.275111 
15.346283 
15.417722 
15.489453 
15.561503 
15.633897 
15.706663 
15.779828 
15.853418 
15.927461 
16.001985 
16.077019 
16.152589 
16.228726 
16.305458 
16.382814 
16.460824 
16.539517 
16.618924 
16.699075 
16.780000 
16.861731 
16.944298 
17.027734 
17.112069 
17.197337 
17.283569 
17.370798 
17.459058 
17.548380 
17.638799 
17.730348 
17.823062 
17.916975 
18.012122 
18.108536 
18.206255 
18.305312 
18.405745 
18.507588 
18.610879 
18.715654 
18.821949 
18.929803 
19.039252 
19.150334 
19.263088 
19.377552 
19.493763 
19.611763 
19.731588 
19.853280 
19.976877 
20.102420 
